1.130000000000000000e+02
2.100000000000000000e+01
2.800000000000000000e+01
3.200000000000000000e+01
3.800000000000000000e+01
5.600000000000000000e+01
6.700000000000000000e+01
8.500000000000000000e+01
8.900000000000000000e+01
1.190000000000000000e+02
1.480000000000000000e+02
1.550000000000000000e+02
1.820000000000000000e+02
2.130000000000000000e+02
2.910000000000000000e+02
3.270000000000000000e+02
3.670000000000000000e+02
4.590000000000000000e+02
5.370000000000000000e+02
6.910000000000000000e+02
8.920000000000000000e+02
1.139000000000000000e+03
1.329000000000000000e+03
1.698000000000000000e+03
2.005000000000000000e+03
2.317000000000000000e+03
2.861000000000000000e+03
3.314000000000000000e+03
3.544000000000000000e+03
3.800000000000000000e+03
4.113000000000000000e+03
4.270000000000000000e+03
4.308000000000000000e+03
4.437000000000000000e+03
4.270000000000000000e+03
4.360000000000000000e+03
4.106000000000000000e+03
4.080000000000000000e+03
3.870000000000000000e+03
3.638000000000000000e+03
3.528000000000000000e+03
3.265000000000000000e+03
3.201000000000000000e+03
3.051000000000000000e+03
2.894000000000000000e+03
2.840000000000000000e+03
2.703000000000000000e+03
2.657000000000000000e+03
2.544000000000000000e+03
2.438000000000000000e+03
2.418000000000000000e+03
2.277000000000000000e+03
2.305000000000000000e+03
2.250000000000000000e+03
2.125000000000000000e+03
1.970000000000000000e+03
1.982000000000000000e+03
1.845000000000000000e+03
1.940000000000000000e+03
1.846000000000000000e+03
1.803000000000000000e+03
1.771000000000000000e+03
1.643000000000000000e+03
1.602000000000000000e+03
1.476000000000000000e+03
1.599000000000000000e+03
1.416000000000000000e+03
1.521000000000000000e+03
1.433000000000000000e+03
1.457000000000000000e+03
1.377000000000000000e+03
1.425000000000000000e+03
1.344000000000000000e+03
1.304000000000000000e+03
1.262000000000000000e+03
1.210000000000000000e+03
1.152000000000000000e+03
1.219000000000000000e+03
1.192000000000000000e+03
1.066000000000000000e+03
1.093000000000000000e+03
1.101000000000000000e+03
1.014000000000000000e+03
1.096000000000000000e+03
1.039000000000000000e+03
9.550000000000000000e+02
9.410000000000000000e+02
9.200000000000000000e+02
9.310000000000000000e+02
8.890000000000000000e+02
8.470000000000000000e+02
8.350000000000000000e+02
8.090000000000000000e+02
8.220000000000000000e+02
8.290000000000000000e+02
8.100000000000000000e+02
7.390000000000000000e+02
7.140000000000000000e+02
7.370000000000000000e+02
6.990000000000000000e+02
6.230000000000000000e+02
6.080000000000000000e+02
6.410000000000000000e+02
5.990000000000000000e+02
6.050000000000000000e+02
5.750000000000000000e+02
5.700000000000000000e+02
5.860000000000000000e+02
5.550000000000000000e+02
5.040000000000000000e+02
5.420000000000000000e+02
4.950000000000000000e+02
4.590000000000000000e+02
4.730000000000000000e+02
4.100000000000000000e+02
3.730000000000000000e+02
4.080000000000000000e+02
4.130000000000000000e+02
3.680000000000000000e+02
3.750000000000000000e+02
3.790000000000000000e+02
3.370000000000000000e+02
3.460000000000000000e+02
3.220000000000000000e+02
2.920000000000000000e+02
2.860000000000000000e+02
2.950000000000000000e+02
2.750000000000000000e+02
2.700000000000000000e+02
2.620000000000000000e+02
2.460000000000000000e+02
2.440000000000000000e+02
2.480000000000000000e+02
2.290000000000000000e+02
2.140000000000000000e+02
2.160000000000000000e+02
2.170000000000000000e+02
1.940000000000000000e+02
1.930000000000000000e+02
1.710000000000000000e+02
2.010000000000000000e+02
1.660000000000000000e+02
1.760000000000000000e+02
1.620000000000000000e+02
1.720000000000000000e+02
1.750000000000000000e+02
1.600000000000000000e+02
1.770000000000000000e+02
1.360000000000000000e+02
1.520000000000000000e+02
1.470000000000000000e+02
1.450000000000000000e+02
1.260000000000000000e+02
1.380000000000000000e+02
1.270000000000000000e+02
1.330000000000000000e+02
1.270000000000000000e+02
1.330000000000000000e+02
1.210000000000000000e+02
1.030000000000000000e+02
1.120000000000000000e+02
1.110000000000000000e+02
1.120000000000000000e+02
1.060000000000000000e+02
9.500000000000000000e+01
8.700000000000000000e+01
1.040000000000000000e+02
8.500000000000000000e+01
8.500000000000000000e+01
8.600000000000000000e+01
8.200000000000000000e+01
7.400000000000000000e+01
7.000000000000000000e+01
7.000000000000000000e+01
6.400000000000000000e+01
7.100000000000000000e+01
6.900000000000000000e+01
8.800000000000000000e+01
6.700000000000000000e+01
6.700000000000000000e+01
6.600000000000000000e+01
6.300000000000000000e+01
5.700000000000000000e+01
6.100000000000000000e+01
5.800000000000000000e+01
5.100000000000000000e+01
5.200000000000000000e+01
4.600000000000000000e+01
5.700000000000000000e+01
5.700000000000000000e+01
4.900000000000000000e+01
5.900000000000000000e+01
6.400000000000000000e+01
4.700000000000000000e+01
4.800000000000000000e+01
4.500000000000000000e+01
5.000000000000000000e+01
4.400000000000000000e+01
4.700000000000000000e+01
4.100000000000000000e+01
4.300000000000000000e+01
4.200000000000000000e+01
3.000000000000000000e+01
4.300000000000000000e+01
4.100000000000000000e+01
3.900000000000000000e+01
4.700000000000000000e+01
4.200000000000000000e+01
3.400000000000000000e+01
4.000000000000000000e+01
3.100000000000000000e+01
3.300000000000000000e+01
4.600000000000000000e+01
3.000000000000000000e+01
3.300000000000000000e+01
3.000000000000000000e+01
3.600000000000000000e+01
4.100000000000000000e+01
3.300000000000000000e+01
4.100000000000000000e+01
2.600000000000000000e+01
3.000000000000000000e+01
3.500000000000000000e+01
2.900000000000000000e+01
2.800000000000000000e+01
2.000000000000000000e+01
3.800000000000000000e+01
3.000000000000000000e+01
3.400000000000000000e+01
2.900000000000000000e+01
3.000000000000000000e+01
2.800000000000000000e+01
2.700000000000000000e+01
3.800000000000000000e+01
2.900000000000000000e+01
2.600000000000000000e+01
2.900000000000000000e+01
3.500000000000000000e+01
2.900000000000000000e+01
2.300000000000000000e+01
2.100000000000000000e+01
3.000000000000000000e+01
2.300000000000000000e+01
2.300000000000000000e+01
2.100000000000000000e+01
1.400000000000000000e+01
2.100000000000000000e+01
1.400000000000000000e+01
1.900000000000000000e+01
2.100000000000000000e+01
1.500000000000000000e+01
1.700000000000000000e+01
1.100000000000000000e+01
1.300000000000000000e+01
2.000000000000000000e+01
1.670000000000000000e+02
7.400000000000000000e+01
6.800000000000000000e+01
1.160000000000000000e+02
1.670000000000000000e+02
2.480000000000000000e+02
3.350000000000000000e+02
4.520000000000000000e+02
5.850000000000000000e+02
7.000000000000000000e+02
8.190000000000000000e+02
9.140000000000000000e+02
9.940000000000000000e+02
1.011000000000000000e+03
1.096000000000000000e+03
1.083000000000000000e+03
1.143000000000000000e+03
1.081000000000000000e+03
1.047000000000000000e+03
1.106000000000000000e+03
1.053000000000000000e+03
9.460000000000000000e+02
9.830000000000000000e+02
9.410000000000000000e+02
9.340000000000000000e+02
8.390000000000000000e+02
8.220000000000000000e+02
8.160000000000000000e+02
7.740000000000000000e+02
7.110000000000000000e+02
7.210000000000000000e+02
6.690000000000000000e+02
6.940000000000000000e+02
5.960000000000000000e+02
5.680000000000000000e+02
5.720000000000000000e+02
5.910000000000000000e+02
5.070000000000000000e+02
5.130000000000000000e+02
5.180000000000000000e+02
4.980000000000000000e+02
5.170000000000000000e+02
5.030000000000000000e+02
5.270000000000000000e+02
5.620000000000000000e+02
5.720000000000000000e+02
5.770000000000000000e+02
6.340000000000000000e+02
6.540000000000000000e+02
6.150000000000000000e+02
6.800000000000000000e+02
6.530000000000000000e+02
6.400000000000000000e+02
6.110000000000000000e+02
6.270000000000000000e+02
6.600000000000000000e+02
6.260000000000000000e+02
6.250000000000000000e+02
6.820000000000000000e+02
6.390000000000000000e+02
6.030000000000000000e+02
6.790000000000000000e+02
6.490000000000000000e+02
6.960000000000000000e+02
6.660000000000000000e+02
6.370000000000000000e+02
6.530000000000000000e+02
6.570000000000000000e+02
6.920000000000000000e+02
6.810000000000000000e+02
6.890000000000000000e+02
6.690000000000000000e+02
6.440000000000000000e+02
6.410000000000000000e+02
6.320000000000000000e+02
6.450000000000000000e+02
6.280000000000000000e+02
6.460000000000000000e+02
6.090000000000000000e+02
6.550000000000000000e+02
6.290000000000000000e+02
6.650000000000000000e+02
6.670000000000000000e+02
7.200000000000000000e+02
7.350000000000000000e+02
7.500000000000000000e+02
7.820000000000000000e+02
7.900000000000000000e+02
8.090000000000000000e+02
8.320000000000000000e+02
8.870000000000000000e+02
9.010000000000000000e+02
9.450000000000000000e+02
1.040000000000000000e+03
9.400000000000000000e+02
1.039000000000000000e+03
1.003000000000000000e+03
1.063000000000000000e+03
1.043000000000000000e+03
1.082000000000000000e+03
1.153000000000000000e+03
1.114000000000000000e+03
1.231000000000000000e+03
1.193000000000000000e+03
1.235000000000000000e+03
1.189000000000000000e+03
1.259000000000000000e+03
1.240000000000000000e+03
1.238000000000000000e+03
1.224000000000000000e+03
1.282000000000000000e+03
1.272000000000000000e+03
1.313000000000000000e+03
1.292000000000000000e+03
1.302000000000000000e+03
1.315000000000000000e+03
1.300000000000000000e+03
1.272000000000000000e+03
1.279000000000000000e+03
1.254000000000000000e+03
1.285000000000000000e+03
1.246000000000000000e+03
1.259000000000000000e+03
1.166000000000000000e+03
1.223000000000000000e+03
1.272000000000000000e+03
1.289000000000000000e+03
1.269000000000000000e+03
1.278000000000000000e+03
1.204000000000000000e+03
1.244000000000000000e+03
1.217000000000000000e+03
1.182000000000000000e+03
1.217000000000000000e+03
1.187000000000000000e+03
1.123000000000000000e+03
1.154000000000000000e+03
1.156000000000000000e+03
1.123000000000000000e+03
1.144000000000000000e+03
1.159000000000000000e+03
1.039000000000000000e+03
1.159000000000000000e+03
1.131000000000000000e+03
1.055000000000000000e+03
1.103000000000000000e+03
1.233000000000000000e+03
1.078000000000000000e+03
1.093000000000000000e+03
1.049000000000000000e+03
1.155000000000000000e+03
1.081000000000000000e+03
1.101000000000000000e+03
1.083000000000000000e+03
1.060000000000000000e+03
1.090000000000000000e+03
1.066000000000000000e+03
1.081000000000000000e+03
1.116000000000000000e+03
1.057000000000000000e+03
1.096000000000000000e+03
1.138000000000000000e+03
1.119000000000000000e+03
1.065000000000000000e+03
1.058000000000000000e+03
1.094000000000000000e+03
1.088000000000000000e+03
1.023000000000000000e+03
1.075000000000000000e+03
1.066000000000000000e+03
1.024000000000000000e+03
1.082000000000000000e+03
1.016000000000000000e+03
9.900000000000000000e+02
1.021000000000000000e+03
9.640000000000000000e+02
9.610000000000000000e+02
9.410000000000000000e+02
9.440000000000000000e+02
9.440000000000000000e+02
8.870000000000000000e+02
8.710000000000000000e+02
8.780000000000000000e+02
8.260000000000000000e+02
8.410000000000000000e+02
8.230000000000000000e+02
8.170000000000000000e+02
7.470000000000000000e+02
7.440000000000000000e+02
7.740000000000000000e+02
6.890000000000000000e+02
6.950000000000000000e+02
7.090000000000000000e+02
6.640000000000000000e+02
6.310000000000000000e+02
6.300000000000000000e+02
6.010000000000000000e+02
6.010000000000000000e+02
5.490000000000000000e+02
5.480000000000000000e+02
4.940000000000000000e+02
5.790000000000000000e+02
4.660000000000000000e+02
4.640000000000000000e+02
4.830000000000000000e+02
4.210000000000000000e+02
3.930000000000000000e+02
3.830000000000000000e+02
3.750000000000000000e+02
3.470000000000000000e+02
3.550000000000000000e+02
3.350000000000000000e+02
3.150000000000000000e+02
3.220000000000000000e+02
2.800000000000000000e+02
2.830000000000000000e+02
2.770000000000000000e+02
2.440000000000000000e+02
2.430000000000000000e+02
2.250000000000000000e+02
2.370000000000000000e+02
1.800000000000000000e+02
2.020000000000000000e+02
1.710000000000000000e+02
1.720000000000000000e+02
1.680000000000000000e+02
1.600000000000000000e+02
1.460000000000000000e+02
1.560000000000000000e+02
1.370000000000000000e+02
1.230000000000000000e+02
1.190000000000000000e+02
1.260000000000000000e+02
8.300000000000000000e+01
1.110000000000000000e+02
9.700000000000000000e+01
1.000000000000000000e+02
7.000000000000000000e+01
8.200000000000000000e+01
6.800000000000000000e+01
7.400000000000000000e+01
6.200000000000000000e+01
6.600000000000000000e+01
4.400000000000000000e+01
5.300000000000000000e+01
4.600000000000000000e+01
4.000000000000000000e+01
4.200000000000000000e+01
3.600000000000000000e+01
2.800000000000000000e+01
3.400000000000000000e+01
2.900000000000000000e+01
3.400000000000000000e+01
2.800000000000000000e+01
2.100000000000000000e+01
1.600000000000000000e+01
1.350000000000000000e+02
1.420000000000000000e+02
8.800000000000000000e+01
1.470000000000000000e+02
2.050000000000000000e+02
3.220000000000000000e+02
4.600000000000000000e+02
6.450000000000000000e+02
8.110000000000000000e+02
1.111000000000000000e+03
1.256000000000000000e+03
1.374000000000000000e+03
1.551000000000000000e+03
1.617000000000000000e+03
1.635000000000000000e+03
1.577000000000000000e+03
1.474000000000000000e+03
1.416000000000000000e+03
1.341000000000000000e+03
1.203000000000000000e+03
1.101000000000000000e+03
1.104000000000000000e+03
1.080000000000000000e+03
1.057000000000000000e+03
1.079000000000000000e+03
1.132000000000000000e+03
1.221000000000000000e+03
1.287000000000000000e+03
1.294000000000000000e+03
1.352000000000000000e+03
1.504000000000000000e+03
1.435000000000000000e+03
1.516000000000000000e+03
1.535000000000000000e+03
1.460000000000000000e+03
1.563000000000000000e+03
1.350000000000000000e+03
1.435000000000000000e+03
1.388000000000000000e+03
1.338000000000000000e+03
1.329000000000000000e+03
1.289000000000000000e+03
1.288000000000000000e+03
1.276000000000000000e+03
1.288000000000000000e+03
1.302000000000000000e+03
1.347000000000000000e+03
1.390000000000000000e+03
1.443000000000000000e+03
1.432000000000000000e+03
1.529000000000000000e+03
1.521000000000000000e+03
1.541000000000000000e+03
1.646000000000000000e+03
1.680000000000000000e+03
1.520000000000000000e+03
1.674000000000000000e+03
1.742000000000000000e+03
1.733000000000000000e+03
1.682000000000000000e+03
1.705000000000000000e+03
1.670000000000000000e+03
1.709000000000000000e+03
1.700000000000000000e+03
1.697000000000000000e+03
1.690000000000000000e+03
1.614000000000000000e+03
1.631000000000000000e+03
1.556000000000000000e+03
1.584000000000000000e+03
1.520000000000000000e+03
1.512000000000000000e+03
1.578000000000000000e+03
1.445000000000000000e+03
1.460000000000000000e+03
1.470000000000000000e+03
1.427000000000000000e+03
1.385000000000000000e+03
1.413000000000000000e+03
1.368000000000000000e+03
1.320000000000000000e+03
1.342000000000000000e+03
1.287000000000000000e+03
1.355000000000000000e+03
1.334000000000000000e+03
1.321000000000000000e+03
1.305000000000000000e+03
1.269000000000000000e+03
1.318000000000000000e+03
1.280000000000000000e+03
1.321000000000000000e+03
1.289000000000000000e+03
1.234000000000000000e+03
1.230000000000000000e+03
1.205000000000000000e+03
1.275000000000000000e+03
1.165000000000000000e+03
1.241000000000000000e+03
1.198000000000000000e+03
1.224000000000000000e+03
1.205000000000000000e+03
1.180000000000000000e+03
1.206000000000000000e+03
1.211000000000000000e+03
1.148000000000000000e+03
1.164000000000000000e+03
1.163000000000000000e+03
1.145000000000000000e+03
1.108000000000000000e+03
1.081000000000000000e+03
1.087000000000000000e+03
1.103000000000000000e+03
1.126000000000000000e+03
1.071000000000000000e+03
1.005000000000000000e+03
1.036000000000000000e+03
9.480000000000000000e+02
9.710000000000000000e+02
9.910000000000000000e+02
9.410000000000000000e+02
1.002000000000000000e+03
9.330000000000000000e+02
9.390000000000000000e+02
8.790000000000000000e+02
8.660000000000000000e+02
8.750000000000000000e+02
7.850000000000000000e+02
8.640000000000000000e+02
7.700000000000000000e+02
7.340000000000000000e+02
6.560000000000000000e+02
7.340000000000000000e+02
6.460000000000000000e+02
6.660000000000000000e+02
6.320000000000000000e+02
6.330000000000000000e+02
5.400000000000000000e+02
5.860000000000000000e+02
5.520000000000000000e+02
5.730000000000000000e+02
5.380000000000000000e+02
5.210000000000000000e+02
5.300000000000000000e+02
5.060000000000000000e+02
4.340000000000000000e+02
4.480000000000000000e+02
4.530000000000000000e+02
4.180000000000000000e+02
3.390000000000000000e+02
3.740000000000000000e+02
3.560000000000000000e+02
3.520000000000000000e+02
3.190000000000000000e+02
3.130000000000000000e+02
2.850000000000000000e+02
3.010000000000000000e+02
3.070000000000000000e+02
2.460000000000000000e+02
2.450000000000000000e+02
2.490000000000000000e+02
2.530000000000000000e+02
2.570000000000000000e+02
2.450000000000000000e+02
2.330000000000000000e+02
2.030000000000000000e+02
2.010000000000000000e+02
2.110000000000000000e+02
1.860000000000000000e+02
1.980000000000000000e+02
1.890000000000000000e+02
1.700000000000000000e+02
1.690000000000000000e+02
1.480000000000000000e+02
1.770000000000000000e+02
1.550000000000000000e+02
1.930000000000000000e+02
1.510000000000000000e+02
1.750000000000000000e+02
1.590000000000000000e+02
1.690000000000000000e+02
1.550000000000000000e+02
1.500000000000000000e+02
1.410000000000000000e+02
1.360000000000000000e+02
1.210000000000000000e+02
1.330000000000000000e+02
1.340000000000000000e+02
1.210000000000000000e+02
1.290000000000000000e+02
1.410000000000000000e+02
1.270000000000000000e+02
1.320000000000000000e+02
1.260000000000000000e+02
1.090000000000000000e+02
1.230000000000000000e+02
1.260000000000000000e+02
1.200000000000000000e+02
1.170000000000000000e+02
1.120000000000000000e+02
1.370000000000000000e+02
1.230000000000000000e+02
1.300000000000000000e+02
1.230000000000000000e+02
1.170000000000000000e+02
1.200000000000000000e+02
1.340000000000000000e+02
1.320000000000000000e+02
1.420000000000000000e+02
1.110000000000000000e+02
1.240000000000000000e+02
1.260000000000000000e+02
1.130000000000000000e+02
1.240000000000000000e+02
1.310000000000000000e+02
1.250000000000000000e+02
1.120000000000000000e+02
1.160000000000000000e+02
1.170000000000000000e+02
1.110000000000000000e+02
9.500000000000000000e+01
1.120000000000000000e+02
9.600000000000000000e+01
9.400000000000000000e+01
1.120000000000000000e+02
9.100000000000000000e+01
1.140000000000000000e+02
9.200000000000000000e+01
1.010000000000000000e+02
8.400000000000000000e+01
9.500000000000000000e+01
1.110000000000000000e+02
9.500000000000000000e+01
1.010000000000000000e+02
8.500000000000000000e+01
9.300000000000000000e+01
1.010000000000000000e+02
7.800000000000000000e+01
7.200000000000000000e+01
7.100000000000000000e+01
7.100000000000000000e+01
7.600000000000000000e+01
6.900000000000000000e+01
8.200000000000000000e+01
7.600000000000000000e+01
7.300000000000000000e+01
8.000000000000000000e+01
7.400000000000000000e+01
7.800000000000000000e+01
6.200000000000000000e+01
7.200000000000000000e+01
7.400000000000000000e+01
7.000000000000000000e+01
6.300000000000000000e+01
6.600000000000000000e+01
5.200000000000000000e+01
5.600000000000000000e+01
4.560000000000000000e+02
7.790000000000000000e+02
7.890000000000000000e+02
8.560000000000000000e+02
7.860000000000000000e+02
1.101000000000000000e+03
9.860000000000000000e+02
9.010000000000000000e+02
7.380000000000000000e+02
6.230000000000000000e+02
4.040000000000000000e+02
2.410000000000000000e+02
1.780000000000000000e+02
1.130000000000000000e+02
1.520000000000000000e+02
9.200000000000000000e+01
1.270000000000000000e+02
9.800000000000000000e+01
9.900000000000000000e+01
7.900000000000000000e+01
8.300000000000000000e+01
9.400000000000000000e+01
6.100000000000000000e+01
7.200000000000000000e+01
6.700000000000000000e+01
7.200000000000000000e+01
4.900000000000000000e+01
8.100000000000000000e+01
4.900000000000000000e+01
6.500000000000000000e+01
6.500000000000000000e+01
5.700000000000000000e+01
5.100000000000000000e+01
6.000000000000000000e+01
5.200000000000000000e+01
8.100000000000000000e+01
1.190000000000000000e+02
9.500000000000000000e+01
7.200000000000000000e+01
8.800000000000000000e+01
1.170000000000000000e+02
1.460000000000000000e+02
1.800000000000000000e+02
2.690000000000000000e+02
5.100000000000000000e+02
9.060000000000000000e+02
2.242000000000000000e+03
3.885000000000000000e+03
7.269000000000000000e+03
1.065100000000000000e+04
1.237400000000000000e+04
1.611900000000000000e+04
1.452300000000000000e+04
1.562400000000000000e+04
1.222900000000000000e+04
9.078000000000000000e+03
8.190000000000000000e+03
5.395000000000000000e+03
3.471000000000000000e+03
2.597000000000000000e+03
2.202000000000000000e+03
1.296000000000000000e+03
1.217000000000000000e+03
1.140000000000000000e+03
1.208000000000000000e+03
9.170000000000000000e+02
6.200000000000000000e+02
9.040000000000000000e+02
8.710000000000000000e+02
2.370000000000000000e+02
7.670000000000000000e+02
3.200000000000000000e+02
2.070000000000000000e+02
3.200000000000000000e+02
1.890000000000000000e+02
4.580000000000000000e+02
4.000000000000000000e+01
2.590000000000000000e+02
9.500000000000000000e+01
8.000000000000000000e+00
2.490000000000000000e+02
6.240000000000000000e+02
2.300000000000000000e+01
1.500000000000000000e+01
6.100000000000000000e+01
1.300000000000000000e+02
2.290000000000000000e+02
7.000000000000000000e+00
5.000000000000000000e+02
3.400000000000000000e+01
1.400000000000000000e+01
4.860000000000000000e+02
1.100000000000000000e+01
7.100000000000000000e+01
3.200000000000000000e+02
6.000000000000000000e+00
6.740000000000000000e+02
3.390000000000000000e+02
9.000000000000000000e+00
5.390000000000000000e+02
9.200000000000000000e+01
2.900000000000000000e+01
8.490000000000000000e+02
6.600000000000000000e+01
8.040000000000000000e+02
6.330000000000000000e+02
7.530000000000000000e+02
9.980000000000000000e+02
4.460000000000000000e+02
7.270000000000000000e+02
5.570000000000000000e+02
9.050000000000000000e+02
1.614000000000000000e+03
1.409000000000000000e+03
1.376000000000000000e+03
7.330000000000000000e+02
1.248000000000000000e+03
3.269000000000000000e+03
5.550000000000000000e+02
1.273000000000000000e+03
1.213000000000000000e+03
7.810000000000000000e+02
1.020000000000000000e+02
1.348000000000000000e+03
1.811000000000000000e+03
1.036000000000000000e+03
1.333000000000000000e+03
9.600000000000000000e+01
6.490000000000000000e+02
1.480000000000000000e+02
8.600000000000000000e+01
1.780000000000000000e+02
6.900000000000000000e+01
8.100000000000000000e+01
1.010000000000000000e+02
5.400000000000000000e+01
9.400000000000000000e+01
8.700000000000000000e+01
4.200000000000000000e+01
8.000000000000000000e+01
5.200000000000000000e+01
7.600000000000000000e+01
8.500000000000000000e+01
5.000000000000000000e+01
5.100000000000000000e+01
5.300000000000000000e+01
7.800000000000000000e+01
6.800000000000000000e+01
5.000000000000000000e+01
4.500000000000000000e+01
4.000000000000000000e+01
9.000000000000000000e+01
5.000000000000000000e+01
4.200000000000000000e+01
6.300000000000000000e+01
7.300000000000000000e+01
5.900000000000000000e+01
6.000000000000000000e+01
5.800000000000000000e+01
8.300000000000000000e+01
6.200000000000000000e+01
6.600000000000000000e+01
5.800000000000000000e+01
7.000000000000000000e+01
9.900000000000000000e+01
1.030000000000000000e+02
9.000000000000000000e+01
1.060000000000000000e+02
1.260000000000000000e+02
8.200000000000000000e+01
7.300000000000000000e+01
1.800000000000000000e+02
1.400000000000000000e+02
1.570000000000000000e+02
3.200000000000000000e+02
2.890000000000000000e+02
4.220000000000000000e+02
3.700000000000000000e+02
5.190000000000000000e+02
6.330000000000000000e+02
6.180000000000000000e+02
0.000000000000000000e+00
0.000000000000000000e+00
0.000000000000000000e+00
0.000000000000000000e+00
0.000000000000000000e+00
0.000000000000000000e+00
0.000000000000000000e+00
0.000000000000000000e+00
0.000000000000000000e+00
0.000000000000000000e+00
0.000000000000000000e+00
0.000000000000000000e+00
0.000000000000000000e+00
0.000000000000000000e+00
0.000000000000000000e+00
0.000000000000000000e+00
0.000000000000000000e+00
0.000000000000000000e+00
0.000000000000000000e+00
0.000000000000000000e+00
0.000000000000000000e+00
0.000000000000000000e+00
0.000000000000000000e+00
0.000000000000000000e+00
0.000000000000000000e+00
0.000000000000000000e+00
0.000000000000000000e+00
0.000000000000000000e+00
0.000000000000000000e+00
0.000000000000000000e+00
0.000000000000000000e+00
0.000000000000000000e+00
0.000000000000000000e+00
0.000000000000000000e+00
0.000000000000000000e+00
0.000000000000000000e+00
0.000000000000000000e+00
0.000000000000000000e+00
0.000000000000000000e+00
0.000000000000000000e+00
0.000000000000000000e+00
0.000000000000000000e+00
0.000000000000000000e+00
0.000000000000000000e+00
0.000000000000000000e+00
0.000000000000000000e+00
0.000000000000000000e+00
0.000000000000000000e+00
0.000000000000000000e+00
0.000000000000000000e+00
0.000000000000000000e+00
0.000000000000000000e+00
0.000000000000000000e+00
0.000000000000000000e+00
0.000000000000000000e+00
0.000000000000000000e+00
0.000000000000000000e+00
0.000000000000000000e+00
0.000000000000000000e+00
0.000000000000000000e+00
0.000000000000000000e+00
0.000000000000000000e+00
0.000000000000000000e+00
0.000000000000000000e+00
0.000000000000000000e+00
0.000000000000000000e+00
0.000000000000000000e+00
0.000000000000000000e+00
0.000000000000000000e+00
0.000000000000000000e+00
0.000000000000000000e+00
0.000000000000000000e+00
0.000000000000000000e+00
0.000000000000000000e+00
0.000000000000000000e+00
0.000000000000000000e+00
6.000000000000000000e+00
1.000000000000000000e+00
5.000000000000000000e+00
7.000000000000000000e+00
1.400000000000000000e+01
1.900000000000000000e+01
2.700000000000000000e+01
2.100000000000000000e+01
2.400000000000000000e+01
2.500000000000000000e+01
3.900000000000000000e+01
3.700000000000000000e+01
5.600000000000000000e+01
3.400000000000000000e+01
4.300000000000000000e+01
5.000000000000000000e+01
2.500000000000000000e+01
4.400000000000000000e+01
5.600000000000000000e+01
3.800000000000000000e+01
5.500000000000000000e+01
6.000000000000000000e+01
5.700000000000000000e+01
7.500000000000000000e+01
8.700000000000000000e+01
6.600000000000000000e+01
7.400000000000000000e+01
8.000000000000000000e+01
8.900000000000000000e+01
9.400000000000000000e+01
9.000000000000000000e+01
1.030000000000000000e+02
9.500000000000000000e+01
1.310000000000000000e+02
9.900000000000000000e+01
1.040000000000000000e+02
1.290000000000000000e+02
8.800000000000000000e+01
1.320000000000000000e+02
1.280000000000000000e+02
1.000000000000000000e+02
1.200000000000000000e+02
1.400000000000000000e+02
1.180000000000000000e+02
1.260000000000000000e+02
1.370000000000000000e+02
1.530000000000000000e+02
1.430000000000000000e+02
1.480000000000000000e+02
1.760000000000000000e+02
1.450000000000000000e+02
1.700000000000000000e+02
1.350000000000000000e+02
1.690000000000000000e+02
1.760000000000000000e+02
1.790000000000000000e+02
1.730000000000000000e+02
2.030000000000000000e+02
1.920000000000000000e+02
1.930000000000000000e+02
2.160000000000000000e+02
2.230000000000000000e+02
2.440000000000000000e+02
1.330000000000000000e+02
2.670000000000000000e+02
2.670000000000000000e+02
2.210000000000000000e+02
2.820000000000000000e+02
2.750000000000000000e+02
2.260000000000000000e+02
3.210000000000000000e+02
3.050000000000000000e+02
3.210000000000000000e+02
3.380000000000000000e+02
3.310000000000000000e+02
3.560000000000000000e+02
3.040000000000000000e+02
4.220000000000000000e+02
3.900000000000000000e+02
3.430000000000000000e+02
3.820000000000000000e+02
4.320000000000000000e+02
4.030000000000000000e+02
5.930000000000000000e+02
3.450000000000000000e+02
7.560000000000000000e+02
3.440000000000000000e+02
5.890000000000000000e+02
6.060000000000000000e+02
5.050000000000000000e+02
6.760000000000000000e+02
5.850000000000000000e+02
6.820000000000000000e+02
6.710000000000000000e+02
7.310000000000000000e+02
6.020000000000000000e+02
8.280000000000000000e+02
6.550000000000000000e+02
8.420000000000000000e+02
8.310000000000000000e+02
8.840000000000000000e+02
8.180000000000000000e+02
1.009000000000000000e+03
8.920000000000000000e+02
9.910000000000000000e+02
9.760000000000000000e+02
1.077000000000000000e+03
1.132000000000000000e+03
1.081000000000000000e+03
1.337000000000000000e+03
1.023000000000000000e+03
1.212000000000000000e+03
1.215000000000000000e+03
1.403000000000000000e+03
1.340000000000000000e+03
1.378000000000000000e+03
1.359000000000000000e+03
1.382000000000000000e+03
1.453000000000000000e+03
1.497000000000000000e+03
1.646000000000000000e+03
1.563000000000000000e+03
1.626000000000000000e+03
1.769000000000000000e+03
1.845000000000000000e+03
1.810000000000000000e+03
1.454000000000000000e+03
1.859000000000000000e+03
2.337000000000000000e+03
1.701000000000000000e+03
1.922000000000000000e+03
2.233000000000000000e+03
2.126000000000000000e+03
2.001000000000000000e+03
2.169000000000000000e+03
2.233000000000000000e+03
2.078000000000000000e+03
2.217000000000000000e+03
2.145000000000000000e+03
2.190000000000000000e+03
2.134000000000000000e+03
2.321000000000000000e+03
2.265000000000000000e+03
2.415000000000000000e+03
2.128000000000000000e+03
2.363000000000000000e+03
2.262000000000000000e+03
2.192000000000000000e+03
2.344000000000000000e+03
2.551000000000000000e+03
2.184000000000000000e+03
2.270000000000000000e+03
2.165000000000000000e+03
2.362000000000000000e+03
2.079000000000000000e+03
2.251000000000000000e+03
2.085000000000000000e+03
2.063000000000000000e+03
2.327000000000000000e+03
2.180000000000000000e+03
2.048000000000000000e+03
1.968000000000000000e+03
2.109000000000000000e+03
1.843000000000000000e+03
1.803000000000000000e+03
2.071000000000000000e+03
1.700000000000000000e+03
2.046000000000000000e+03
1.620000000000000000e+03
1.639000000000000000e+03
1.822000000000000000e+03
1.521000000000000000e+03
1.396000000000000000e+03
1.854000000000000000e+03
1.420000000000000000e+03
1.339000000000000000e+03
1.212000000000000000e+03
1.417000000000000000e+03
1.115000000000000000e+03
1.408000000000000000e+03
1.050000000000000000e+03
1.196000000000000000e+03
1.160000000000000000e+03
9.070000000000000000e+02
9.510000000000000000e+02
1.099000000000000000e+03
8.590000000000000000e+02
8.530000000000000000e+02
7.800000000000000000e+02
7.660000000000000000e+02
6.320000000000000000e+02
1.021000000000000000e+03
5.320000000000000000e+02
7.060000000000000000e+02
6.000000000000000000e+02
5.440000000000000000e+02
5.530000000000000000e+02
5.220000000000000000e+02
5.810000000000000000e+02
4.230000000000000000e+02
5.680000000000000000e+02
4.060000000000000000e+02
4.280000000000000000e+02
3.270000000000000000e+02
3.920000000000000000e+02
2.480000000000000000e+02
4.090000000000000000e+02
2.610000000000000000e+02
3.230000000000000000e+02
3.440000000000000000e+02
2.070000000000000000e+02
2.330000000000000000e+02
1.580000000000000000e+02
2.180000000000000000e+02
2.270000000000000000e+02
1.510000000000000000e+02
2.170000000000000000e+02
1.710000000000000000e+02
1.090000000000000000e+02
1.810000000000000000e+02
1.350000000000000000e+02
1.030000000000000000e+02
1.080000000000000000e+02
1.400000000000000000e+02
1.350000000000000000e+02
7.300000000000000000e+01
1.040000000000000000e+02
7.800000000000000000e+01
8.200000000000000000e+01
5.400000000000000000e+01
6.900000000000000000e+01
6.600000000000000000e+01
6.100000000000000000e+01
8.100000000000000000e+01
6.100000000000000000e+01
5.900000000000000000e+01
4.400000000000000000e+01
3.100000000000000000e+01
3.700000000000000000e+01
2.800000000000000000e+01
3.100000000000000000e+01
3.600000000000000000e+01
5.400000000000000000e+01
4.900000000000000000e+01
4.500000000000000000e+01
2.400000000000000000e+01
1.500000000000000000e+01
1.100000000000000000e+01
7.000000000000000000e+00
1.000000000000000000e+01
1.200000000000000000e+01
3.000000000000000000e+00
9.000000000000000000e+00
1.000000000000000000e+01
0.000000000000000000e+00
3.010000000000000000e+02
0.000000000000000000e+00
0.000000000000000000e+00
0.000000000000000000e+00
2.000000000000000000e+00
4.000000000000000000e+00
1.000000000000000000e+00
2.000000000000000000e+00
5.000000000000000000e+00
4.000000000000000000e+00
2.000000000000000000e+00
8.000000000000000000e+00
1.300000000000000000e+01
1.600000000000000000e+01
2.000000000000000000e+01
2.400000000000000000e+01
3.700000000000000000e+01
3.300000000000000000e+01
7.000000000000000000e+01
9.100000000000000000e+01
1.430000000000000000e+02
2.130000000000000000e+02
3.170000000000000000e+02
4.200000000000000000e+02
6.040000000000000000e+02
7.980000000000000000e+02
9.470000000000000000e+02
1.240000000000000000e+03
1.395000000000000000e+03
1.482000000000000000e+03
1.617000000000000000e+03
1.691000000000000000e+03
1.672000000000000000e+03
1.549000000000000000e+03
1.513000000000000000e+03
1.411000000000000000e+03
1.386000000000000000e+03
1.210000000000000000e+03
1.163000000000000000e+03
1.004000000000000000e+03
9.750000000000000000e+02
9.210000000000000000e+02
7.690000000000000000e+02
8.800000000000000000e+02
8.440000000000000000e+02
7.620000000000000000e+02
7.790000000000000000e+02
8.020000000000000000e+02
7.910000000000000000e+02
7.050000000000000000e+02
7.560000000000000000e+02
7.000000000000000000e+02
6.780000000000000000e+02
6.500000000000000000e+02
6.280000000000000000e+02
6.530000000000000000e+02
5.990000000000000000e+02
5.920000000000000000e+02
6.280000000000000000e+02
5.650000000000000000e+02
5.420000000000000000e+02
5.920000000000000000e+02
5.510000000000000000e+02
6.120000000000000000e+02
5.530000000000000000e+02
5.360000000000000000e+02
5.450000000000000000e+02
5.740000000000000000e+02
5.800000000000000000e+02
5.790000000000000000e+02
5.600000000000000000e+02
5.540000000000000000e+02
5.610000000000000000e+02
5.070000000000000000e+02
5.180000000000000000e+02
5.260000000000000000e+02
5.320000000000000000e+02
5.390000000000000000e+02
5.000000000000000000e+02
5.710000000000000000e+02
5.270000000000000000e+02
5.800000000000000000e+02
5.640000000000000000e+02
6.210000000000000000e+02
6.540000000000000000e+02
6.820000000000000000e+02
6.880000000000000000e+02
7.140000000000000000e+02
7.380000000000000000e+02
7.630000000000000000e+02
8.060000000000000000e+02
8.540000000000000000e+02
8.840000000000000000e+02
9.540000000000000000e+02
9.000000000000000000e+02
9.840000000000000000e+02
9.550000000000000000e+02
1.044000000000000000e+03
1.028000000000000000e+03
1.049000000000000000e+03
1.123000000000000000e+03
1.052000000000000000e+03
1.204000000000000000e+03
1.150000000000000000e+03
1.207000000000000000e+03
1.184000000000000000e+03
1.273000000000000000e+03
1.216000000000000000e+03
1.228000000000000000e+03
1.190000000000000000e+03
1.244000000000000000e+03
1.260000000000000000e+03
1.301000000000000000e+03
1.298000000000000000e+03
1.286000000000000000e+03
1.291000000000000000e+03
1.306000000000000000e+03
1.291000000000000000e+03
1.274000000000000000e+03
1.250000000000000000e+03
1.290000000000000000e+03
1.239000000000000000e+03
1.245000000000000000e+03
1.147000000000000000e+03
1.240000000000000000e+03
1.289000000000000000e+03
1.283000000000000000e+03
1.258000000000000000e+03
1.264000000000000000e+03
1.203000000000000000e+03
1.213000000000000000e+03
1.244000000000000000e+03
1.149000000000000000e+03
1.204000000000000000e+03
1.210000000000000000e+03
1.110000000000000000e+03
1.133000000000000000e+03
1.157000000000000000e+03
1.144000000000000000e+03
1.129000000000000000e+03
1.152000000000000000e+03
1.059000000000000000e+03
1.169000000000000000e+03
1.156000000000000000e+03
1.041000000000000000e+03
1.126000000000000000e+03
1.260000000000000000e+03
1.098000000000000000e+03
1.127000000000000000e+03
1.054000000000000000e+03
1.154000000000000000e+03
1.107000000000000000e+03
1.109000000000000000e+03
1.082000000000000000e+03
1.053000000000000000e+03
1.113000000000000000e+03
1.093000000000000000e+03
1.079000000000000000e+03
1.105000000000000000e+03
1.069000000000000000e+03
1.107000000000000000e+03
1.154000000000000000e+03
1.133000000000000000e+03
1.064000000000000000e+03
1.064000000000000000e+03
1.091000000000000000e+03
1.096000000000000000e+03
1.066000000000000000e+03
1.074000000000000000e+03
1.095000000000000000e+03
1.057000000000000000e+03
1.094000000000000000e+03
1.031000000000000000e+03
1.011000000000000000e+03
1.056000000000000000e+03
1.030000000000000000e+03
9.930000000000000000e+02
9.890000000000000000e+02
1.004000000000000000e+03
9.870000000000000000e+02
9.430000000000000000e+02
9.230000000000000000e+02
9.100000000000000000e+02
8.610000000000000000e+02
8.670000000000000000e+02
8.750000000000000000e+02
8.780000000000000000e+02
7.820000000000000000e+02
8.140000000000000000e+02
8.550000000000000000e+02
7.680000000000000000e+02
7.650000000000000000e+02
7.810000000000000000e+02
7.210000000000000000e+02
7.010000000000000000e+02
7.010000000000000000e+02
6.600000000000000000e+02
6.460000000000000000e+02
6.230000000000000000e+02
6.260000000000000000e+02
5.790000000000000000e+02
6.590000000000000000e+02
5.450000000000000000e+02
5.380000000000000000e+02
5.740000000000000000e+02
5.190000000000000000e+02
4.900000000000000000e+02
4.930000000000000000e+02
4.640000000000000000e+02
4.340000000000000000e+02
4.570000000000000000e+02
4.270000000000000000e+02
4.090000000000000000e+02
4.320000000000000000e+02
3.830000000000000000e+02
3.710000000000000000e+02
3.550000000000000000e+02
3.510000000000000000e+02
3.270000000000000000e+02
3.150000000000000000e+02
3.340000000000000000e+02
2.510000000000000000e+02
2.890000000000000000e+02
2.780000000000000000e+02
2.570000000000000000e+02
2.650000000000000000e+02
2.460000000000000000e+02
2.340000000000000000e+02
2.230000000000000000e+02
2.210000000000000000e+02
2.160000000000000000e+02
2.060000000000000000e+02
2.210000000000000000e+02
1.560000000000000000e+02
2.000000000000000000e+02
1.900000000000000000e+02
1.590000000000000000e+02
1.460000000000000000e+02
1.440000000000000000e+02
1.360000000000000000e+02
1.490000000000000000e+02
1.100000000000000000e+02
1.460000000000000000e+02
1.180000000000000000e+02
1.130000000000000000e+02
1.140000000000000000e+02
9.400000000000000000e+01
1.080000000000000000e+02
9.100000000000000000e+01
9.200000000000000000e+01
9.300000000000000000e+01
9.200000000000000000e+01
9.100000000000000000e+01
8.600000000000000000e+01
6.700000000000000000e+01
7.700000000000000000e+01
6.790000000000000000e+02
