5.320000000000000000e+02
1.100000000000000000e+02
1.650000000000000000e+02
1.480000000000000000e+02
1.750000000000000000e+02
2.500000000000000000e+02
2.160000000000000000e+02
2.030000000000000000e+02
2.180000000000000000e+02
2.290000000000000000e+02
1.950000000000000000e+02
2.160000000000000000e+02
2.210000000000000000e+02
2.530000000000000000e+02
2.660000000000000000e+02
2.810000000000000000e+02
3.040000000000000000e+02
3.060000000000000000e+02
3.460000000000000000e+02
3.910000000000000000e+02
4.320000000000000000e+02
4.660000000000000000e+02
5.880000000000000000e+02
6.650000000000000000e+02
7.780000000000000000e+02
8.420000000000000000e+02
9.530000000000000000e+02
9.910000000000000000e+02
1.060000000000000000e+03
1.023000000000000000e+03
1.086000000000000000e+03
1.187000000000000000e+03
1.267000000000000000e+03
1.308000000000000000e+03
1.406000000000000000e+03
1.387000000000000000e+03
1.416000000000000000e+03
1.409000000000000000e+03
1.309000000000000000e+03
1.334000000000000000e+03
1.252000000000000000e+03
1.219000000000000000e+03
1.236000000000000000e+03
1.268000000000000000e+03
1.236000000000000000e+03
1.353000000000000000e+03
1.302000000000000000e+03
1.308000000000000000e+03
1.335000000000000000e+03
1.280000000000000000e+03
1.216000000000000000e+03
1.193000000000000000e+03
1.232000000000000000e+03
1.179000000000000000e+03
1.147000000000000000e+03
1.184000000000000000e+03
1.109000000000000000e+03
1.085000000000000000e+03
1.104000000000000000e+03
1.081000000000000000e+03
9.660000000000000000e+02
9.230000000000000000e+02
9.130000000000000000e+02
9.560000000000000000e+02
9.310000000000000000e+02
9.280000000000000000e+02
9.240000000000000000e+02
9.810000000000000000e+02
1.002000000000000000e+03
1.080000000000000000e+03
1.128000000000000000e+03
1.116000000000000000e+03
1.138000000000000000e+03
1.167000000000000000e+03
1.250000000000000000e+03
1.235000000000000000e+03
1.204000000000000000e+03
1.188000000000000000e+03
1.225000000000000000e+03
1.143000000000000000e+03
1.135000000000000000e+03
1.122000000000000000e+03
1.044000000000000000e+03
1.075000000000000000e+03
1.037000000000000000e+03
1.069000000000000000e+03
9.950000000000000000e+02
9.790000000000000000e+02
9.800000000000000000e+02
9.460000000000000000e+02
9.440000000000000000e+02
9.710000000000000000e+02
9.990000000000000000e+02
1.055000000000000000e+03
1.046000000000000000e+03
1.057000000000000000e+03
9.900000000000000000e+02
1.019000000000000000e+03
1.012000000000000000e+03
1.005000000000000000e+03
9.690000000000000000e+02
9.820000000000000000e+02
1.019000000000000000e+03
9.780000000000000000e+02
9.890000000000000000e+02
9.500000000000000000e+02
9.930000000000000000e+02
9.370000000000000000e+02
9.060000000000000000e+02
9.200000000000000000e+02
9.020000000000000000e+02
9.420000000000000000e+02
9.460000000000000000e+02
9.020000000000000000e+02
9.210000000000000000e+02
8.810000000000000000e+02
9.010000000000000000e+02
9.340000000000000000e+02
9.020000000000000000e+02
9.480000000000000000e+02
9.240000000000000000e+02
9.100000000000000000e+02
9.640000000000000000e+02
9.330000000000000000e+02
1.004000000000000000e+03
9.910000000000000000e+02
9.610000000000000000e+02
9.780000000000000000e+02
9.940000000000000000e+02
9.280000000000000000e+02
9.130000000000000000e+02
9.690000000000000000e+02
9.760000000000000000e+02
9.380000000000000000e+02
8.830000000000000000e+02
8.970000000000000000e+02
8.900000000000000000e+02
8.360000000000000000e+02
8.600000000000000000e+02
8.570000000000000000e+02
8.650000000000000000e+02
9.020000000000000000e+02
8.860000000000000000e+02
8.690000000000000000e+02
8.490000000000000000e+02
8.800000000000000000e+02
9.020000000000000000e+02
8.640000000000000000e+02
8.830000000000000000e+02
9.070000000000000000e+02
9.120000000000000000e+02
8.740000000000000000e+02
8.710000000000000000e+02
8.090000000000000000e+02
8.290000000000000000e+02
7.990000000000000000e+02
8.230000000000000000e+02
7.830000000000000000e+02
8.520000000000000000e+02
8.110000000000000000e+02
8.340000000000000000e+02
8.070000000000000000e+02
7.720000000000000000e+02
8.110000000000000000e+02
7.580000000000000000e+02
7.800000000000000000e+02
7.820000000000000000e+02
7.760000000000000000e+02
7.800000000000000000e+02
8.050000000000000000e+02
7.840000000000000000e+02
7.050000000000000000e+02
7.160000000000000000e+02
7.530000000000000000e+02
7.670000000000000000e+02
7.170000000000000000e+02
6.940000000000000000e+02
6.880000000000000000e+02
6.490000000000000000e+02
7.040000000000000000e+02
7.200000000000000000e+02
6.870000000000000000e+02
6.850000000000000000e+02
6.380000000000000000e+02
6.080000000000000000e+02
6.360000000000000000e+02
6.190000000000000000e+02
6.260000000000000000e+02
6.230000000000000000e+02
6.260000000000000000e+02
6.480000000000000000e+02
5.820000000000000000e+02
6.540000000000000000e+02
5.690000000000000000e+02
5.480000000000000000e+02
5.080000000000000000e+02
5.280000000000000000e+02
5.200000000000000000e+02
5.580000000000000000e+02
4.760000000000000000e+02
4.830000000000000000e+02
4.550000000000000000e+02
4.900000000000000000e+02
4.480000000000000000e+02
4.940000000000000000e+02
5.060000000000000000e+02
4.710000000000000000e+02
4.340000000000000000e+02
4.380000000000000000e+02
4.330000000000000000e+02
4.480000000000000000e+02
3.650000000000000000e+02
3.920000000000000000e+02
3.890000000000000000e+02
4.140000000000000000e+02
3.880000000000000000e+02
4.070000000000000000e+02
3.440000000000000000e+02
3.510000000000000000e+02
3.890000000000000000e+02
3.620000000000000000e+02
3.570000000000000000e+02
3.630000000000000000e+02
3.130000000000000000e+02
3.810000000000000000e+02
3.100000000000000000e+02
3.320000000000000000e+02
2.810000000000000000e+02
2.700000000000000000e+02
2.400000000000000000e+02
2.040000000000000000e+02
2.180000000000000000e+02
2.140000000000000000e+02
1.950000000000000000e+02
2.090000000000000000e+02
1.640000000000000000e+02
1.490000000000000000e+02
1.350000000000000000e+02
1.520000000000000000e+02
1.220000000000000000e+02
1.100000000000000000e+02
1.170000000000000000e+02
1.000000000000000000e+02
9.100000000000000000e+01
9.600000000000000000e+01
8.600000000000000000e+01
5.700000000000000000e+01
7.600000000000000000e+01
6.400000000000000000e+01
4.300000000000000000e+01
4.200000000000000000e+01
2.900000000000000000e+01
4.400000000000000000e+01
2.500000000000000000e+01
2.300000000000000000e+01
1.190000000000000000e+02
2.180000000000000000e+02
1.650000000000000000e+02
1.520000000000000000e+02
1.300000000000000000e+02
1.180000000000000000e+02
1.120000000000000000e+02
1.300000000000000000e+02
1.390000000000000000e+02
1.590000000000000000e+02
1.750000000000000000e+02
1.950000000000000000e+02
2.010000000000000000e+02
2.380000000000000000e+02
2.780000000000000000e+02
2.900000000000000000e+02
3.100000000000000000e+02
3.890000000000000000e+02
4.540000000000000000e+02
5.140000000000000000e+02
6.410000000000000000e+02
7.300000000000000000e+02
7.200000000000000000e+02
7.750000000000000000e+02
7.640000000000000000e+02
8.610000000000000000e+02
9.250000000000000000e+02
9.930000000000000000e+02
8.780000000000000000e+02
9.340000000000000000e+02
8.480000000000000000e+02
8.040000000000000000e+02
8.190000000000000000e+02
7.970000000000000000e+02
8.240000000000000000e+02
7.760000000000000000e+02
8.400000000000000000e+02
7.990000000000000000e+02
8.460000000000000000e+02
9.010000000000000000e+02
9.470000000000000000e+02
1.045000000000000000e+03
1.131000000000000000e+03
1.176000000000000000e+03
1.179000000000000000e+03
1.205000000000000000e+03
1.230000000000000000e+03
1.325000000000000000e+03
1.224000000000000000e+03
1.245000000000000000e+03
1.297000000000000000e+03
1.309000000000000000e+03
1.319000000000000000e+03
1.321000000000000000e+03
1.289000000000000000e+03
1.277000000000000000e+03
1.086000000000000000e+03
1.117000000000000000e+03
8.800000000000000000e+02
8.890000000000000000e+02
8.730000000000000000e+02
9.680000000000000000e+02
9.720000000000000000e+02
8.960000000000000000e+02
8.920000000000000000e+02
9.230000000000000000e+02
9.990000000000000000e+02
9.680000000000000000e+02
1.052000000000000000e+03
1.067000000000000000e+03
1.160000000000000000e+03
1.141000000000000000e+03
1.240000000000000000e+03
1.223000000000000000e+03
1.280000000000000000e+03
1.284000000000000000e+03
1.301000000000000000e+03
1.281000000000000000e+03
1.247000000000000000e+03
1.289000000000000000e+03
1.247000000000000000e+03
1.247000000000000000e+03
1.239000000000000000e+03
1.238000000000000000e+03
1.243000000000000000e+03
1.168000000000000000e+03
1.094000000000000000e+03
1.160000000000000000e+03
1.149000000000000000e+03
1.095000000000000000e+03
1.136000000000000000e+03
1.113000000000000000e+03
1.105000000000000000e+03
1.073000000000000000e+03
1.112000000000000000e+03
1.091000000000000000e+03
1.025000000000000000e+03
1.014000000000000000e+03
1.061000000000000000e+03
1.046000000000000000e+03
1.037000000000000000e+03
9.520000000000000000e+02
9.830000000000000000e+02
1.001000000000000000e+03
1.024000000000000000e+03
1.085000000000000000e+03
1.013000000000000000e+03
9.780000000000000000e+02
9.620000000000000000e+02
1.013000000000000000e+03
1.022000000000000000e+03
9.910000000000000000e+02
1.070000000000000000e+03
9.840000000000000000e+02
9.950000000000000000e+02
9.680000000000000000e+02
9.420000000000000000e+02
8.770000000000000000e+02
9.950000000000000000e+02
1.054000000000000000e+03
1.006000000000000000e+03
1.089000000000000000e+03
1.073000000000000000e+03
1.029000000000000000e+03
9.850000000000000000e+02
1.010000000000000000e+03
9.780000000000000000e+02
1.010000000000000000e+03
9.750000000000000000e+02
9.340000000000000000e+02
9.500000000000000000e+02
9.620000000000000000e+02
1.005000000000000000e+03
8.780000000000000000e+02
9.120000000000000000e+02
8.460000000000000000e+02
8.640000000000000000e+02
9.060000000000000000e+02
9.350000000000000000e+02
9.220000000000000000e+02
9.500000000000000000e+02
9.710000000000000000e+02
9.920000000000000000e+02
8.850000000000000000e+02
9.020000000000000000e+02
9.500000000000000000e+02
9.710000000000000000e+02
9.190000000000000000e+02
9.600000000000000000e+02
9.020000000000000000e+02
9.570000000000000000e+02
9.330000000000000000e+02
9.310000000000000000e+02
9.360000000000000000e+02
9.350000000000000000e+02
9.220000000000000000e+02
9.260000000000000000e+02
9.390000000000000000e+02
9.760000000000000000e+02
9.130000000000000000e+02
8.850000000000000000e+02
9.170000000000000000e+02
9.110000000000000000e+02
8.740000000000000000e+02
8.770000000000000000e+02
8.600000000000000000e+02
8.590000000000000000e+02
8.470000000000000000e+02
8.470000000000000000e+02
8.310000000000000000e+02
8.560000000000000000e+02
7.970000000000000000e+02
7.720000000000000000e+02
8.250000000000000000e+02
7.800000000000000000e+02
7.780000000000000000e+02
8.210000000000000000e+02
7.470000000000000000e+02
7.010000000000000000e+02
7.580000000000000000e+02
7.490000000000000000e+02
6.650000000000000000e+02
7.490000000000000000e+02
7.000000000000000000e+02
6.850000000000000000e+02
6.600000000000000000e+02
7.350000000000000000e+02
6.790000000000000000e+02
6.190000000000000000e+02
6.280000000000000000e+02
6.290000000000000000e+02
6.350000000000000000e+02
6.180000000000000000e+02
6.140000000000000000e+02
5.230000000000000000e+02
5.590000000000000000e+02
5.470000000000000000e+02
4.870000000000000000e+02
5.000000000000000000e+02
4.750000000000000000e+02
4.810000000000000000e+02
4.510000000000000000e+02
4.440000000000000000e+02
4.240000000000000000e+02
4.540000000000000000e+02
4.060000000000000000e+02
3.700000000000000000e+02
3.590000000000000000e+02
3.420000000000000000e+02
3.580000000000000000e+02
3.020000000000000000e+02
3.190000000000000000e+02
3.510000000000000000e+02
2.870000000000000000e+02
2.990000000000000000e+02
3.110000000000000000e+02
3.070000000000000000e+02
2.730000000000000000e+02
3.100000000000000000e+02
2.790000000000000000e+02
3.100000000000000000e+02
3.150000000000000000e+02
2.810000000000000000e+02
2.730000000000000000e+02
2.790000000000000000e+02
3.050000000000000000e+02
3.030000000000000000e+02
2.920000000000000000e+02
2.700000000000000000e+02
2.640000000000000000e+02
2.420000000000000000e+02
2.190000000000000000e+02
2.180000000000000000e+02
2.000000000000000000e+02
1.520000000000000000e+02
1.480000000000000000e+02
1.320000000000000000e+02
1.260000000000000000e+02
1.080000000000000000e+02
1.160000000000000000e+02
9.800000000000000000e+01
9.600000000000000000e+01
1.010000000000000000e+02
7.100000000000000000e+01
5.200000000000000000e+01
5.800000000000000000e+01
5.000000000000000000e+01
4.600000000000000000e+01
4.500000000000000000e+01
4.300000000000000000e+01
1.400000000000000000e+01
1.900000000000000000e+01
1.500000000000000000e+01
1.800000000000000000e+01
1.500000000000000000e+01
1.000000000000000000e+01
4.000000000000000000e+01
6.260000000000000000e+02
5.270000000000000000e+02
4.090000000000000000e+02
3.460000000000000000e+02
3.550000000000000000e+02
4.650000000000000000e+02
5.800000000000000000e+02
7.320000000000000000e+02
6.860000000000000000e+02
8.170000000000000000e+02
8.590000000000000000e+02
9.360000000000000000e+02
9.160000000000000000e+02
9.460000000000000000e+02
9.330000000000000000e+02
9.400000000000000000e+02
8.810000000000000000e+02
7.430000000000000000e+02
6.830000000000000000e+02
5.630000000000000000e+02
5.350000000000000000e+02
4.980000000000000000e+02
5.150000000000000000e+02
5.480000000000000000e+02
5.940000000000000000e+02
6.020000000000000000e+02
6.680000000000000000e+02
7.360000000000000000e+02
7.950000000000000000e+02
8.100000000000000000e+02
7.630000000000000000e+02
7.730000000000000000e+02
7.490000000000000000e+02
8.320000000000000000e+02
8.160000000000000000e+02
9.680000000000000000e+02
9.740000000000000000e+02
1.067000000000000000e+03
1.038000000000000000e+03
1.028000000000000000e+03
1.144000000000000000e+03
1.123000000000000000e+03
1.116000000000000000e+03
9.520000000000000000e+02
9.400000000000000000e+02
8.190000000000000000e+02
7.320000000000000000e+02
6.810000000000000000e+02
6.580000000000000000e+02
6.380000000000000000e+02
5.950000000000000000e+02
6.240000000000000000e+02
6.220000000000000000e+02
6.510000000000000000e+02
7.330000000000000000e+02
7.840000000000000000e+02
8.130000000000000000e+02
7.760000000000000000e+02
7.950000000000000000e+02
8.800000000000000000e+02
8.970000000000000000e+02
9.490000000000000000e+02
9.810000000000000000e+02
1.113000000000000000e+03
1.081000000000000000e+03
1.169000000000000000e+03
1.241000000000000000e+03
1.203000000000000000e+03
1.120000000000000000e+03
1.229000000000000000e+03
1.189000000000000000e+03
1.196000000000000000e+03
1.132000000000000000e+03
1.224000000000000000e+03
1.200000000000000000e+03
1.136000000000000000e+03
1.083000000000000000e+03
1.062000000000000000e+03
1.044000000000000000e+03
1.098000000000000000e+03
1.040000000000000000e+03
1.076000000000000000e+03
1.074000000000000000e+03
1.096000000000000000e+03
1.089000000000000000e+03
1.064000000000000000e+03
1.043000000000000000e+03
1.066000000000000000e+03
1.109000000000000000e+03
1.096000000000000000e+03
1.122000000000000000e+03
1.143000000000000000e+03
1.198000000000000000e+03
1.171000000000000000e+03
1.152000000000000000e+03
1.141000000000000000e+03
1.135000000000000000e+03
1.225000000000000000e+03
1.212000000000000000e+03
1.212000000000000000e+03
1.232000000000000000e+03
1.187000000000000000e+03
1.226000000000000000e+03
1.190000000000000000e+03
1.168000000000000000e+03
1.206000000000000000e+03
1.116000000000000000e+03
1.122000000000000000e+03
1.128000000000000000e+03
1.096000000000000000e+03
1.110000000000000000e+03
1.070000000000000000e+03
1.078000000000000000e+03
1.069000000000000000e+03
1.020000000000000000e+03
1.040000000000000000e+03
1.073000000000000000e+03
1.098000000000000000e+03
1.088000000000000000e+03
1.037000000000000000e+03
1.023000000000000000e+03
1.084000000000000000e+03
1.040000000000000000e+03
1.029000000000000000e+03
1.016000000000000000e+03
1.109000000000000000e+03
1.070000000000000000e+03
1.106000000000000000e+03
1.032000000000000000e+03
1.014000000000000000e+03
1.090000000000000000e+03
1.118000000000000000e+03
1.075000000000000000e+03
1.125000000000000000e+03
1.049000000000000000e+03
1.130000000000000000e+03
1.115000000000000000e+03
1.162000000000000000e+03
1.040000000000000000e+03
1.132000000000000000e+03
1.121000000000000000e+03
1.055000000000000000e+03
1.084000000000000000e+03
1.115000000000000000e+03
1.154000000000000000e+03
1.060000000000000000e+03
1.122000000000000000e+03
1.049000000000000000e+03
1.074000000000000000e+03
1.021000000000000000e+03
9.790000000000000000e+02
1.032000000000000000e+03
9.910000000000000000e+02
9.630000000000000000e+02
9.850000000000000000e+02
9.780000000000000000e+02
1.001000000000000000e+03
9.630000000000000000e+02
9.350000000000000000e+02
9.060000000000000000e+02
9.250000000000000000e+02
9.220000000000000000e+02
8.730000000000000000e+02
8.640000000000000000e+02
8.280000000000000000e+02
7.890000000000000000e+02
8.300000000000000000e+02
8.470000000000000000e+02
7.500000000000000000e+02
7.900000000000000000e+02
7.290000000000000000e+02
7.490000000000000000e+02
7.310000000000000000e+02
7.010000000000000000e+02
7.180000000000000000e+02
6.970000000000000000e+02
6.630000000000000000e+02
6.520000000000000000e+02
6.440000000000000000e+02
6.430000000000000000e+02
6.140000000000000000e+02
5.870000000000000000e+02
6.110000000000000000e+02
5.900000000000000000e+02
5.050000000000000000e+02
5.650000000000000000e+02
4.860000000000000000e+02
4.510000000000000000e+02
4.570000000000000000e+02
4.990000000000000000e+02
4.450000000000000000e+02
4.570000000000000000e+02
4.370000000000000000e+02
3.870000000000000000e+02
3.620000000000000000e+02
3.610000000000000000e+02
3.760000000000000000e+02
3.520000000000000000e+02
3.300000000000000000e+02
3.190000000000000000e+02
3.540000000000000000e+02
3.510000000000000000e+02
3.270000000000000000e+02
3.140000000000000000e+02
3.110000000000000000e+02
3.520000000000000000e+02
3.440000000000000000e+02
3.310000000000000000e+02
3.450000000000000000e+02
3.330000000000000000e+02
3.640000000000000000e+02
3.190000000000000000e+02
3.080000000000000000e+02
2.950000000000000000e+02
2.840000000000000000e+02
3.070000000000000000e+02
2.860000000000000000e+02
2.700000000000000000e+02
2.710000000000000000e+02
2.620000000000000000e+02
2.720000000000000000e+02
2.770000000000000000e+02
2.800000000000000000e+02
2.250000000000000000e+02
2.140000000000000000e+02
1.950000000000000000e+02
1.790000000000000000e+02
1.540000000000000000e+02
1.300000000000000000e+02
1.260000000000000000e+02
1.040000000000000000e+02
1.150000000000000000e+02
9.100000000000000000e+01
7.500000000000000000e+01
6.700000000000000000e+01
6.000000000000000000e+01
4.700000000000000000e+01
5.000000000000000000e+01
4.100000000000000000e+01
3.000000000000000000e+01
2.900000000000000000e+01
2.700000000000000000e+01
2.400000000000000000e+01
2.100000000000000000e+01
1.900000000000000000e+01
1.700000000000000000e+01
1.400000000000000000e+01
1.500000000000000000e+01
1.100000000000000000e+01
1.200000000000000000e+01
1.100000000000000000e+01
9.000000000000000000e+00
9.000000000000000000e+00
8.000000000000000000e+00
3.000000000000000000e+00
3.500000000000000000e+01
1.785000000000000000e+03
1.780000000000000000e+02
3.210000000000000000e+02
2.990000000000000000e+02
3.510000000000000000e+02
6.560000000000000000e+02
8.580000000000000000e+02
1.680000000000000000e+02
7.910000000000000000e+02
5.800000000000000000e+02
8.970000000000000000e+02
2.183000000000000000e+03
1.567000000000000000e+03
3.666000000000000000e+03
2.165000000000000000e+03
2.667000000000000000e+03
2.878000000000000000e+03
1.259000000000000000e+03
1.002000000000000000e+03
1.369000000000000000e+03
1.770000000000000000e+03
2.225000000000000000e+03
1.273000000000000000e+03
1.434000000000000000e+03
1.405000000000000000e+03
1.642000000000000000e+03
1.571000000000000000e+03
8.000000000000000000e+00
4.700000000000000000e+01
2.600000000000000000e+01
4.318000000000000000e+03
0.000000000000000000e+00
3.660000000000000000e+02
1.500000000000000000e+01
1.161000000000000000e+03
2.212000000000000000e+03
1.354000000000000000e+03
1.400000000000000000e+01
3.450000000000000000e+02
1.290000000000000000e+02
6.300000000000000000e+02
2.000000000000000000e+00
1.350000000000000000e+03
9.730000000000000000e+02
4.000000000000000000e+00
9.200000000000000000e+01
1.200000000000000000e+01
0.000000000000000000e+00
2.780000000000000000e+02
2.000000000000000000e+00
2.447000000000000000e+03
5.690000000000000000e+02
1.580000000000000000e+02
4.000000000000000000e+00
1.700000000000000000e+01
1.103000000000000000e+03
3.730000000000000000e+02
2.400000000000000000e+01
4.000000000000000000e+00
0.000000000000000000e+00
7.170000000000000000e+02
1.000000000000000000e+00
8.000000000000000000e+00
1.030000000000000000e+02
0.000000000000000000e+00
4.200000000000000000e+01
2.390000000000000000e+03
2.700000000000000000e+01
7.400000000000000000e+01
4.000000000000000000e+01
1.401000000000000000e+03
3.400000000000000000e+01
1.400000000000000000e+01
7.150000000000000000e+02
4.140000000000000000e+02
2.528000000000000000e+03
1.040000000000000000e+02
5.200000000000000000e+01
1.200000000000000000e+01
1.078000000000000000e+03
7.248000000000000000e+03
3.900000000000000000e+01
4.200000000000000000e+01
3.761000000000000000e+03
5.650000000000000000e+02
9.570000000000000000e+02
1.110000000000000000e+02
6.123000000000000000e+03
3.790000000000000000e+02
1.510000000000000000e+02
6.838000000000000000e+03
2.940000000000000000e+02
1.267000000000000000e+03
3.655000000000000000e+03
2.980000000000000000e+02
1.088400000000000000e+04
7.288000000000000000e+03
4.910000000000000000e+02
1.077600000000000000e+04
5.139000000000000000e+03
5.314000000000000000e+03
1.802600000000000000e+04
5.636000000000000000e+03
9.532000000000000000e+03
4.800000000000000000e+03
3.076000000000000000e+03
1.957000000000000000e+03
9.710000000000000000e+02
4.950000000000000000e+02
5.960000000000000000e+02
1.453000000000000000e+03
5.210000000000000000e+02
1.550000000000000000e+02
1.950000000000000000e+02
5.620000000000000000e+02
2.630000000000000000e+02
9.600000000000000000e+01
3.000000000000000000e+00
3.000000000000000000e+00
3.000000000000000000e+00
7.730000000000000000e+02
0.000000000000000000e+00
0.000000000000000000e+00
2.000000000000000000e+00
4.600000000000000000e+01
1.140000000000000000e+02
2.550000000000000000e+02
0.000000000000000000e+00
1.400000000000000000e+01
7.000000000000000000e+00
1.400000000000000000e+01
0.000000000000000000e+00
6.600000000000000000e+01
3.200000000000000000e+01
0.000000000000000000e+00
1.000000000000000000e+01
3.000000000000000000e+00
0.000000000000000000e+00
1.400000000000000000e+01
1.000000000000000000e+00
1.800000000000000000e+02
2.100000000000000000e+01
8.000000000000000000e+00
0.000000000000000000e+00
2.000000000000000000e+00
3.100000000000000000e+01
1.500000000000000000e+01
2.000000000000000000e+00
0.000000000000000000e+00
0.000000000000000000e+00
1.400000000000000000e+01
0.000000000000000000e+00
0.000000000000000000e+00
5.000000000000000000e+00
0.000000000000000000e+00
1.000000000000000000e+00
6.300000000000000000e+01
2.000000000000000000e+00
8.000000000000000000e+00
4.000000000000000000e+00
2.000000000000000000e+01
2.000000000000000000e+00
1.000000000000000000e+00
8.000000000000000000e+00
1.400000000000000000e+01
5.180000000000000000e+02
2.000000000000000000e+00
4.000000000000000000e+00
2.000000000000000000e+00
1.700000000000000000e+01
1.730000000000000000e+02
0.000000000000000000e+00
1.800000000000000000e+01
2.200000000000000000e+02
1.300000000000000000e+02
1.620000000000000000e+02
8.200000000000000000e+01
3.890000000000000000e+02
1.220000000000000000e+02
1.950000000000000000e+02
0.000000000000000000e+00
0.000000000000000000e+00
0.000000000000000000e+00
0.000000000000000000e+00
0.000000000000000000e+00
0.000000000000000000e+00
0.000000000000000000e+00
0.000000000000000000e+00
0.000000000000000000e+00
0.000000000000000000e+00
0.000000000000000000e+00
0.000000000000000000e+00
0.000000000000000000e+00
0.000000000000000000e+00
0.000000000000000000e+00
0.000000000000000000e+00
0.000000000000000000e+00
0.000000000000000000e+00
0.000000000000000000e+00
0.000000000000000000e+00
0.000000000000000000e+00
0.000000000000000000e+00
0.000000000000000000e+00
0.000000000000000000e+00
0.000000000000000000e+00
0.000000000000000000e+00
0.000000000000000000e+00
0.000000000000000000e+00
0.000000000000000000e+00
0.000000000000000000e+00
0.000000000000000000e+00
0.000000000000000000e+00
0.000000000000000000e+00
0.000000000000000000e+00
0.000000000000000000e+00
0.000000000000000000e+00
0.000000000000000000e+00
0.000000000000000000e+00
0.000000000000000000e+00
0.000000000000000000e+00
0.000000000000000000e+00
0.000000000000000000e+00
0.000000000000000000e+00
0.000000000000000000e+00
0.000000000000000000e+00
0.000000000000000000e+00
0.000000000000000000e+00
0.000000000000000000e+00
0.000000000000000000e+00
0.000000000000000000e+00
0.000000000000000000e+00
0.000000000000000000e+00
0.000000000000000000e+00
0.000000000000000000e+00
0.000000000000000000e+00
0.000000000000000000e+00
0.000000000000000000e+00
0.000000000000000000e+00
0.000000000000000000e+00
0.000000000000000000e+00
0.000000000000000000e+00
0.000000000000000000e+00
0.000000000000000000e+00
0.000000000000000000e+00
0.000000000000000000e+00
0.000000000000000000e+00
0.000000000000000000e+00
0.000000000000000000e+00
0.000000000000000000e+00
0.000000000000000000e+00
0.000000000000000000e+00
0.000000000000000000e+00
0.000000000000000000e+00
0.000000000000000000e+00
0.000000000000000000e+00
0.000000000000000000e+00
1.309000000000000000e+03
0.000000000000000000e+00
8.100000000000000000e+01
8.980000000000000000e+02
1.608000000000000000e+03
2.206000000000000000e+03
2.454000000000000000e+03
3.224000000000000000e+03
3.735000000000000000e+03
3.803000000000000000e+03
4.220000000000000000e+03
4.107000000000000000e+03
4.419000000000000000e+03
4.577000000000000000e+03
4.174000000000000000e+03
3.706000000000000000e+03
3.900000000000000000e+03
3.719000000000000000e+03
3.647000000000000000e+03
3.546000000000000000e+03
3.190000000000000000e+03
2.967000000000000000e+03
2.689000000000000000e+03
2.488000000000000000e+03
2.258000000000000000e+03
2.093000000000000000e+03
2.073000000000000000e+03
1.983000000000000000e+03
2.021000000000000000e+03
2.065000000000000000e+03
1.836000000000000000e+03
2.086000000000000000e+03
1.735000000000000000e+03
1.613000000000000000e+03
1.536000000000000000e+03
1.337000000000000000e+03
1.480000000000000000e+03
1.115000000000000000e+03
1.294000000000000000e+03
1.113000000000000000e+03
1.109000000000000000e+03
1.097000000000000000e+03
1.088000000000000000e+03
1.193000000000000000e+03
1.239000000000000000e+03
1.207000000000000000e+03
1.136000000000000000e+03
1.044000000000000000e+03
1.239000000000000000e+03
1.163000000000000000e+03
1.209000000000000000e+03
1.212000000000000000e+03
1.292000000000000000e+03
1.509000000000000000e+03
1.388000000000000000e+03
1.478000000000000000e+03
1.371000000000000000e+03
1.429000000000000000e+03
1.432000000000000000e+03
1.417000000000000000e+03
1.448000000000000000e+03
1.530000000000000000e+03
1.480000000000000000e+03
1.330000000000000000e+03
1.652000000000000000e+03
1.723000000000000000e+03
1.548000000000000000e+03
1.642000000000000000e+03
1.603000000000000000e+03
1.450000000000000000e+03
1.601000000000000000e+03
1.447000000000000000e+03
1.232000000000000000e+03
1.213000000000000000e+03
1.198000000000000000e+03
1.137000000000000000e+03
1.027000000000000000e+03
1.091000000000000000e+03
1.001000000000000000e+03
7.000000000000000000e+02
7.390000000000000000e+02
8.790000000000000000e+02
4.970000000000000000e+02
8.680000000000000000e+02
3.690000000000000000e+02
8.810000000000000000e+02
3.270000000000000000e+02
6.680000000000000000e+02
3.760000000000000000e+02
5.250000000000000000e+02
4.040000000000000000e+02
4.660000000000000000e+02
4.060000000000000000e+02
3.590000000000000000e+02
4.080000000000000000e+02
2.580000000000000000e+02
4.650000000000000000e+02
2.340000000000000000e+02
2.990000000000000000e+02
3.060000000000000000e+02
2.430000000000000000e+02
3.390000000000000000e+02
2.100000000000000000e+02
3.170000000000000000e+02
2.020000000000000000e+02
1.650000000000000000e+02
3.200000000000000000e+02
1.290000000000000000e+02
3.020000000000000000e+02
2.160000000000000000e+02
1.120000000000000000e+02
2.250000000000000000e+02
1.770000000000000000e+02
2.510000000000000000e+02
2.100000000000000000e+02
1.790000000000000000e+02
1.460000000000000000e+02
2.530000000000000000e+02
2.700000000000000000e+02
1.280000000000000000e+02
3.030000000000000000e+02
2.110000000000000000e+02
1.530000000000000000e+02
2.460000000000000000e+02
3.530000000000000000e+02
7.900000000000000000e+01
1.060000000000000000e+02
2.580000000000000000e+02
4.390000000000000000e+02
9.800000000000000000e+01
6.700000000000000000e+01
3.870000000000000000e+02
2.140000000000000000e+02
1.570000000000000000e+02
2.300000000000000000e+02
2.950000000000000000e+02
1.330000000000000000e+02
3.050000000000000000e+02
3.020000000000000000e+02
1.310000000000000000e+02
2.430000000000000000e+02
1.870000000000000000e+02
2.650000000000000000e+02
3.250000000000000000e+02
1.730000000000000000e+02
2.780000000000000000e+02
2.110000000000000000e+02
3.230000000000000000e+02
2.490000000000000000e+02
3.160000000000000000e+02
1.580000000000000000e+02
2.940000000000000000e+02
2.290000000000000000e+02
3.150000000000000000e+02
1.270000000000000000e+02
2.770000000000000000e+02
4.130000000000000000e+02
1.430000000000000000e+02
2.480000000000000000e+02
2.290000000000000000e+02
2.880000000000000000e+02
2.330000000000000000e+02
3.380000000000000000e+02
1.580000000000000000e+02
1.430000000000000000e+02
3.530000000000000000e+02
1.950000000000000000e+02
4.640000000000000000e+02
1.530000000000000000e+02
1.240000000000000000e+02
4.790000000000000000e+02
1.320000000000000000e+02
1.390000000000000000e+02
4.530000000000000000e+02
1.920000000000000000e+02
3.190000000000000000e+02
1.540000000000000000e+02
2.340000000000000000e+02
1.560000000000000000e+02
3.640000000000000000e+02
2.040000000000000000e+02
3.260000000000000000e+02
2.110000000000000000e+02
1.440000000000000000e+02
1.560000000000000000e+02
2.710000000000000000e+02
2.520000000000000000e+02
1.750000000000000000e+02
2.170000000000000000e+02
1.770000000000000000e+02
1.110000000000000000e+02
2.860000000000000000e+02
9.200000000000000000e+01
1.520000000000000000e+02
2.120000000000000000e+02
1.130000000000000000e+02
1.260000000000000000e+02
1.720000000000000000e+02
1.830000000000000000e+02
9.100000000000000000e+01
1.470000000000000000e+02
9.400000000000000000e+01
1.370000000000000000e+02
6.500000000000000000e+01
1.440000000000000000e+02
6.200000000000000000e+01
1.270000000000000000e+02
9.000000000000000000e+01
9.000000000000000000e+01
9.700000000000000000e+01
5.600000000000000000e+01
1.230000000000000000e+02
5.000000000000000000e+01
1.560000000000000000e+02
8.200000000000000000e+01
5.400000000000000000e+01
1.060000000000000000e+02
9.300000000000000000e+01
3.100000000000000000e+01
1.370000000000000000e+02
1.160000000000000000e+02
9.300000000000000000e+01
4.300000000000000000e+01
9.400000000000000000e+01
5.500000000000000000e+01
9.300000000000000000e+01
4.300000000000000000e+01
1.240000000000000000e+02
9.600000000000000000e+01
4.900000000000000000e+01
7.300000000000000000e+01
8.600000000000000000e+01
1.020000000000000000e+02
7.900000000000000000e+01
7.100000000000000000e+01
8.300000000000000000e+01
5.700000000000000000e+01
9.000000000000000000e+01
5.900000000000000000e+01
9.500000000000000000e+01
5.300000000000000000e+01
8.300000000000000000e+01
8.300000000000000000e+01
6.600000000000000000e+01
4.700000000000000000e+01
4.500000000000000000e+01
5.400000000000000000e+01
3.300000000000000000e+01
5.800000000000000000e+01
4.000000000000000000e+01
5.100000000000000000e+01
2.900000000000000000e+01
4.200000000000000000e+01
5.800000000000000000e+01
1.000000000000000000e+00
1.265000000000000000e+03
5.000000000000000000e+00
5.000000000000000000e+00
4.600000000000000000e+01
3.200000000000000000e+01
4.000000000000000000e+01
1.100000000000000000e+02
9.000000000000000000e+01
9.400000000000000000e+01
8.000000000000000000e+01
1.050000000000000000e+02
1.010000000000000000e+02
1.330000000000000000e+02
1.320000000000000000e+02
1.580000000000000000e+02
1.790000000000000000e+02
1.850000000000000000e+02
2.180000000000000000e+02
2.170000000000000000e+02
2.470000000000000000e+02
2.850000000000000000e+02
3.160000000000000000e+02
3.700000000000000000e+02
4.260000000000000000e+02
5.040000000000000000e+02
5.950000000000000000e+02
6.570000000000000000e+02
7.430000000000000000e+02
7.580000000000000000e+02
7.530000000000000000e+02
7.320000000000000000e+02
7.290000000000000000e+02
8.280000000000000000e+02
9.010000000000000000e+02
9.120000000000000000e+02
1.003000000000000000e+03
9.950000000000000000e+02
1.040000000000000000e+03
1.060000000000000000e+03
9.910000000000000000e+02
9.790000000000000000e+02
8.620000000000000000e+02
8.450000000000000000e+02
8.950000000000000000e+02
9.520000000000000000e+02
9.290000000000000000e+02
1.012000000000000000e+03
9.940000000000000000e+02
1.029000000000000000e+03
1.050000000000000000e+03
9.770000000000000000e+02
9.580000000000000000e+02
9.510000000000000000e+02
9.750000000000000000e+02
9.720000000000000000e+02
9.860000000000000000e+02
1.007000000000000000e+03
9.650000000000000000e+02
9.050000000000000000e+02
9.570000000000000000e+02
9.320000000000000000e+02
8.890000000000000000e+02
8.610000000000000000e+02
7.560000000000000000e+02
8.290000000000000000e+02
8.550000000000000000e+02
9.260000000000000000e+02
9.290000000000000000e+02
9.470000000000000000e+02
8.850000000000000000e+02
9.990000000000000000e+02
1.010000000000000000e+03
1.083000000000000000e+03
1.092000000000000000e+03
1.117000000000000000e+03
1.295000000000000000e+03
1.253000000000000000e+03
1.247000000000000000e+03
1.249000000000000000e+03
1.251000000000000000e+03
1.276000000000000000e+03
1.227000000000000000e+03
1.252000000000000000e+03
1.174000000000000000e+03
1.226000000000000000e+03
1.139000000000000000e+03
1.119000000000000000e+03
1.137000000000000000e+03
1.140000000000000000e+03
1.061000000000000000e+03
1.087000000000000000e+03
1.061000000000000000e+03
1.107000000000000000e+03
1.080000000000000000e+03
1.127000000000000000e+03
1.173000000000000000e+03
1.199000000000000000e+03
1.106000000000000000e+03
1.160000000000000000e+03
1.125000000000000000e+03
1.177000000000000000e+03
1.103000000000000000e+03
1.096000000000000000e+03
1.138000000000000000e+03
1.097000000000000000e+03
1.154000000000000000e+03
1.119000000000000000e+03
1.122000000000000000e+03
1.055000000000000000e+03
1.059000000000000000e+03
1.060000000000000000e+03
1.016000000000000000e+03
1.038000000000000000e+03
1.007000000000000000e+03
1.047000000000000000e+03
9.900000000000000000e+02
1.017000000000000000e+03
9.670000000000000000e+02
1.024000000000000000e+03
9.740000000000000000e+02
1.022000000000000000e+03
1.038000000000000000e+03
1.060000000000000000e+03
1.035000000000000000e+03
1.027000000000000000e+03
1.026000000000000000e+03
1.102000000000000000e+03
1.080000000000000000e+03
1.086000000000000000e+03
1.030000000000000000e+03
1.009000000000000000e+03
1.022000000000000000e+03
1.033000000000000000e+03
1.006000000000000000e+03
1.005000000000000000e+03
9.520000000000000000e+02
1.001000000000000000e+03
9.680000000000000000e+02
9.840000000000000000e+02
9.610000000000000000e+02
9.810000000000000000e+02
9.750000000000000000e+02
1.013000000000000000e+03
1.000000000000000000e+03
9.170000000000000000e+02
9.840000000000000000e+02
9.800000000000000000e+02
9.870000000000000000e+02
9.630000000000000000e+02
9.090000000000000000e+02
9.890000000000000000e+02
9.620000000000000000e+02
9.440000000000000000e+02
9.210000000000000000e+02
9.310000000000000000e+02
9.180000000000000000e+02
9.060000000000000000e+02
9.240000000000000000e+02
9.160000000000000000e+02
9.260000000000000000e+02
8.940000000000000000e+02
9.120000000000000000e+02
9.050000000000000000e+02
8.730000000000000000e+02
8.760000000000000000e+02
8.580000000000000000e+02
8.730000000000000000e+02
8.650000000000000000e+02
9.080000000000000000e+02
8.120000000000000000e+02
8.930000000000000000e+02
8.690000000000000000e+02
7.910000000000000000e+02
8.140000000000000000e+02
8.460000000000000000e+02
8.330000000000000000e+02
7.920000000000000000e+02
7.650000000000000000e+02
7.470000000000000000e+02
6.940000000000000000e+02
7.290000000000000000e+02
7.510000000000000000e+02
7.800000000000000000e+02
7.680000000000000000e+02
7.750000000000000000e+02
6.590000000000000000e+02
7.750000000000000000e+02
7.310000000000000000e+02
7.270000000000000000e+02
6.790000000000000000e+02
7.540000000000000000e+02
7.320000000000000000e+02
7.180000000000000000e+02
7.290000000000000000e+02
6.800000000000000000e+02
6.340000000000000000e+02
5.940000000000000000e+02
6.180000000000000000e+02
6.130000000000000000e+02
5.820000000000000000e+02
5.460000000000000000e+02
5.480000000000000000e+02
5.230000000000000000e+02
5.630000000000000000e+02
5.330000000000000000e+02
5.280000000000000000e+02
5.440000000000000000e+02
4.900000000000000000e+02
4.920000000000000000e+02
5.070000000000000000e+02
4.800000000000000000e+02
5.160000000000000000e+02
4.790000000000000000e+02
4.430000000000000000e+02
4.580000000000000000e+02
4.610000000000000000e+02
4.580000000000000000e+02
4.230000000000000000e+02
3.840000000000000000e+02
4.010000000000000000e+02
4.440000000000000000e+02
4.300000000000000000e+02
4.000000000000000000e+02
3.820000000000000000e+02
3.730000000000000000e+02
4.090000000000000000e+02
3.640000000000000000e+02
3.890000000000000000e+02
3.460000000000000000e+02
3.610000000000000000e+02
3.020000000000000000e+02
2.700000000000000000e+02
2.800000000000000000e+02
2.540000000000000000e+02
2.390000000000000000e+02
2.430000000000000000e+02
2.050000000000000000e+02
1.900000000000000000e+02
1.710000000000000000e+02
1.770000000000000000e+02
1.500000000000000000e+02
1.340000000000000000e+02
1.370000000000000000e+02
1.210000000000000000e+02
1.080000000000000000e+02
1.160000000000000000e+02
1.040000000000000000e+02
6.900000000000000000e+01
9.800000000000000000e+01
7.800000000000000000e+01
5.300000000000000000e+01
5.200000000000000000e+01
3.700000000000000000e+01
5.700000000000000000e+01
3.400000000000000000e+01
2.600000000000000000e+01
1.630000000000000000e+02
