7.650000000000000000e+02
3.640000000000000000e+02
5.200000000000000000e+02
9.520000000000000000e+02
1.608000000000000000e+03
2.739000000000000000e+03
4.876000000000000000e+03
8.165000000000000000e+03
1.173000000000000000e+04
1.378000000000000000e+04
1.266200000000000000e+04
9.813000000000000000e+03
6.759000000000000000e+03
4.580000000000000000e+03
3.271000000000000000e+03
2.540000000000000000e+03
2.111000000000000000e+03
1.975000000000000000e+03
2.015000000000000000e+03
1.919000000000000000e+03
1.980000000000000000e+03
1.888000000000000000e+03
2.009000000000000000e+03
2.046000000000000000e+03
2.044000000000000000e+03
2.152000000000000000e+03
2.270000000000000000e+03
2.287000000000000000e+03
2.444000000000000000e+03
2.408000000000000000e+03
2.617000000000000000e+03
2.725000000000000000e+03
2.816000000000000000e+03
2.835000000000000000e+03
2.938000000000000000e+03
2.971000000000000000e+03
2.895000000000000000e+03
2.870000000000000000e+03
2.733000000000000000e+03
2.616000000000000000e+03
2.327000000000000000e+03
2.133000000000000000e+03
2.055000000000000000e+03
1.841000000000000000e+03
1.750000000000000000e+03
1.630000000000000000e+03
1.514000000000000000e+03
1.383000000000000000e+03
1.377000000000000000e+03
1.321000000000000000e+03
1.220000000000000000e+03
1.283000000000000000e+03
1.179000000000000000e+03
1.196000000000000000e+03
1.035000000000000000e+03
1.117000000000000000e+03
1.041000000000000000e+03
1.046000000000000000e+03
1.095000000000000000e+03
1.115000000000000000e+03
1.161000000000000000e+03
1.134000000000000000e+03
1.055000000000000000e+03
1.092000000000000000e+03
1.113000000000000000e+03
1.126000000000000000e+03
1.071000000000000000e+03
1.066000000000000000e+03
1.071000000000000000e+03
1.107000000000000000e+03
9.920000000000000000e+02
9.570000000000000000e+02
9.630000000000000000e+02
9.930000000000000000e+02
9.680000000000000000e+02
9.530000000000000000e+02
9.130000000000000000e+02
9.180000000000000000e+02
9.730000000000000000e+02
1.003000000000000000e+03
1.078000000000000000e+03
1.100000000000000000e+03
1.206000000000000000e+03
1.226000000000000000e+03
1.311000000000000000e+03
1.416000000000000000e+03
1.524000000000000000e+03
1.454000000000000000e+03
1.518000000000000000e+03
1.523000000000000000e+03
1.566000000000000000e+03
1.484000000000000000e+03
1.513000000000000000e+03
1.423000000000000000e+03
1.496000000000000000e+03
1.360000000000000000e+03
1.301000000000000000e+03
1.269000000000000000e+03
1.211000000000000000e+03
1.135000000000000000e+03
1.030000000000000000e+03
9.810000000000000000e+02
9.200000000000000000e+02
8.120000000000000000e+02
7.800000000000000000e+02
7.060000000000000000e+02
6.430000000000000000e+02
5.760000000000000000e+02
5.860000000000000000e+02
5.080000000000000000e+02
4.970000000000000000e+02
4.920000000000000000e+02
5.000000000000000000e+02
4.360000000000000000e+02
3.900000000000000000e+02
3.890000000000000000e+02
3.660000000000000000e+02
3.630000000000000000e+02
3.550000000000000000e+02
3.210000000000000000e+02
2.850000000000000000e+02
3.080000000000000000e+02
2.940000000000000000e+02
2.580000000000000000e+02
2.300000000000000000e+02
2.240000000000000000e+02
1.980000000000000000e+02
2.140000000000000000e+02
2.200000000000000000e+02
1.710000000000000000e+02
1.540000000000000000e+02
1.730000000000000000e+02
1.180000000000000000e+02
1.440000000000000000e+02
1.320000000000000000e+02
1.080000000000000000e+02
8.700000000000000000e+01
7.400000000000000000e+01
8.900000000000000000e+01
8.500000000000000000e+01
9.600000000000000000e+01
9.400000000000000000e+01
6.800000000000000000e+01
8.400000000000000000e+01
5.700000000000000000e+01
4.400000000000000000e+01
4.400000000000000000e+01
4.600000000000000000e+01
5.200000000000000000e+01
3.900000000000000000e+01
3.800000000000000000e+01
3.200000000000000000e+01
3.100000000000000000e+01
3.000000000000000000e+01
2.500000000000000000e+01
2.000000000000000000e+01
2.300000000000000000e+01
2.000000000000000000e+01
1.700000000000000000e+01
1.300000000000000000e+01
1.400000000000000000e+01
9.000000000000000000e+00
1.500000000000000000e+01
1.500000000000000000e+01
8.000000000000000000e+00
6.000000000000000000e+00
1.200000000000000000e+01
6.000000000000000000e+00
4.000000000000000000e+00
8.000000000000000000e+00
5.000000000000000000e+00
8.000000000000000000e+00
6.000000000000000000e+00
4.000000000000000000e+00
9.000000000000000000e+00
3.000000000000000000e+00
4.000000000000000000e+00
5.000000000000000000e+00
5.000000000000000000e+00
3.000000000000000000e+00
3.000000000000000000e+00
3.000000000000000000e+00
6.000000000000000000e+00
3.000000000000000000e+00
2.000000000000000000e+00
2.000000000000000000e+00
6.000000000000000000e+00
4.000000000000000000e+00
7.000000000000000000e+00
2.000000000000000000e+00
3.000000000000000000e+00
0.000000000000000000e+00
3.000000000000000000e+00
4.000000000000000000e+00
2.000000000000000000e+00
2.000000000000000000e+00
0.000000000000000000e+00
1.000000000000000000e+00
0.000000000000000000e+00
2.000000000000000000e+00
1.000000000000000000e+00
0.000000000000000000e+00
1.000000000000000000e+00
1.000000000000000000e+00
0.000000000000000000e+00
1.000000000000000000e+00
1.000000000000000000e+00
0.000000000000000000e+00
2.000000000000000000e+00
0.000000000000000000e+00
3.000000000000000000e+00
1.000000000000000000e+00
1.000000000000000000e+00
0.000000000000000000e+00
2.000000000000000000e+00
2.000000000000000000e+00
3.000000000000000000e+00
0.000000000000000000e+00
2.000000000000000000e+00
1.000000000000000000e+00
0.000000000000000000e+00
0.000000000000000000e+00
2.000000000000000000e+00
0.000000000000000000e+00
3.000000000000000000e+00
5.000000000000000000e+00
1.000000000000000000e+00
2.000000000000000000e+00
0.000000000000000000e+00
0.000000000000000000e+00
1.000000000000000000e+00
1.000000000000000000e+00
0.000000000000000000e+00
1.000000000000000000e+00
1.000000000000000000e+00
3.000000000000000000e+00
1.000000000000000000e+00
0.000000000000000000e+00
4.000000000000000000e+00
2.000000000000000000e+00
3.000000000000000000e+00
2.000000000000000000e+00
3.000000000000000000e+00
3.000000000000000000e+00
2.000000000000000000e+00
5.000000000000000000e+00
2.000000000000000000e+00
1.000000000000000000e+00
3.000000000000000000e+00
1.000000000000000000e+00
2.000000000000000000e+00
1.000000000000000000e+00
3.000000000000000000e+00
2.000000000000000000e+00
3.000000000000000000e+00
3.200000000000000000e+01
1.201000000000000000e+03
2.650000000000000000e+03
6.463000000000000000e+03
1.189000000000000000e+04
1.590600000000000000e+04
1.499300000000000000e+04
1.039800000000000000e+04
6.160000000000000000e+03
3.575000000000000000e+03
2.357000000000000000e+03
1.867000000000000000e+03
1.864000000000000000e+03
1.813000000000000000e+03
1.689000000000000000e+03
1.748000000000000000e+03
1.750000000000000000e+03
1.819000000000000000e+03
1.775000000000000000e+03
1.946000000000000000e+03
1.931000000000000000e+03
1.995000000000000000e+03
2.064000000000000000e+03
2.296000000000000000e+03
2.484000000000000000e+03
2.591000000000000000e+03
2.684000000000000000e+03
3.213000000000000000e+03
3.296000000000000000e+03
3.422000000000000000e+03
3.546000000000000000e+03
3.483000000000000000e+03
3.408000000000000000e+03
3.277000000000000000e+03
3.056000000000000000e+03
2.832000000000000000e+03
2.540000000000000000e+03
2.354000000000000000e+03
2.197000000000000000e+03
2.156000000000000000e+03
2.048000000000000000e+03
1.994000000000000000e+03
1.855000000000000000e+03
1.872000000000000000e+03
1.806000000000000000e+03
1.852000000000000000e+03
1.916000000000000000e+03
2.094000000000000000e+03
2.102000000000000000e+03
2.179000000000000000e+03
2.243000000000000000e+03
2.407000000000000000e+03
2.502000000000000000e+03
2.635000000000000000e+03
2.630000000000000000e+03
2.613000000000000000e+03
2.601000000000000000e+03
2.447000000000000000e+03
2.436000000000000000e+03
2.396000000000000000e+03
2.392000000000000000e+03
2.341000000000000000e+03
2.364000000000000000e+03
2.283000000000000000e+03
2.226000000000000000e+03
2.055000000000000000e+03
1.952000000000000000e+03
1.918000000000000000e+03
1.770000000000000000e+03
1.582000000000000000e+03
1.562000000000000000e+03
1.468000000000000000e+03
1.351000000000000000e+03
1.250000000000000000e+03
1.256000000000000000e+03
1.183000000000000000e+03
1.101000000000000000e+03
1.035000000000000000e+03
1.029000000000000000e+03
1.014000000000000000e+03
9.210000000000000000e+02
8.650000000000000000e+02
7.820000000000000000e+02
7.360000000000000000e+02
6.650000000000000000e+02
6.340000000000000000e+02
5.420000000000000000e+02
5.500000000000000000e+02
4.230000000000000000e+02
3.970000000000000000e+02
3.770000000000000000e+02
3.190000000000000000e+02
3.050000000000000000e+02
2.630000000000000000e+02
2.620000000000000000e+02
2.350000000000000000e+02
1.990000000000000000e+02
1.840000000000000000e+02
1.580000000000000000e+02
1.520000000000000000e+02
1.240000000000000000e+02
1.260000000000000000e+02
1.250000000000000000e+02
9.800000000000000000e+01
9.100000000000000000e+01
6.600000000000000000e+01
6.600000000000000000e+01
5.500000000000000000e+01
7.200000000000000000e+01
5.900000000000000000e+01
5.500000000000000000e+01
5.400000000000000000e+01
4.800000000000000000e+01
4.300000000000000000e+01
4.700000000000000000e+01
3.800000000000000000e+01
3.000000000000000000e+01
4.800000000000000000e+01
2.700000000000000000e+01
3.200000000000000000e+01
4.400000000000000000e+01
3.500000000000000000e+01
3.200000000000000000e+01
2.800000000000000000e+01
3.000000000000000000e+01
2.700000000000000000e+01
2.500000000000000000e+01
1.600000000000000000e+01
1.400000000000000000e+01
2.000000000000000000e+01
1.800000000000000000e+01
1.700000000000000000e+01
1.000000000000000000e+01
1.000000000000000000e+01
9.000000000000000000e+00
1.500000000000000000e+01
9.000000000000000000e+00
1.000000000000000000e+01
7.000000000000000000e+00
1.100000000000000000e+01
9.000000000000000000e+00
1.200000000000000000e+01
6.000000000000000000e+00
9.000000000000000000e+00
7.000000000000000000e+00
9.000000000000000000e+00
5.000000000000000000e+00
2.000000000000000000e+00
1.100000000000000000e+01
1.200000000000000000e+01
3.000000000000000000e+00
4.000000000000000000e+00
4.000000000000000000e+00
9.000000000000000000e+00
2.000000000000000000e+00
4.000000000000000000e+00
5.000000000000000000e+00
1.000000000000000000e+00
5.000000000000000000e+00
5.000000000000000000e+00
4.000000000000000000e+00
7.000000000000000000e+00
8.000000000000000000e+00
3.000000000000000000e+00
2.000000000000000000e+00
7.000000000000000000e+00
3.000000000000000000e+00
3.000000000000000000e+00
9.000000000000000000e+00
2.000000000000000000e+00
4.000000000000000000e+00
5.000000000000000000e+00
3.000000000000000000e+00
4.000000000000000000e+00
3.000000000000000000e+00
5.000000000000000000e+00
2.000000000000000000e+00
1.000000000000000000e+00
4.000000000000000000e+00
3.000000000000000000e+00
2.000000000000000000e+00
1.000000000000000000e+00
6.000000000000000000e+00
3.000000000000000000e+00
2.000000000000000000e+00
2.000000000000000000e+00
0.000000000000000000e+00
1.000000000000000000e+00
7.000000000000000000e+00
1.000000000000000000e+00
2.000000000000000000e+00
4.000000000000000000e+00
6.000000000000000000e+00
1.000000000000000000e+00
3.000000000000000000e+00
3.000000000000000000e+00
3.000000000000000000e+00
0.000000000000000000e+00
3.000000000000000000e+00
2.000000000000000000e+00
1.000000000000000000e+00
3.000000000000000000e+00
3.000000000000000000e+00
2.000000000000000000e+00
4.000000000000000000e+00
2.000000000000000000e+00
1.000000000000000000e+00
3.000000000000000000e+00
2.000000000000000000e+00
0.000000000000000000e+00
3.000000000000000000e+00
2.000000000000000000e+00
6.000000000000000000e+00
1.000000000000000000e+00
4.000000000000000000e+00
1.000000000000000000e+00
3.000000000000000000e+00
2.000000000000000000e+00
2.000000000000000000e+00
3.000000000000000000e+00
0.000000000000000000e+00
0.000000000000000000e+00
0.000000000000000000e+00
3.000000000000000000e+00
0.000000000000000000e+00
1.000000000000000000e+00
4.000000000000000000e+00
2.000000000000000000e+00
0.000000000000000000e+00
2.000000000000000000e+00
0.000000000000000000e+00
2.000000000000000000e+00
1.000000000000000000e+00
0.000000000000000000e+00
1.000000000000000000e+00
0.000000000000000000e+00
1.000000000000000000e+00
1.000000000000000000e+00
4.000000000000000000e+00
3.000000000000000000e+00
3.000000000000000000e+00
0.000000000000000000e+00
2.000000000000000000e+00
3.000000000000000000e+00
1.000000000000000000e+00
4.000000000000000000e+00
1.000000000000000000e+00
0.000000000000000000e+00
2.000000000000000000e+00
3.000000000000000000e+00
3.000000000000000000e+00
1.000000000000000000e+00
4.000000000000000000e+00
1.000000000000000000e+00
2.000000000000000000e+00
5.000000000000000000e+00
2.500000000000000000e+01
1.780000000000000000e+02
6.600000000000000000e+01
1.170000000000000000e+02
1.680000000000000000e+02
2.960000000000000000e+02
5.030000000000000000e+02
7.850000000000000000e+02
1.086000000000000000e+03
1.337000000000000000e+03
1.446000000000000000e+03
1.547000000000000000e+03
1.576000000000000000e+03
1.702000000000000000e+03
1.881000000000000000e+03
2.111000000000000000e+03
2.200000000000000000e+03
2.269000000000000000e+03
2.615000000000000000e+03
2.977000000000000000e+03
3.450000000000000000e+03
3.862000000000000000e+03
4.533000000000000000e+03
5.171000000000000000e+03
6.276000000000000000e+03
7.117000000000000000e+03
8.006000000000000000e+03
8.694000000000000000e+03
9.155000000000000000e+03
9.936000000000000000e+03
1.098400000000000000e+04
1.215200000000000000e+04
1.213600000000000000e+04
1.096400000000000000e+04
9.529000000000000000e+03
8.424000000000000000e+03
6.794000000000000000e+03
5.405000000000000000e+03
4.348000000000000000e+03
3.667000000000000000e+03
3.229000000000000000e+03
2.863000000000000000e+03
2.830000000000000000e+03
2.508000000000000000e+03
2.276000000000000000e+03
2.011000000000000000e+03
1.954000000000000000e+03
1.757000000000000000e+03
1.551000000000000000e+03
1.447000000000000000e+03
1.226000000000000000e+03
1.114000000000000000e+03
1.026000000000000000e+03
9.870000000000000000e+02
9.220000000000000000e+02
9.380000000000000000e+02
8.930000000000000000e+02
8.230000000000000000e+02
7.420000000000000000e+02
7.580000000000000000e+02
7.340000000000000000e+02
6.950000000000000000e+02
7.640000000000000000e+02
7.310000000000000000e+02
7.400000000000000000e+02
7.420000000000000000e+02
7.460000000000000000e+02
7.630000000000000000e+02
7.690000000000000000e+02
7.830000000000000000e+02
8.490000000000000000e+02
8.200000000000000000e+02
8.770000000000000000e+02
8.560000000000000000e+02
9.530000000000000000e+02
8.860000000000000000e+02
8.740000000000000000e+02
8.640000000000000000e+02
8.650000000000000000e+02
8.600000000000000000e+02
8.090000000000000000e+02
8.070000000000000000e+02
8.070000000000000000e+02
7.390000000000000000e+02
6.420000000000000000e+02
6.470000000000000000e+02
5.760000000000000000e+02
6.000000000000000000e+02
4.820000000000000000e+02
4.790000000000000000e+02
4.300000000000000000e+02
3.700000000000000000e+02
3.220000000000000000e+02
3.130000000000000000e+02
3.100000000000000000e+02
2.770000000000000000e+02
2.330000000000000000e+02
2.100000000000000000e+02
1.590000000000000000e+02
1.600000000000000000e+02
1.610000000000000000e+02
1.300000000000000000e+02
1.270000000000000000e+02
1.170000000000000000e+02
1.150000000000000000e+02
9.900000000000000000e+01
8.800000000000000000e+01
7.700000000000000000e+01
6.100000000000000000e+01
7.300000000000000000e+01
6.400000000000000000e+01
5.500000000000000000e+01
5.200000000000000000e+01
4.500000000000000000e+01
4.700000000000000000e+01
3.700000000000000000e+01
4.300000000000000000e+01
3.500000000000000000e+01
4.000000000000000000e+01
3.700000000000000000e+01
2.300000000000000000e+01
3.000000000000000000e+01
2.900000000000000000e+01
3.000000000000000000e+01
3.400000000000000000e+01
3.400000000000000000e+01
3.200000000000000000e+01
2.700000000000000000e+01
1.700000000000000000e+01
3.200000000000000000e+01
2.600000000000000000e+01
2.100000000000000000e+01
2.400000000000000000e+01
1.800000000000000000e+01
1.800000000000000000e+01
2.100000000000000000e+01
2.700000000000000000e+01
1.700000000000000000e+01
1.700000000000000000e+01
1.700000000000000000e+01
2.000000000000000000e+01
1.900000000000000000e+01
1.600000000000000000e+01
1.600000000000000000e+01
1.800000000000000000e+01
1.700000000000000000e+01
1.800000000000000000e+01
1.900000000000000000e+01
1.200000000000000000e+01
1.500000000000000000e+01
1.500000000000000000e+01
1.600000000000000000e+01
1.900000000000000000e+01
2.000000000000000000e+01
1.500000000000000000e+01
1.300000000000000000e+01
1.900000000000000000e+01
1.300000000000000000e+01
1.500000000000000000e+01
1.400000000000000000e+01
1.600000000000000000e+01
1.300000000000000000e+01
1.800000000000000000e+01
1.200000000000000000e+01
5.000000000000000000e+00
7.000000000000000000e+00
7.000000000000000000e+00
1.700000000000000000e+01
3.000000000000000000e+00
7.000000000000000000e+00
4.000000000000000000e+00
7.000000000000000000e+00
1.400000000000000000e+01
7.000000000000000000e+00
7.000000000000000000e+00
5.000000000000000000e+00
7.000000000000000000e+00
5.000000000000000000e+00
2.000000000000000000e+00
8.000000000000000000e+00
1.000000000000000000e+00
5.000000000000000000e+00
6.000000000000000000e+00
5.000000000000000000e+00
4.000000000000000000e+00
1.000000000000000000e+00
2.000000000000000000e+00
3.000000000000000000e+00
3.000000000000000000e+00
3.000000000000000000e+00
6.000000000000000000e+00
0.000000000000000000e+00
0.000000000000000000e+00
2.000000000000000000e+00
0.000000000000000000e+00
2.000000000000000000e+00
1.000000000000000000e+00
0.000000000000000000e+00
2.000000000000000000e+00
1.000000000000000000e+00
1.000000000000000000e+00
4.000000000000000000e+00
2.000000000000000000e+00
2.000000000000000000e+00
2.000000000000000000e+00
3.000000000000000000e+00
1.000000000000000000e+00
1.000000000000000000e+00
3.000000000000000000e+00
1.000000000000000000e+00
6.000000000000000000e+00
1.000000000000000000e+00
1.000000000000000000e+00
1.000000000000000000e+00
2.000000000000000000e+00
2.000000000000000000e+00
0.000000000000000000e+00
3.000000000000000000e+00
4.000000000000000000e+00
0.000000000000000000e+00
3.000000000000000000e+00
2.000000000000000000e+00
2.000000000000000000e+00
3.000000000000000000e+00
3.000000000000000000e+00
1.000000000000000000e+00
4.000000000000000000e+00
1.000000000000000000e+00
1.000000000000000000e+00
2.000000000000000000e+00
2.000000000000000000e+00
6.000000000000000000e+00
1.000000000000000000e+00
1.000000000000000000e+00
2.000000000000000000e+00
3.000000000000000000e+00
3.000000000000000000e+00
2.000000000000000000e+00
2.000000000000000000e+00
1.000000000000000000e+00
4.000000000000000000e+00
2.000000000000000000e+00
0.000000000000000000e+00
2.000000000000000000e+00
0.000000000000000000e+00
0.000000000000000000e+00
0.000000000000000000e+00
0.000000000000000000e+00
0.000000000000000000e+00
0.000000000000000000e+00
0.000000000000000000e+00
0.000000000000000000e+00
2.000000000000000000e+00
0.000000000000000000e+00
0.000000000000000000e+00
0.000000000000000000e+00
0.000000000000000000e+00
3.161000000000000000e+03
4.560000000000000000e+02
1.640000000000000000e+02
2.820000000000000000e+02
1.700000000000000000e+02
7.930000000000000000e+02
1.033000000000000000e+03
1.520000000000000000e+02
9.160000000000000000e+02
5.680000000000000000e+02
6.920000000000000000e+02
2.297000000000000000e+03
1.126000000000000000e+03
2.874000000000000000e+03
1.144000000000000000e+03
1.705000000000000000e+03
1.919000000000000000e+03
1.010000000000000000e+03
1.304000000000000000e+03
1.275000000000000000e+03
2.441000000000000000e+03
2.466000000000000000e+03
1.850000000000000000e+03
2.042000000000000000e+03
9.880000000000000000e+02
1.140000000000000000e+03
2.013000000000000000e+03
4.500000000000000000e+01
1.280000000000000000e+02
9.400000000000000000e+01
2.960000000000000000e+03
3.200000000000000000e+01
5.300000000000000000e+02
2.450000000000000000e+02
7.220000000000000000e+02
1.614000000000000000e+03
1.029000000000000000e+03
4.510000000000000000e+02
6.670000000000000000e+02
4.800000000000000000e+02
6.050000000000000000e+02
2.190000000000000000e+02
7.270000000000000000e+02
9.290000000000000000e+02
1.820000000000000000e+02
3.820000000000000000e+02
4.490000000000000000e+02
5.200000000000000000e+01
6.650000000000000000e+02
9.800000000000000000e+01
8.110000000000000000e+02
4.100000000000000000e+02
2.480000000000000000e+02
9.800000000000000000e+01
1.910000000000000000e+02
4.080000000000000000e+02
3.050000000000000000e+02
2.060000000000000000e+02
8.900000000000000000e+01
9.000000000000000000e+00
3.440000000000000000e+02
2.000000000000000000e+00
1.260000000000000000e+02
1.940000000000000000e+02
5.000000000000000000e+00
1.340000000000000000e+02
6.480000000000000000e+02
1.000000000000000000e+02
7.200000000000000000e+01
8.500000000000000000e+01
1.800000000000000000e+02
2.200000000000000000e+01
2.200000000000000000e+01
8.300000000000000000e+01
7.100000000000000000e+01
1.265000000000000000e+03
1.600000000000000000e+01
7.000000000000000000e+00
3.000000000000000000e+00
2.200000000000000000e+01
3.760000000000000000e+02
4.000000000000000000e+00
5.000000000000000000e+00
6.230000000000000000e+02
1.800000000000000000e+01
1.400000000000000000e+01
5.000000000000000000e+00
1.420000000000000000e+02
9.000000000000000000e+00
7.000000000000000000e+00
4.230000000000000000e+02
1.400000000000000000e+01
1.700000000000000000e+01
6.000000000000000000e+01
3.300000000000000000e+01
1.370000000000000000e+02
1.220000000000000000e+03
4.000000000000000000e+01
3.580000000000000000e+02
1.390000000000000000e+02
1.690000000000000000e+02
1.173000000000000000e+03
8.500000000000000000e+02
4.089000000000000000e+03
2.156000000000000000e+03
4.343000000000000000e+03
5.580000000000000000e+03
7.181000000000000000e+03
6.715000000000000000e+03
7.805000000000000000e+03
6.733000000000000000e+03
5.715000000000000000e+03
5.120000000000000000e+03
3.809000000000000000e+03
4.382000000000000000e+03
2.863000000000000000e+03
1.221000000000000000e+03
2.390000000000000000e+02
2.090000000000000000e+02
1.450000000000000000e+02
4.429000000000000000e+03
1.400000000000000000e+01
2.720000000000000000e+02
9.400000000000000000e+01
1.150000000000000000e+03
2.887000000000000000e+03
2.582000000000000000e+03
8.400000000000000000e+01
2.610000000000000000e+02
9.100000000000000000e+01
7.680000000000000000e+02
1.500000000000000000e+01
2.519000000000000000e+03
1.871000000000000000e+03
2.000000000000000000e+01
1.180000000000000000e+02
4.800000000000000000e+01
2.000000000000000000e+00
4.760000000000000000e+02
1.400000000000000000e+01
1.996000000000000000e+03
1.178000000000000000e+03
1.970000000000000000e+02
2.100000000000000000e+01
4.400000000000000000e+01
1.793000000000000000e+03
6.760000000000000000e+02
6.800000000000000000e+01
2.500000000000000000e+01
0.000000000000000000e+00
1.284000000000000000e+03
0.000000000000000000e+00
4.500000000000000000e+01
3.000000000000000000e+02
1.000000000000000000e+00
1.980000000000000000e+02
2.304000000000000000e+03
1.530000000000000000e+02
7.450000000000000000e+02
5.680000000000000000e+02
1.134000000000000000e+03
3.250000000000000000e+02
2.540000000000000000e+02
9.930000000000000000e+02
1.945000000000000000e+03
1.453000000000000000e+03
1.809000000000000000e+03
1.591000000000000000e+03
6.100000000000000000e+01
2.132000000000000000e+03
8.212000000000000000e+03
1.612000000000000000e+03
9.276000000000000000e+03
7.570000000000000000e+03
1.119000000000000000e+04
1.026100000000000000e+04
7.420000000000000000e+03
6.998000000000000000e+03
1.220000000000000000e+03
1.130000000000000000e+03
0.000000000000000000e+00
0.000000000000000000e+00
0.000000000000000000e+00
0.000000000000000000e+00
0.000000000000000000e+00
0.000000000000000000e+00
0.000000000000000000e+00
0.000000000000000000e+00
0.000000000000000000e+00
0.000000000000000000e+00
0.000000000000000000e+00
0.000000000000000000e+00
0.000000000000000000e+00
0.000000000000000000e+00
0.000000000000000000e+00
0.000000000000000000e+00
0.000000000000000000e+00
0.000000000000000000e+00
0.000000000000000000e+00
0.000000000000000000e+00
0.000000000000000000e+00
0.000000000000000000e+00
0.000000000000000000e+00
0.000000000000000000e+00
0.000000000000000000e+00
0.000000000000000000e+00
0.000000000000000000e+00
0.000000000000000000e+00
0.000000000000000000e+00
0.000000000000000000e+00
0.000000000000000000e+00
0.000000000000000000e+00
0.000000000000000000e+00
0.000000000000000000e+00
0.000000000000000000e+00
0.000000000000000000e+00
0.000000000000000000e+00
0.000000000000000000e+00
0.000000000000000000e+00
0.000000000000000000e+00
0.000000000000000000e+00
0.000000000000000000e+00
0.000000000000000000e+00
0.000000000000000000e+00
0.000000000000000000e+00
0.000000000000000000e+00
0.000000000000000000e+00
0.000000000000000000e+00
0.000000000000000000e+00
0.000000000000000000e+00
0.000000000000000000e+00
0.000000000000000000e+00
0.000000000000000000e+00
0.000000000000000000e+00
0.000000000000000000e+00
0.000000000000000000e+00
0.000000000000000000e+00
0.000000000000000000e+00
0.000000000000000000e+00
0.000000000000000000e+00
0.000000000000000000e+00
0.000000000000000000e+00
0.000000000000000000e+00
0.000000000000000000e+00
0.000000000000000000e+00
0.000000000000000000e+00
0.000000000000000000e+00
0.000000000000000000e+00
0.000000000000000000e+00
0.000000000000000000e+00
0.000000000000000000e+00
0.000000000000000000e+00
0.000000000000000000e+00
0.000000000000000000e+00
0.000000000000000000e+00
0.000000000000000000e+00
1.532000000000000000e+03
0.000000000000000000e+00
0.000000000000000000e+00
1.000000000000000000e+00
7.000000000000000000e+00
1.700000000000000000e+01
6.200000000000000000e+01
1.270000000000000000e+02
1.570000000000000000e+02
2.480000000000000000e+02
2.760000000000000000e+02
2.960000000000000000e+02
4.190000000000000000e+02
4.860000000000000000e+02
4.570000000000000000e+02
7.180000000000000000e+02
6.360000000000000000e+02
5.140000000000000000e+02
7.080000000000000000e+02
5.780000000000000000e+02
7.810000000000000000e+02
6.990000000000000000e+02
6.510000000000000000e+02
8.360000000000000000e+02
7.280000000000000000e+02
5.540000000000000000e+02
1.057000000000000000e+03
8.150000000000000000e+02
9.850000000000000000e+02
7.310000000000000000e+02
9.450000000000000000e+02
8.820000000000000000e+02
1.028000000000000000e+03
1.071000000000000000e+03
1.515000000000000000e+03
1.204000000000000000e+03
1.728000000000000000e+03
6.340000000000000000e+02
1.582000000000000000e+03
1.549000000000000000e+03
1.503000000000000000e+03
1.498000000000000000e+03
1.055000000000000000e+03
1.429000000000000000e+03
1.630000000000000000e+03
1.393000000000000000e+03
1.828000000000000000e+03
1.328000000000000000e+03
1.415000000000000000e+03
1.404000000000000000e+03
1.260000000000000000e+03
1.851000000000000000e+03
9.320000000000000000e+02
1.463000000000000000e+03
1.245000000000000000e+03
1.614000000000000000e+03
8.390000000000000000e+02
1.395000000000000000e+03
1.288000000000000000e+03
9.450000000000000000e+02
1.163000000000000000e+03
9.520000000000000000e+02
1.126000000000000000e+03
3.250000000000000000e+02
1.801000000000000000e+03
6.310000000000000000e+02
8.730000000000000000e+02
9.600000000000000000e+02
7.680000000000000000e+02
6.490000000000000000e+02
1.043000000000000000e+03
9.000000000000000000e+02
6.110000000000000000e+02
9.500000000000000000e+02
7.370000000000000000e+02
7.180000000000000000e+02
5.170000000000000000e+02
1.001000000000000000e+03
8.340000000000000000e+02
4.460000000000000000e+02
7.620000000000000000e+02
7.710000000000000000e+02
6.240000000000000000e+02
6.390000000000000000e+02
2.220000000000000000e+02
1.784000000000000000e+03
2.100000000000000000e+02
5.250000000000000000e+02
6.640000000000000000e+02
5.460000000000000000e+02
7.300000000000000000e+02
6.500000000000000000e+02
5.200000000000000000e+02
4.910000000000000000e+02
7.140000000000000000e+02
3.470000000000000000e+02
8.800000000000000000e+02
5.220000000000000000e+02
7.050000000000000000e+02
5.590000000000000000e+02
7.200000000000000000e+02
4.270000000000000000e+02
9.480000000000000000e+02
4.500000000000000000e+02
7.070000000000000000e+02
5.040000000000000000e+02
9.010000000000000000e+02
5.330000000000000000e+02
6.320000000000000000e+02
9.110000000000000000e+02
3.940000000000000000e+02
6.230000000000000000e+02
7.580000000000000000e+02
7.770000000000000000e+02
5.900000000000000000e+02
6.680000000000000000e+02
8.770000000000000000e+02
7.230000000000000000e+02
7.220000000000000000e+02
6.780000000000000000e+02
7.500000000000000000e+02
7.120000000000000000e+02
6.970000000000000000e+02
7.050000000000000000e+02
6.530000000000000000e+02
5.800000000000000000e+02
5.380000000000000000e+02
8.820000000000000000e+02
1.620000000000000000e+03
5.690000000000000000e+02
5.900000000000000000e+02
6.420000000000000000e+02
7.720000000000000000e+02
7.630000000000000000e+02
8.320000000000000000e+02
7.970000000000000000e+02
6.900000000000000000e+02
9.120000000000000000e+02
7.740000000000000000e+02
9.140000000000000000e+02
8.580000000000000000e+02
7.250000000000000000e+02
1.197000000000000000e+03
1.025000000000000000e+03
7.470000000000000000e+02
8.060000000000000000e+02
1.077000000000000000e+03
8.710000000000000000e+02
8.780000000000000000e+02
1.099000000000000000e+03
8.580000000000000000e+02
1.015000000000000000e+03
7.830000000000000000e+02
1.285000000000000000e+03
8.490000000000000000e+02
9.690000000000000000e+02
9.520000000000000000e+02
8.650000000000000000e+02
9.800000000000000000e+02
1.316000000000000000e+03
7.420000000000000000e+02
9.690000000000000000e+02
1.041000000000000000e+03
8.290000000000000000e+02
9.260000000000000000e+02
1.060000000000000000e+03
9.540000000000000000e+02
1.102000000000000000e+03
7.840000000000000000e+02
7.720000000000000000e+02
1.529000000000000000e+03
7.540000000000000000e+02
7.550000000000000000e+02
1.186000000000000000e+03
1.149000000000000000e+03
1.001000000000000000e+03
7.860000000000000000e+02
1.236000000000000000e+03
7.500000000000000000e+02
1.356000000000000000e+03
8.490000000000000000e+02
1.063000000000000000e+03
1.295000000000000000e+03
8.230000000000000000e+02
7.990000000000000000e+02
1.229000000000000000e+03
9.350000000000000000e+02
9.690000000000000000e+02
1.086000000000000000e+03
1.057000000000000000e+03
5.060000000000000000e+02
1.751000000000000000e+03
4.280000000000000000e+02
1.396000000000000000e+03
1.297000000000000000e+03
7.390000000000000000e+02
1.179000000000000000e+03
9.060000000000000000e+02
9.990000000000000000e+02
1.159000000000000000e+03
1.441000000000000000e+03
1.181000000000000000e+03
1.572000000000000000e+03
6.880000000000000000e+02
1.427000000000000000e+03
6.230000000000000000e+02
3.207000000000000000e+03
1.314000000000000000e+03
1.213000000000000000e+03
2.231000000000000000e+03
1.590000000000000000e+02
2.173000000000000000e+03
2.320000000000000000e+02
3.756000000000000000e+03
2.434000000000000000e+03
2.531000000000000000e+03
9.720000000000000000e+02
1.755000000000000000e+03
1.719000000000000000e+03
6.700000000000000000e+02
3.837000000000000000e+03
1.067000000000000000e+03
3.152000000000000000e+03
1.188000000000000000e+03
2.207000000000000000e+03
7.300000000000000000e+02
1.989000000000000000e+03
3.730000000000000000e+02
1.920000000000000000e+03
4.860000000000000000e+02
2.100000000000000000e+03
1.323000000000000000e+03
7.510000000000000000e+02
1.331000000000000000e+03
3.460000000000000000e+02
9.290000000000000000e+02
6.360000000000000000e+02
1.351000000000000000e+03
5.400000000000000000e+01
7.870000000000000000e+02
4.780000000000000000e+02
2.190000000000000000e+02
2.150000000000000000e+02
3.790000000000000000e+02
4.630000000000000000e+02
2.060000000000000000e+02
5.420000000000000000e+02
3.450000000000000000e+02
3.800000000000000000e+01
1.200000000000000000e+01
8.000000000000000000e+00
1.000000000000000000e+01
5.000000000000000000e+00
0.000000000000000000e+00
0.000000000000000000e+00
2.090000000000000000e+03
1.000000000000000000e+00
2.000000000000000000e+00
1.000000000000000000e+01
1.700000000000000000e+01
4.600000000000000000e+01
1.240000000000000000e+02
2.670000000000000000e+02
5.220000000000000000e+02
8.400000000000000000e+02
9.120000000000000000e+02
1.021000000000000000e+03
1.073000000000000000e+03
1.111000000000000000e+03
1.156000000000000000e+03
1.312000000000000000e+03
1.418000000000000000e+03
1.563000000000000000e+03
1.744000000000000000e+03
2.169000000000000000e+03
2.490000000000000000e+03
2.840000000000000000e+03
3.244000000000000000e+03
3.753000000000000000e+03
4.541000000000000000e+03
5.120000000000000000e+03
5.716000000000000000e+03
6.291000000000000000e+03
6.589000000000000000e+03
7.115000000000000000e+03
8.068000000000000000e+03
9.297000000000000000e+03
9.426000000000000000e+03
8.610000000000000000e+03
7.648000000000000000e+03
6.781000000000000000e+03
5.625000000000000000e+03
4.517000000000000000e+03
3.544000000000000000e+03
2.980000000000000000e+03
2.773000000000000000e+03
2.400000000000000000e+03
2.181000000000000000e+03
1.995000000000000000e+03
1.763000000000000000e+03
1.608000000000000000e+03
1.468000000000000000e+03
1.375000000000000000e+03
1.210000000000000000e+03
1.268000000000000000e+03
1.094000000000000000e+03
1.057000000000000000e+03
1.094000000000000000e+03
1.005000000000000000e+03
1.035000000000000000e+03
9.860000000000000000e+02
1.030000000000000000e+03
1.012000000000000000e+03
9.450000000000000000e+02
9.790000000000000000e+02
1.007000000000000000e+03
1.030000000000000000e+03
1.043000000000000000e+03
9.900000000000000000e+02
1.027000000000000000e+03
1.036000000000000000e+03
1.051000000000000000e+03
1.057000000000000000e+03
1.123000000000000000e+03
1.128000000000000000e+03
1.232000000000000000e+03
1.196000000000000000e+03
1.271000000000000000e+03
1.249000000000000000e+03
1.427000000000000000e+03
1.419000000000000000e+03
1.424000000000000000e+03
1.421000000000000000e+03
1.461000000000000000e+03
1.537000000000000000e+03
1.508000000000000000e+03
1.662000000000000000e+03
1.692000000000000000e+03
1.727000000000000000e+03
1.671000000000000000e+03
1.761000000000000000e+03
1.815000000000000000e+03
1.951000000000000000e+03
1.847000000000000000e+03
1.864000000000000000e+03
1.875000000000000000e+03
1.860000000000000000e+03
1.737000000000000000e+03
1.781000000000000000e+03
1.679000000000000000e+03
1.697000000000000000e+03
1.530000000000000000e+03
1.470000000000000000e+03
1.412000000000000000e+03
1.341000000000000000e+03
1.269000000000000000e+03
1.141000000000000000e+03
1.096000000000000000e+03
1.016000000000000000e+03
9.040000000000000000e+02
8.600000000000000000e+02
7.780000000000000000e+02
7.040000000000000000e+02
6.410000000000000000e+02
6.450000000000000000e+02
5.650000000000000000e+02
5.470000000000000000e+02
5.390000000000000000e+02
5.360000000000000000e+02
4.720000000000000000e+02
4.200000000000000000e+02
4.310000000000000000e+02
3.990000000000000000e+02
3.880000000000000000e+02
3.920000000000000000e+02
3.500000000000000000e+02
3.060000000000000000e+02
3.350000000000000000e+02
3.110000000000000000e+02
2.820000000000000000e+02
2.690000000000000000e+02
2.530000000000000000e+02
2.200000000000000000e+02
2.280000000000000000e+02
2.460000000000000000e+02
1.950000000000000000e+02
1.690000000000000000e+02
1.870000000000000000e+02
1.360000000000000000e+02
1.570000000000000000e+02
1.500000000000000000e+02
1.300000000000000000e+02
1.020000000000000000e+02
8.800000000000000000e+01
1.010000000000000000e+02
9.900000000000000000e+01
1.170000000000000000e+02
1.090000000000000000e+02
8.000000000000000000e+01
9.900000000000000000e+01
6.600000000000000000e+01
6.400000000000000000e+01
5.600000000000000000e+01
5.600000000000000000e+01
7.200000000000000000e+01
5.100000000000000000e+01
5.400000000000000000e+01
4.700000000000000000e+01
4.800000000000000000e+01
3.900000000000000000e+01
3.700000000000000000e+01
4.000000000000000000e+01
3.300000000000000000e+01
2.800000000000000000e+01
2.800000000000000000e+01
2.200000000000000000e+01
2.800000000000000000e+01
2.700000000000000000e+01
2.200000000000000000e+01
1.300000000000000000e+01
1.800000000000000000e+01
1.300000000000000000e+01
2.700000000000000000e+01
1.200000000000000000e+01
9.000000000000000000e+00
9.000000000000000000e+00
1.000000000000000000e+01
1.600000000000000000e+01
1.300000000000000000e+01
1.000000000000000000e+01
1.500000000000000000e+01
6.000000000000000000e+00
6.000000000000000000e+00
1.000000000000000000e+01
1.100000000000000000e+01
4.000000000000000000e+00
4.000000000000000000e+00
6.000000000000000000e+00
7.000000000000000000e+00
4.000000000000000000e+00
3.000000000000000000e+00
3.000000000000000000e+00
5.000000000000000000e+00
6.000000000000000000e+00
4.000000000000000000e+00
6.000000000000000000e+00
4.000000000000000000e+00
2.000000000000000000e+00
2.000000000000000000e+00
7.000000000000000000e+00
5.000000000000000000e+00
4.000000000000000000e+00
0.000000000000000000e+00
3.000000000000000000e+00
0.000000000000000000e+00
3.000000000000000000e+00
3.000000000000000000e+00
1.000000000000000000e+00
2.000000000000000000e+00
2.000000000000000000e+00
2.000000000000000000e+00
0.000000000000000000e+00
3.000000000000000000e+00
2.000000000000000000e+00
2.000000000000000000e+00
0.000000000000000000e+00
4.000000000000000000e+00
3.000000000000000000e+00
2.000000000000000000e+00
0.000000000000000000e+00
2.000000000000000000e+00
4.000000000000000000e+00
4.000000000000000000e+00
2.000000000000000000e+00
3.000000000000000000e+00
1.000000000000000000e+00
0.000000000000000000e+00
0.000000000000000000e+00
3.000000000000000000e+00
0.000000000000000000e+00
3.000000000000000000e+00
7.000000000000000000e+00
2.000000000000000000e+00
1.000000000000000000e+00
0.000000000000000000e+00
0.000000000000000000e+00
2.000000000000000000e+00
1.000000000000000000e+00
0.000000000000000000e+00
1.000000000000000000e+00
0.000000000000000000e+00
4.000000000000000000e+00
0.000000000000000000e+00
1.000000000000000000e+00
5.000000000000000000e+00
3.000000000000000000e+00
2.000000000000000000e+00
2.000000000000000000e+00
5.000000000000000000e+00
2.000000000000000000e+00
3.000000000000000000e+00
3.000000000000000000e+00
1.000000000000000000e+00
3.000000000000000000e+00
3.000000000000000000e+00
3.000000000000000000e+00
0.000000000000000000e+00
1.000000000000000000e+00
2.000000000000000000e+00
3.000000000000000000e+00
4.000000000000000000e+00
3.800000000000000000e+01
