1.678900000000000000e+04
2.640000000000000000e+03
2.707000000000000000e+03
2.500000000000000000e+03
2.357000000000000000e+03
2.097000000000000000e+03
2.034000000000000000e+03
1.765000000000000000e+03
1.560000000000000000e+03
1.479000000000000000e+03
1.303000000000000000e+03
1.281000000000000000e+03
1.165000000000000000e+03
1.151000000000000000e+03
1.017000000000000000e+03
1.027000000000000000e+03
9.460000000000000000e+02
8.850000000000000000e+02
8.350000000000000000e+02
8.070000000000000000e+02
7.650000000000000000e+02
6.740000000000000000e+02
7.660000000000000000e+02
7.040000000000000000e+02
6.930000000000000000e+02
7.140000000000000000e+02
5.870000000000000000e+02
6.350000000000000000e+02
6.170000000000000000e+02
5.930000000000000000e+02
5.530000000000000000e+02
5.490000000000000000e+02
5.150000000000000000e+02
4.810000000000000000e+02
4.480000000000000000e+02
4.710000000000000000e+02
4.280000000000000000e+02
4.370000000000000000e+02
4.320000000000000000e+02
4.100000000000000000e+02
4.140000000000000000e+02
3.730000000000000000e+02
3.860000000000000000e+02
3.550000000000000000e+02
3.670000000000000000e+02
3.530000000000000000e+02
3.610000000000000000e+02
3.320000000000000000e+02
3.110000000000000000e+02
3.080000000000000000e+02
2.980000000000000000e+02
3.060000000000000000e+02
2.710000000000000000e+02
3.200000000000000000e+02
3.120000000000000000e+02
2.850000000000000000e+02
2.700000000000000000e+02
2.660000000000000000e+02
2.650000000000000000e+02
2.350000000000000000e+02
2.410000000000000000e+02
2.570000000000000000e+02
2.210000000000000000e+02
2.050000000000000000e+02
2.190000000000000000e+02
1.950000000000000000e+02
1.930000000000000000e+02
1.940000000000000000e+02
2.110000000000000000e+02
1.900000000000000000e+02
1.820000000000000000e+02
2.000000000000000000e+02
1.780000000000000000e+02
1.490000000000000000e+02
1.600000000000000000e+02
1.440000000000000000e+02
1.690000000000000000e+02
1.370000000000000000e+02
1.420000000000000000e+02
1.460000000000000000e+02
1.520000000000000000e+02
1.380000000000000000e+02
1.330000000000000000e+02
1.370000000000000000e+02
1.290000000000000000e+02
1.150000000000000000e+02
1.170000000000000000e+02
1.130000000000000000e+02
1.090000000000000000e+02
1.020000000000000000e+02
1.030000000000000000e+02
1.100000000000000000e+02
1.100000000000000000e+02
1.120000000000000000e+02
1.050000000000000000e+02
8.700000000000000000e+01
7.700000000000000000e+01
7.100000000000000000e+01
7.100000000000000000e+01
9.400000000000000000e+01
6.500000000000000000e+01
8.200000000000000000e+01
8.200000000000000000e+01
7.800000000000000000e+01
6.200000000000000000e+01
6.100000000000000000e+01
7.500000000000000000e+01
8.400000000000000000e+01
6.200000000000000000e+01
5.900000000000000000e+01
8.300000000000000000e+01
5.800000000000000000e+01
7.200000000000000000e+01
6.900000000000000000e+01
7.200000000000000000e+01
5.200000000000000000e+01
6.200000000000000000e+01
7.000000000000000000e+01
5.900000000000000000e+01
5.700000000000000000e+01
6.800000000000000000e+01
5.400000000000000000e+01
5.000000000000000000e+01
5.500000000000000000e+01
6.700000000000000000e+01
5.900000000000000000e+01
3.800000000000000000e+01
5.200000000000000000e+01
4.000000000000000000e+01
5.600000000000000000e+01
5.700000000000000000e+01
5.400000000000000000e+01
6.000000000000000000e+01
6.200000000000000000e+01
4.700000000000000000e+01
5.300000000000000000e+01
5.300000000000000000e+01
5.200000000000000000e+01
4.100000000000000000e+01
5.600000000000000000e+01
6.500000000000000000e+01
5.300000000000000000e+01
5.100000000000000000e+01
3.900000000000000000e+01
5.600000000000000000e+01
4.700000000000000000e+01
6.500000000000000000e+01
4.400000000000000000e+01
5.700000000000000000e+01
5.700000000000000000e+01
6.400000000000000000e+01
3.800000000000000000e+01
5.700000000000000000e+01
6.200000000000000000e+01
4.500000000000000000e+01
5.200000000000000000e+01
6.100000000000000000e+01
5.500000000000000000e+01
4.500000000000000000e+01
5.900000000000000000e+01
5.500000000000000000e+01
5.500000000000000000e+01
5.200000000000000000e+01
5.100000000000000000e+01
5.400000000000000000e+01
6.300000000000000000e+01
5.500000000000000000e+01
5.400000000000000000e+01
6.900000000000000000e+01
5.000000000000000000e+01
5.600000000000000000e+01
5.000000000000000000e+01
6.200000000000000000e+01
5.800000000000000000e+01
4.600000000000000000e+01
6.300000000000000000e+01
5.000000000000000000e+01
5.400000000000000000e+01
5.200000000000000000e+01
6.500000000000000000e+01
6.600000000000000000e+01
6.700000000000000000e+01
6.300000000000000000e+01
5.800000000000000000e+01
7.000000000000000000e+01
4.900000000000000000e+01
6.000000000000000000e+01
6.800000000000000000e+01
6.100000000000000000e+01
6.200000000000000000e+01
7.600000000000000000e+01
7.400000000000000000e+01
5.400000000000000000e+01
6.500000000000000000e+01
7.000000000000000000e+01
6.400000000000000000e+01
8.000000000000000000e+01
8.200000000000000000e+01
7.300000000000000000e+01
6.800000000000000000e+01
8.500000000000000000e+01
6.500000000000000000e+01
6.700000000000000000e+01
7.500000000000000000e+01
8.900000000000000000e+01
8.500000000000000000e+01
9.800000000000000000e+01
9.400000000000000000e+01
1.070000000000000000e+02
1.190000000000000000e+02
1.470000000000000000e+02
1.970000000000000000e+02
2.950000000000000000e+02
3.830000000000000000e+02
4.540000000000000000e+02
4.710000000000000000e+02
5.760000000000000000e+02
7.320000000000000000e+02
7.670000000000000000e+02
9.410000000000000000e+02
1.160000000000000000e+03
1.597000000000000000e+03
2.216000000000000000e+03
3.346000000000000000e+03
4.615000000000000000e+03
5.064000000000000000e+03
6.914000000000000000e+03
1.035700000000000000e+04
2.501300000000000000e+04
2.584000000000000000e+04
1.062500000000000000e+04
2.726000000000000000e+03
9.680000000000000000e+02
6.720000000000000000e+02
4.650000000000000000e+02
3.350000000000000000e+02
2.930000000000000000e+02
2.500000000000000000e+02
2.330000000000000000e+02
1.590000000000000000e+02
1.590000000000000000e+02
1.630000000000000000e+02
1.600000000000000000e+02
1.320000000000000000e+02
1.350000000000000000e+02
1.300000000000000000e+02
1.050000000000000000e+02
1.130000000000000000e+02
9.600000000000000000e+01
8.100000000000000000e+01
1.170000000000000000e+02
9.200000000000000000e+01
7.600000000000000000e+01
8.500000000000000000e+01
6.600000000000000000e+01
1.018000000000000000e+03
4.620000000000000000e+02
7.000000000000000000e+01
6.900000000000000000e+01
7.800000000000000000e+01
1.040000000000000000e+02
8.700000000000000000e+01
1.010000000000000000e+02
9.800000000000000000e+01
1.130000000000000000e+02
1.160000000000000000e+02
1.160000000000000000e+02
1.380000000000000000e+02
1.290000000000000000e+02
1.600000000000000000e+02
1.560000000000000000e+02
1.810000000000000000e+02
1.720000000000000000e+02
1.840000000000000000e+02
1.840000000000000000e+02
1.930000000000000000e+02
2.300000000000000000e+02
2.370000000000000000e+02
2.240000000000000000e+02
2.430000000000000000e+02
2.530000000000000000e+02
2.710000000000000000e+02
2.540000000000000000e+02
3.000000000000000000e+02
2.900000000000000000e+02
3.230000000000000000e+02
3.320000000000000000e+02
3.270000000000000000e+02
3.560000000000000000e+02
3.660000000000000000e+02
3.530000000000000000e+02
4.050000000000000000e+02
4.080000000000000000e+02
4.150000000000000000e+02
4.250000000000000000e+02
4.300000000000000000e+02
4.720000000000000000e+02
4.910000000000000000e+02
5.060000000000000000e+02
5.070000000000000000e+02
5.410000000000000000e+02
5.580000000000000000e+02
5.870000000000000000e+02
5.840000000000000000e+02
6.310000000000000000e+02
6.800000000000000000e+02
7.850000000000000000e+02
8.140000000000000000e+02
8.770000000000000000e+02
9.390000000000000000e+02
9.160000000000000000e+02
1.055000000000000000e+03
1.071000000000000000e+03
1.159000000000000000e+03
1.166000000000000000e+03
1.184000000000000000e+03
1.191000000000000000e+03
1.284000000000000000e+03
1.303000000000000000e+03
1.430000000000000000e+03
1.382000000000000000e+03
1.386000000000000000e+03
1.481000000000000000e+03
1.378000000000000000e+03
1.452000000000000000e+03
1.467000000000000000e+03
1.419000000000000000e+03
1.320000000000000000e+03
1.318000000000000000e+03
1.371000000000000000e+03
1.364000000000000000e+03
1.246000000000000000e+03
1.264000000000000000e+03
1.225000000000000000e+03
1.175000000000000000e+03
1.202000000000000000e+03
1.097000000000000000e+03
1.142000000000000000e+03
1.073000000000000000e+03
9.850000000000000000e+02
9.850000000000000000e+02
9.280000000000000000e+02
8.310000000000000000e+02
7.820000000000000000e+02
8.130000000000000000e+02
7.310000000000000000e+02
6.930000000000000000e+02
6.160000000000000000e+02
5.900000000000000000e+02
5.890000000000000000e+02
5.030000000000000000e+02
4.820000000000000000e+02
4.530000000000000000e+02
3.470000000000000000e+02
3.390000000000000000e+02
3.010000000000000000e+02
2.920000000000000000e+02
2.780000000000000000e+02
2.790000000000000000e+02
2.880000000000000000e+02
2.430000000000000000e+02
2.340000000000000000e+02
2.170000000000000000e+02
2.460000000000000000e+02
2.100000000000000000e+02
1.730000000000000000e+02
1.900000000000000000e+02
1.710000000000000000e+02
1.770000000000000000e+02
1.510000000000000000e+02
1.520000000000000000e+02
1.710000000000000000e+02
1.360000000000000000e+02
1.520000000000000000e+02
1.080000000000000000e+02
1.260000000000000000e+02
1.330000000000000000e+02
1.340000000000000000e+02
1.310000000000000000e+02
1.200000000000000000e+02
1.450000000000000000e+02
1.340000000000000000e+02
1.030000000000000000e+02
1.300000000000000000e+02
1.260000000000000000e+02
1.200000000000000000e+02
1.150000000000000000e+02
1.100000000000000000e+02
1.190000000000000000e+02
1.210000000000000000e+02
1.060000000000000000e+02
1.170000000000000000e+02
9.900000000000000000e+01
9.600000000000000000e+01
8.900000000000000000e+01
9.200000000000000000e+01
7.100000000000000000e+01
7.200000000000000000e+01
8.000000000000000000e+01
8.000000000000000000e+01
7.400000000000000000e+01
7.700000000000000000e+01
7.200000000000000000e+01
7.400000000000000000e+01
7.600000000000000000e+01
6.500000000000000000e+01
6.200000000000000000e+01
6.400000000000000000e+01
5.500000000000000000e+01
8.300000000000000000e+01
6.600000000000000000e+01
7.300000000000000000e+01
7.300000000000000000e+01
5.800000000000000000e+01
6.700000000000000000e+01
7.700000000000000000e+01
5.500000000000000000e+01
6.000000000000000000e+01
6.800000000000000000e+01
6.400000000000000000e+01
6.300000000000000000e+01
6.600000000000000000e+01
7.200000000000000000e+01
8.700000000000000000e+01
6.300000000000000000e+01
8.400000000000000000e+01
7.600000000000000000e+01
7.500000000000000000e+01
6.300000000000000000e+01
6.800000000000000000e+01
6.000000000000000000e+01
6.900000000000000000e+01
7.100000000000000000e+01
6.800000000000000000e+01
6.100000000000000000e+01
8.400000000000000000e+01
7.400000000000000000e+01
8.100000000000000000e+01
6.700000000000000000e+01
7.700000000000000000e+01
6.400000000000000000e+01
8.200000000000000000e+01
9.700000000000000000e+01
8.000000000000000000e+01
7.100000000000000000e+01
6.600000000000000000e+01
7.400000000000000000e+01
6.200000000000000000e+01
7.900000000000000000e+01
8.200000000000000000e+01
8.200000000000000000e+01
1.060000000000000000e+02
1.170000000000000000e+02
1.540000000000000000e+02
2.270000000000000000e+02
3.370000000000000000e+02
4.950000000000000000e+02
5.450000000000000000e+02
5.830000000000000000e+02
6.120000000000000000e+02
7.270000000000000000e+02
1.007000000000000000e+03
1.438000000000000000e+03
2.145000000000000000e+03
2.831000000000000000e+03
3.364000000000000000e+03
4.734000000000000000e+03
6.695000000000000000e+03
1.039300000000000000e+04
9.363000000000000000e+03
1.648900000000000000e+04
1.849100000000000000e+04
1.277100000000000000e+04
8.618000000000000000e+03
2.953000000000000000e+03
9.450000000000000000e+02
5.260000000000000000e+02
3.700000000000000000e+02
2.750000000000000000e+02
2.330000000000000000e+02
2.070000000000000000e+02
1.810000000000000000e+02
1.560000000000000000e+02
1.700000000000000000e+02
1.640000000000000000e+02
1.650000000000000000e+02
1.440000000000000000e+02
1.360000000000000000e+02
1.270000000000000000e+02
1.250000000000000000e+02
1.360000000000000000e+02
1.220000000000000000e+02
1.460000000000000000e+02
1.280000000000000000e+02
1.250000000000000000e+02
1.170000000000000000e+02
1.090000000000000000e+02
1.050000000000000000e+02
9.900000000000000000e+01
1.070000000000000000e+02
1.040000000000000000e+02
1.020000000000000000e+02
9.500000000000000000e+01
9.800000000000000000e+01
8.100000000000000000e+01
1.030000000000000000e+02
9.100000000000000000e+01
9.900000000000000000e+01
8.900000000000000000e+01
7.900000000000000000e+01
5.900000000000000000e+01
1.050000000000000000e+02
1.250000000000000000e+02
1.800000000000000000e+01
1.600000000000000000e+01
3.000000000000000000e+01
2.800000000000000000e+01
1.700000000000000000e+01
3.200000000000000000e+01
3.600000000000000000e+01
3.300000000000000000e+01
3.600000000000000000e+01
3.900000000000000000e+01
5.500000000000000000e+01
4.900000000000000000e+01
4.000000000000000000e+01
6.400000000000000000e+01
5.100000000000000000e+01
6.700000000000000000e+01
8.400000000000000000e+01
7.200000000000000000e+01
7.700000000000000000e+01
8.000000000000000000e+01
9.600000000000000000e+01
8.600000000000000000e+01
9.600000000000000000e+01
1.040000000000000000e+02
1.010000000000000000e+02
1.160000000000000000e+02
1.210000000000000000e+02
1.170000000000000000e+02
1.320000000000000000e+02
1.260000000000000000e+02
1.570000000000000000e+02
1.900000000000000000e+02
1.650000000000000000e+02
1.760000000000000000e+02
1.980000000000000000e+02
2.270000000000000000e+02
1.880000000000000000e+02
2.220000000000000000e+02
2.300000000000000000e+02
2.310000000000000000e+02
2.640000000000000000e+02
2.720000000000000000e+02
2.630000000000000000e+02
3.460000000000000000e+02
3.440000000000000000e+02
3.500000000000000000e+02
4.240000000000000000e+02
4.560000000000000000e+02
4.730000000000000000e+02
5.610000000000000000e+02
5.770000000000000000e+02
6.080000000000000000e+02
6.740000000000000000e+02
6.900000000000000000e+02
7.640000000000000000e+02
8.280000000000000000e+02
9.270000000000000000e+02
9.210000000000000000e+02
1.015000000000000000e+03
1.010000000000000000e+03
1.022000000000000000e+03
1.128000000000000000e+03
1.207000000000000000e+03
1.195000000000000000e+03
1.273000000000000000e+03
1.332000000000000000e+03
1.252000000000000000e+03
1.367000000000000000e+03
1.358000000000000000e+03
1.339000000000000000e+03
1.369000000000000000e+03
1.343000000000000000e+03
1.253000000000000000e+03
1.299000000000000000e+03
1.199000000000000000e+03
1.179000000000000000e+03
1.198000000000000000e+03
1.150000000000000000e+03
1.156000000000000000e+03
1.029000000000000000e+03
9.780000000000000000e+02
9.400000000000000000e+02
9.490000000000000000e+02
8.400000000000000000e+02
8.250000000000000000e+02
7.620000000000000000e+02
7.590000000000000000e+02
7.030000000000000000e+02
6.910000000000000000e+02
6.550000000000000000e+02
5.880000000000000000e+02
5.970000000000000000e+02
5.350000000000000000e+02
5.080000000000000000e+02
4.950000000000000000e+02
4.370000000000000000e+02
4.430000000000000000e+02
4.030000000000000000e+02
3.990000000000000000e+02
4.250000000000000000e+02
3.520000000000000000e+02
3.410000000000000000e+02
3.940000000000000000e+02
3.440000000000000000e+02
3.360000000000000000e+02
3.080000000000000000e+02
2.990000000000000000e+02
2.610000000000000000e+02
2.510000000000000000e+02
2.660000000000000000e+02
2.900000000000000000e+02
2.810000000000000000e+02
2.500000000000000000e+02
2.460000000000000000e+02
2.460000000000000000e+02
2.430000000000000000e+02
2.360000000000000000e+02
2.470000000000000000e+02
2.080000000000000000e+02
2.110000000000000000e+02
1.790000000000000000e+02
2.010000000000000000e+02
2.020000000000000000e+02
1.980000000000000000e+02
1.850000000000000000e+02
1.730000000000000000e+02
1.730000000000000000e+02
1.880000000000000000e+02
1.840000000000000000e+02
1.840000000000000000e+02
1.790000000000000000e+02
1.600000000000000000e+02
2.010000000000000000e+02
1.620000000000000000e+02
1.740000000000000000e+02
1.710000000000000000e+02
1.750000000000000000e+02
1.600000000000000000e+02
1.770000000000000000e+02
1.620000000000000000e+02
1.650000000000000000e+02
1.650000000000000000e+02
1.460000000000000000e+02
1.540000000000000000e+02
1.690000000000000000e+02
1.650000000000000000e+02
1.560000000000000000e+02
1.390000000000000000e+02
1.760000000000000000e+02
1.760000000000000000e+02
1.440000000000000000e+02
1.410000000000000000e+02
1.730000000000000000e+02
1.680000000000000000e+02
1.640000000000000000e+02
1.500000000000000000e+02
1.660000000000000000e+02
1.740000000000000000e+02
1.830000000000000000e+02
1.930000000000000000e+02
1.850000000000000000e+02
2.000000000000000000e+02
1.780000000000000000e+02
1.700000000000000000e+02
1.870000000000000000e+02
1.890000000000000000e+02
1.810000000000000000e+02
1.750000000000000000e+02
1.860000000000000000e+02
1.960000000000000000e+02
1.620000000000000000e+02
1.800000000000000000e+02
1.690000000000000000e+02
1.630000000000000000e+02
1.840000000000000000e+02
1.720000000000000000e+02
1.870000000000000000e+02
1.730000000000000000e+02
1.640000000000000000e+02
1.770000000000000000e+02
1.800000000000000000e+02
1.840000000000000000e+02
1.820000000000000000e+02
1.740000000000000000e+02
2.010000000000000000e+02
2.030000000000000000e+02
1.780000000000000000e+02
1.850000000000000000e+02
1.840000000000000000e+02
1.830000000000000000e+02
2.090000000000000000e+02
1.940000000000000000e+02
2.140000000000000000e+02
2.270000000000000000e+02
2.400000000000000000e+02
3.140000000000000000e+02
4.370000000000000000e+02
4.940000000000000000e+02
5.780000000000000000e+02
6.590000000000000000e+02
7.190000000000000000e+02
7.580000000000000000e+02
8.090000000000000000e+02
9.780000000000000000e+02
1.154000000000000000e+03
1.454000000000000000e+03
1.649000000000000000e+03
2.006000000000000000e+03
2.575000000000000000e+03
3.161000000000000000e+03
4.675000000000000000e+03
6.766000000000000000e+03
1.066800000000000000e+04
9.619000000000000000e+03
1.743500000000000000e+04
2.106600000000000000e+04
1.413500000000000000e+04
4.239000000000000000e+03
1.222000000000000000e+03
7.080000000000000000e+02
5.240000000000000000e+02
3.830000000000000000e+02
3.630000000000000000e+02
3.270000000000000000e+02
2.630000000000000000e+02
2.420000000000000000e+02
2.090000000000000000e+02
2.250000000000000000e+02
1.780000000000000000e+02
1.980000000000000000e+02
1.820000000000000000e+02
1.940000000000000000e+02
1.560000000000000000e+02
1.830000000000000000e+02
1.650000000000000000e+02
1.820000000000000000e+02
1.420000000000000000e+02
1.630000000000000000e+02
1.570000000000000000e+02
1.440000000000000000e+02
1.460000000000000000e+02
1.350000000000000000e+02
1.440000000000000000e+02
1.170000000000000000e+02
1.350000000000000000e+02
1.060000000000000000e+02
1.270000000000000000e+02
1.170000000000000000e+02
1.060000000000000000e+02
9.300000000000000000e+01
9.300000000000000000e+01
8.200000000000000000e+01
7.600000000000000000e+01
1.060000000000000000e+02
6.030000000000000000e+02
1.388000000000000000e+03
9.870000000000000000e+02
1.191000000000000000e+03
1.154000000000000000e+03
1.349000000000000000e+03
1.379000000000000000e+03
1.394000000000000000e+03
1.070000000000000000e+03
1.301000000000000000e+03
1.133000000000000000e+03
1.041000000000000000e+03
1.192000000000000000e+03
9.160000000000000000e+02
1.146000000000000000e+03
8.070000000000000000e+02
9.340000000000000000e+02
9.460000000000000000e+02
9.540000000000000000e+02
9.630000000000000000e+02
1.068000000000000000e+03
1.063000000000000000e+03
1.169000000000000000e+03
1.604000000000000000e+03
1.698000000000000000e+03
1.958000000000000000e+03
1.859000000000000000e+03
2.701000000000000000e+03
2.763000000000000000e+03
3.263000000000000000e+03
3.056000000000000000e+03
3.672000000000000000e+03
2.910000000000000000e+03
2.734000000000000000e+03
3.139000000000000000e+03
2.296000000000000000e+03
2.804000000000000000e+03
1.579000000000000000e+03
1.612000000000000000e+03
1.171000000000000000e+03
9.860000000000000000e+02
7.500000000000000000e+02
4.170000000000000000e+02
4.040000000000000000e+02
3.650000000000000000e+02
2.390000000000000000e+02
1.810000000000000000e+02
2.080000000000000000e+02
1.310000000000000000e+02
1.290000000000000000e+02
7.900000000000000000e+01
1.110000000000000000e+02
8.300000000000000000e+01
6.400000000000000000e+01
4.100000000000000000e+01
4.600000000000000000e+01
5.900000000000000000e+01
3.700000000000000000e+01
3.300000000000000000e+01
2.800000000000000000e+01
1.200000000000000000e+01
6.600000000000000000e+01
4.000000000000000000e+00
8.000000000000000000e+00
1.400000000000000000e+01
3.000000000000000000e+00
1.000000000000000000e+01
5.300000000000000000e+01
1.000000000000000000e+01
6.000000000000000000e+00
1.200000000000000000e+01
2.400000000000000000e+01
4.000000000000000000e+00
6.000000000000000000e+00
1.700000000000000000e+01
1.400000000000000000e+01
5.800000000000000000e+01
1.000000000000000000e+01
5.000000000000000000e+00
0.000000000000000000e+00
1.600000000000000000e+01
4.800000000000000000e+01
2.000000000000000000e+00
2.000000000000000000e+00
3.500000000000000000e+01
1.700000000000000000e+01
8.000000000000000000e+00
2.000000000000000000e+00
3.100000000000000000e+01
3.000000000000000000e+00
2.000000000000000000e+00
1.470000000000000000e+02
5.000000000000000000e+00
1.500000000000000000e+01
2.600000000000000000e+01
1.100000000000000000e+01
7.100000000000000000e+01
9.100000000000000000e+01
1.300000000000000000e+01
9.100000000000000000e+01
4.000000000000000000e+01
3.000000000000000000e+01
1.480000000000000000e+02
5.600000000000000000e+01
2.600000000000000000e+02
1.210000000000000000e+02
1.840000000000000000e+02
3.100000000000000000e+02
1.320000000000000000e+02
1.810000000000000000e+02
2.490000000000000000e+02
2.880000000000000000e+02
6.240000000000000000e+02
5.260000000000000000e+02
7.990000000000000000e+02
2.900000000000000000e+02
5.250000000000000000e+02
7.886000000000000000e+03
5.400000000000000000e+01
3.140000000000000000e+02
1.500000000000000000e+02
1.843900000000000000e+04
1.800000000000000000e+01
7.053200000000000000e+04
2.040000000000000000e+02
1.341000000000000000e+03
2.410000000000000000e+03
1.530000000000000000e+02
2.790000000000000000e+02
7.060000000000000000e+02
3.660000000000000000e+02
3.060000000000000000e+02
6.600000000000000000e+01
2.260000000000000000e+02
5.410000000000000000e+02
7.500000000000000000e+01
1.760000000000000000e+02
1.920000000000000000e+02
1.500000000000000000e+01
2.980000000000000000e+02
4.600000000000000000e+01
1.570000000000000000e+02
2.170000000000000000e+02
1.410000000000000000e+02
5.800000000000000000e+01
7.900000000000000000e+01
1.570000000000000000e+02
1.510000000000000000e+02
9.300000000000000000e+01
5.100000000000000000e+01
1.500000000000000000e+01
4.310000000000000000e+02
1.000000000000000000e+01
6.300000000000000000e+01
1.010000000000000000e+02
2.200000000000000000e+01
5.900000000000000000e+01
1.860000000000000000e+02
9.100000000000000000e+01
8.500000000000000000e+01
1.330000000000000000e+02
1.300000000000000000e+02
6.500000000000000000e+01
7.300000000000000000e+01
1.250000000000000000e+02
1.800000000000000000e+02
1.620000000000000000e+02
1.120000000000000000e+02
1.330000000000000000e+02
7.100000000000000000e+01
1.390000000000000000e+02
4.110000000000000000e+02
1.160000000000000000e+02
1.630000000000000000e+02
2.620000000000000000e+02
3.240000000000000000e+02
3.460000000000000000e+02
3.140000000000000000e+02
5.600000000000000000e+02
5.760000000000000000e+02
6.550000000000000000e+02
0.000000000000000000e+00
0.000000000000000000e+00
0.000000000000000000e+00
0.000000000000000000e+00
0.000000000000000000e+00
0.000000000000000000e+00
0.000000000000000000e+00
0.000000000000000000e+00
0.000000000000000000e+00
0.000000000000000000e+00
0.000000000000000000e+00
0.000000000000000000e+00
0.000000000000000000e+00
0.000000000000000000e+00
0.000000000000000000e+00
0.000000000000000000e+00
0.000000000000000000e+00
0.000000000000000000e+00
0.000000000000000000e+00
0.000000000000000000e+00
0.000000000000000000e+00
0.000000000000000000e+00
0.000000000000000000e+00
0.000000000000000000e+00
0.000000000000000000e+00
0.000000000000000000e+00
0.000000000000000000e+00
0.000000000000000000e+00
0.000000000000000000e+00
0.000000000000000000e+00
0.000000000000000000e+00
0.000000000000000000e+00
0.000000000000000000e+00
0.000000000000000000e+00
0.000000000000000000e+00
0.000000000000000000e+00
0.000000000000000000e+00
0.000000000000000000e+00
0.000000000000000000e+00
0.000000000000000000e+00
0.000000000000000000e+00
0.000000000000000000e+00
0.000000000000000000e+00
0.000000000000000000e+00
0.000000000000000000e+00
0.000000000000000000e+00
0.000000000000000000e+00
0.000000000000000000e+00
0.000000000000000000e+00
0.000000000000000000e+00
0.000000000000000000e+00
0.000000000000000000e+00
0.000000000000000000e+00
0.000000000000000000e+00
0.000000000000000000e+00
0.000000000000000000e+00
0.000000000000000000e+00
0.000000000000000000e+00
0.000000000000000000e+00
0.000000000000000000e+00
0.000000000000000000e+00
0.000000000000000000e+00
0.000000000000000000e+00
0.000000000000000000e+00
0.000000000000000000e+00
0.000000000000000000e+00
0.000000000000000000e+00
0.000000000000000000e+00
0.000000000000000000e+00
0.000000000000000000e+00
0.000000000000000000e+00
0.000000000000000000e+00
0.000000000000000000e+00
0.000000000000000000e+00
0.000000000000000000e+00
0.000000000000000000e+00
8.300000000000000000e+01
2.000000000000000000e+01
1.740000000000000000e+02
2.150000000000000000e+02
2.100000000000000000e+02
2.640000000000000000e+02
5.030000000000000000e+02
5.920000000000000000e+02
5.970000000000000000e+02
8.380000000000000000e+02
6.430000000000000000e+02
1.309000000000000000e+03
1.114000000000000000e+03
1.587600000000000000e+04
2.970000000000000000e+03
2.940000000000000000e+03
5.123500000000000000e+04
2.490000000000000000e+03
2.060000000000000000e+04
3.434000000000000000e+03
4.189000000000000000e+03
8.450000000000000000e+02
6.580000000000000000e+02
6.390000000000000000e+02
4.840000000000000000e+02
3.960000000000000000e+02
3.540000000000000000e+02
2.590000000000000000e+02
2.350000000000000000e+02
2.260000000000000000e+02
1.890000000000000000e+02
1.680000000000000000e+02
1.570000000000000000e+02
1.510000000000000000e+02
1.310000000000000000e+02
1.350000000000000000e+02
1.250000000000000000e+02
1.110000000000000000e+02
1.250000000000000000e+02
9.000000000000000000e+01
1.280000000000000000e+02
1.110000000000000000e+02
1.080000000000000000e+02
9.500000000000000000e+01
1.180000000000000000e+02
1.050000000000000000e+02
1.110000000000000000e+02
1.000000000000000000e+02
1.080000000000000000e+02
1.090000000000000000e+02
9.400000000000000000e+01
9.700000000000000000e+01
9.000000000000000000e+01
8.300000000000000000e+01
9.800000000000000000e+01
1.000000000000000000e+02
9.500000000000000000e+01
7.500000000000000000e+01
1.050000000000000000e+02
9.400000000000000000e+01
8.600000000000000000e+01
8.600000000000000000e+01
8.000000000000000000e+01
7.600000000000000000e+01
8.800000000000000000e+01
7.700000000000000000e+01
9.600000000000000000e+01
8.900000000000000000e+01
7.900000000000000000e+01
6.200000000000000000e+01
8.000000000000000000e+01
7.300000000000000000e+01
8.500000000000000000e+01
7.500000000000000000e+01
7.500000000000000000e+01
9.100000000000000000e+01
8.600000000000000000e+01
9.000000000000000000e+01
1.010000000000000000e+02
6.800000000000000000e+01
6.900000000000000000e+01
1.030000000000000000e+02
8.200000000000000000e+01
7.500000000000000000e+01
8.300000000000000000e+01
7.700000000000000000e+01
8.700000000000000000e+01
7.400000000000000000e+01
9.100000000000000000e+01
8.200000000000000000e+01
7.200000000000000000e+01
6.900000000000000000e+01
7.100000000000000000e+01
8.900000000000000000e+01
8.200000000000000000e+01
8.000000000000000000e+01
1.020000000000000000e+02
7.600000000000000000e+01
9.800000000000000000e+01
9.100000000000000000e+01
7.800000000000000000e+01
1.060000000000000000e+02
7.200000000000000000e+01
9.500000000000000000e+01
7.700000000000000000e+01
8.600000000000000000e+01
9.600000000000000000e+01
7.700000000000000000e+01
1.060000000000000000e+02
8.900000000000000000e+01
1.000000000000000000e+02
8.400000000000000000e+01
8.500000000000000000e+01
9.100000000000000000e+01
9.200000000000000000e+01
8.000000000000000000e+01
1.060000000000000000e+02
7.400000000000000000e+01
8.500000000000000000e+01
1.000000000000000000e+02
9.300000000000000000e+01
9.800000000000000000e+01
9.200000000000000000e+01
9.600000000000000000e+01
9.300000000000000000e+01
1.060000000000000000e+02
1.200000000000000000e+02
9.500000000000000000e+01
9.500000000000000000e+01
1.110000000000000000e+02
1.110000000000000000e+02
1.040000000000000000e+02
1.120000000000000000e+02
1.180000000000000000e+02
1.180000000000000000e+02
1.250000000000000000e+02
1.080000000000000000e+02
1.310000000000000000e+02
1.360000000000000000e+02
9.800000000000000000e+01
1.240000000000000000e+02
1.340000000000000000e+02
1.150000000000000000e+02
1.600000000000000000e+02
1.180000000000000000e+02
1.610000000000000000e+02
1.630000000000000000e+02
1.640000000000000000e+02
1.600000000000000000e+02
1.470000000000000000e+02
1.490000000000000000e+02
1.680000000000000000e+02
1.920000000000000000e+02
1.660000000000000000e+02
2.020000000000000000e+02
1.670000000000000000e+02
1.650000000000000000e+02
1.850000000000000000e+02
1.970000000000000000e+02
1.760000000000000000e+02
1.760000000000000000e+02
2.080000000000000000e+02
2.210000000000000000e+02
1.970000000000000000e+02
2.250000000000000000e+02
2.300000000000000000e+02
2.160000000000000000e+02
2.180000000000000000e+02
2.110000000000000000e+02
2.350000000000000000e+02
2.460000000000000000e+02
2.360000000000000000e+02
2.350000000000000000e+02
2.560000000000000000e+02
2.840000000000000000e+02
2.870000000000000000e+02
2.600000000000000000e+02
2.670000000000000000e+02
2.500000000000000000e+02
2.990000000000000000e+02
3.080000000000000000e+02
3.380000000000000000e+02
2.590000000000000000e+02
2.990000000000000000e+02
2.830000000000000000e+02
3.150000000000000000e+02
2.960000000000000000e+02
3.180000000000000000e+02
3.660000000000000000e+02
3.280000000000000000e+02
3.160000000000000000e+02
3.370000000000000000e+02
3.110000000000000000e+02
3.530000000000000000e+02
3.490000000000000000e+02
3.470000000000000000e+02
4.050000000000000000e+02
3.470000000000000000e+02
3.490000000000000000e+02
3.540000000000000000e+02
3.830000000000000000e+02
3.860000000000000000e+02
3.210000000000000000e+02
4.410000000000000000e+02
3.190000000000000000e+02
4.140000000000000000e+02
4.350000000000000000e+02
3.660000000000000000e+02
4.570000000000000000e+02
4.190000000000000000e+02
3.850000000000000000e+02
4.520000000000000000e+02
3.720000000000000000e+02
4.220000000000000000e+02
4.570000000000000000e+02
4.760000000000000000e+02
4.450000000000000000e+02
4.380000000000000000e+02
4.070000000000000000e+02
5.830000000000000000e+02
4.830000000000000000e+02
5.180000000000000000e+02
4.910000000000000000e+02
4.820000000000000000e+02
5.450000000000000000e+02
5.480000000000000000e+02
5.180000000000000000e+02
5.480000000000000000e+02
6.380000000000000000e+02
5.800000000000000000e+02
5.730000000000000000e+02
5.870000000000000000e+02
6.210000000000000000e+02
7.160000000000000000e+02
6.420000000000000000e+02
6.260000000000000000e+02
6.140000000000000000e+02
6.980000000000000000e+02
6.870000000000000000e+02
6.820000000000000000e+02
7.270000000000000000e+02
8.020000000000000000e+02
7.470000000000000000e+02
7.500000000000000000e+02
7.480000000000000000e+02
7.790000000000000000e+02
7.610000000000000000e+02
7.900000000000000000e+02
9.650000000000000000e+02
7.380000000000000000e+02
4.300000000000000000e+02
1.200000000000000000e+03
1.177000000000000000e+03
9.000000000000000000e+01
1.200000000000000000e+01
1.702800000000000000e+04
0.000000000000000000e+00
2.000000000000000000e+00
1.000000000000000000e+00
0.000000000000000000e+00
8.000000000000000000e+00
6.000000000000000000e+00
5.000000000000000000e+00
1.200000000000000000e+01
1.600000000000000000e+01
1.500000000000000000e+01
1.400000000000000000e+01
2.100000000000000000e+01
1.600000000000000000e+01
2.200000000000000000e+01
2.000000000000000000e+01
2.000000000000000000e+01
2.700000000000000000e+01
3.500000000000000000e+01
3.600000000000000000e+01
3.500000000000000000e+01
3.900000000000000000e+01
4.300000000000000000e+01
5.200000000000000000e+01
7.200000000000000000e+01
5.900000000000000000e+01
5.800000000000000000e+01
5.900000000000000000e+01
7.300000000000000000e+01
6.800000000000000000e+01
8.000000000000000000e+01
8.900000000000000000e+01
8.400000000000000000e+01
1.020000000000000000e+02
8.800000000000000000e+01
8.200000000000000000e+01
1.020000000000000000e+02
9.800000000000000000e+01
9.400000000000000000e+01
1.020000000000000000e+02
1.220000000000000000e+02
1.260000000000000000e+02
1.130000000000000000e+02
1.120000000000000000e+02
1.160000000000000000e+02
1.500000000000000000e+02
1.720000000000000000e+02
1.620000000000000000e+02
2.100000000000000000e+02
2.060000000000000000e+02
2.530000000000000000e+02
3.160000000000000000e+02
3.640000000000000000e+02
4.360000000000000000e+02
4.560000000000000000e+02
5.220000000000000000e+02
6.000000000000000000e+02
6.990000000000000000e+02
7.700000000000000000e+02
7.830000000000000000e+02
8.870000000000000000e+02
9.040000000000000000e+02
9.290000000000000000e+02
1.047000000000000000e+03
1.191000000000000000e+03
1.156000000000000000e+03
1.251000000000000000e+03
1.273000000000000000e+03
1.249000000000000000e+03
1.425000000000000000e+03
1.417000000000000000e+03
1.419000000000000000e+03
1.423000000000000000e+03
1.381000000000000000e+03
1.357000000000000000e+03
1.410000000000000000e+03
1.345000000000000000e+03
1.337000000000000000e+03
1.310000000000000000e+03
1.323000000000000000e+03
1.350000000000000000e+03
1.266000000000000000e+03
1.279000000000000000e+03
1.199000000000000000e+03
1.169000000000000000e+03
1.123000000000000000e+03
1.073000000000000000e+03
1.018000000000000000e+03
9.920000000000000000e+02
9.790000000000000000e+02
9.110000000000000000e+02
9.040000000000000000e+02
8.170000000000000000e+02
7.600000000000000000e+02
7.410000000000000000e+02
6.670000000000000000e+02
6.240000000000000000e+02
5.900000000000000000e+02
5.320000000000000000e+02
4.840000000000000000e+02
4.760000000000000000e+02
4.930000000000000000e+02
4.230000000000000000e+02
3.970000000000000000e+02
4.400000000000000000e+02
3.730000000000000000e+02
3.580000000000000000e+02
3.350000000000000000e+02
3.450000000000000000e+02
2.770000000000000000e+02
2.650000000000000000e+02
2.810000000000000000e+02
2.990000000000000000e+02
2.710000000000000000e+02
2.460000000000000000e+02
2.560000000000000000e+02
2.540000000000000000e+02
2.420000000000000000e+02
2.490000000000000000e+02
2.420000000000000000e+02
2.030000000000000000e+02
2.150000000000000000e+02
1.870000000000000000e+02
1.950000000000000000e+02
2.090000000000000000e+02
2.080000000000000000e+02
1.890000000000000000e+02
1.660000000000000000e+02
1.760000000000000000e+02
1.910000000000000000e+02
1.870000000000000000e+02
1.830000000000000000e+02
1.830000000000000000e+02
1.620000000000000000e+02
1.860000000000000000e+02
1.650000000000000000e+02
1.670000000000000000e+02
1.670000000000000000e+02
1.760000000000000000e+02
1.600000000000000000e+02
1.750000000000000000e+02
1.750000000000000000e+02
1.610000000000000000e+02
1.580000000000000000e+02
1.550000000000000000e+02
1.510000000000000000e+02
1.500000000000000000e+02
1.580000000000000000e+02
1.530000000000000000e+02
1.460000000000000000e+02
1.740000000000000000e+02
1.750000000000000000e+02
1.300000000000000000e+02
1.460000000000000000e+02
1.640000000000000000e+02
1.690000000000000000e+02
1.560000000000000000e+02
1.560000000000000000e+02
1.730000000000000000e+02
1.660000000000000000e+02
1.800000000000000000e+02
1.910000000000000000e+02
1.670000000000000000e+02
1.980000000000000000e+02
1.730000000000000000e+02
1.710000000000000000e+02
1.910000000000000000e+02
1.840000000000000000e+02
1.820000000000000000e+02
1.820000000000000000e+02
1.750000000000000000e+02
1.960000000000000000e+02
1.610000000000000000e+02
1.790000000000000000e+02
1.550000000000000000e+02
1.520000000000000000e+02
1.820000000000000000e+02
1.620000000000000000e+02
1.840000000000000000e+02
1.500000000000000000e+02
1.640000000000000000e+02
1.720000000000000000e+02
1.730000000000000000e+02
1.710000000000000000e+02
1.750000000000000000e+02
1.740000000000000000e+02
1.820000000000000000e+02
1.900000000000000000e+02
1.680000000000000000e+02
1.690000000000000000e+02
1.860000000000000000e+02
1.880000000000000000e+02
1.930000000000000000e+02
1.650000000000000000e+02
1.870000000000000000e+02
1.700000000000000000e+02
1.550000000000000000e+02
1.750000000000000000e+02
1.820000000000000000e+02
1.630000000000000000e+02
1.750000000000000000e+02
1.920000000000000000e+02
1.720000000000000000e+02
1.930000000000000000e+02
1.720000000000000000e+02
1.960000000000000000e+02
1.860000000000000000e+02
1.860000000000000000e+02
1.940000000000000000e+02
2.310000000000000000e+02
2.420000000000000000e+02
2.220000000000000000e+02
2.680000000000000000e+02
3.980000000000000000e+02
4.690000000000000000e+02
5.530000000000000000e+02
5.550000000000000000e+02
6.560000000000000000e+02
8.000000000000000000e+02
8.630000000000000000e+02
1.021000000000000000e+03
1.246000000000000000e+03
1.686000000000000000e+03
2.283000000000000000e+03
3.404000000000000000e+03
4.659000000000000000e+03
5.116000000000000000e+03
6.949000000000000000e+03
1.041800000000000000e+04
2.506000000000000000e+04
2.588300000000000000e+04
1.067700000000000000e+04
2.761000000000000000e+03
9.970000000000000000e+02
6.930000000000000000e+02
4.970000000000000000e+02
3.780000000000000000e+02
3.640000000000000000e+02
2.770000000000000000e+02
2.740000000000000000e+02
1.930000000000000000e+02
1.740000000000000000e+02
1.820000000000000000e+02
1.640000000000000000e+02
1.640000000000000000e+02
1.380000000000000000e+02
1.580000000000000000e+02
1.180000000000000000e+02
1.440000000000000000e+02
1.400000000000000000e+02
1.140000000000000000e+02
1.170000000000000000e+02
1.190000000000000000e+02
9.800000000000000000e+01
9.500000000000000000e+01
1.100000000000000000e+02
1.346000000000000000e+03
