0.000000000000000000e+00
0.000000000000000000e+00
0.000000000000000000e+00
0.000000000000000000e+00
0.000000000000000000e+00
1.000000000000000000e+00
0.000000000000000000e+00
0.000000000000000000e+00
0.000000000000000000e+00
1.000000000000000000e+00
1.000000000000000000e+00
0.000000000000000000e+00
1.000000000000000000e+00
0.000000000000000000e+00
0.000000000000000000e+00
0.000000000000000000e+00
4.000000000000000000e+00
0.000000000000000000e+00
1.000000000000000000e+00
5.000000000000000000e+00
5.000000000000000000e+00
1.500000000000000000e+01
3.000000000000000000e+01
7.700000000000000000e+01
2.160000000000000000e+02
6.040000000000000000e+02
1.272000000000000000e+03
1.795000000000000000e+03
2.069000000000000000e+03
2.265000000000000000e+03
2.043000000000000000e+03
1.799000000000000000e+03
1.738000000000000000e+03
1.580000000000000000e+03
1.669000000000000000e+03
1.785000000000000000e+03
1.957000000000000000e+03
2.305000000000000000e+03
2.742000000000000000e+03
2.998000000000000000e+03
3.374000000000000000e+03
3.669000000000000000e+03
3.806000000000000000e+03
4.048000000000000000e+03
4.039000000000000000e+03
4.210000000000000000e+03
4.274000000000000000e+03
4.251000000000000000e+03
4.102000000000000000e+03
3.959000000000000000e+03
3.894000000000000000e+03
3.697000000000000000e+03
3.516000000000000000e+03
3.432000000000000000e+03
3.251000000000000000e+03
2.884000000000000000e+03
2.773000000000000000e+03
2.599000000000000000e+03
2.452000000000000000e+03
2.338000000000000000e+03
2.151000000000000000e+03
2.020000000000000000e+03
1.925000000000000000e+03
1.749000000000000000e+03
1.631000000000000000e+03
1.561000000000000000e+03
1.542000000000000000e+03
1.373000000000000000e+03
1.317000000000000000e+03
1.295000000000000000e+03
1.254000000000000000e+03
1.310000000000000000e+03
1.228000000000000000e+03
1.118000000000000000e+03
1.096000000000000000e+03
1.075000000000000000e+03
1.033000000000000000e+03
9.480000000000000000e+02
1.000000000000000000e+03
9.500000000000000000e+02
8.480000000000000000e+02
9.580000000000000000e+02
9.230000000000000000e+02
8.980000000000000000e+02
8.590000000000000000e+02
7.910000000000000000e+02
8.340000000000000000e+02
7.660000000000000000e+02
7.250000000000000000e+02
7.130000000000000000e+02
6.330000000000000000e+02
6.030000000000000000e+02
5.510000000000000000e+02
5.440000000000000000e+02
4.620000000000000000e+02
4.500000000000000000e+02
4.690000000000000000e+02
4.520000000000000000e+02
4.400000000000000000e+02
3.980000000000000000e+02
3.800000000000000000e+02
4.520000000000000000e+02
4.390000000000000000e+02
4.500000000000000000e+02
4.300000000000000000e+02
4.120000000000000000e+02
3.880000000000000000e+02
3.540000000000000000e+02
3.870000000000000000e+02
3.340000000000000000e+02
3.580000000000000000e+02
3.080000000000000000e+02
3.200000000000000000e+02
2.950000000000000000e+02
2.510000000000000000e+02
3.050000000000000000e+02
3.010000000000000000e+02
2.800000000000000000e+02
2.350000000000000000e+02
2.370000000000000000e+02
2.380000000000000000e+02
2.390000000000000000e+02
2.160000000000000000e+02
2.160000000000000000e+02
2.080000000000000000e+02
1.860000000000000000e+02
1.970000000000000000e+02
1.680000000000000000e+02
1.800000000000000000e+02
1.650000000000000000e+02
1.780000000000000000e+02
1.640000000000000000e+02
1.450000000000000000e+02
1.680000000000000000e+02
1.410000000000000000e+02
1.370000000000000000e+02
1.240000000000000000e+02
1.580000000000000000e+02
1.670000000000000000e+02
1.500000000000000000e+02
1.720000000000000000e+02
1.510000000000000000e+02
1.670000000000000000e+02
1.670000000000000000e+02
1.890000000000000000e+02
2.070000000000000000e+02
1.950000000000000000e+02
1.970000000000000000e+02
1.930000000000000000e+02
2.280000000000000000e+02
1.910000000000000000e+02
2.440000000000000000e+02
2.300000000000000000e+02
2.090000000000000000e+02
2.050000000000000000e+02
2.230000000000000000e+02
2.170000000000000000e+02
2.020000000000000000e+02
2.160000000000000000e+02
1.930000000000000000e+02
1.810000000000000000e+02
1.690000000000000000e+02
1.830000000000000000e+02
1.930000000000000000e+02
1.690000000000000000e+02
1.590000000000000000e+02
1.380000000000000000e+02
1.270000000000000000e+02
1.400000000000000000e+02
1.330000000000000000e+02
1.090000000000000000e+02
1.070000000000000000e+02
1.030000000000000000e+02
1.160000000000000000e+02
1.100000000000000000e+02
9.700000000000000000e+01
9.500000000000000000e+01
1.060000000000000000e+02
7.100000000000000000e+01
8.800000000000000000e+01
7.800000000000000000e+01
6.600000000000000000e+01
5.400000000000000000e+01
6.800000000000000000e+01
6.500000000000000000e+01
4.500000000000000000e+01
5.400000000000000000e+01
3.600000000000000000e+01
4.700000000000000000e+01
3.400000000000000000e+01
5.000000000000000000e+01
4.600000000000000000e+01
6.700000000000000000e+01
3.700000000000000000e+01
5.500000000000000000e+01
3.600000000000000000e+01
4.200000000000000000e+01
3.600000000000000000e+01
3.600000000000000000e+01
4.600000000000000000e+01
4.100000000000000000e+01
3.600000000000000000e+01
4.000000000000000000e+01
3.300000000000000000e+01
2.900000000000000000e+01
4.300000000000000000e+01
3.900000000000000000e+01
5.000000000000000000e+01
4.600000000000000000e+01
4.700000000000000000e+01
5.000000000000000000e+01
4.800000000000000000e+01
5.500000000000000000e+01
4.100000000000000000e+01
5.000000000000000000e+01
5.900000000000000000e+01
5.000000000000000000e+01
5.800000000000000000e+01
4.500000000000000000e+01
5.200000000000000000e+01
5.200000000000000000e+01
5.800000000000000000e+01
5.600000000000000000e+01
6.200000000000000000e+01
5.400000000000000000e+01
5.600000000000000000e+01
4.500000000000000000e+01
7.400000000000000000e+01
8.300000000000000000e+01
5.300000000000000000e+01
6.000000000000000000e+01
6.800000000000000000e+01
7.200000000000000000e+01
5.900000000000000000e+01
7.900000000000000000e+01
6.500000000000000000e+01
8.200000000000000000e+01
9.300000000000000000e+01
6.200000000000000000e+01
1.030000000000000000e+02
5.500000000000000000e+01
8.700000000000000000e+01
9.200000000000000000e+01
1.670000000000000000e+02
1.340000000000000000e+02
7.200000000000000000e+01
1.730000000000000000e+02
9.500000000000000000e+01
1.720000000000000000e+02
1.500000000000000000e+02
3.110000000000000000e+02
3.380000000000000000e+02
1.100000000000000000e+02
3.920000000000000000e+02
1.230000000000000000e+02
2.461000000000000000e+03
0.000000000000000000e+00
0.000000000000000000e+00
0.000000000000000000e+00
0.000000000000000000e+00
0.000000000000000000e+00
0.000000000000000000e+00
0.000000000000000000e+00
0.000000000000000000e+00
0.000000000000000000e+00
0.000000000000000000e+00
0.000000000000000000e+00
0.000000000000000000e+00
0.000000000000000000e+00
0.000000000000000000e+00
0.000000000000000000e+00
0.000000000000000000e+00
0.000000000000000000e+00
0.000000000000000000e+00
0.000000000000000000e+00
0.000000000000000000e+00
0.000000000000000000e+00
0.000000000000000000e+00
0.000000000000000000e+00
0.000000000000000000e+00
3.000000000000000000e+00
1.100000000000000000e+01
6.400000000000000000e+01
2.370000000000000000e+02
6.760000000000000000e+02
1.386000000000000000e+03
2.081000000000000000e+03
2.247000000000000000e+03
2.248000000000000000e+03
2.102000000000000000e+03
1.768000000000000000e+03
1.498000000000000000e+03
1.329000000000000000e+03
1.201000000000000000e+03
1.157000000000000000e+03
1.237000000000000000e+03
1.252000000000000000e+03
1.339000000000000000e+03
1.371000000000000000e+03
1.519000000000000000e+03
1.771000000000000000e+03
2.230000000000000000e+03
2.474000000000000000e+03
2.883000000000000000e+03
3.177000000000000000e+03
3.338000000000000000e+03
3.335000000000000000e+03
3.232000000000000000e+03
3.169000000000000000e+03
3.040000000000000000e+03
2.677000000000000000e+03
2.681000000000000000e+03
2.537000000000000000e+03
2.392000000000000000e+03
2.355000000000000000e+03
2.310000000000000000e+03
2.140000000000000000e+03
2.003000000000000000e+03
2.015000000000000000e+03
1.992000000000000000e+03
1.916000000000000000e+03
1.877000000000000000e+03
1.815000000000000000e+03
1.876000000000000000e+03
1.935000000000000000e+03
1.888000000000000000e+03
1.672000000000000000e+03
1.674000000000000000e+03
1.666000000000000000e+03
1.566000000000000000e+03
1.582000000000000000e+03
1.553000000000000000e+03
1.469000000000000000e+03
1.484000000000000000e+03
1.426000000000000000e+03
1.533000000000000000e+03
1.455000000000000000e+03
1.430000000000000000e+03
1.395000000000000000e+03
1.305000000000000000e+03
1.300000000000000000e+03
1.274000000000000000e+03
1.263000000000000000e+03
1.222000000000000000e+03
1.255000000000000000e+03
1.177000000000000000e+03
1.170000000000000000e+03
1.144000000000000000e+03
1.111000000000000000e+03
1.072000000000000000e+03
9.670000000000000000e+02
9.020000000000000000e+02
8.390000000000000000e+02
8.560000000000000000e+02
7.740000000000000000e+02
7.820000000000000000e+02
7.380000000000000000e+02
7.540000000000000000e+02
6.930000000000000000e+02
6.910000000000000000e+02
6.830000000000000000e+02
6.140000000000000000e+02
6.110000000000000000e+02
6.140000000000000000e+02
5.750000000000000000e+02
5.840000000000000000e+02
5.710000000000000000e+02
5.710000000000000000e+02
5.660000000000000000e+02
5.140000000000000000e+02
5.260000000000000000e+02
4.810000000000000000e+02
4.910000000000000000e+02
4.440000000000000000e+02
4.410000000000000000e+02
5.010000000000000000e+02
4.680000000000000000e+02
4.530000000000000000e+02
4.660000000000000000e+02
4.510000000000000000e+02
4.220000000000000000e+02
4.770000000000000000e+02
3.980000000000000000e+02
3.850000000000000000e+02
3.850000000000000000e+02
3.700000000000000000e+02
3.760000000000000000e+02
3.370000000000000000e+02
3.350000000000000000e+02
3.350000000000000000e+02
2.980000000000000000e+02
3.170000000000000000e+02
2.830000000000000000e+02
2.790000000000000000e+02
2.640000000000000000e+02
2.580000000000000000e+02
2.650000000000000000e+02
2.560000000000000000e+02
2.450000000000000000e+02
2.380000000000000000e+02
2.220000000000000000e+02
2.390000000000000000e+02
2.190000000000000000e+02
2.100000000000000000e+02
2.150000000000000000e+02
1.750000000000000000e+02
1.920000000000000000e+02
1.950000000000000000e+02
1.870000000000000000e+02
2.030000000000000000e+02
1.980000000000000000e+02
1.900000000000000000e+02
1.740000000000000000e+02
1.860000000000000000e+02
2.170000000000000000e+02
1.960000000000000000e+02
2.120000000000000000e+02
2.230000000000000000e+02
2.230000000000000000e+02
2.380000000000000000e+02
2.360000000000000000e+02
2.570000000000000000e+02
2.490000000000000000e+02
2.800000000000000000e+02
2.700000000000000000e+02
3.000000000000000000e+02
2.840000000000000000e+02
2.520000000000000000e+02
2.750000000000000000e+02
2.680000000000000000e+02
2.400000000000000000e+02
2.150000000000000000e+02
2.810000000000000000e+02
2.390000000000000000e+02
2.160000000000000000e+02
2.180000000000000000e+02
2.120000000000000000e+02
1.890000000000000000e+02
1.650000000000000000e+02
1.750000000000000000e+02
1.500000000000000000e+02
1.750000000000000000e+02
1.600000000000000000e+02
1.290000000000000000e+02
1.540000000000000000e+02
1.300000000000000000e+02
1.310000000000000000e+02
1.320000000000000000e+02
1.360000000000000000e+02
1.320000000000000000e+02
1.240000000000000000e+02
1.160000000000000000e+02
9.100000000000000000e+01
9.100000000000000000e+01
9.000000000000000000e+01
9.000000000000000000e+01
8.400000000000000000e+01
6.600000000000000000e+01
9.100000000000000000e+01
6.500000000000000000e+01
6.000000000000000000e+01
7.900000000000000000e+01
5.300000000000000000e+01
5.900000000000000000e+01
5.800000000000000000e+01
5.800000000000000000e+01
4.900000000000000000e+01
5.000000000000000000e+01
6.100000000000000000e+01
5.200000000000000000e+01
5.400000000000000000e+01
4.900000000000000000e+01
4.400000000000000000e+01
5.200000000000000000e+01
4.600000000000000000e+01
5.000000000000000000e+01
5.300000000000000000e+01
3.900000000000000000e+01
3.500000000000000000e+01
4.500000000000000000e+01
3.600000000000000000e+01
4.400000000000000000e+01
4.300000000000000000e+01
4.400000000000000000e+01
3.600000000000000000e+01
5.000000000000000000e+01
3.800000000000000000e+01
3.300000000000000000e+01
3.800000000000000000e+01
3.000000000000000000e+01
4.400000000000000000e+01
3.700000000000000000e+01
4.300000000000000000e+01
3.500000000000000000e+01
4.200000000000000000e+01
4.700000000000000000e+01
4.300000000000000000e+01
4.900000000000000000e+01
3.900000000000000000e+01
4.300000000000000000e+01
4.700000000000000000e+01
4.300000000000000000e+01
4.100000000000000000e+01
5.400000000000000000e+01
7.700000000000000000e+01
7.600000000000000000e+01
9.400000000000000000e+01
1.340000000000000000e+02
2.060000000000000000e+02
4.010000000000000000e+02
9.690000000000000000e+02
4.268000000000000000e+03
0.000000000000000000e+00
1.000000000000000000e+00
0.000000000000000000e+00
0.000000000000000000e+00
0.000000000000000000e+00
0.000000000000000000e+00
0.000000000000000000e+00
0.000000000000000000e+00
0.000000000000000000e+00
2.000000000000000000e+00
5.000000000000000000e+00
3.000000000000000000e+00
6.000000000000000000e+00
4.000000000000000000e+00
7.000000000000000000e+00
2.300000000000000000e+01
6.200000000000000000e+01
1.870000000000000000e+02
4.680000000000000000e+02
1.191000000000000000e+03
2.096000000000000000e+03
2.896000000000000000e+03
3.134000000000000000e+03
2.957000000000000000e+03
2.432000000000000000e+03
1.971000000000000000e+03
1.629000000000000000e+03
1.575000000000000000e+03
1.793000000000000000e+03
1.925000000000000000e+03
2.137000000000000000e+03
2.533000000000000000e+03
2.950000000000000000e+03
3.408000000000000000e+03
4.034000000000000000e+03
4.210000000000000000e+03
4.244000000000000000e+03
4.000000000000000000e+03
3.733000000000000000e+03
3.539000000000000000e+03
3.353000000000000000e+03
3.076000000000000000e+03
3.033000000000000000e+03
2.894000000000000000e+03
2.796000000000000000e+03
2.726000000000000000e+03
2.657000000000000000e+03
2.684000000000000000e+03
2.664000000000000000e+03
2.774000000000000000e+03
2.720000000000000000e+03
2.617000000000000000e+03
2.460000000000000000e+03
2.360000000000000000e+03
2.200000000000000000e+03
2.193000000000000000e+03
2.126000000000000000e+03
1.889000000000000000e+03
1.815000000000000000e+03
1.804000000000000000e+03
1.772000000000000000e+03
1.621000000000000000e+03
1.629000000000000000e+03
1.582000000000000000e+03
1.559000000000000000e+03
1.441000000000000000e+03
1.365000000000000000e+03
1.393000000000000000e+03
1.247000000000000000e+03
1.162000000000000000e+03
1.130000000000000000e+03
1.093000000000000000e+03
1.010000000000000000e+03
9.940000000000000000e+02
8.650000000000000000e+02
7.720000000000000000e+02
7.010000000000000000e+02
7.360000000000000000e+02
7.060000000000000000e+02
6.840000000000000000e+02
6.850000000000000000e+02
6.490000000000000000e+02
6.510000000000000000e+02
6.250000000000000000e+02
5.870000000000000000e+02
6.070000000000000000e+02
6.070000000000000000e+02
6.170000000000000000e+02
6.000000000000000000e+02
5.490000000000000000e+02
5.700000000000000000e+02
5.570000000000000000e+02
5.460000000000000000e+02
5.150000000000000000e+02
5.110000000000000000e+02
5.220000000000000000e+02
5.070000000000000000e+02
4.970000000000000000e+02
5.230000000000000000e+02
4.750000000000000000e+02
4.370000000000000000e+02
4.220000000000000000e+02
4.270000000000000000e+02
4.120000000000000000e+02
3.990000000000000000e+02
3.890000000000000000e+02
3.960000000000000000e+02
3.580000000000000000e+02
3.690000000000000000e+02
3.450000000000000000e+02
3.150000000000000000e+02
3.270000000000000000e+02
3.160000000000000000e+02
3.120000000000000000e+02
2.700000000000000000e+02
2.670000000000000000e+02
2.610000000000000000e+02
2.550000000000000000e+02
2.390000000000000000e+02
2.190000000000000000e+02
1.910000000000000000e+02
2.050000000000000000e+02
1.870000000000000000e+02
1.980000000000000000e+02
1.920000000000000000e+02
1.880000000000000000e+02
2.020000000000000000e+02
1.700000000000000000e+02
1.580000000000000000e+02
1.850000000000000000e+02
1.680000000000000000e+02
1.500000000000000000e+02
1.440000000000000000e+02
1.670000000000000000e+02
1.520000000000000000e+02
1.220000000000000000e+02
1.570000000000000000e+02
1.300000000000000000e+02
9.900000000000000000e+01
1.150000000000000000e+02
1.090000000000000000e+02
1.130000000000000000e+02
9.200000000000000000e+01
9.300000000000000000e+01
7.600000000000000000e+01
1.070000000000000000e+02
8.400000000000000000e+01
8.800000000000000000e+01
8.500000000000000000e+01
6.600000000000000000e+01
7.400000000000000000e+01
6.900000000000000000e+01
7.700000000000000000e+01
5.500000000000000000e+01
6.800000000000000000e+01
7.300000000000000000e+01
6.600000000000000000e+01
5.800000000000000000e+01
7.600000000000000000e+01
6.800000000000000000e+01
6.700000000000000000e+01
4.800000000000000000e+01
5.500000000000000000e+01
6.300000000000000000e+01
5.700000000000000000e+01
3.800000000000000000e+01
5.000000000000000000e+01
5.500000000000000000e+01
4.200000000000000000e+01
5.600000000000000000e+01
5.500000000000000000e+01
4.100000000000000000e+01
5.300000000000000000e+01
6.200000000000000000e+01
4.400000000000000000e+01
5.700000000000000000e+01
5.800000000000000000e+01
5.400000000000000000e+01
4.500000000000000000e+01
3.600000000000000000e+01
4.500000000000000000e+01
4.300000000000000000e+01
3.900000000000000000e+01
3.400000000000000000e+01
4.600000000000000000e+01
3.700000000000000000e+01
3.800000000000000000e+01
4.000000000000000000e+01
3.100000000000000000e+01
3.200000000000000000e+01
4.700000000000000000e+01
2.700000000000000000e+01
2.600000000000000000e+01
3.000000000000000000e+01
4.500000000000000000e+01
2.500000000000000000e+01
3.600000000000000000e+01
2.700000000000000000e+01
4.000000000000000000e+01
2.800000000000000000e+01
3.500000000000000000e+01
2.700000000000000000e+01
3.000000000000000000e+01
2.300000000000000000e+01
2.900000000000000000e+01
2.000000000000000000e+01
4.000000000000000000e+01
3.600000000000000000e+01
2.800000000000000000e+01
1.900000000000000000e+01
2.300000000000000000e+01
3.100000000000000000e+01
3.200000000000000000e+01
3.800000000000000000e+01
2.900000000000000000e+01
2.700000000000000000e+01
2.500000000000000000e+01
3.000000000000000000e+01
2.600000000000000000e+01
2.800000000000000000e+01
3.200000000000000000e+01
3.500000000000000000e+01
1.600000000000000000e+01
3.300000000000000000e+01
2.500000000000000000e+01
3.400000000000000000e+01
3.400000000000000000e+01
3.300000000000000000e+01
2.700000000000000000e+01
2.300000000000000000e+01
3.600000000000000000e+01
2.400000000000000000e+01
2.600000000000000000e+01
3.500000000000000000e+01
3.500000000000000000e+01
3.800000000000000000e+01
3.500000000000000000e+01
3.600000000000000000e+01
3.700000000000000000e+01
4.200000000000000000e+01
4.200000000000000000e+01
3.300000000000000000e+01
4.800000000000000000e+01
6.900000000000000000e+01
6.500000000000000000e+01
5.700000000000000000e+01
7.700000000000000000e+01
1.130000000000000000e+02
1.110000000000000000e+02
1.280000000000000000e+02
1.580000000000000000e+02
2.410000000000000000e+02
3.750000000000000000e+02
3.690000000000000000e+02
9.330000000000000000e+02
3.415000000000000000e+03
1.668000000000000000e+03
0.000000000000000000e+00
0.000000000000000000e+00
0.000000000000000000e+00
0.000000000000000000e+00
0.000000000000000000e+00
3.000000000000000000e+00
0.000000000000000000e+00
3.000000000000000000e+00
1.000000000000000000e+00
2.000000000000000000e+00
3.000000000000000000e+00
0.000000000000000000e+00
3.000000000000000000e+00
0.000000000000000000e+00
1.000000000000000000e+01
2.000000000000000000e+00
3.000000000000000000e+00
4.000000000000000000e+00
7.000000000000000000e+00
4.400000000000000000e+01
2.800000000000000000e+01
4.400000000000000000e+01
1.190000000000000000e+02
1.530000000000000000e+02
1.250000000000000000e+02
1.950000000000000000e+02
1.880000000000000000e+02
2.140000000000000000e+02
2.950000000000000000e+02
1.314000000000000000e+03
1.750000000000000000e+02
1.720000000000000000e+02
3.280000000000000000e+02
2.450000000000000000e+02
4.110000000000000000e+02
2.480000000000000000e+02
1.740000000000000000e+02
2.860000000000000000e+02
1.730000000000000000e+02
2.370000000000000000e+02
1.800000000000000000e+02
3.360000000000000000e+02
4.660000000000000000e+02
5.030000000000000000e+02
7.630000000000000000e+02
9.870000000000000000e+02
1.056000000000000000e+03
1.538000000000000000e+03
1.643000000000000000e+03
2.547000000000000000e+03
2.486000000000000000e+03
2.159000000000000000e+03
2.783000000000000000e+03
1.867000000000000000e+03
3.168000000000000000e+03
2.650000000000000000e+03
2.106000000000000000e+03
2.760000000000000000e+03
2.451000000000000000e+03
2.248000000000000000e+03
1.211000000000000000e+03
2.703000000000000000e+03
2.573000000000000000e+03
8.230000000000000000e+02
1.482000000000000000e+03
2.906000000000000000e+03
3.748000000000000000e+03
1.835000000000000000e+03
6.879000000000000000e+03
1.684000000000000000e+03
3.646000000000000000e+03
2.708000000000000000e+03
1.461000000000000000e+03
8.979000000000000000e+03
1.338000000000000000e+03
7.141000000000000000e+03
3.484000000000000000e+03
7.310000000000000000e+02
1.018400000000000000e+04
2.209900000000000000e+04
2.497000000000000000e+03
2.168000000000000000e+03
2.362000000000000000e+03
5.978000000000000000e+03
4.382000000000000000e+03
1.799000000000000000e+03
7.487000000000000000e+03
1.827000000000000000e+03
1.669000000000000000e+03
2.150000000000000000e+03
6.510000000000000000e+02
5.440000000000000000e+02
5.370000000000000000e+02
2.050000000000000000e+02
3.050000000000000000e+02
3.640000000000000000e+02
9.100000000000000000e+01
1.930000000000000000e+02
1.200000000000000000e+02
7.500000000000000000e+01
1.430000000000000000e+02
4.400000000000000000e+01
4.200000000000000000e+01
2.800000000000000000e+01
4.800000000000000000e+01
2.800000000000000000e+01
2.000000000000000000e+01
4.000000000000000000e+00
2.100000000000000000e+01
1.500000000000000000e+01
6.000000000000000000e+00
2.000000000000000000e+00
3.000000000000000000e+00
3.000000000000000000e+00
5.000000000000000000e+00
0.000000000000000000e+00
0.000000000000000000e+00
0.000000000000000000e+00
0.000000000000000000e+00
5.800000000000000000e+01
0.000000000000000000e+00
0.000000000000000000e+00
0.000000000000000000e+00
0.000000000000000000e+00
0.000000000000000000e+00
0.000000000000000000e+00
0.000000000000000000e+00
1.000000000000000000e+00
0.000000000000000000e+00
5.000000000000000000e+00
0.000000000000000000e+00
1.000000000000000000e+00
1.000000000000000000e+00
0.000000000000000000e+00
1.700000000000000000e+01
0.000000000000000000e+00
0.000000000000000000e+00
1.000000000000000000e+00
0.000000000000000000e+00
1.700000000000000000e+01
0.000000000000000000e+00
0.000000000000000000e+00
1.000000000000000000e+00
0.000000000000000000e+00
0.000000000000000000e+00
0.000000000000000000e+00
0.000000000000000000e+00
0.000000000000000000e+00
0.000000000000000000e+00
4.930000000000000000e+02
0.000000000000000000e+00
0.000000000000000000e+00
0.000000000000000000e+00
0.000000000000000000e+00
0.000000000000000000e+00
4.000000000000000000e+00
0.000000000000000000e+00
0.000000000000000000e+00
0.000000000000000000e+00
3.000000000000000000e+00
0.000000000000000000e+00
0.000000000000000000e+00
0.000000000000000000e+00
0.000000000000000000e+00
4.400000000000000000e+01
0.000000000000000000e+00
0.000000000000000000e+00
0.000000000000000000e+00
0.000000000000000000e+00
7.000000000000000000e+00
0.000000000000000000e+00
0.000000000000000000e+00
7.000000000000000000e+00
1.000000000000000000e+00
0.000000000000000000e+00
0.000000000000000000e+00
2.000000000000000000e+00
0.000000000000000000e+00
0.000000000000000000e+00
0.000000000000000000e+00
0.000000000000000000e+00
0.000000000000000000e+00
0.000000000000000000e+00
0.000000000000000000e+00
0.000000000000000000e+00
0.000000000000000000e+00
0.000000000000000000e+00
0.000000000000000000e+00
0.000000000000000000e+00
0.000000000000000000e+00
0.000000000000000000e+00
0.000000000000000000e+00
0.000000000000000000e+00
0.000000000000000000e+00
0.000000000000000000e+00
0.000000000000000000e+00
0.000000000000000000e+00
0.000000000000000000e+00
0.000000000000000000e+00
0.000000000000000000e+00
0.000000000000000000e+00
0.000000000000000000e+00
0.000000000000000000e+00
0.000000000000000000e+00
0.000000000000000000e+00
0.000000000000000000e+00
0.000000000000000000e+00
0.000000000000000000e+00
0.000000000000000000e+00
0.000000000000000000e+00
0.000000000000000000e+00
0.000000000000000000e+00
0.000000000000000000e+00
0.000000000000000000e+00
0.000000000000000000e+00
0.000000000000000000e+00
0.000000000000000000e+00
0.000000000000000000e+00
0.000000000000000000e+00
0.000000000000000000e+00
0.000000000000000000e+00
0.000000000000000000e+00
0.000000000000000000e+00
0.000000000000000000e+00
0.000000000000000000e+00
0.000000000000000000e+00
0.000000000000000000e+00
0.000000000000000000e+00
0.000000000000000000e+00
0.000000000000000000e+00
0.000000000000000000e+00
0.000000000000000000e+00
0.000000000000000000e+00
0.000000000000000000e+00
0.000000000000000000e+00
0.000000000000000000e+00
0.000000000000000000e+00
0.000000000000000000e+00
0.000000000000000000e+00
0.000000000000000000e+00
0.000000000000000000e+00
0.000000000000000000e+00
0.000000000000000000e+00
0.000000000000000000e+00
0.000000000000000000e+00
0.000000000000000000e+00
0.000000000000000000e+00
0.000000000000000000e+00
0.000000000000000000e+00
0.000000000000000000e+00
0.000000000000000000e+00
0.000000000000000000e+00
0.000000000000000000e+00
0.000000000000000000e+00
0.000000000000000000e+00
1.658000000000000000e+03
5.550000000000000000e+02
5.870000000000000000e+02
1.570000000000000000e+02
3.150000000000000000e+02
3.570000000000000000e+02
1.840000000000000000e+02
1.880000000000000000e+02
1.190000000000000000e+02
1.490000000000000000e+02
1.010000000000000000e+02
1.790000000000000000e+02
1.850000000000000000e+02
1.170000000000000000e+02
1.400000000000000000e+02
9.300000000000000000e+01
1.250000000000000000e+02
1.060000000000000000e+02
1.350000000000000000e+02
1.340000000000000000e+02
1.180000000000000000e+02
1.690000000000000000e+02
1.450000000000000000e+02
1.580000000000000000e+02
1.680000000000000000e+02
1.290000000000000000e+02
1.440000000000000000e+02
1.500000000000000000e+02
1.670000000000000000e+02
1.980000000000000000e+02
1.660000000000000000e+02
2.330000000000000000e+02
2.420000000000000000e+02
2.460000000000000000e+02
2.690000000000000000e+02
3.260000000000000000e+02
3.800000000000000000e+02
3.590000000000000000e+02
5.210000000000000000e+02
5.220000000000000000e+02
6.380000000000000000e+02
6.500000000000000000e+02
7.500000000000000000e+02
7.470000000000000000e+02
8.370000000000000000e+02
9.600000000000000000e+02
9.050000000000000000e+02
8.980000000000000000e+02
1.107000000000000000e+03
1.208000000000000000e+03
1.103000000000000000e+03
1.157000000000000000e+03
1.199000000000000000e+03
1.522000000000000000e+03
1.305000000000000000e+03
1.600000000000000000e+03
1.661000000000000000e+03
1.918000000000000000e+03
1.941000000000000000e+03
1.920000000000000000e+03
2.395000000000000000e+03
2.618000000000000000e+03
2.326000000000000000e+03
1.885000000000000000e+03
3.235000000000000000e+03
3.236000000000000000e+03
2.566000000000000000e+03
2.763000000000000000e+03
3.776000000000000000e+03
2.539000000000000000e+03
3.785000000000000000e+03
3.347000000000000000e+03
4.349000000000000000e+03
2.731000000000000000e+03
4.307000000000000000e+03
3.457000000000000000e+03
2.290000000000000000e+03
5.230000000000000000e+03
3.581000000000000000e+03
2.715000000000000000e+03
3.627000000000000000e+03
2.592000000000000000e+03
2.907000000000000000e+03
3.559000000000000000e+03
1.495000000000000000e+03
4.153000000000000000e+03
1.422000000000000000e+03
2.590000000000000000e+03
2.591000000000000000e+03
1.701000000000000000e+03
2.481000000000000000e+03
1.860000000000000000e+03
1.663000000000000000e+03
1.872000000000000000e+03
1.786000000000000000e+03
1.317000000000000000e+03
1.822000000000000000e+03
1.368000000000000000e+03
1.335000000000000000e+03
1.316000000000000000e+03
1.228000000000000000e+03
1.299000000000000000e+03
1.103000000000000000e+03
1.246000000000000000e+03
9.680000000000000000e+02
9.680000000000000000e+02
1.039000000000000000e+03
9.170000000000000000e+02
9.200000000000000000e+02
1.048000000000000000e+03
8.460000000000000000e+02
7.030000000000000000e+02
8.100000000000000000e+02
8.550000000000000000e+02
6.820000000000000000e+02
6.370000000000000000e+02
7.220000000000000000e+02
5.340000000000000000e+02
5.230000000000000000e+02
4.830000000000000000e+02
4.320000000000000000e+02
4.460000000000000000e+02
3.650000000000000000e+02
3.420000000000000000e+02
3.250000000000000000e+02
3.350000000000000000e+02
2.970000000000000000e+02
2.300000000000000000e+02
2.700000000000000000e+02
2.090000000000000000e+02
2.330000000000000000e+02
1.980000000000000000e+02
1.980000000000000000e+02
1.730000000000000000e+02
1.700000000000000000e+02
1.510000000000000000e+02
1.200000000000000000e+02
1.200000000000000000e+02
1.360000000000000000e+02
1.220000000000000000e+02
1.120000000000000000e+02
1.110000000000000000e+02
9.900000000000000000e+01
1.160000000000000000e+02
1.030000000000000000e+02
9.100000000000000000e+01
9.600000000000000000e+01
7.800000000000000000e+01
8.800000000000000000e+01
8.800000000000000000e+01
7.900000000000000000e+01
9.000000000000000000e+01
6.300000000000000000e+01
5.400000000000000000e+01
6.300000000000000000e+01
9.000000000000000000e+01
8.400000000000000000e+01
7.200000000000000000e+01
5.500000000000000000e+01
4.900000000000000000e+01
5.200000000000000000e+01
5.000000000000000000e+01
3.700000000000000000e+01
2.800000000000000000e+01
3.800000000000000000e+01
3.500000000000000000e+01
3.600000000000000000e+01
2.600000000000000000e+01
3.300000000000000000e+01
1.700000000000000000e+01
1.200000000000000000e+01
2.300000000000000000e+01
2.200000000000000000e+01
1.500000000000000000e+01
1.500000000000000000e+01
1.100000000000000000e+01
1.100000000000000000e+01
1.400000000000000000e+01
1.400000000000000000e+01
1.100000000000000000e+01
7.000000000000000000e+00
6.000000000000000000e+00
5.000000000000000000e+00
3.000000000000000000e+00
6.000000000000000000e+00
5.000000000000000000e+00
1.000000000000000000e+00
4.000000000000000000e+00
3.000000000000000000e+00
1.000000000000000000e+00
1.000000000000000000e+00
5.000000000000000000e+00
3.000000000000000000e+00
0.000000000000000000e+00
4.000000000000000000e+00
1.000000000000000000e+00
4.000000000000000000e+00
1.000000000000000000e+00
0.000000000000000000e+00
0.000000000000000000e+00
2.000000000000000000e+00
1.000000000000000000e+00
2.000000000000000000e+00
0.000000000000000000e+00
3.000000000000000000e+00
0.000000000000000000e+00
0.000000000000000000e+00
1.000000000000000000e+00
1.000000000000000000e+00
2.000000000000000000e+00
0.000000000000000000e+00
1.000000000000000000e+00
0.000000000000000000e+00
0.000000000000000000e+00
0.000000000000000000e+00
1.000000000000000000e+00
0.000000000000000000e+00
0.000000000000000000e+00
0.000000000000000000e+00
0.000000000000000000e+00
0.000000000000000000e+00
1.000000000000000000e+00
0.000000000000000000e+00
0.000000000000000000e+00
0.000000000000000000e+00
0.000000000000000000e+00
0.000000000000000000e+00
0.000000000000000000e+00
0.000000000000000000e+00
0.000000000000000000e+00
0.000000000000000000e+00
0.000000000000000000e+00
0.000000000000000000e+00
0.000000000000000000e+00
0.000000000000000000e+00
0.000000000000000000e+00
0.000000000000000000e+00
0.000000000000000000e+00
0.000000000000000000e+00
0.000000000000000000e+00
0.000000000000000000e+00
0.000000000000000000e+00
0.000000000000000000e+00
0.000000000000000000e+00
0.000000000000000000e+00
0.000000000000000000e+00
0.000000000000000000e+00
0.000000000000000000e+00
0.000000000000000000e+00
0.000000000000000000e+00
1.000000000000000000e+00
0.000000000000000000e+00
0.000000000000000000e+00
0.000000000000000000e+00
0.000000000000000000e+00
0.000000000000000000e+00
0.000000000000000000e+00
0.000000000000000000e+00
0.000000000000000000e+00
0.000000000000000000e+00
0.000000000000000000e+00
0.000000000000000000e+00
0.000000000000000000e+00
0.000000000000000000e+00
0.000000000000000000e+00
0.000000000000000000e+00
0.000000000000000000e+00
0.000000000000000000e+00
0.000000000000000000e+00
0.000000000000000000e+00
0.000000000000000000e+00
0.000000000000000000e+00
0.000000000000000000e+00
0.000000000000000000e+00
0.000000000000000000e+00
0.000000000000000000e+00
0.000000000000000000e+00
0.000000000000000000e+00
0.000000000000000000e+00
0.000000000000000000e+00
2.000000000000000000e+00
9.000000000000000000e+00
6.100000000000000000e+01
2.310000000000000000e+02
6.660000000000000000e+02
1.363000000000000000e+03
2.064000000000000000e+03
2.224000000000000000e+03
2.226000000000000000e+03
2.076000000000000000e+03
1.771000000000000000e+03
1.541000000000000000e+03
1.361000000000000000e+03
1.206000000000000000e+03
1.161000000000000000e+03
1.240000000000000000e+03
1.255000000000000000e+03
1.350000000000000000e+03
1.371000000000000000e+03
1.524000000000000000e+03
1.761000000000000000e+03
2.227000000000000000e+03
2.463000000000000000e+03
2.881000000000000000e+03
3.176000000000000000e+03
3.349000000000000000e+03
3.329000000000000000e+03
3.237000000000000000e+03
3.173000000000000000e+03
3.037000000000000000e+03
2.673000000000000000e+03
2.683000000000000000e+03
2.532000000000000000e+03
2.388000000000000000e+03
2.353000000000000000e+03
2.299000000000000000e+03
2.141000000000000000e+03
2.014000000000000000e+03
2.014000000000000000e+03
1.989000000000000000e+03
1.900000000000000000e+03
1.871000000000000000e+03
1.809000000000000000e+03
1.856000000000000000e+03
1.911000000000000000e+03
1.881000000000000000e+03
1.667000000000000000e+03
1.683000000000000000e+03
1.675000000000000000e+03
1.560000000000000000e+03
1.592000000000000000e+03
1.571000000000000000e+03
1.463000000000000000e+03
1.476000000000000000e+03
1.418000000000000000e+03
1.544000000000000000e+03
1.450000000000000000e+03
1.429000000000000000e+03
1.397000000000000000e+03
1.307000000000000000e+03
1.300000000000000000e+03
1.275000000000000000e+03
1.266000000000000000e+03
1.234000000000000000e+03
1.255000000000000000e+03
1.174000000000000000e+03
1.184000000000000000e+03
1.140000000000000000e+03
1.109000000000000000e+03
1.068000000000000000e+03
9.750000000000000000e+02
9.060000000000000000e+02
8.450000000000000000e+02
8.540000000000000000e+02
7.830000000000000000e+02
7.810000000000000000e+02
7.370000000000000000e+02
7.630000000000000000e+02
6.940000000000000000e+02
6.890000000000000000e+02
6.760000000000000000e+02
6.150000000000000000e+02
6.120000000000000000e+02
6.110000000000000000e+02
5.770000000000000000e+02
5.800000000000000000e+02
5.750000000000000000e+02
5.700000000000000000e+02
5.670000000000000000e+02
5.180000000000000000e+02
5.190000000000000000e+02
4.850000000000000000e+02
4.900000000000000000e+02
4.430000000000000000e+02
4.430000000000000000e+02
4.890000000000000000e+02
4.620000000000000000e+02
4.530000000000000000e+02
4.720000000000000000e+02
4.510000000000000000e+02
4.180000000000000000e+02
4.760000000000000000e+02
3.880000000000000000e+02
3.860000000000000000e+02
3.850000000000000000e+02
3.670000000000000000e+02
3.720000000000000000e+02
3.360000000000000000e+02
3.320000000000000000e+02
3.430000000000000000e+02
2.980000000000000000e+02
3.150000000000000000e+02
2.910000000000000000e+02
2.870000000000000000e+02
2.680000000000000000e+02
2.620000000000000000e+02
2.530000000000000000e+02
2.450000000000000000e+02
2.360000000000000000e+02
2.370000000000000000e+02
2.260000000000000000e+02
2.370000000000000000e+02
2.150000000000000000e+02
2.090000000000000000e+02
2.230000000000000000e+02
1.790000000000000000e+02
1.870000000000000000e+02
1.910000000000000000e+02
1.790000000000000000e+02
1.990000000000000000e+02
1.980000000000000000e+02
1.900000000000000000e+02
1.720000000000000000e+02
1.850000000000000000e+02
2.180000000000000000e+02
1.890000000000000000e+02
2.110000000000000000e+02
2.190000000000000000e+02
2.190000000000000000e+02
2.420000000000000000e+02
2.310000000000000000e+02
2.520000000000000000e+02
2.360000000000000000e+02
2.780000000000000000e+02
2.680000000000000000e+02
3.020000000000000000e+02
2.750000000000000000e+02
2.580000000000000000e+02
2.610000000000000000e+02
2.690000000000000000e+02
2.430000000000000000e+02
2.110000000000000000e+02
2.770000000000000000e+02
2.420000000000000000e+02
2.080000000000000000e+02
2.160000000000000000e+02
2.150000000000000000e+02
1.900000000000000000e+02
1.620000000000000000e+02
1.770000000000000000e+02
1.550000000000000000e+02
1.680000000000000000e+02
1.540000000000000000e+02
1.330000000000000000e+02
1.530000000000000000e+02
1.270000000000000000e+02
1.300000000000000000e+02
1.220000000000000000e+02
1.400000000000000000e+02
1.260000000000000000e+02
1.290000000000000000e+02
1.200000000000000000e+02
9.500000000000000000e+01
8.400000000000000000e+01
9.000000000000000000e+01
8.900000000000000000e+01
8.900000000000000000e+01
6.800000000000000000e+01
8.800000000000000000e+01
6.600000000000000000e+01
6.500000000000000000e+01
7.400000000000000000e+01
5.500000000000000000e+01
5.900000000000000000e+01
6.400000000000000000e+01
5.600000000000000000e+01
5.000000000000000000e+01
5.800000000000000000e+01
6.100000000000000000e+01
5.200000000000000000e+01
5.700000000000000000e+01
5.700000000000000000e+01
4.200000000000000000e+01
4.800000000000000000e+01
5.200000000000000000e+01
5.400000000000000000e+01
4.100000000000000000e+01
4.200000000000000000e+01
3.400000000000000000e+01
5.700000000000000000e+01
3.700000000000000000e+01
5.200000000000000000e+01
4.500000000000000000e+01
5.500000000000000000e+01
4.200000000000000000e+01
4.700000000000000000e+01
5.000000000000000000e+01
3.300000000000000000e+01
4.300000000000000000e+01
2.900000000000000000e+01
4.300000000000000000e+01
4.000000000000000000e+01
4.400000000000000000e+01
4.100000000000000000e+01
4.400000000000000000e+01
4.700000000000000000e+01
3.600000000000000000e+01
4.800000000000000000e+01
3.200000000000000000e+01
4.800000000000000000e+01
6.200000000000000000e+01
4.000000000000000000e+01
4.900000000000000000e+01
4.100000000000000000e+01
6.100000000000000000e+01
6.900000000000000000e+01
8.200000000000000000e+01
8.900000000000000000e+01
1.370000000000000000e+02
2.240000000000000000e+02
4.270000000000000000e+02
5.252000000000000000e+03
