8.620000000000000000e+02
1.790000000000000000e+02
2.090000000000000000e+02
2.210000000000000000e+02
2.240000000000000000e+02
2.610000000000000000e+02
2.510000000000000000e+02
2.740000000000000000e+02
2.890000000000000000e+02
2.970000000000000000e+02
3.230000000000000000e+02
3.360000000000000000e+02
3.510000000000000000e+02
3.840000000000000000e+02
3.730000000000000000e+02
4.150000000000000000e+02
3.990000000000000000e+02
4.070000000000000000e+02
3.990000000000000000e+02
4.060000000000000000e+02
4.140000000000000000e+02
3.900000000000000000e+02
4.350000000000000000e+02
3.920000000000000000e+02
4.340000000000000000e+02
4.340000000000000000e+02
4.290000000000000000e+02
4.440000000000000000e+02
4.500000000000000000e+02
4.450000000000000000e+02
4.400000000000000000e+02
4.060000000000000000e+02
4.530000000000000000e+02
4.070000000000000000e+02
4.610000000000000000e+02
4.650000000000000000e+02
4.520000000000000000e+02
4.650000000000000000e+02
4.750000000000000000e+02
4.430000000000000000e+02
4.650000000000000000e+02
5.440000000000000000e+02
6.150000000000000000e+02
6.660000000000000000e+02
8.120000000000000000e+02
1.016000000000000000e+03
1.707000000000000000e+03
3.473000000000000000e+03
5.833000000000000000e+03
7.872000000000000000e+03
9.959000000000000000e+03
1.052300000000000000e+04
1.034000000000000000e+04
1.107700000000000000e+04
1.200700000000000000e+04
1.199700000000000000e+04
1.127400000000000000e+04
1.087000000000000000e+04
9.961000000000000000e+03
7.949000000000000000e+03
5.909000000000000000e+03
4.421000000000000000e+03
3.070000000000000000e+03
2.134000000000000000e+03
1.526000000000000000e+03
1.000000000000000000e+03
5.920000000000000000e+02
5.310000000000000000e+02
4.460000000000000000e+02
4.280000000000000000e+02
4.080000000000000000e+02
3.910000000000000000e+02
4.150000000000000000e+02
3.910000000000000000e+02
4.040000000000000000e+02
3.430000000000000000e+02
3.690000000000000000e+02
3.290000000000000000e+02
3.350000000000000000e+02
3.390000000000000000e+02
3.530000000000000000e+02
3.370000000000000000e+02
3.870000000000000000e+02
3.360000000000000000e+02
3.600000000000000000e+02
3.520000000000000000e+02
3.470000000000000000e+02
3.370000000000000000e+02
3.550000000000000000e+02
3.500000000000000000e+02
3.530000000000000000e+02
3.690000000000000000e+02
3.190000000000000000e+02
3.270000000000000000e+02
3.910000000000000000e+02
3.410000000000000000e+02
3.170000000000000000e+02
3.210000000000000000e+02
2.940000000000000000e+02
3.330000000000000000e+02
2.770000000000000000e+02
2.930000000000000000e+02
2.660000000000000000e+02
3.010000000000000000e+02
2.820000000000000000e+02
2.880000000000000000e+02
2.660000000000000000e+02
2.690000000000000000e+02
2.640000000000000000e+02
2.560000000000000000e+02
2.740000000000000000e+02
2.550000000000000000e+02
2.270000000000000000e+02
1.970000000000000000e+02
2.260000000000000000e+02
2.200000000000000000e+02
2.190000000000000000e+02
2.070000000000000000e+02
1.860000000000000000e+02
2.060000000000000000e+02
2.220000000000000000e+02
1.960000000000000000e+02
1.830000000000000000e+02
1.750000000000000000e+02
1.960000000000000000e+02
1.980000000000000000e+02
1.670000000000000000e+02
1.870000000000000000e+02
2.020000000000000000e+02
1.690000000000000000e+02
1.830000000000000000e+02
1.680000000000000000e+02
1.720000000000000000e+02
1.450000000000000000e+02
1.750000000000000000e+02
1.490000000000000000e+02
1.400000000000000000e+02
1.490000000000000000e+02
1.340000000000000000e+02
1.640000000000000000e+02
1.340000000000000000e+02
1.370000000000000000e+02
1.240000000000000000e+02
1.430000000000000000e+02
1.390000000000000000e+02
1.310000000000000000e+02
1.110000000000000000e+02
1.260000000000000000e+02
1.250000000000000000e+02
9.000000000000000000e+01
1.150000000000000000e+02
9.900000000000000000e+01
1.120000000000000000e+02
1.030000000000000000e+02
9.200000000000000000e+01
8.700000000000000000e+01
8.200000000000000000e+01
8.700000000000000000e+01
8.300000000000000000e+01
8.600000000000000000e+01
6.900000000000000000e+01
6.900000000000000000e+01
7.100000000000000000e+01
5.900000000000000000e+01
5.700000000000000000e+01
7.000000000000000000e+01
5.900000000000000000e+01
4.100000000000000000e+01
6.200000000000000000e+01
4.500000000000000000e+01
5.700000000000000000e+01
5.500000000000000000e+01
4.100000000000000000e+01
3.200000000000000000e+01
3.200000000000000000e+01
4.000000000000000000e+01
4.400000000000000000e+01
2.600000000000000000e+01
3.800000000000000000e+01
3.600000000000000000e+01
4.400000000000000000e+01
1.800000000000000000e+01
3.000000000000000000e+01
2.600000000000000000e+01
2.400000000000000000e+01
2.300000000000000000e+01
2.100000000000000000e+01
1.900000000000000000e+01
2.400000000000000000e+01
1.600000000000000000e+01
1.800000000000000000e+01
2.300000000000000000e+01
2.700000000000000000e+01
1.300000000000000000e+01
1.500000000000000000e+01
2.300000000000000000e+01
2.100000000000000000e+01
1.800000000000000000e+01
1.700000000000000000e+01
7.000000000000000000e+00
1.400000000000000000e+01
7.000000000000000000e+00
1.200000000000000000e+01
1.000000000000000000e+01
1.100000000000000000e+01
8.000000000000000000e+00
8.000000000000000000e+00
9.000000000000000000e+00
2.000000000000000000e+00
1.300000000000000000e+01
7.000000000000000000e+00
6.000000000000000000e+00
1.000000000000000000e+01
1.300000000000000000e+01
3.000000000000000000e+00
8.000000000000000000e+00
7.000000000000000000e+00
6.000000000000000000e+00
1.000000000000000000e+00
4.000000000000000000e+00
1.000000000000000000e+00
4.000000000000000000e+00
2.000000000000000000e+00
5.000000000000000000e+00
4.000000000000000000e+00
2.000000000000000000e+00
2.000000000000000000e+00
2.000000000000000000e+00
3.000000000000000000e+00
2.000000000000000000e+00
2.000000000000000000e+00
1.000000000000000000e+00
0.000000000000000000e+00
0.000000000000000000e+00
1.000000000000000000e+00
2.000000000000000000e+00
2.000000000000000000e+00
0.000000000000000000e+00
1.000000000000000000e+00
1.000000000000000000e+00
1.000000000000000000e+00
0.000000000000000000e+00
0.000000000000000000e+00
0.000000000000000000e+00
0.000000000000000000e+00
0.000000000000000000e+00
0.000000000000000000e+00
0.000000000000000000e+00
0.000000000000000000e+00
0.000000000000000000e+00
0.000000000000000000e+00
0.000000000000000000e+00
0.000000000000000000e+00
0.000000000000000000e+00
0.000000000000000000e+00
0.000000000000000000e+00
8.300000000000000000e+01
2.700000000000000000e+01
3.500000000000000000e+01
3.000000000000000000e+01
3.800000000000000000e+01
2.900000000000000000e+01
4.800000000000000000e+01
4.500000000000000000e+01
4.800000000000000000e+01
6.200000000000000000e+01
5.800000000000000000e+01
7.300000000000000000e+01
5.800000000000000000e+01
9.000000000000000000e+01
1.150000000000000000e+02
1.300000000000000000e+02
1.170000000000000000e+02
1.460000000000000000e+02
1.590000000000000000e+02
1.610000000000000000e+02
1.790000000000000000e+02
2.290000000000000000e+02
2.250000000000000000e+02
2.140000000000000000e+02
2.500000000000000000e+02
2.450000000000000000e+02
2.620000000000000000e+02
2.470000000000000000e+02
2.540000000000000000e+02
2.360000000000000000e+02
2.710000000000000000e+02
2.640000000000000000e+02
2.720000000000000000e+02
2.600000000000000000e+02
2.640000000000000000e+02
3.150000000000000000e+02
2.900000000000000000e+02
3.110000000000000000e+02
3.270000000000000000e+02
3.530000000000000000e+02
4.350000000000000000e+02
4.280000000000000000e+02
5.010000000000000000e+02
5.060000000000000000e+02
6.020000000000000000e+02
8.930000000000000000e+02
1.924000000000000000e+03
2.857000000000000000e+03
3.271000000000000000e+03
3.939000000000000000e+03
5.177000000000000000e+03
6.201000000000000000e+03
7.390000000000000000e+03
8.141000000000000000e+03
8.923000000000000000e+03
9.516000000000000000e+03
9.879000000000000000e+03
1.056200000000000000e+04
1.179000000000000000e+04
1.081800000000000000e+04
9.454000000000000000e+03
8.005000000000000000e+03
6.486000000000000000e+03
4.532000000000000000e+03
3.962000000000000000e+03
3.420000000000000000e+03
3.026000000000000000e+03
2.278000000000000000e+03
1.583000000000000000e+03
1.340000000000000000e+03
9.070000000000000000e+02
6.290000000000000000e+02
5.100000000000000000e+02
4.260000000000000000e+02
3.770000000000000000e+02
4.520000000000000000e+02
4.200000000000000000e+02
4.400000000000000000e+02
4.070000000000000000e+02
4.270000000000000000e+02
4.400000000000000000e+02
4.130000000000000000e+02
4.320000000000000000e+02
3.950000000000000000e+02
4.310000000000000000e+02
4.130000000000000000e+02
3.940000000000000000e+02
4.320000000000000000e+02
4.080000000000000000e+02
4.170000000000000000e+02
4.100000000000000000e+02
4.000000000000000000e+02
4.110000000000000000e+02
4.480000000000000000e+02
4.030000000000000000e+02
3.970000000000000000e+02
4.150000000000000000e+02
3.650000000000000000e+02
3.960000000000000000e+02
4.020000000000000000e+02
3.730000000000000000e+02
3.540000000000000000e+02
4.210000000000000000e+02
3.680000000000000000e+02
3.340000000000000000e+02
3.720000000000000000e+02
3.540000000000000000e+02
3.170000000000000000e+02
3.510000000000000000e+02
3.230000000000000000e+02
3.340000000000000000e+02
3.230000000000000000e+02
3.120000000000000000e+02
3.010000000000000000e+02
2.860000000000000000e+02
3.180000000000000000e+02
2.820000000000000000e+02
2.710000000000000000e+02
2.680000000000000000e+02
2.660000000000000000e+02
2.480000000000000000e+02
2.650000000000000000e+02
2.950000000000000000e+02
2.910000000000000000e+02
2.790000000000000000e+02
2.660000000000000000e+02
2.540000000000000000e+02
2.560000000000000000e+02
2.950000000000000000e+02
2.420000000000000000e+02
2.550000000000000000e+02
2.780000000000000000e+02
2.800000000000000000e+02
2.710000000000000000e+02
2.490000000000000000e+02
2.590000000000000000e+02
2.490000000000000000e+02
2.610000000000000000e+02
2.590000000000000000e+02
2.560000000000000000e+02
2.320000000000000000e+02
2.810000000000000000e+02
2.280000000000000000e+02
2.410000000000000000e+02
2.480000000000000000e+02
2.490000000000000000e+02
2.480000000000000000e+02
2.130000000000000000e+02
2.300000000000000000e+02
2.380000000000000000e+02
2.250000000000000000e+02
2.240000000000000000e+02
2.130000000000000000e+02
2.200000000000000000e+02
2.120000000000000000e+02
2.040000000000000000e+02
1.870000000000000000e+02
1.980000000000000000e+02
1.930000000000000000e+02
1.860000000000000000e+02
1.690000000000000000e+02
1.460000000000000000e+02
1.640000000000000000e+02
1.550000000000000000e+02
1.580000000000000000e+02
1.490000000000000000e+02
1.180000000000000000e+02
1.370000000000000000e+02
1.110000000000000000e+02
1.190000000000000000e+02
9.800000000000000000e+01
1.000000000000000000e+02
9.100000000000000000e+01
1.030000000000000000e+02
6.900000000000000000e+01
7.900000000000000000e+01
8.700000000000000000e+01
8.200000000000000000e+01
7.500000000000000000e+01
6.900000000000000000e+01
8.400000000000000000e+01
6.600000000000000000e+01
5.700000000000000000e+01
4.700000000000000000e+01
4.500000000000000000e+01
4.000000000000000000e+01
4.700000000000000000e+01
4.000000000000000000e+01
3.800000000000000000e+01
3.600000000000000000e+01
3.900000000000000000e+01
2.800000000000000000e+01
2.700000000000000000e+01
3.400000000000000000e+01
2.700000000000000000e+01
2.700000000000000000e+01
2.300000000000000000e+01
3.200000000000000000e+01
2.600000000000000000e+01
1.500000000000000000e+01
2.700000000000000000e+01
1.400000000000000000e+01
2.400000000000000000e+01
1.300000000000000000e+01
1.400000000000000000e+01
1.400000000000000000e+01
8.000000000000000000e+00
1.200000000000000000e+01
1.000000000000000000e+01
6.000000000000000000e+00
8.000000000000000000e+00
8.000000000000000000e+00
1.400000000000000000e+01
9.000000000000000000e+00
9.000000000000000000e+00
8.000000000000000000e+00
8.000000000000000000e+00
4.000000000000000000e+00
4.000000000000000000e+00
6.000000000000000000e+00
0.000000000000000000e+00
3.000000000000000000e+00
3.000000000000000000e+00
3.000000000000000000e+00
6.000000000000000000e+00
7.000000000000000000e+00
2.000000000000000000e+00
3.000000000000000000e+00
1.000000000000000000e+00
3.000000000000000000e+00
0.000000000000000000e+00
2.000000000000000000e+00
1.000000000000000000e+00
2.000000000000000000e+00
1.000000000000000000e+00
1.000000000000000000e+00
0.000000000000000000e+00
1.000000000000000000e+00
1.000000000000000000e+00
0.000000000000000000e+00
0.000000000000000000e+00
1.000000000000000000e+00
0.000000000000000000e+00
0.000000000000000000e+00
0.000000000000000000e+00
0.000000000000000000e+00
0.000000000000000000e+00
0.000000000000000000e+00
0.000000000000000000e+00
0.000000000000000000e+00
0.000000000000000000e+00
0.000000000000000000e+00
0.000000000000000000e+00
0.000000000000000000e+00
0.000000000000000000e+00
0.000000000000000000e+00
4.100000000000000000e+01
4.600000000000000000e+01
2.200000000000000000e+01
3.600000000000000000e+01
3.000000000000000000e+01
3.200000000000000000e+01
3.000000000000000000e+01
3.100000000000000000e+01
4.000000000000000000e+01
5.100000000000000000e+01
4.400000000000000000e+01
4.300000000000000000e+01
4.500000000000000000e+01
7.100000000000000000e+01
7.300000000000000000e+01
9.400000000000000000e+01
1.000000000000000000e+02
1.040000000000000000e+02
1.230000000000000000e+02
1.120000000000000000e+02
1.240000000000000000e+02
1.510000000000000000e+02
1.480000000000000000e+02
1.730000000000000000e+02
2.080000000000000000e+02
1.710000000000000000e+02
2.030000000000000000e+02
2.360000000000000000e+02
2.590000000000000000e+02
3.050000000000000000e+02
3.760000000000000000e+02
4.630000000000000000e+02
5.600000000000000000e+02
8.290000000000000000e+02
1.514000000000000000e+03
3.070000000000000000e+03
5.673000000000000000e+03
8.205000000000000000e+03
9.849000000000000000e+03
1.060600000000000000e+04
1.081900000000000000e+04
9.260000000000000000e+03
8.281000000000000000e+03
7.773000000000000000e+03
7.032000000000000000e+03
7.052000000000000000e+03
7.923000000000000000e+03
7.734000000000000000e+03
7.565000000000000000e+03
7.248000000000000000e+03
6.634000000000000000e+03
4.999000000000000000e+03
3.794000000000000000e+03
2.654000000000000000e+03
1.947000000000000000e+03
1.268000000000000000e+03
1.027000000000000000e+03
7.460000000000000000e+02
5.870000000000000000e+02
4.830000000000000000e+02
4.510000000000000000e+02
3.950000000000000000e+02
3.600000000000000000e+02
3.980000000000000000e+02
3.540000000000000000e+02
3.680000000000000000e+02
3.650000000000000000e+02
3.860000000000000000e+02
3.720000000000000000e+02
3.790000000000000000e+02
3.630000000000000000e+02
3.640000000000000000e+02
3.670000000000000000e+02
3.690000000000000000e+02
3.470000000000000000e+02
3.660000000000000000e+02
3.610000000000000000e+02
3.940000000000000000e+02
3.560000000000000000e+02
3.720000000000000000e+02
3.920000000000000000e+02
4.190000000000000000e+02
3.850000000000000000e+02
3.680000000000000000e+02
4.040000000000000000e+02
3.780000000000000000e+02
3.670000000000000000e+02
3.850000000000000000e+02
3.390000000000000000e+02
4.030000000000000000e+02
3.960000000000000000e+02
4.020000000000000000e+02
4.000000000000000000e+02
4.000000000000000000e+02
4.040000000000000000e+02
3.960000000000000000e+02
4.020000000000000000e+02
3.760000000000000000e+02
3.400000000000000000e+02
3.820000000000000000e+02
3.850000000000000000e+02
3.970000000000000000e+02
3.470000000000000000e+02
3.760000000000000000e+02
3.500000000000000000e+02
3.530000000000000000e+02
3.780000000000000000e+02
3.480000000000000000e+02
3.320000000000000000e+02
3.530000000000000000e+02
3.600000000000000000e+02
3.190000000000000000e+02
3.140000000000000000e+02
3.110000000000000000e+02
3.020000000000000000e+02
3.350000000000000000e+02
2.780000000000000000e+02
2.920000000000000000e+02
3.130000000000000000e+02
3.160000000000000000e+02
2.450000000000000000e+02
2.830000000000000000e+02
2.900000000000000000e+02
2.430000000000000000e+02
2.400000000000000000e+02
2.750000000000000000e+02
2.520000000000000000e+02
2.720000000000000000e+02
2.280000000000000000e+02
2.620000000000000000e+02
2.270000000000000000e+02
2.460000000000000000e+02
2.680000000000000000e+02
2.740000000000000000e+02
2.480000000000000000e+02
2.300000000000000000e+02
2.090000000000000000e+02
2.370000000000000000e+02
2.490000000000000000e+02
2.430000000000000000e+02
2.070000000000000000e+02
2.530000000000000000e+02
2.320000000000000000e+02
2.300000000000000000e+02
2.200000000000000000e+02
2.450000000000000000e+02
2.560000000000000000e+02
2.130000000000000000e+02
2.530000000000000000e+02
2.230000000000000000e+02
2.120000000000000000e+02
2.000000000000000000e+02
2.320000000000000000e+02
2.260000000000000000e+02
2.390000000000000000e+02
2.240000000000000000e+02
2.270000000000000000e+02
2.040000000000000000e+02
2.040000000000000000e+02
2.300000000000000000e+02
2.390000000000000000e+02
2.380000000000000000e+02
2.060000000000000000e+02
2.440000000000000000e+02
2.060000000000000000e+02
1.930000000000000000e+02
1.880000000000000000e+02
1.950000000000000000e+02
1.840000000000000000e+02
1.920000000000000000e+02
1.700000000000000000e+02
1.730000000000000000e+02
1.630000000000000000e+02
1.640000000000000000e+02
1.940000000000000000e+02
1.590000000000000000e+02
1.410000000000000000e+02
1.500000000000000000e+02
1.470000000000000000e+02
1.540000000000000000e+02
1.360000000000000000e+02
1.120000000000000000e+02
1.120000000000000000e+02
1.040000000000000000e+02
1.250000000000000000e+02
9.700000000000000000e+01
9.100000000000000000e+01
1.180000000000000000e+02
9.400000000000000000e+01
1.020000000000000000e+02
9.900000000000000000e+01
8.600000000000000000e+01
8.100000000000000000e+01
9.400000000000000000e+01
8.300000000000000000e+01
7.500000000000000000e+01
8.100000000000000000e+01
1.060000000000000000e+02
8.900000000000000000e+01
9.100000000000000000e+01
9.200000000000000000e+01
7.800000000000000000e+01
9.400000000000000000e+01
9.500000000000000000e+01
8.600000000000000000e+01
7.900000000000000000e+01
8.100000000000000000e+01
7.100000000000000000e+01
6.900000000000000000e+01
6.000000000000000000e+01
5.200000000000000000e+01
3.900000000000000000e+01
4.800000000000000000e+01
3.600000000000000000e+01
2.400000000000000000e+01
2.100000000000000000e+01
1.400000000000000000e+01
1.600000000000000000e+01
1.200000000000000000e+01
1.600000000000000000e+01
5.000000000000000000e+00
9.000000000000000000e+00
4.000000000000000000e+00
7.000000000000000000e+00
5.000000000000000000e+00
3.000000000000000000e+00
5.000000000000000000e+00
5.000000000000000000e+00
5.000000000000000000e+00
5.000000000000000000e+00
4.000000000000000000e+00
2.000000000000000000e+00
2.000000000000000000e+00
3.000000000000000000e+00
4.000000000000000000e+00
3.000000000000000000e+00
3.000000000000000000e+00
3.000000000000000000e+00
2.000000000000000000e+00
2.000000000000000000e+00
4.000000000000000000e+00
2.000000000000000000e+00
0.000000000000000000e+00
0.000000000000000000e+00
0.000000000000000000e+00
1.000000000000000000e+00
0.000000000000000000e+00
1.000000000000000000e+00
0.000000000000000000e+00
0.000000000000000000e+00
0.000000000000000000e+00
0.000000000000000000e+00
0.000000000000000000e+00
0.000000000000000000e+00
0.000000000000000000e+00
0.000000000000000000e+00
1.757000000000000000e+03
3.000000000000000000e+01
3.400000000000000000e+01
7.300000000000000000e+01
3.300000000000000000e+01
2.500000000000000000e+02
4.960000000000000000e+02
6.900000000000000000e+01
4.100000000000000000e+02
3.370000000000000000e+02
4.480000000000000000e+02
1.120000000000000000e+03
9.720000000000000000e+02
2.041000000000000000e+03
1.125000000000000000e+03
1.157000000000000000e+03
1.160000000000000000e+03
8.340000000000000000e+02
6.710000000000000000e+02
1.390000000000000000e+03
2.059000000000000000e+03
1.676000000000000000e+03
2.171000000000000000e+03
1.541000000000000000e+03
3.125000000000000000e+03
1.532000000000000000e+03
3.192000000000000000e+03
1.235000000000000000e+03
1.368000000000000000e+03
1.469000000000000000e+03
3.066000000000000000e+03
5.370000000000000000e+02
9.450000000000000000e+02
7.870000000000000000e+02
6.750000000000000000e+02
1.290000000000000000e+03
6.370000000000000000e+02
2.220000000000000000e+02
3.930000000000000000e+02
1.590000000000000000e+02
3.090000000000000000e+02
3.600000000000000000e+01
3.120000000000000000e+02
4.630000000000000000e+02
2.400000000000000000e+01
1.480000000000000000e+02
8.000000000000000000e+01
4.000000000000000000e+00
2.680000000000000000e+02
1.100000000000000000e+01
3.640000000000000000e+02
2.360000000000000000e+02
1.490000000000000000e+02
1.600000000000000000e+01
5.200000000000000000e+01
2.150000000000000000e+02
2.220000000000000000e+02
7.600000000000000000e+01
1.700000000000000000e+01
3.000000000000000000e+00
3.050000000000000000e+02
0.000000000000000000e+00
4.900000000000000000e+01
1.660000000000000000e+02
1.000000000000000000e+00
7.900000000000000000e+01
5.160000000000000000e+02
8.600000000000000000e+01
1.960000000000000000e+02
2.190000000000000000e+02
3.340000000000000000e+02
1.560000000000000000e+02
1.680000000000000000e+02
3.760000000000000000e+02
1.756000000000000000e+03
5.030000000000000000e+02
1.141000000000000000e+03
4.020000000000000000e+02
2.000000000000000000e+00
9.363000000000000000e+03
2.546700000000000000e+04
1.263000000000000000e+03
2.100000000000000000e+01
4.170000000000000000e+02
2.819100000000000000e+04
1.983900000000000000e+04
2.400000000000000000e+01
9.545000000000000000e+03
6.421000000000000000e+03
5.600000000000000000e+01
2.131800000000000000e+04
4.000000000000000000e+01
1.016000000000000000e+03
4.594000000000000000e+03
1.100000000000000000e+01
2.805000000000000000e+03
7.060000000000000000e+02
8.000000000000000000e+00
4.510000000000000000e+02
7.200000000000000000e+01
3.600000000000000000e+01
3.230000000000000000e+02
2.100000000000000000e+01
2.330000000000000000e+02
9.100000000000000000e+01
5.300000000000000000e+01
6.800000000000000000e+01
1.300000000000000000e+01
1.100000000000000000e+01
5.600000000000000000e+01
3.250000000000000000e+02
4.300000000000000000e+01
1.300000000000000000e+01
9.000000000000000000e+00
1.420000000000000000e+02
3.500000000000000000e+01
1.900000000000000000e+01
0.000000000000000000e+00
1.000000000000000000e+00
2.000000000000000000e+00
5.510000000000000000e+02
0.000000000000000000e+00
6.000000000000000000e+00
0.000000000000000000e+00
1.200000000000000000e+01
3.100000000000000000e+01
8.000000000000000000e+01
1.000000000000000000e+00
9.000000000000000000e+00
3.000000000000000000e+00
9.000000000000000000e+00
0.000000000000000000e+00
5.100000000000000000e+01
2.300000000000000000e+01
1.000000000000000000e+00
1.000000000000000000e+00
0.000000000000000000e+00
0.000000000000000000e+00
6.000000000000000000e+00
1.000000000000000000e+00
1.660000000000000000e+02
1.200000000000000000e+01
3.000000000000000000e+00
0.000000000000000000e+00
1.000000000000000000e+00
3.900000000000000000e+01
8.000000000000000000e+00
3.000000000000000000e+00
2.000000000000000000e+00
0.000000000000000000e+00
1.900000000000000000e+01
0.000000000000000000e+00
1.000000000000000000e+00
5.000000000000000000e+00
0.000000000000000000e+00
4.000000000000000000e+00
8.700000000000000000e+01
2.000000000000000000e+00
3.000000000000000000e+00
4.000000000000000000e+00
4.400000000000000000e+01
1.000000000000000000e+00
3.000000000000000000e+00
1.500000000000000000e+01
1.000000000000000000e+01
6.340000000000000000e+02
7.000000000000000000e+00
8.000000000000000000e+00
0.000000000000000000e+00
1.200000000000000000e+01
1.600000000000000000e+02
2.000000000000000000e+00
1.000000000000000000e+00
2.010000000000000000e+02
1.900000000000000000e+01
2.000000000000000000e+01
9.000000000000000000e+00
1.170000000000000000e+02
1.000000000000000000e+01
1.500000000000000000e+01
0.000000000000000000e+00
0.000000000000000000e+00
0.000000000000000000e+00
0.000000000000000000e+00
0.000000000000000000e+00
0.000000000000000000e+00
0.000000000000000000e+00
0.000000000000000000e+00
0.000000000000000000e+00
0.000000000000000000e+00
0.000000000000000000e+00
0.000000000000000000e+00
0.000000000000000000e+00
0.000000000000000000e+00
0.000000000000000000e+00
0.000000000000000000e+00
0.000000000000000000e+00
0.000000000000000000e+00
0.000000000000000000e+00
0.000000000000000000e+00
0.000000000000000000e+00
0.000000000000000000e+00
0.000000000000000000e+00
0.000000000000000000e+00
0.000000000000000000e+00
0.000000000000000000e+00
0.000000000000000000e+00
0.000000000000000000e+00
0.000000000000000000e+00
0.000000000000000000e+00
0.000000000000000000e+00
0.000000000000000000e+00
0.000000000000000000e+00
0.000000000000000000e+00
0.000000000000000000e+00
0.000000000000000000e+00
0.000000000000000000e+00
0.000000000000000000e+00
0.000000000000000000e+00
0.000000000000000000e+00
0.000000000000000000e+00
0.000000000000000000e+00
0.000000000000000000e+00
0.000000000000000000e+00
0.000000000000000000e+00
0.000000000000000000e+00
0.000000000000000000e+00
0.000000000000000000e+00
0.000000000000000000e+00
0.000000000000000000e+00
0.000000000000000000e+00
0.000000000000000000e+00
0.000000000000000000e+00
0.000000000000000000e+00
0.000000000000000000e+00
0.000000000000000000e+00
0.000000000000000000e+00
0.000000000000000000e+00
0.000000000000000000e+00
0.000000000000000000e+00
0.000000000000000000e+00
0.000000000000000000e+00
0.000000000000000000e+00
0.000000000000000000e+00
0.000000000000000000e+00
0.000000000000000000e+00
0.000000000000000000e+00
0.000000000000000000e+00
0.000000000000000000e+00
0.000000000000000000e+00
0.000000000000000000e+00
0.000000000000000000e+00
0.000000000000000000e+00
0.000000000000000000e+00
0.000000000000000000e+00
0.000000000000000000e+00
1.483000000000000000e+03
0.000000000000000000e+00
4.900000000000000000e+01
2.230000000000000000e+02
3.430000000000000000e+02
7.080000000000000000e+02
6.290000000000000000e+02
5.330000000000000000e+02
5.920000000000000000e+02
5.580000000000000000e+02
5.270000000000000000e+02
5.190000000000000000e+02
5.250000000000000000e+02
6.130000000000000000e+02
6.510000000000000000e+02
5.580000000000000000e+02
5.220000000000000000e+02
4.760000000000000000e+02
5.040000000000000000e+02
4.430000000000000000e+02
4.900000000000000000e+02
4.740000000000000000e+02
5.360000000000000000e+02
5.050000000000000000e+02
4.810000000000000000e+02
4.480000000000000000e+02
5.650000000000000000e+02
5.200000000000000000e+02
5.010000000000000000e+02
4.410000000000000000e+02
4.690000000000000000e+02
4.730000000000000000e+02
4.270000000000000000e+02
4.090000000000000000e+02
5.320000000000000000e+02
7.600000000000000000e+02
1.022000000000000000e+03
7.440000000000000000e+02
1.160000000000000000e+03
8.590000000000000000e+02
1.184000000000000000e+03
9.340000000000000000e+02
1.566000000000000000e+03
2.514000000000000000e+03
1.615000000000000000e+03
2.306000000000000000e+03
2.703000000000000000e+03
1.969000000000000000e+03
2.313000000000000000e+03
5.399000000000000000e+03
4.174000000000000000e+03
4.503000000000000000e+03
4.593000000000000000e+03
4.664000000000000000e+03
3.350000000000000000e+03
2.987000000000000000e+03
2.847000000000000000e+03
3.428000000000000000e+03
4.563000000000000000e+03
4.241000000000000000e+03
5.112000000000000000e+03
4.531000000000000000e+03
3.917000000000000000e+03
2.617000000000000000e+03
5.252000000000000000e+03
6.024000000000000000e+03
5.392000000000000000e+03
5.362000000000000000e+03
3.767000000000000000e+03
2.384000000000000000e+03
5.608000000000000000e+03
3.553000000000000000e+03
5.271000000000000000e+03
4.266000000000000000e+03
4.273000000000000000e+03
1.745000000000000000e+03
2.975000000000000000e+03
2.746000000000000000e+03
1.645000000000000000e+03
6.090000000000000000e+02
8.500000000000000000e+02
5.320000000000000000e+02
7.380000000000000000e+02
3.770000000000000000e+02
5.370000000000000000e+02
8.470000000000000000e+02
2.720000000000000000e+02
6.750000000000000000e+02
6.110000000000000000e+02
2.770000000000000000e+02
4.520000000000000000e+02
4.240000000000000000e+02
2.210000000000000000e+02
3.290000000000000000e+02
2.980000000000000000e+02
2.150000000000000000e+02
2.790000000000000000e+02
2.390000000000000000e+02
2.400000000000000000e+02
2.210000000000000000e+02
2.240000000000000000e+02
2.120000000000000000e+02
2.320000000000000000e+02
1.970000000000000000e+02
1.960000000000000000e+02
1.900000000000000000e+02
2.450000000000000000e+02
1.930000000000000000e+02
1.950000000000000000e+02
2.320000000000000000e+02
1.740000000000000000e+02
1.910000000000000000e+02
1.540000000000000000e+02
2.010000000000000000e+02
1.900000000000000000e+02
1.750000000000000000e+02
1.660000000000000000e+02
1.830000000000000000e+02
1.720000000000000000e+02
1.810000000000000000e+02
1.740000000000000000e+02
1.430000000000000000e+02
1.720000000000000000e+02
1.760000000000000000e+02
1.690000000000000000e+02
1.390000000000000000e+02
1.260000000000000000e+02
1.640000000000000000e+02
2.320000000000000000e+02
1.110000000000000000e+02
1.600000000000000000e+02
1.590000000000000000e+02
1.490000000000000000e+02
1.580000000000000000e+02
1.570000000000000000e+02
1.620000000000000000e+02
1.570000000000000000e+02
1.330000000000000000e+02
1.500000000000000000e+02
1.590000000000000000e+02
1.600000000000000000e+02
1.370000000000000000e+02
1.720000000000000000e+02
1.650000000000000000e+02
1.190000000000000000e+02
1.210000000000000000e+02
1.470000000000000000e+02
1.130000000000000000e+02
1.530000000000000000e+02
1.540000000000000000e+02
1.180000000000000000e+02
1.310000000000000000e+02
1.230000000000000000e+02
1.300000000000000000e+02
1.000000000000000000e+02
1.240000000000000000e+02
1.410000000000000000e+02
1.050000000000000000e+02
1.240000000000000000e+02
1.490000000000000000e+02
9.900000000000000000e+01
1.300000000000000000e+02
1.290000000000000000e+02
1.230000000000000000e+02
1.230000000000000000e+02
1.460000000000000000e+02
9.600000000000000000e+01
1.190000000000000000e+02
1.410000000000000000e+02
7.900000000000000000e+01
1.700000000000000000e+02
6.500000000000000000e+01
8.900000000000000000e+01
1.170000000000000000e+02
1.000000000000000000e+02
9.400000000000000000e+01
1.040000000000000000e+02
1.270000000000000000e+02
8.400000000000000000e+01
1.230000000000000000e+02
9.200000000000000000e+01
1.330000000000000000e+02
1.050000000000000000e+02
1.200000000000000000e+02
1.000000000000000000e+02
1.000000000000000000e+02
8.200000000000000000e+01
8.600000000000000000e+01
1.050000000000000000e+02
8.800000000000000000e+01
8.100000000000000000e+01
1.250000000000000000e+02
4.900000000000000000e+01
9.900000000000000000e+01
7.800000000000000000e+01
7.100000000000000000e+01
8.000000000000000000e+01
6.700000000000000000e+01
7.900000000000000000e+01
5.100000000000000000e+01
7.800000000000000000e+01
8.000000000000000000e+01
5.800000000000000000e+01
7.200000000000000000e+01
7.400000000000000000e+01
6.100000000000000000e+01
6.600000000000000000e+01
5.800000000000000000e+01
4.800000000000000000e+01
8.400000000000000000e+01
5.200000000000000000e+01
5.400000000000000000e+01
4.900000000000000000e+01
8.200000000000000000e+01
5.200000000000000000e+01
6.600000000000000000e+01
5.500000000000000000e+01
5.800000000000000000e+01
5.100000000000000000e+01
8.800000000000000000e+01
4.400000000000000000e+01
5.400000000000000000e+01
6.500000000000000000e+01
4.100000000000000000e+01
5.100000000000000000e+01
3.600000000000000000e+01
4.700000000000000000e+01
5.500000000000000000e+01
4.700000000000000000e+01
5.200000000000000000e+01
4.900000000000000000e+01
5.200000000000000000e+01
5.400000000000000000e+01
5.700000000000000000e+01
5.800000000000000000e+01
5.200000000000000000e+01
6.000000000000000000e+01
6.000000000000000000e+01
4.600000000000000000e+01
4.700000000000000000e+01
5.400000000000000000e+01
4.700000000000000000e+01
5.800000000000000000e+01
4.700000000000000000e+01
5.900000000000000000e+01
6.400000000000000000e+01
6.300000000000000000e+01
4.700000000000000000e+01
5.400000000000000000e+01
5.900000000000000000e+01
4.700000000000000000e+01
3.800000000000000000e+01
4.300000000000000000e+01
5.700000000000000000e+01
4.000000000000000000e+00
8.500000000000000000e+02
2.300000000000000000e+01
5.200000000000000000e+01
2.000000000000000000e+01
2.800000000000000000e+01
3.000000000000000000e+01
3.000000000000000000e+01
3.100000000000000000e+01
3.200000000000000000e+01
3.500000000000000000e+01
4.700000000000000000e+01
4.300000000000000000e+01
4.800000000000000000e+01
4.000000000000000000e+01
6.300000000000000000e+01
7.200000000000000000e+01
8.400000000000000000e+01
9.300000000000000000e+01
9.900000000000000000e+01
1.140000000000000000e+02
9.800000000000000000e+01
1.100000000000000000e+02
1.500000000000000000e+02
1.430000000000000000e+02
1.640000000000000000e+02
1.970000000000000000e+02
1.630000000000000000e+02
1.830000000000000000e+02
1.990000000000000000e+02
2.180000000000000000e+02
2.110000000000000000e+02
2.320000000000000000e+02
2.230000000000000000e+02
2.150000000000000000e+02
2.510000000000000000e+02
2.140000000000000000e+02
2.460000000000000000e+02
2.560000000000000000e+02
2.470000000000000000e+02
2.840000000000000000e+02
2.810000000000000000e+02
3.100000000000000000e+02
3.420000000000000000e+02
4.050000000000000000e+02
3.890000000000000000e+02
5.280000000000000000e+02
7.300000000000000000e+02
1.253000000000000000e+03
2.499000000000000000e+03
3.304000000000000000e+03
3.913000000000000000e+03
5.012000000000000000e+03
6.202000000000000000e+03
7.453000000000000000e+03
8.209000000000000000e+03
8.834000000000000000e+03
9.533000000000000000e+03
9.854000000000000000e+03
1.059100000000000000e+04
1.182800000000000000e+04
1.072600000000000000e+04
9.538000000000000000e+03
8.074000000000000000e+03
6.589000000000000000e+03
4.610000000000000000e+03
3.970000000000000000e+03
3.440000000000000000e+03
2.985000000000000000e+03
2.272000000000000000e+03
1.554000000000000000e+03
1.302000000000000000e+03
8.630000000000000000e+02
6.250000000000000000e+02
4.780000000000000000e+02
4.080000000000000000e+02
3.820000000000000000e+02
4.070000000000000000e+02
3.620000000000000000e+02
4.150000000000000000e+02
3.700000000000000000e+02
3.790000000000000000e+02
3.910000000000000000e+02
4.140000000000000000e+02
3.950000000000000000e+02
3.680000000000000000e+02
3.940000000000000000e+02
3.890000000000000000e+02
3.780000000000000000e+02
3.920000000000000000e+02
3.440000000000000000e+02
3.980000000000000000e+02
3.900000000000000000e+02
3.890000000000000000e+02
3.980000000000000000e+02
4.140000000000000000e+02
3.890000000000000000e+02
4.110000000000000000e+02
4.170000000000000000e+02
3.740000000000000000e+02
3.720000000000000000e+02
3.700000000000000000e+02
3.890000000000000000e+02
3.850000000000000000e+02
3.540000000000000000e+02
3.930000000000000000e+02
3.550000000000000000e+02
3.680000000000000000e+02
3.650000000000000000e+02
3.550000000000000000e+02
3.340000000000000000e+02
3.480000000000000000e+02
3.570000000000000000e+02
3.250000000000000000e+02
3.310000000000000000e+02
3.210000000000000000e+02
3.170000000000000000e+02
3.370000000000000000e+02
2.720000000000000000e+02
3.080000000000000000e+02
3.230000000000000000e+02
3.110000000000000000e+02
2.470000000000000000e+02
2.760000000000000000e+02
2.960000000000000000e+02
2.540000000000000000e+02
2.490000000000000000e+02
2.610000000000000000e+02
2.490000000000000000e+02
2.660000000000000000e+02
2.510000000000000000e+02
2.680000000000000000e+02
2.300000000000000000e+02
2.680000000000000000e+02
2.610000000000000000e+02
2.780000000000000000e+02
2.550000000000000000e+02
2.360000000000000000e+02
2.120000000000000000e+02
2.480000000000000000e+02
2.650000000000000000e+02
2.550000000000000000e+02
2.190000000000000000e+02
2.440000000000000000e+02
2.360000000000000000e+02
2.220000000000000000e+02
2.360000000000000000e+02
2.520000000000000000e+02
2.470000000000000000e+02
2.050000000000000000e+02
2.570000000000000000e+02
2.180000000000000000e+02
2.300000000000000000e+02
2.030000000000000000e+02
2.370000000000000000e+02
2.160000000000000000e+02
2.420000000000000000e+02
2.250000000000000000e+02
2.220000000000000000e+02
2.000000000000000000e+02
2.260000000000000000e+02
2.460000000000000000e+02
2.380000000000000000e+02
2.300000000000000000e+02
2.170000000000000000e+02
2.470000000000000000e+02
2.000000000000000000e+02
2.100000000000000000e+02
1.830000000000000000e+02
1.980000000000000000e+02
1.880000000000000000e+02
2.000000000000000000e+02
1.760000000000000000e+02
1.890000000000000000e+02
1.610000000000000000e+02
1.700000000000000000e+02
1.860000000000000000e+02
1.580000000000000000e+02
1.400000000000000000e+02
1.470000000000000000e+02
1.450000000000000000e+02
1.490000000000000000e+02
1.450000000000000000e+02
1.210000000000000000e+02
1.210000000000000000e+02
1.080000000000000000e+02
1.300000000000000000e+02
1.000000000000000000e+02
8.800000000000000000e+01
1.160000000000000000e+02
9.900000000000000000e+01
1.030000000000000000e+02
9.800000000000000000e+01
8.700000000000000000e+01
8.500000000000000000e+01
9.700000000000000000e+01
8.300000000000000000e+01
7.800000000000000000e+01
8.300000000000000000e+01
1.080000000000000000e+02
8.700000000000000000e+01
8.900000000000000000e+01
9.200000000000000000e+01
7.700000000000000000e+01
9.600000000000000000e+01
9.800000000000000000e+01
8.500000000000000000e+01
7.900000000000000000e+01
8.400000000000000000e+01
7.200000000000000000e+01
6.900000000000000000e+01
6.200000000000000000e+01
5.300000000000000000e+01
4.100000000000000000e+01
4.300000000000000000e+01
4.000000000000000000e+01
2.400000000000000000e+01
2.400000000000000000e+01
1.500000000000000000e+01
1.800000000000000000e+01
1.300000000000000000e+01
1.600000000000000000e+01
4.000000000000000000e+00
9.000000000000000000e+00
5.000000000000000000e+00
6.000000000000000000e+00
7.000000000000000000e+00
3.000000000000000000e+00
6.000000000000000000e+00
4.000000000000000000e+00
6.000000000000000000e+00
5.000000000000000000e+00
3.000000000000000000e+00
3.000000000000000000e+00
1.000000000000000000e+00
3.000000000000000000e+00
3.000000000000000000e+00
4.000000000000000000e+00
4.000000000000000000e+00
3.000000000000000000e+00
2.000000000000000000e+00
2.000000000000000000e+00
4.000000000000000000e+00
2.000000000000000000e+00
0.000000000000000000e+00
0.000000000000000000e+00
0.000000000000000000e+00
1.000000000000000000e+00
0.000000000000000000e+00
1.000000000000000000e+00
0.000000000000000000e+00
0.000000000000000000e+00
0.000000000000000000e+00
0.000000000000000000e+00
0.000000000000000000e+00
0.000000000000000000e+00
0.000000000000000000e+00
0.000000000000000000e+00
