8.650000000000000000e+02
7.700000000000000000e+01
1.750000000000000000e+02
1.140000000000000000e+02
1.920000000000000000e+02
1.750000000000000000e+02
1.280000000000000000e+02
1.400000000000000000e+02
9.900000000000000000e+01
1.470000000000000000e+02
9.200000000000000000e+01
9.800000000000000000e+01
1.180000000000000000e+02
1.110000000000000000e+02
9.700000000000000000e+01
1.170000000000000000e+02
1.270000000000000000e+02
1.120000000000000000e+02
9.100000000000000000e+01
1.010000000000000000e+02
1.070000000000000000e+02
1.220000000000000000e+02
1.110000000000000000e+02
1.140000000000000000e+02
1.160000000000000000e+02
9.100000000000000000e+01
1.250000000000000000e+02
1.190000000000000000e+02
1.210000000000000000e+02
1.260000000000000000e+02
1.110000000000000000e+02
1.390000000000000000e+02
1.380000000000000000e+02
1.290000000000000000e+02
1.250000000000000000e+02
1.360000000000000000e+02
1.400000000000000000e+02
1.280000000000000000e+02
1.410000000000000000e+02
1.320000000000000000e+02
1.540000000000000000e+02
1.670000000000000000e+02
1.450000000000000000e+02
1.520000000000000000e+02
1.620000000000000000e+02
1.620000000000000000e+02
1.560000000000000000e+02
1.580000000000000000e+02
1.560000000000000000e+02
1.400000000000000000e+02
1.780000000000000000e+02
1.790000000000000000e+02
1.710000000000000000e+02
1.570000000000000000e+02
1.940000000000000000e+02
1.700000000000000000e+02
1.710000000000000000e+02
1.630000000000000000e+02
1.760000000000000000e+02
1.900000000000000000e+02
1.840000000000000000e+02
1.840000000000000000e+02
1.930000000000000000e+02
2.070000000000000000e+02
2.030000000000000000e+02
2.190000000000000000e+02
2.050000000000000000e+02
2.010000000000000000e+02
2.270000000000000000e+02
1.930000000000000000e+02
2.120000000000000000e+02
2.200000000000000000e+02
2.120000000000000000e+02
2.460000000000000000e+02
2.110000000000000000e+02
2.470000000000000000e+02
2.090000000000000000e+02
2.180000000000000000e+02
2.360000000000000000e+02
2.420000000000000000e+02
2.610000000000000000e+02
2.520000000000000000e+02
2.490000000000000000e+02
2.590000000000000000e+02
2.430000000000000000e+02
2.240000000000000000e+02
2.570000000000000000e+02
2.540000000000000000e+02
3.280000000000000000e+02
3.950000000000000000e+02
4.180000000000000000e+02
5.120000000000000000e+02
6.410000000000000000e+02
7.150000000000000000e+02
9.520000000000000000e+02
1.115000000000000000e+03
1.381000000000000000e+03
1.548000000000000000e+03
1.858000000000000000e+03
1.886000000000000000e+03
1.982000000000000000e+03
1.887000000000000000e+03
2.058000000000000000e+03
2.100000000000000000e+03
2.113000000000000000e+03
2.115000000000000000e+03
2.240000000000000000e+03
2.212000000000000000e+03
2.279000000000000000e+03
2.395000000000000000e+03
2.536000000000000000e+03
2.520000000000000000e+03
2.468000000000000000e+03
2.315000000000000000e+03
2.323000000000000000e+03
2.426000000000000000e+03
2.292000000000000000e+03
2.474000000000000000e+03
2.245000000000000000e+03
2.045000000000000000e+03
1.856000000000000000e+03
1.656000000000000000e+03
1.629000000000000000e+03
1.696000000000000000e+03
1.945000000000000000e+03
2.265000000000000000e+03
2.547000000000000000e+03
2.954000000000000000e+03
3.607000000000000000e+03
4.288000000000000000e+03
4.533000000000000000e+03
4.696000000000000000e+03
5.024000000000000000e+03
4.939000000000000000e+03
4.698000000000000000e+03
4.610000000000000000e+03
4.459000000000000000e+03
4.217000000000000000e+03
3.838000000000000000e+03
3.459000000000000000e+03
3.112000000000000000e+03
2.665000000000000000e+03
2.510000000000000000e+03
2.242000000000000000e+03
2.172000000000000000e+03
2.021000000000000000e+03
1.824000000000000000e+03
1.531000000000000000e+03
1.318000000000000000e+03
1.168000000000000000e+03
1.070000000000000000e+03
1.100000000000000000e+03
9.540000000000000000e+02
7.760000000000000000e+02
7.250000000000000000e+02
6.750000000000000000e+02
5.090000000000000000e+02
4.150000000000000000e+02
3.230000000000000000e+02
2.830000000000000000e+02
2.790000000000000000e+02
2.650000000000000000e+02
2.360000000000000000e+02
2.350000000000000000e+02
2.370000000000000000e+02
2.350000000000000000e+02
2.520000000000000000e+02
2.660000000000000000e+02
2.390000000000000000e+02
2.340000000000000000e+02
2.490000000000000000e+02
2.460000000000000000e+02
2.300000000000000000e+02
2.070000000000000000e+02
2.160000000000000000e+02
1.750000000000000000e+02
2.010000000000000000e+02
1.840000000000000000e+02
1.830000000000000000e+02
1.880000000000000000e+02
1.710000000000000000e+02
1.820000000000000000e+02
1.690000000000000000e+02
1.760000000000000000e+02
1.650000000000000000e+02
1.840000000000000000e+02
1.710000000000000000e+02
1.760000000000000000e+02
1.500000000000000000e+02
1.650000000000000000e+02
1.720000000000000000e+02
1.690000000000000000e+02
1.700000000000000000e+02
1.250000000000000000e+02
1.520000000000000000e+02
1.530000000000000000e+02
1.780000000000000000e+02
1.480000000000000000e+02
1.500000000000000000e+02
1.550000000000000000e+02
1.420000000000000000e+02
1.260000000000000000e+02
1.130000000000000000e+02
1.280000000000000000e+02
1.130000000000000000e+02
1.290000000000000000e+02
9.800000000000000000e+01
1.320000000000000000e+02
1.140000000000000000e+02
1.260000000000000000e+02
1.130000000000000000e+02
1.370000000000000000e+02
1.120000000000000000e+02
1.010000000000000000e+02
1.060000000000000000e+02
8.700000000000000000e+01
1.340000000000000000e+02
9.400000000000000000e+01
1.080000000000000000e+02
9.800000000000000000e+01
8.900000000000000000e+01
1.070000000000000000e+02
7.500000000000000000e+01
8.800000000000000000e+01
9.400000000000000000e+01
8.000000000000000000e+01
7.000000000000000000e+01
1.000000000000000000e+02
9.400000000000000000e+01
7.300000000000000000e+01
8.700000000000000000e+01
9.000000000000000000e+01
7.500000000000000000e+01
7.900000000000000000e+01
7.700000000000000000e+01
7.400000000000000000e+01
7.400000000000000000e+01
7.700000000000000000e+01
6.800000000000000000e+01
6.600000000000000000e+01
7.100000000000000000e+01
6.900000000000000000e+01
5.700000000000000000e+01
8.300000000000000000e+01
7.300000000000000000e+01
7.500000000000000000e+01
8.300000000000000000e+01
6.700000000000000000e+01
9.100000000000000000e+01
7.800000000000000000e+01
1.010000000000000000e+02
7.600000000000000000e+01
7.300000000000000000e+01
1.020000000000000000e+02
6.300000000000000000e+01
7.530000000000000000e+02
7.120000000000000000e+02
2.710000000000000000e+02
1.850000000000000000e+02
1.410000000000000000e+02
1.500000000000000000e+02
1.280000000000000000e+02
1.090000000000000000e+02
1.020000000000000000e+02
1.000000000000000000e+02
7.500000000000000000e+01
8.500000000000000000e+01
9.000000000000000000e+01
7.000000000000000000e+01
8.100000000000000000e+01
7.200000000000000000e+01
8.000000000000000000e+01
8.800000000000000000e+01
8.100000000000000000e+01
7.700000000000000000e+01
7.900000000000000000e+01
9.000000000000000000e+01
8.300000000000000000e+01
8.800000000000000000e+01
6.400000000000000000e+01
8.600000000000000000e+01
8.200000000000000000e+01
7.200000000000000000e+01
7.800000000000000000e+01
8.600000000000000000e+01
8.300000000000000000e+01
7.200000000000000000e+01
1.000000000000000000e+02
9.200000000000000000e+01
9.500000000000000000e+01
9.900000000000000000e+01
1.070000000000000000e+02
1.040000000000000000e+02
9.200000000000000000e+01
1.070000000000000000e+02
1.080000000000000000e+02
1.200000000000000000e+02
9.500000000000000000e+01
1.230000000000000000e+02
1.100000000000000000e+02
1.230000000000000000e+02
1.120000000000000000e+02
1.180000000000000000e+02
1.240000000000000000e+02
1.270000000000000000e+02
1.120000000000000000e+02
1.400000000000000000e+02
1.460000000000000000e+02
1.430000000000000000e+02
1.110000000000000000e+02
1.360000000000000000e+02
1.340000000000000000e+02
1.660000000000000000e+02
1.630000000000000000e+02
1.690000000000000000e+02
1.510000000000000000e+02
1.650000000000000000e+02
1.580000000000000000e+02
1.400000000000000000e+02
1.790000000000000000e+02
1.520000000000000000e+02
1.670000000000000000e+02
1.860000000000000000e+02
1.630000000000000000e+02
1.840000000000000000e+02
1.690000000000000000e+02
1.700000000000000000e+02
2.010000000000000000e+02
1.790000000000000000e+02
1.640000000000000000e+02
1.710000000000000000e+02
1.570000000000000000e+02
1.750000000000000000e+02
1.760000000000000000e+02
1.960000000000000000e+02
1.750000000000000000e+02
1.770000000000000000e+02
2.090000000000000000e+02
1.900000000000000000e+02
2.000000000000000000e+02
2.270000000000000000e+02
1.960000000000000000e+02
2.090000000000000000e+02
2.350000000000000000e+02
2.280000000000000000e+02
2.980000000000000000e+02
4.090000000000000000e+02
5.010000000000000000e+02
5.690000000000000000e+02
6.330000000000000000e+02
6.760000000000000000e+02
8.090000000000000000e+02
8.660000000000000000e+02
1.018000000000000000e+03
1.166000000000000000e+03
1.281000000000000000e+03
1.486000000000000000e+03
1.456000000000000000e+03
1.528000000000000000e+03
1.613000000000000000e+03
1.785000000000000000e+03
1.853000000000000000e+03
1.870000000000000000e+03
2.063000000000000000e+03
2.241000000000000000e+03
2.332000000000000000e+03
2.573000000000000000e+03
2.509000000000000000e+03
2.158000000000000000e+03
2.087000000000000000e+03
2.182000000000000000e+03
2.285000000000000000e+03
2.194000000000000000e+03
2.300000000000000000e+03
2.100000000000000000e+03
2.014000000000000000e+03
1.963000000000000000e+03
2.039000000000000000e+03
2.216000000000000000e+03
2.361000000000000000e+03
2.689000000000000000e+03
3.044000000000000000e+03
3.528000000000000000e+03
4.148000000000000000e+03
4.402000000000000000e+03
4.345000000000000000e+03
4.262000000000000000e+03
4.319000000000000000e+03
4.063000000000000000e+03
3.631000000000000000e+03
3.148000000000000000e+03
2.788000000000000000e+03
2.710000000000000000e+03
2.886000000000000000e+03
3.166000000000000000e+03
3.292000000000000000e+03
3.221000000000000000e+03
3.120000000000000000e+03
2.898000000000000000e+03
2.456000000000000000e+03
2.236000000000000000e+03
1.840000000000000000e+03
1.692000000000000000e+03
1.553000000000000000e+03
1.405000000000000000e+03
1.394000000000000000e+03
1.428000000000000000e+03
1.492000000000000000e+03
1.609000000000000000e+03
1.543000000000000000e+03
1.580000000000000000e+03
1.628000000000000000e+03
1.871000000000000000e+03
1.817000000000000000e+03
1.575000000000000000e+03
1.240000000000000000e+03
9.070000000000000000e+02
6.710000000000000000e+02
4.720000000000000000e+02
3.780000000000000000e+02
3.090000000000000000e+02
2.720000000000000000e+02
2.930000000000000000e+02
2.580000000000000000e+02
2.640000000000000000e+02
2.590000000000000000e+02
2.420000000000000000e+02
2.460000000000000000e+02
2.480000000000000000e+02
2.430000000000000000e+02
2.480000000000000000e+02
2.240000000000000000e+02
2.420000000000000000e+02
2.610000000000000000e+02
2.860000000000000000e+02
2.770000000000000000e+02
2.390000000000000000e+02
2.630000000000000000e+02
2.340000000000000000e+02
2.060000000000000000e+02
2.030000000000000000e+02
2.200000000000000000e+02
2.270000000000000000e+02
2.310000000000000000e+02
1.980000000000000000e+02
1.860000000000000000e+02
1.760000000000000000e+02
1.900000000000000000e+02
2.030000000000000000e+02
2.020000000000000000e+02
1.740000000000000000e+02
1.920000000000000000e+02
1.940000000000000000e+02
1.830000000000000000e+02
1.830000000000000000e+02
1.800000000000000000e+02
1.900000000000000000e+02
2.060000000000000000e+02
1.650000000000000000e+02
1.580000000000000000e+02
1.630000000000000000e+02
1.510000000000000000e+02
1.440000000000000000e+02
1.660000000000000000e+02
1.450000000000000000e+02
1.580000000000000000e+02
1.580000000000000000e+02
1.450000000000000000e+02
1.520000000000000000e+02
1.360000000000000000e+02
1.560000000000000000e+02
1.310000000000000000e+02
1.210000000000000000e+02
1.260000000000000000e+02
1.240000000000000000e+02
1.110000000000000000e+02
1.050000000000000000e+02
1.260000000000000000e+02
1.290000000000000000e+02
1.070000000000000000e+02
1.100000000000000000e+02
1.130000000000000000e+02
1.010000000000000000e+02
1.120000000000000000e+02
9.600000000000000000e+01
9.200000000000000000e+01
8.700000000000000000e+01
1.110000000000000000e+02
1.160000000000000000e+02
8.100000000000000000e+01
9.100000000000000000e+01
9.100000000000000000e+01
1.050000000000000000e+02
9.000000000000000000e+01
8.700000000000000000e+01
9.500000000000000000e+01
1.150000000000000000e+02
8.200000000000000000e+01
8.600000000000000000e+01
9.200000000000000000e+01
1.060000000000000000e+02
7.700000000000000000e+01
9.700000000000000000e+01
9.500000000000000000e+01
1.090000000000000000e+02
1.140000000000000000e+02
1.310000000000000000e+02
1.260000000000000000e+02
1.600000000000000000e+02
1.910000000000000000e+02
1.770000000000000000e+02
5.690000000000000000e+02
6.150000000000000000e+02
2.030000000000000000e+02
1.140000000000000000e+02
1.590000000000000000e+02
1.400000000000000000e+02
8.000000000000000000e+01
1.000000000000000000e+02
8.700000000000000000e+01
9.700000000000000000e+01
9.500000000000000000e+01
7.600000000000000000e+01
7.000000000000000000e+01
7.200000000000000000e+01
7.500000000000000000e+01
6.000000000000000000e+01
7.400000000000000000e+01
7.500000000000000000e+01
6.800000000000000000e+01
5.800000000000000000e+01
6.700000000000000000e+01
6.900000000000000000e+01
7.100000000000000000e+01
7.800000000000000000e+01
6.600000000000000000e+01
7.500000000000000000e+01
7.600000000000000000e+01
8.800000000000000000e+01
8.200000000000000000e+01
8.100000000000000000e+01
8.700000000000000000e+01
8.700000000000000000e+01
8.200000000000000000e+01
8.500000000000000000e+01
8.900000000000000000e+01
1.100000000000000000e+02
8.600000000000000000e+01
1.170000000000000000e+02
1.030000000000000000e+02
1.180000000000000000e+02
1.070000000000000000e+02
1.030000000000000000e+02
1.220000000000000000e+02
1.150000000000000000e+02
1.120000000000000000e+02
1.110000000000000000e+02
1.210000000000000000e+02
1.190000000000000000e+02
1.150000000000000000e+02
1.200000000000000000e+02
1.320000000000000000e+02
1.200000000000000000e+02
1.350000000000000000e+02
1.310000000000000000e+02
1.430000000000000000e+02
1.380000000000000000e+02
1.270000000000000000e+02
1.340000000000000000e+02
1.440000000000000000e+02
1.450000000000000000e+02
1.490000000000000000e+02
1.420000000000000000e+02
1.420000000000000000e+02
1.380000000000000000e+02
1.390000000000000000e+02
1.740000000000000000e+02
1.520000000000000000e+02
1.540000000000000000e+02
1.650000000000000000e+02
1.720000000000000000e+02
1.730000000000000000e+02
1.440000000000000000e+02
1.450000000000000000e+02
1.720000000000000000e+02
1.620000000000000000e+02
1.530000000000000000e+02
1.500000000000000000e+02
1.670000000000000000e+02
1.700000000000000000e+02
1.750000000000000000e+02
1.540000000000000000e+02
1.680000000000000000e+02
1.550000000000000000e+02
2.010000000000000000e+02
1.890000000000000000e+02
2.010000000000000000e+02
2.040000000000000000e+02
1.680000000000000000e+02
2.140000000000000000e+02
1.850000000000000000e+02
1.840000000000000000e+02
2.110000000000000000e+02
1.730000000000000000e+02
1.850000000000000000e+02
1.870000000000000000e+02
2.030000000000000000e+02
2.420000000000000000e+02
2.430000000000000000e+02
2.680000000000000000e+02
2.760000000000000000e+02
2.920000000000000000e+02
3.150000000000000000e+02
3.400000000000000000e+02
3.940000000000000000e+02
4.810000000000000000e+02
5.750000000000000000e+02
7.120000000000000000e+02
7.940000000000000000e+02
8.640000000000000000e+02
9.410000000000000000e+02
1.126000000000000000e+03
1.246000000000000000e+03
1.298000000000000000e+03
1.482000000000000000e+03
1.510000000000000000e+03
1.730000000000000000e+03
1.823000000000000000e+03
1.920000000000000000e+03
2.009000000000000000e+03
1.988000000000000000e+03
2.037000000000000000e+03
2.011000000000000000e+03
2.035000000000000000e+03
2.014000000000000000e+03
1.971000000000000000e+03
1.843000000000000000e+03
1.886000000000000000e+03
1.843000000000000000e+03
1.996000000000000000e+03
2.074000000000000000e+03
2.226000000000000000e+03
2.391000000000000000e+03
2.547000000000000000e+03
2.697000000000000000e+03
2.913000000000000000e+03
3.299000000000000000e+03
3.507000000000000000e+03
3.793000000000000000e+03
4.125000000000000000e+03
4.157000000000000000e+03
4.154000000000000000e+03
4.040000000000000000e+03
3.581000000000000000e+03
3.380000000000000000e+03
3.292000000000000000e+03
2.925000000000000000e+03
2.952000000000000000e+03
2.854000000000000000e+03
2.697000000000000000e+03
2.604000000000000000e+03
2.531000000000000000e+03
2.375000000000000000e+03
2.368000000000000000e+03
2.361000000000000000e+03
2.502000000000000000e+03
2.159000000000000000e+03
2.047000000000000000e+03
1.885000000000000000e+03
1.718000000000000000e+03
1.689000000000000000e+03
1.717000000000000000e+03
1.621000000000000000e+03
1.540000000000000000e+03
1.440000000000000000e+03
1.427000000000000000e+03
1.357000000000000000e+03
1.426000000000000000e+03
1.525000000000000000e+03
1.529000000000000000e+03
1.629000000000000000e+03
1.775000000000000000e+03
1.663000000000000000e+03
1.600000000000000000e+03
1.480000000000000000e+03
1.356000000000000000e+03
1.118000000000000000e+03
8.870000000000000000e+02
6.560000000000000000e+02
4.640000000000000000e+02
3.750000000000000000e+02
2.960000000000000000e+02
2.630000000000000000e+02
2.440000000000000000e+02
2.770000000000000000e+02
2.420000000000000000e+02
2.390000000000000000e+02
2.760000000000000000e+02
2.500000000000000000e+02
2.510000000000000000e+02
2.300000000000000000e+02
2.410000000000000000e+02
2.380000000000000000e+02
2.540000000000000000e+02
2.510000000000000000e+02
2.600000000000000000e+02
2.630000000000000000e+02
2.250000000000000000e+02
2.130000000000000000e+02
2.210000000000000000e+02
2.310000000000000000e+02
2.160000000000000000e+02
1.800000000000000000e+02
1.960000000000000000e+02
2.110000000000000000e+02
1.850000000000000000e+02
1.890000000000000000e+02
2.020000000000000000e+02
1.950000000000000000e+02
1.930000000000000000e+02
1.760000000000000000e+02
2.010000000000000000e+02
1.930000000000000000e+02
1.670000000000000000e+02
1.630000000000000000e+02
1.580000000000000000e+02
1.610000000000000000e+02
1.630000000000000000e+02
1.740000000000000000e+02
1.640000000000000000e+02
1.580000000000000000e+02
1.850000000000000000e+02
1.690000000000000000e+02
1.430000000000000000e+02
1.460000000000000000e+02
1.450000000000000000e+02
1.480000000000000000e+02
1.390000000000000000e+02
1.500000000000000000e+02
1.540000000000000000e+02
1.290000000000000000e+02
1.360000000000000000e+02
1.370000000000000000e+02
1.040000000000000000e+02
1.120000000000000000e+02
1.300000000000000000e+02
1.170000000000000000e+02
1.340000000000000000e+02
1.300000000000000000e+02
1.170000000000000000e+02
1.150000000000000000e+02
1.260000000000000000e+02
1.270000000000000000e+02
1.340000000000000000e+02
1.210000000000000000e+02
1.020000000000000000e+02
1.030000000000000000e+02
1.160000000000000000e+02
1.160000000000000000e+02
1.450000000000000000e+02
1.320000000000000000e+02
1.440000000000000000e+02
1.280000000000000000e+02
1.370000000000000000e+02
1.200000000000000000e+02
9.500000000000000000e+01
1.370000000000000000e+02
1.085000000000000000e+03
1.154400000000000000e+04
2.990000000000000000e+02
3.122000000000000000e+03
8.744000000000000000e+03
2.220000000000000000e+02
1.750300000000000000e+04
6.475000000000000000e+03
6.370000000000000000e+02
8.902000000000000000e+03
4.472000000000000000e+03
4.971000000000000000e+03
1.235100000000000000e+04
5.984000000000000000e+03
8.217000000000000000e+03
3.081000000000000000e+03
3.963000000000000000e+03
1.767000000000000000e+03
1.873000000000000000e+03
1.111000000000000000e+03
1.535000000000000000e+03
1.422000000000000000e+03
1.224000000000000000e+03
1.331000000000000000e+03
1.040000000000000000e+03
9.640000000000000000e+02
7.260000000000000000e+02
7.240000000000000000e+02
6.000000000000000000e+02
6.280000000000000000e+02
4.370000000000000000e+02
6.230000000000000000e+02
2.440000000000000000e+02
2.000000000000000000e+02
1.740000000000000000e+02
1.170000000000000000e+02
1.170000000000000000e+02
8.300000000000000000e+01
2.400000000000000000e+01
2.300000000000000000e+01
1.600000000000000000e+01
1.600000000000000000e+01
5.000000000000000000e+00
3.600000000000000000e+01
2.500000000000000000e+01
1.000000000000000000e+00
1.800000000000000000e+01
1.100000000000000000e+01
2.000000000000000000e+00
1.600000000000000000e+01
5.000000000000000000e+00
4.400000000000000000e+01
1.600000000000000000e+01
9.000000000000000000e+00
1.400000000000000000e+01
1.200000000000000000e+01
1.900000000000000000e+01
1.800000000000000000e+01
9.000000000000000000e+00
8.000000000000000000e+00
6.000000000000000000e+00
9.200000000000000000e+01
7.000000000000000000e+00
3.000000000000000000e+00
1.800000000000000000e+01
5.000000000000000000e+00
4.000000000000000000e+00
3.600000000000000000e+01
9.000000000000000000e+00
5.000000000000000000e+00
1.300000000000000000e+01
1.700000000000000000e+01
1.700000000000000000e+01
1.400000000000000000e+01
2.000000000000000000e+01
3.000000000000000000e+01
1.160000000000000000e+02
1.300000000000000000e+01
5.400000000000000000e+01
1.000000000000000000e+01
9.000000000000000000e+00
7.900000000000000000e+01
1.700000000000000000e+01
2.400000000000000000e+01
6.400000000000000000e+01
2.900000000000000000e+01
2.500000000000000000e+01
3.600000000000000000e+01
6.400000000000000000e+01
2.500000000000000000e+01
2.000000000000000000e+01
3.520000000000000000e+02
4.200000000000000000e+01
3.700000000000000000e+01
3.100000000000000000e+01
3.200000000000000000e+01
7.400000000000000000e+01
1.150000000000000000e+02
1.900000000000000000e+01
7.500000000000000000e+01
2.900000000000000000e+01
3.200000000000000000e+01
1.310000000000000000e+02
3.800000000000000000e+01
2.940000000000000000e+02
1.470000000000000000e+02
2.140000000000000000e+02
4.680000000000000000e+02
3.680000000000000000e+02
3.810000000000000000e+02
9.270000000000000000e+02
1.222000000000000000e+03
1.731000000000000000e+03
1.879000000000000000e+03
9.360000000000000000e+02
1.457000000000000000e+03
7.700000000000000000e+02
1.467000000000000000e+03
1.410000000000000000e+02
2.390000000000000000e+02
1.650000000000000000e+02
1.684000000000000000e+03
6.000000000000000000e+00
3.610000000000000000e+02
7.000000000000000000e+01
4.290000000000000000e+02
8.460000000000000000e+02
2.800000000000000000e+02
3.300000000000000000e+01
2.140000000000000000e+02
8.300000000000000000e+01
2.000000000000000000e+02
7.000000000000000000e+00
4.330000000000000000e+02
3.570000000000000000e+02
6.000000000000000000e+00
8.900000000000000000e+01
3.400000000000000000e+01
1.000000000000000000e+00
2.110000000000000000e+02
7.000000000000000000e+00
4.760000000000000000e+02
3.890000000000000000e+02
1.390000000000000000e+02
1.100000000000000000e+01
2.500000000000000000e+01
8.420000000000000000e+02
4.390000000000000000e+02
5.600000000000000000e+01
7.000000000000000000e+00
0.000000000000000000e+00
1.554000000000000000e+03
2.000000000000000000e+00
1.800000000000000000e+01
2.890000000000000000e+02
3.000000000000000000e+00
7.500000000000000000e+01
2.401000000000000000e+03
2.800000000000000000e+01
3.000000000000000000e+02
7.800000000000000000e+01
3.136000000000000000e+03
2.600000000000000000e+01
2.300000000000000000e+01
3.342000000000000000e+03
1.216000000000000000e+03
3.600000000000000000e+02
5.400000000000000000e+01
2.000000000000000000e+01
1.000000000000000000e+00
2.326000000000000000e+03
9.329000000000000000e+03
2.100000000000000000e+01
1.500000000000000000e+01
9.750000000000000000e+02
6.480000000000000000e+02
2.288000000000000000e+03
3.600000000000000000e+01
1.259800000000000000e+04
5.140000000000000000e+02
1.210000000000000000e+02
0.000000000000000000e+00
0.000000000000000000e+00
0.000000000000000000e+00
0.000000000000000000e+00
0.000000000000000000e+00
0.000000000000000000e+00
0.000000000000000000e+00
0.000000000000000000e+00
0.000000000000000000e+00
0.000000000000000000e+00
0.000000000000000000e+00
0.000000000000000000e+00
0.000000000000000000e+00
0.000000000000000000e+00
0.000000000000000000e+00
0.000000000000000000e+00
0.000000000000000000e+00
0.000000000000000000e+00
0.000000000000000000e+00
0.000000000000000000e+00
0.000000000000000000e+00
0.000000000000000000e+00
0.000000000000000000e+00
0.000000000000000000e+00
0.000000000000000000e+00
0.000000000000000000e+00
0.000000000000000000e+00
0.000000000000000000e+00
0.000000000000000000e+00
0.000000000000000000e+00
0.000000000000000000e+00
0.000000000000000000e+00
0.000000000000000000e+00
0.000000000000000000e+00
0.000000000000000000e+00
0.000000000000000000e+00
0.000000000000000000e+00
0.000000000000000000e+00
0.000000000000000000e+00
0.000000000000000000e+00
0.000000000000000000e+00
0.000000000000000000e+00
0.000000000000000000e+00
0.000000000000000000e+00
0.000000000000000000e+00
0.000000000000000000e+00
0.000000000000000000e+00
0.000000000000000000e+00
0.000000000000000000e+00
0.000000000000000000e+00
0.000000000000000000e+00
0.000000000000000000e+00
0.000000000000000000e+00
0.000000000000000000e+00
0.000000000000000000e+00
0.000000000000000000e+00
0.000000000000000000e+00
0.000000000000000000e+00
0.000000000000000000e+00
0.000000000000000000e+00
0.000000000000000000e+00
0.000000000000000000e+00
0.000000000000000000e+00
0.000000000000000000e+00
0.000000000000000000e+00
0.000000000000000000e+00
0.000000000000000000e+00
0.000000000000000000e+00
0.000000000000000000e+00
0.000000000000000000e+00
0.000000000000000000e+00
0.000000000000000000e+00
0.000000000000000000e+00
0.000000000000000000e+00
0.000000000000000000e+00
0.000000000000000000e+00
2.790000000000000000e+02
4.800000000000000000e+01
1.200000000000000000e+02
1.500000000000000000e+02
3.490000000000000000e+02
3.060000000000000000e+02
4.760000000000000000e+02
5.520000000000000000e+02
8.380000000000000000e+02
1.014000000000000000e+03
1.749000000000000000e+03
4.929000000000000000e+03
3.074000000000000000e+03
2.417000000000000000e+03
1.477000000000000000e+03
2.429000000000000000e+03
6.197000000000000000e+03
8.653000000000000000e+03
6.821000000000000000e+03
6.363000000000000000e+03
7.734000000000000000e+03
5.889000000000000000e+03
5.570000000000000000e+03
5.106000000000000000e+03
5.400000000000000000e+03
5.324000000000000000e+03
4.660000000000000000e+03
4.053000000000000000e+03
4.636000000000000000e+03
4.360000000000000000e+03
3.264000000000000000e+03
3.449000000000000000e+03
3.354000000000000000e+03
2.890000000000000000e+03
2.922000000000000000e+03
2.893000000000000000e+03
2.837000000000000000e+03
2.339000000000000000e+03
2.723000000000000000e+03
2.220000000000000000e+03
2.296000000000000000e+03
2.349000000000000000e+03
2.028000000000000000e+03
1.931000000000000000e+03
1.977000000000000000e+03
1.880000000000000000e+03
1.651000000000000000e+03
1.678000000000000000e+03
1.660000000000000000e+03
1.309000000000000000e+03
1.323000000000000000e+03
1.378000000000000000e+03
1.178000000000000000e+03
1.214000000000000000e+03
1.029000000000000000e+03
9.710000000000000000e+02
1.020000000000000000e+03
8.730000000000000000e+02
8.800000000000000000e+02
8.460000000000000000e+02
7.790000000000000000e+02
7.880000000000000000e+02
7.140000000000000000e+02
6.430000000000000000e+02
6.840000000000000000e+02
6.220000000000000000e+02
5.150000000000000000e+02
4.430000000000000000e+02
4.360000000000000000e+02
3.170000000000000000e+02
3.190000000000000000e+02
2.810000000000000000e+02
2.310000000000000000e+02
2.460000000000000000e+02
2.250000000000000000e+02
2.040000000000000000e+02
1.660000000000000000e+02
1.780000000000000000e+02
1.970000000000000000e+02
1.420000000000000000e+02
1.650000000000000000e+02
1.740000000000000000e+02
1.510000000000000000e+02
1.830000000000000000e+02
1.630000000000000000e+02
2.370000000000000000e+02
1.420000000000000000e+02
1.570000000000000000e+02
1.740000000000000000e+02
1.780000000000000000e+02
1.800000000000000000e+02
1.450000000000000000e+02
1.390000000000000000e+02
1.320000000000000000e+02
1.460000000000000000e+02
1.390000000000000000e+02
1.660000000000000000e+02
1.540000000000000000e+02
1.660000000000000000e+02
1.380000000000000000e+02
1.560000000000000000e+02
1.440000000000000000e+02
1.800000000000000000e+02
1.270000000000000000e+02
1.410000000000000000e+02
1.240000000000000000e+02
1.670000000000000000e+02
1.330000000000000000e+02
1.250000000000000000e+02
1.530000000000000000e+02
1.190000000000000000e+02
1.550000000000000000e+02
1.550000000000000000e+02
1.690000000000000000e+02
1.310000000000000000e+02
1.230000000000000000e+02
1.540000000000000000e+02
1.210000000000000000e+02
1.350000000000000000e+02
1.300000000000000000e+02
1.320000000000000000e+02
1.150000000000000000e+02
1.130000000000000000e+02
1.240000000000000000e+02
1.120000000000000000e+02
1.110000000000000000e+02
1.060000000000000000e+02
9.900000000000000000e+01
1.750000000000000000e+02
9.700000000000000000e+01
9.900000000000000000e+01
1.130000000000000000e+02
1.170000000000000000e+02
9.200000000000000000e+01
1.130000000000000000e+02
1.040000000000000000e+02
9.300000000000000000e+01
1.150000000000000000e+02
1.010000000000000000e+02
9.600000000000000000e+01
8.900000000000000000e+01
9.100000000000000000e+01
1.020000000000000000e+02
1.020000000000000000e+02
9.900000000000000000e+01
9.100000000000000000e+01
9.600000000000000000e+01
7.900000000000000000e+01
9.300000000000000000e+01
8.600000000000000000e+01
7.800000000000000000e+01
9.800000000000000000e+01
8.600000000000000000e+01
1.140000000000000000e+02
6.200000000000000000e+01
8.100000000000000000e+01
6.800000000000000000e+01
7.600000000000000000e+01
7.600000000000000000e+01
1.110000000000000000e+02
6.500000000000000000e+01
7.500000000000000000e+01
8.000000000000000000e+01
5.600000000000000000e+01
5.300000000000000000e+01
5.600000000000000000e+01
5.600000000000000000e+01
5.000000000000000000e+01
5.200000000000000000e+01
4.600000000000000000e+01
9.800000000000000000e+01
3.900000000000000000e+01
5.200000000000000000e+01
6.300000000000000000e+01
5.100000000000000000e+01
5.300000000000000000e+01
4.900000000000000000e+01
5.800000000000000000e+01
3.300000000000000000e+01
4.800000000000000000e+01
4.700000000000000000e+01
3.900000000000000000e+01
6.400000000000000000e+01
3.200000000000000000e+01
4.300000000000000000e+01
5.600000000000000000e+01
3.000000000000000000e+01
4.900000000000000000e+01
4.400000000000000000e+01
3.300000000000000000e+01
3.900000000000000000e+01
6.200000000000000000e+01
2.900000000000000000e+01
3.100000000000000000e+01
2.600000000000000000e+01
3.900000000000000000e+01
3.500000000000000000e+01
2.600000000000000000e+01
3.100000000000000000e+01
3.200000000000000000e+01
3.500000000000000000e+01
2.800000000000000000e+01
2.300000000000000000e+01
3.600000000000000000e+01
3.700000000000000000e+01
2.400000000000000000e+01
2.900000000000000000e+01
3.000000000000000000e+01
2.100000000000000000e+01
3.100000000000000000e+01
3.000000000000000000e+01
2.500000000000000000e+01
2.600000000000000000e+01
4.600000000000000000e+01
1.700000000000000000e+01
1.800000000000000000e+01
2.100000000000000000e+01
2.600000000000000000e+01
1.300000000000000000e+01
2.400000000000000000e+01
1.400000000000000000e+01
2.600000000000000000e+01
2.100000000000000000e+01
3.000000000000000000e+01
1.600000000000000000e+01
1.000000000000000000e+01
1.700000000000000000e+01
2.400000000000000000e+01
1.600000000000000000e+01
1.100000000000000000e+01
1.900000000000000000e+01
1.500000000000000000e+01
2.300000000000000000e+01
1.800000000000000000e+01
2.300000000000000000e+01
2.000000000000000000e+01
1.500000000000000000e+01
1.500000000000000000e+01
1.700000000000000000e+01
2.100000000000000000e+01
1.900000000000000000e+01
1.600000000000000000e+01
3.000000000000000000e+01
2.100000000000000000e+01
2.100000000000000000e+01
1.700000000000000000e+01
1.400000000000000000e+01
2.000000000000000000e+01
1.400000000000000000e+01
1.400000000000000000e+01
1.000000000000000000e+01
2.100000000000000000e+01
1.300000000000000000e+01
1.400000000000000000e+01
0.000000000000000000e+00
1.384000000000000000e+03
6.600000000000000000e+01
1.250000000000000000e+02
1.430000000000000000e+02
8.800000000000000000e+01
1.600000000000000000e+02
1.370000000000000000e+02
1.110000000000000000e+02
1.190000000000000000e+02
8.900000000000000000e+01
1.070000000000000000e+02
7.700000000000000000e+01
7.300000000000000000e+01
7.700000000000000000e+01
6.600000000000000000e+01
7.500000000000000000e+01
7.400000000000000000e+01
6.300000000000000000e+01
6.900000000000000000e+01
4.400000000000000000e+01
6.700000000000000000e+01
5.800000000000000000e+01
7.300000000000000000e+01
5.500000000000000000e+01
6.700000000000000000e+01
5.900000000000000000e+01
5.300000000000000000e+01
9.100000000000000000e+01
7.600000000000000000e+01
5.700000000000000000e+01
6.600000000000000000e+01
5.400000000000000000e+01
5.500000000000000000e+01
7.100000000000000000e+01
5.800000000000000000e+01
7.000000000000000000e+01
7.000000000000000000e+01
7.800000000000000000e+01
7.300000000000000000e+01
8.900000000000000000e+01
7.400000000000000000e+01
7.800000000000000000e+01
9.000000000000000000e+01
8.000000000000000000e+01
8.100000000000000000e+01
8.000000000000000000e+01
1.100000000000000000e+02
9.100000000000000000e+01
9.800000000000000000e+01
8.500000000000000000e+01
8.800000000000000000e+01
9.300000000000000000e+01
1.110000000000000000e+02
1.030000000000000000e+02
9.400000000000000000e+01
1.190000000000000000e+02
9.900000000000000000e+01
1.050000000000000000e+02
9.600000000000000000e+01
1.080000000000000000e+02
1.010000000000000000e+02
1.080000000000000000e+02
1.200000000000000000e+02
1.190000000000000000e+02
1.300000000000000000e+02
1.240000000000000000e+02
1.380000000000000000e+02
1.260000000000000000e+02
1.370000000000000000e+02
1.530000000000000000e+02
1.210000000000000000e+02
1.310000000000000000e+02
1.300000000000000000e+02
1.430000000000000000e+02
1.540000000000000000e+02
1.400000000000000000e+02
1.650000000000000000e+02
1.510000000000000000e+02
1.510000000000000000e+02
1.670000000000000000e+02
1.500000000000000000e+02
1.790000000000000000e+02
1.570000000000000000e+02
1.590000000000000000e+02
1.600000000000000000e+02
1.810000000000000000e+02
1.700000000000000000e+02
1.690000000000000000e+02
1.700000000000000000e+02
1.820000000000000000e+02
1.850000000000000000e+02
1.630000000000000000e+02
1.770000000000000000e+02
1.830000000000000000e+02
1.630000000000000000e+02
1.990000000000000000e+02
2.540000000000000000e+02
2.500000000000000000e+02
2.710000000000000000e+02
2.890000000000000000e+02
3.040000000000000000e+02
3.070000000000000000e+02
3.810000000000000000e+02
4.120000000000000000e+02
5.030000000000000000e+02
6.010000000000000000e+02
7.190000000000000000e+02
8.050000000000000000e+02
8.540000000000000000e+02
9.380000000000000000e+02
1.128000000000000000e+03
1.250000000000000000e+03
1.292000000000000000e+03
1.467000000000000000e+03
1.508000000000000000e+03
1.705000000000000000e+03
1.826000000000000000e+03
1.938000000000000000e+03
2.024000000000000000e+03
1.995000000000000000e+03
2.042000000000000000e+03
2.001000000000000000e+03
2.022000000000000000e+03
2.009000000000000000e+03
1.944000000000000000e+03
1.878000000000000000e+03
1.922000000000000000e+03
1.820000000000000000e+03
1.988000000000000000e+03
2.062000000000000000e+03
2.208000000000000000e+03
2.390000000000000000e+03
2.540000000000000000e+03
2.681000000000000000e+03
2.899000000000000000e+03
3.253000000000000000e+03
3.478000000000000000e+03
3.817000000000000000e+03
4.122000000000000000e+03
4.179000000000000000e+03
4.151000000000000000e+03
4.056000000000000000e+03
3.563000000000000000e+03
3.398000000000000000e+03
3.301000000000000000e+03
2.926000000000000000e+03
2.939000000000000000e+03
2.873000000000000000e+03
2.720000000000000000e+03
2.616000000000000000e+03
2.537000000000000000e+03
2.359000000000000000e+03
2.392000000000000000e+03
2.388000000000000000e+03
2.501000000000000000e+03
2.184000000000000000e+03
2.078000000000000000e+03
1.898000000000000000e+03
1.755000000000000000e+03
1.700000000000000000e+03
1.713000000000000000e+03
1.651000000000000000e+03
1.555000000000000000e+03
1.436000000000000000e+03
1.426000000000000000e+03
1.398000000000000000e+03
1.452000000000000000e+03
1.526000000000000000e+03
1.533000000000000000e+03
1.640000000000000000e+03
1.791000000000000000e+03
1.683000000000000000e+03
1.625000000000000000e+03
1.516000000000000000e+03
1.382000000000000000e+03
1.152000000000000000e+03
8.940000000000000000e+02
6.620000000000000000e+02
4.770000000000000000e+02
3.860000000000000000e+02
3.120000000000000000e+02
2.930000000000000000e+02
2.640000000000000000e+02
2.740000000000000000e+02
2.630000000000000000e+02
2.530000000000000000e+02
2.950000000000000000e+02
2.520000000000000000e+02
2.560000000000000000e+02
2.550000000000000000e+02
2.590000000000000000e+02
2.670000000000000000e+02
2.720000000000000000e+02
2.750000000000000000e+02
2.810000000000000000e+02
2.730000000000000000e+02
2.380000000000000000e+02
2.450000000000000000e+02
2.430000000000000000e+02
2.160000000000000000e+02
2.280000000000000000e+02
1.950000000000000000e+02
1.960000000000000000e+02
2.020000000000000000e+02
1.930000000000000000e+02
1.890000000000000000e+02
2.070000000000000000e+02
1.800000000000000000e+02
2.110000000000000000e+02
1.790000000000000000e+02
2.270000000000000000e+02
2.010000000000000000e+02
1.810000000000000000e+02
1.750000000000000000e+02
1.730000000000000000e+02
1.750000000000000000e+02
1.750000000000000000e+02
1.960000000000000000e+02
1.730000000000000000e+02
1.780000000000000000e+02
2.090000000000000000e+02
1.850000000000000000e+02
1.610000000000000000e+02
1.430000000000000000e+02
1.490000000000000000e+02
1.560000000000000000e+02
1.590000000000000000e+02
1.540000000000000000e+02
1.600000000000000000e+02
1.590000000000000000e+02
1.500000000000000000e+02
1.530000000000000000e+02
1.300000000000000000e+02
1.240000000000000000e+02
1.410000000000000000e+02
1.360000000000000000e+02
1.460000000000000000e+02
1.390000000000000000e+02
1.310000000000000000e+02
1.240000000000000000e+02
1.220000000000000000e+02
1.350000000000000000e+02
1.200000000000000000e+02
1.190000000000000000e+02
1.290000000000000000e+02
1.090000000000000000e+02
1.240000000000000000e+02
1.240000000000000000e+02
1.440000000000000000e+02
1.290000000000000000e+02
1.270000000000000000e+02
1.300000000000000000e+02
1.170000000000000000e+02
1.410000000000000000e+02
1.490000000000000000e+02
1.570000000000000000e+02
1.844000000000000000e+03
