0.000000000000000000e+00
0.000000000000000000e+00
0.000000000000000000e+00
0.000000000000000000e+00
0.000000000000000000e+00
0.000000000000000000e+00
0.000000000000000000e+00
0.000000000000000000e+00
0.000000000000000000e+00
0.000000000000000000e+00
0.000000000000000000e+00
0.000000000000000000e+00
0.000000000000000000e+00
0.000000000000000000e+00
0.000000000000000000e+00
0.000000000000000000e+00
0.000000000000000000e+00
0.000000000000000000e+00
0.000000000000000000e+00
0.000000000000000000e+00
0.000000000000000000e+00
0.000000000000000000e+00
0.000000000000000000e+00
0.000000000000000000e+00
0.000000000000000000e+00
0.000000000000000000e+00
0.000000000000000000e+00
0.000000000000000000e+00
0.000000000000000000e+00
0.000000000000000000e+00
0.000000000000000000e+00
0.000000000000000000e+00
0.000000000000000000e+00
0.000000000000000000e+00
0.000000000000000000e+00
0.000000000000000000e+00
0.000000000000000000e+00
0.000000000000000000e+00
0.000000000000000000e+00
0.000000000000000000e+00
0.000000000000000000e+00
0.000000000000000000e+00
0.000000000000000000e+00
0.000000000000000000e+00
0.000000000000000000e+00
0.000000000000000000e+00
0.000000000000000000e+00
0.000000000000000000e+00
0.000000000000000000e+00
0.000000000000000000e+00
0.000000000000000000e+00
0.000000000000000000e+00
0.000000000000000000e+00
0.000000000000000000e+00
0.000000000000000000e+00
0.000000000000000000e+00
0.000000000000000000e+00
0.000000000000000000e+00
0.000000000000000000e+00
0.000000000000000000e+00
0.000000000000000000e+00
0.000000000000000000e+00
0.000000000000000000e+00
0.000000000000000000e+00
0.000000000000000000e+00
0.000000000000000000e+00
0.000000000000000000e+00
0.000000000000000000e+00
0.000000000000000000e+00
0.000000000000000000e+00
0.000000000000000000e+00
0.000000000000000000e+00
0.000000000000000000e+00
0.000000000000000000e+00
1.000000000000000000e+00
2.000000000000000000e+00
0.000000000000000000e+00
3.000000000000000000e+00
2.000000000000000000e+00
4.000000000000000000e+00
3.000000000000000000e+00
1.000000000000000000e+01
9.000000000000000000e+00
2.300000000000000000e+01
4.400000000000000000e+01
8.600000000000000000e+01
1.170000000000000000e+02
1.470000000000000000e+02
1.180000000000000000e+02
1.390000000000000000e+02
1.590000000000000000e+02
1.340000000000000000e+02
1.340000000000000000e+02
1.440000000000000000e+02
1.410000000000000000e+02
1.750000000000000000e+02
2.030000000000000000e+02
2.520000000000000000e+02
2.830000000000000000e+02
2.830000000000000000e+02
3.920000000000000000e+02
4.160000000000000000e+02
4.960000000000000000e+02
5.670000000000000000e+02
6.850000000000000000e+02
9.030000000000000000e+02
1.027000000000000000e+03
1.081000000000000000e+03
1.124000000000000000e+03
1.118000000000000000e+03
1.216000000000000000e+03
1.367000000000000000e+03
1.523000000000000000e+03
1.758000000000000000e+03
1.821000000000000000e+03
1.882000000000000000e+03
1.966000000000000000e+03
1.990000000000000000e+03
2.133000000000000000e+03
2.163000000000000000e+03
2.125000000000000000e+03
2.217000000000000000e+03
2.146000000000000000e+03
2.295000000000000000e+03
2.406000000000000000e+03
2.432000000000000000e+03
2.530000000000000000e+03
2.684000000000000000e+03
2.709000000000000000e+03
2.702000000000000000e+03
2.615000000000000000e+03
2.615000000000000000e+03
2.705000000000000000e+03
2.625000000000000000e+03
2.642000000000000000e+03
2.577000000000000000e+03
2.480000000000000000e+03
2.672000000000000000e+03
2.582000000000000000e+03
2.572000000000000000e+03
2.460000000000000000e+03
2.510000000000000000e+03
2.459000000000000000e+03
2.563000000000000000e+03
2.672000000000000000e+03
2.620000000000000000e+03
2.783000000000000000e+03
2.885000000000000000e+03
3.041000000000000000e+03
3.048000000000000000e+03
3.008000000000000000e+03
2.936000000000000000e+03
2.939000000000000000e+03
3.015000000000000000e+03
3.024000000000000000e+03
2.935000000000000000e+03
3.008000000000000000e+03
2.840000000000000000e+03
2.734000000000000000e+03
2.641000000000000000e+03
2.549000000000000000e+03
2.275000000000000000e+03
2.089000000000000000e+03
1.901000000000000000e+03
1.864000000000000000e+03
1.705000000000000000e+03
1.584000000000000000e+03
1.573000000000000000e+03
1.410000000000000000e+03
1.400000000000000000e+03
1.318000000000000000e+03
1.189000000000000000e+03
1.109000000000000000e+03
1.103000000000000000e+03
9.580000000000000000e+02
8.400000000000000000e+02
7.810000000000000000e+02
6.710000000000000000e+02
6.470000000000000000e+02
6.020000000000000000e+02
5.010000000000000000e+02
4.330000000000000000e+02
3.520000000000000000e+02
3.460000000000000000e+02
3.330000000000000000e+02
3.600000000000000000e+02
3.400000000000000000e+02
3.150000000000000000e+02
2.510000000000000000e+02
1.810000000000000000e+02
1.480000000000000000e+02
9.300000000000000000e+01
5.800000000000000000e+01
1.400000000000000000e+01
7.000000000000000000e+00
2.000000000000000000e+00
2.000000000000000000e+00
0.000000000000000000e+00
0.000000000000000000e+00
0.000000000000000000e+00
0.000000000000000000e+00
0.000000000000000000e+00
0.000000000000000000e+00
0.000000000000000000e+00
0.000000000000000000e+00
0.000000000000000000e+00
0.000000000000000000e+00
0.000000000000000000e+00
0.000000000000000000e+00
0.000000000000000000e+00
0.000000000000000000e+00
0.000000000000000000e+00
0.000000000000000000e+00
0.000000000000000000e+00
0.000000000000000000e+00
0.000000000000000000e+00
0.000000000000000000e+00
0.000000000000000000e+00
0.000000000000000000e+00
0.000000000000000000e+00
0.000000000000000000e+00
0.000000000000000000e+00
0.000000000000000000e+00
0.000000000000000000e+00
0.000000000000000000e+00
0.000000000000000000e+00
0.000000000000000000e+00
0.000000000000000000e+00
0.000000000000000000e+00
0.000000000000000000e+00
0.000000000000000000e+00
0.000000000000000000e+00
0.000000000000000000e+00
0.000000000000000000e+00
0.000000000000000000e+00
0.000000000000000000e+00
0.000000000000000000e+00
0.000000000000000000e+00
0.000000000000000000e+00
0.000000000000000000e+00
0.000000000000000000e+00
0.000000000000000000e+00
0.000000000000000000e+00
0.000000000000000000e+00
0.000000000000000000e+00
0.000000000000000000e+00
0.000000000000000000e+00
0.000000000000000000e+00
0.000000000000000000e+00
0.000000000000000000e+00
0.000000000000000000e+00
0.000000000000000000e+00
0.000000000000000000e+00
0.000000000000000000e+00
0.000000000000000000e+00
0.000000000000000000e+00
0.000000000000000000e+00
0.000000000000000000e+00
0.000000000000000000e+00
0.000000000000000000e+00
0.000000000000000000e+00
0.000000000000000000e+00
0.000000000000000000e+00
0.000000000000000000e+00
0.000000000000000000e+00
0.000000000000000000e+00
0.000000000000000000e+00
0.000000000000000000e+00
0.000000000000000000e+00
0.000000000000000000e+00
0.000000000000000000e+00
0.000000000000000000e+00
0.000000000000000000e+00
0.000000000000000000e+00
0.000000000000000000e+00
0.000000000000000000e+00
0.000000000000000000e+00
0.000000000000000000e+00
0.000000000000000000e+00
0.000000000000000000e+00
0.000000000000000000e+00
0.000000000000000000e+00
0.000000000000000000e+00
0.000000000000000000e+00
0.000000000000000000e+00
0.000000000000000000e+00
0.000000000000000000e+00
0.000000000000000000e+00
0.000000000000000000e+00
0.000000000000000000e+00
0.000000000000000000e+00
0.000000000000000000e+00
0.000000000000000000e+00
0.000000000000000000e+00
0.000000000000000000e+00
0.000000000000000000e+00
0.000000000000000000e+00
0.000000000000000000e+00
0.000000000000000000e+00
0.000000000000000000e+00
0.000000000000000000e+00
0.000000000000000000e+00
0.000000000000000000e+00
0.000000000000000000e+00
0.000000000000000000e+00
0.000000000000000000e+00
0.000000000000000000e+00
0.000000000000000000e+00
0.000000000000000000e+00
0.000000000000000000e+00
0.000000000000000000e+00
0.000000000000000000e+00
0.000000000000000000e+00
0.000000000000000000e+00
0.000000000000000000e+00
0.000000000000000000e+00
0.000000000000000000e+00
0.000000000000000000e+00
0.000000000000000000e+00
0.000000000000000000e+00
0.000000000000000000e+00
0.000000000000000000e+00
0.000000000000000000e+00
0.000000000000000000e+00
0.000000000000000000e+00
0.000000000000000000e+00
0.000000000000000000e+00
0.000000000000000000e+00
0.000000000000000000e+00
0.000000000000000000e+00
0.000000000000000000e+00
0.000000000000000000e+00
0.000000000000000000e+00
0.000000000000000000e+00
0.000000000000000000e+00
0.000000000000000000e+00
0.000000000000000000e+00
0.000000000000000000e+00
0.000000000000000000e+00
0.000000000000000000e+00
6.000000000000000000e+00
1.000000000000000000e+00
7.000000000000000000e+00
1.300000000000000000e+01
3.000000000000000000e+01
4.300000000000000000e+01
6.300000000000000000e+01
7.100000000000000000e+01
7.200000000000000000e+01
8.700000000000000000e+01
9.500000000000000000e+01
1.340000000000000000e+02
1.660000000000000000e+02
1.460000000000000000e+02
1.510000000000000000e+02
1.690000000000000000e+02
1.660000000000000000e+02
1.810000000000000000e+02
1.860000000000000000e+02
2.070000000000000000e+02
2.390000000000000000e+02
2.650000000000000000e+02
3.310000000000000000e+02
3.680000000000000000e+02
3.200000000000000000e+02
3.290000000000000000e+02
4.110000000000000000e+02
4.940000000000000000e+02
6.120000000000000000e+02
6.270000000000000000e+02
8.190000000000000000e+02
9.330000000000000000e+02
1.045000000000000000e+03
1.134000000000000000e+03
1.256000000000000000e+03
1.358000000000000000e+03
1.467000000000000000e+03
1.555000000000000000e+03
1.726000000000000000e+03
1.757000000000000000e+03
1.877000000000000000e+03
1.793000000000000000e+03
1.817000000000000000e+03
1.814000000000000000e+03
1.816000000000000000e+03
1.774000000000000000e+03
1.797000000000000000e+03
1.861000000000000000e+03
2.004000000000000000e+03
2.053000000000000000e+03
2.112000000000000000e+03
2.275000000000000000e+03
2.314000000000000000e+03
2.322000000000000000e+03
2.273000000000000000e+03
2.211000000000000000e+03
2.205000000000000000e+03
2.196000000000000000e+03
2.030000000000000000e+03
2.107000000000000000e+03
2.318000000000000000e+03
2.400000000000000000e+03
2.628000000000000000e+03
2.549000000000000000e+03
2.563000000000000000e+03
2.581000000000000000e+03
2.679000000000000000e+03
2.622000000000000000e+03
2.640000000000000000e+03
2.626000000000000000e+03
2.668000000000000000e+03
2.822000000000000000e+03
2.673000000000000000e+03
2.457000000000000000e+03
2.451000000000000000e+03
2.422000000000000000e+03
2.517000000000000000e+03
2.750000000000000000e+03
2.684000000000000000e+03
2.847000000000000000e+03
2.931000000000000000e+03
3.011000000000000000e+03
2.912000000000000000e+03
3.007000000000000000e+03
3.099000000000000000e+03
2.978000000000000000e+03
2.830000000000000000e+03
2.608000000000000000e+03
2.384000000000000000e+03
2.102000000000000000e+03
2.021000000000000000e+03
1.923000000000000000e+03
1.861000000000000000e+03
1.668000000000000000e+03
1.535000000000000000e+03
1.510000000000000000e+03
1.550000000000000000e+03
1.493000000000000000e+03
1.346000000000000000e+03
1.280000000000000000e+03
1.218000000000000000e+03
1.152000000000000000e+03
1.082000000000000000e+03
8.630000000000000000e+02
8.280000000000000000e+02
6.700000000000000000e+02
6.010000000000000000e+02
5.740000000000000000e+02
5.940000000000000000e+02
5.860000000000000000e+02
6.250000000000000000e+02
5.260000000000000000e+02
4.200000000000000000e+02
3.030000000000000000e+02
1.580000000000000000e+02
9.200000000000000000e+01
3.200000000000000000e+01
1.500000000000000000e+01
1.000000000000000000e+01
1.000000000000000000e+01
3.000000000000000000e+00
1.000000000000000000e+00
0.000000000000000000e+00
0.000000000000000000e+00
0.000000000000000000e+00
0.000000000000000000e+00
0.000000000000000000e+00
0.000000000000000000e+00
0.000000000000000000e+00
0.000000000000000000e+00
0.000000000000000000e+00
0.000000000000000000e+00
0.000000000000000000e+00
0.000000000000000000e+00
0.000000000000000000e+00
0.000000000000000000e+00
0.000000000000000000e+00
0.000000000000000000e+00
0.000000000000000000e+00
0.000000000000000000e+00
0.000000000000000000e+00
0.000000000000000000e+00
0.000000000000000000e+00
0.000000000000000000e+00
0.000000000000000000e+00
0.000000000000000000e+00
0.000000000000000000e+00
0.000000000000000000e+00
0.000000000000000000e+00
0.000000000000000000e+00
0.000000000000000000e+00
0.000000000000000000e+00
0.000000000000000000e+00
0.000000000000000000e+00
0.000000000000000000e+00
0.000000000000000000e+00
0.000000000000000000e+00
0.000000000000000000e+00
0.000000000000000000e+00
0.000000000000000000e+00
0.000000000000000000e+00
0.000000000000000000e+00
0.000000000000000000e+00
0.000000000000000000e+00
0.000000000000000000e+00
0.000000000000000000e+00
0.000000000000000000e+00
0.000000000000000000e+00
0.000000000000000000e+00
0.000000000000000000e+00
0.000000000000000000e+00
0.000000000000000000e+00
0.000000000000000000e+00
0.000000000000000000e+00
0.000000000000000000e+00
0.000000000000000000e+00
0.000000000000000000e+00
0.000000000000000000e+00
0.000000000000000000e+00
0.000000000000000000e+00
0.000000000000000000e+00
0.000000000000000000e+00
0.000000000000000000e+00
0.000000000000000000e+00
0.000000000000000000e+00
0.000000000000000000e+00
0.000000000000000000e+00
0.000000000000000000e+00
0.000000000000000000e+00
0.000000000000000000e+00
0.000000000000000000e+00
0.000000000000000000e+00
0.000000000000000000e+00
0.000000000000000000e+00
0.000000000000000000e+00
0.000000000000000000e+00
0.000000000000000000e+00
0.000000000000000000e+00
0.000000000000000000e+00
0.000000000000000000e+00
0.000000000000000000e+00
0.000000000000000000e+00
0.000000000000000000e+00
0.000000000000000000e+00
0.000000000000000000e+00
0.000000000000000000e+00
0.000000000000000000e+00
0.000000000000000000e+00
0.000000000000000000e+00
0.000000000000000000e+00
0.000000000000000000e+00
0.000000000000000000e+00
0.000000000000000000e+00
0.000000000000000000e+00
0.000000000000000000e+00
0.000000000000000000e+00
0.000000000000000000e+00
0.000000000000000000e+00
0.000000000000000000e+00
0.000000000000000000e+00
0.000000000000000000e+00
0.000000000000000000e+00
0.000000000000000000e+00
0.000000000000000000e+00
0.000000000000000000e+00
0.000000000000000000e+00
0.000000000000000000e+00
0.000000000000000000e+00
0.000000000000000000e+00
0.000000000000000000e+00
0.000000000000000000e+00
0.000000000000000000e+00
0.000000000000000000e+00
0.000000000000000000e+00
0.000000000000000000e+00
0.000000000000000000e+00
0.000000000000000000e+00
0.000000000000000000e+00
0.000000000000000000e+00
0.000000000000000000e+00
0.000000000000000000e+00
0.000000000000000000e+00
0.000000000000000000e+00
0.000000000000000000e+00
0.000000000000000000e+00
0.000000000000000000e+00
1.000000000000000000e+00
2.000000000000000000e+00
1.400000000000000000e+01
3.100000000000000000e+01
4.500000000000000000e+01
4.400000000000000000e+01
6.900000000000000000e+01
6.800000000000000000e+01
5.900000000000000000e+01
6.300000000000000000e+01
8.500000000000000000e+01
9.900000000000000000e+01
1.110000000000000000e+02
1.210000000000000000e+02
8.200000000000000000e+01
1.090000000000000000e+02
1.290000000000000000e+02
1.350000000000000000e+02
1.490000000000000000e+02
1.400000000000000000e+02
1.420000000000000000e+02
1.560000000000000000e+02
1.570000000000000000e+02
1.650000000000000000e+02
1.510000000000000000e+02
2.370000000000000000e+02
2.490000000000000000e+02
2.370000000000000000e+02
3.240000000000000000e+02
3.110000000000000000e+02
3.360000000000000000e+02
3.790000000000000000e+02
4.660000000000000000e+02
5.390000000000000000e+02
5.270000000000000000e+02
5.810000000000000000e+02
6.610000000000000000e+02
7.710000000000000000e+02
6.870000000000000000e+02
7.620000000000000000e+02
7.850000000000000000e+02
8.750000000000000000e+02
9.760000000000000000e+02
1.010000000000000000e+03
1.184000000000000000e+03
1.224000000000000000e+03
1.359000000000000000e+03
1.482000000000000000e+03
1.508000000000000000e+03
1.445000000000000000e+03
1.567000000000000000e+03
1.533000000000000000e+03
1.695000000000000000e+03
1.719000000000000000e+03
1.835000000000000000e+03
1.689000000000000000e+03
1.704000000000000000e+03
1.752000000000000000e+03
1.844000000000000000e+03
1.849000000000000000e+03
1.861000000000000000e+03
1.954000000000000000e+03
1.855000000000000000e+03
1.889000000000000000e+03
1.933000000000000000e+03
1.926000000000000000e+03
2.006000000000000000e+03
2.063000000000000000e+03
2.051000000000000000e+03
2.183000000000000000e+03
2.345000000000000000e+03
2.324000000000000000e+03
2.213000000000000000e+03
2.422000000000000000e+03
2.333000000000000000e+03
2.200000000000000000e+03
2.328000000000000000e+03
2.279000000000000000e+03
2.218000000000000000e+03
2.156000000000000000e+03
2.205000000000000000e+03
2.288000000000000000e+03
2.363000000000000000e+03
2.473000000000000000e+03
2.660000000000000000e+03
2.913000000000000000e+03
2.946000000000000000e+03
3.130000000000000000e+03
2.990000000000000000e+03
3.152000000000000000e+03
3.244000000000000000e+03
3.150000000000000000e+03
2.807000000000000000e+03
2.626000000000000000e+03
2.634000000000000000e+03
2.705000000000000000e+03
2.671000000000000000e+03
2.611000000000000000e+03
2.449000000000000000e+03
2.275000000000000000e+03
2.072000000000000000e+03
1.923000000000000000e+03
1.691000000000000000e+03
1.737000000000000000e+03
1.655000000000000000e+03
1.542000000000000000e+03
1.379000000000000000e+03
1.347000000000000000e+03
1.323000000000000000e+03
1.365000000000000000e+03
1.345000000000000000e+03
1.320000000000000000e+03
1.189000000000000000e+03
1.192000000000000000e+03
1.145000000000000000e+03
1.114000000000000000e+03
9.650000000000000000e+02
8.810000000000000000e+02
8.240000000000000000e+02
7.920000000000000000e+02
6.650000000000000000e+02
6.240000000000000000e+02
5.930000000000000000e+02
5.830000000000000000e+02
5.290000000000000000e+02
4.010000000000000000e+02
2.650000000000000000e+02
1.460000000000000000e+02
7.400000000000000000e+01
2.400000000000000000e+01
1.700000000000000000e+01
1.200000000000000000e+01
5.000000000000000000e+00
1.000000000000000000e+00
0.000000000000000000e+00
0.000000000000000000e+00
0.000000000000000000e+00
0.000000000000000000e+00
0.000000000000000000e+00
0.000000000000000000e+00
0.000000000000000000e+00
0.000000000000000000e+00
0.000000000000000000e+00
0.000000000000000000e+00
0.000000000000000000e+00
0.000000000000000000e+00
0.000000000000000000e+00
0.000000000000000000e+00
0.000000000000000000e+00
0.000000000000000000e+00
0.000000000000000000e+00
0.000000000000000000e+00
0.000000000000000000e+00
0.000000000000000000e+00
0.000000000000000000e+00
0.000000000000000000e+00
0.000000000000000000e+00
0.000000000000000000e+00
0.000000000000000000e+00
0.000000000000000000e+00
0.000000000000000000e+00
0.000000000000000000e+00
0.000000000000000000e+00
0.000000000000000000e+00
0.000000000000000000e+00
0.000000000000000000e+00
0.000000000000000000e+00
0.000000000000000000e+00
0.000000000000000000e+00
0.000000000000000000e+00
0.000000000000000000e+00
0.000000000000000000e+00
0.000000000000000000e+00
0.000000000000000000e+00
0.000000000000000000e+00
0.000000000000000000e+00
0.000000000000000000e+00
0.000000000000000000e+00
0.000000000000000000e+00
0.000000000000000000e+00
0.000000000000000000e+00
0.000000000000000000e+00
1.910000000000000000e+02
0.000000000000000000e+00
4.900000000000000000e+01
1.700000000000000000e+01
0.000000000000000000e+00
4.920000000000000000e+02
1.630000000000000000e+02
0.000000000000000000e+00
7.070000000000000000e+02
2.040000000000000000e+02
8.400000000000000000e+01
2.447000000000000000e+03
1.005000000000000000e+03
2.953000000000000000e+03
2.718000000000000000e+03
4.985000000000000000e+03
4.923000000000000000e+03
2.962000000000000000e+03
3.192000000000000000e+03
3.635000000000000000e+03
3.625000000000000000e+03
8.030000000000000000e+03
7.208000000000000000e+03
6.941000000000000000e+03
3.174000000000000000e+03
5.667000000000000000e+03
2.031400000000000000e+04
3.970000000000000000e+02
1.746000000000000000e+03
6.450000000000000000e+02
8.061000000000000000e+03
0.000000000000000000e+00
7.307000000000000000e+03
2.050000000000000000e+02
5.929000000000000000e+03
1.011400000000000000e+04
8.320000000000000000e+02
1.960000000000000000e+02
3.825000000000000000e+03
1.859000000000000000e+03
3.762000000000000000e+03
5.000000000000000000e+00
1.285000000000000000e+03
3.824000000000000000e+03
1.500000000000000000e+01
9.030000000000000000e+02
3.970000000000000000e+02
0.000000000000000000e+00
2.312000000000000000e+03
3.700000000000000000e+01
3.080000000000000000e+02
3.380000000000000000e+03
4.290000000000000000e+02
0.000000000000000000e+00
8.200000000000000000e+01
2.522000000000000000e+03
1.507000000000000000e+03
6.700000000000000000e+01
0.000000000000000000e+00
0.000000000000000000e+00
3.149000000000000000e+03
0.000000000000000000e+00
0.000000000000000000e+00
3.040000000000000000e+02
0.000000000000000000e+00
8.200000000000000000e+01
2.239000000000000000e+03
8.000000000000000000e+00
7.150000000000000000e+02
4.510000000000000000e+02
9.970000000000000000e+02
9.600000000000000000e+01
2.100000000000000000e+01
9.480000000000000000e+02
2.609000000000000000e+03
5.700000000000000000e+01
1.539000000000000000e+03
1.000000000000000000e+01
0.000000000000000000e+00
1.083000000000000000e+03
2.759000000000000000e+03
2.250000000000000000e+02
1.800000000000000000e+01
1.990000000000000000e+02
6.210000000000000000e+02
8.600000000000000000e+01
4.000000000000000000e+00
6.000000000000000000e+01
0.000000000000000000e+00
0.000000000000000000e+00
5.100000000000000000e+01
0.000000000000000000e+00
0.000000000000000000e+00
0.000000000000000000e+00
0.000000000000000000e+00
0.000000000000000000e+00
6.000000000000000000e+00
0.000000000000000000e+00
0.000000000000000000e+00
0.000000000000000000e+00
0.000000000000000000e+00
5.000000000000000000e+00
0.000000000000000000e+00
0.000000000000000000e+00
0.000000000000000000e+00
0.000000000000000000e+00
0.000000000000000000e+00
0.000000000000000000e+00
0.000000000000000000e+00
0.000000000000000000e+00
0.000000000000000000e+00
0.000000000000000000e+00
0.000000000000000000e+00
0.000000000000000000e+00
0.000000000000000000e+00
0.000000000000000000e+00
0.000000000000000000e+00
0.000000000000000000e+00
0.000000000000000000e+00
0.000000000000000000e+00
0.000000000000000000e+00
0.000000000000000000e+00
0.000000000000000000e+00
0.000000000000000000e+00
0.000000000000000000e+00
0.000000000000000000e+00
0.000000000000000000e+00
0.000000000000000000e+00
0.000000000000000000e+00
0.000000000000000000e+00
0.000000000000000000e+00
0.000000000000000000e+00
0.000000000000000000e+00
0.000000000000000000e+00
0.000000000000000000e+00
0.000000000000000000e+00
0.000000000000000000e+00
0.000000000000000000e+00
0.000000000000000000e+00
0.000000000000000000e+00
0.000000000000000000e+00
0.000000000000000000e+00
0.000000000000000000e+00
0.000000000000000000e+00
0.000000000000000000e+00
0.000000000000000000e+00
0.000000000000000000e+00
0.000000000000000000e+00
0.000000000000000000e+00
0.000000000000000000e+00
0.000000000000000000e+00
0.000000000000000000e+00
0.000000000000000000e+00
0.000000000000000000e+00
0.000000000000000000e+00
0.000000000000000000e+00
0.000000000000000000e+00
0.000000000000000000e+00
0.000000000000000000e+00
0.000000000000000000e+00
0.000000000000000000e+00
0.000000000000000000e+00
0.000000000000000000e+00
0.000000000000000000e+00
0.000000000000000000e+00
0.000000000000000000e+00
0.000000000000000000e+00
0.000000000000000000e+00
0.000000000000000000e+00
0.000000000000000000e+00
1.000000000000000000e+00
0.000000000000000000e+00
0.000000000000000000e+00
1.400000000000000000e+01
0.000000000000000000e+00
0.000000000000000000e+00
0.000000000000000000e+00
6.000000000000000000e+00
0.000000000000000000e+00
0.000000000000000000e+00
0.000000000000000000e+00
0.000000000000000000e+00
0.000000000000000000e+00
0.000000000000000000e+00
0.000000000000000000e+00
0.000000000000000000e+00
0.000000000000000000e+00
0.000000000000000000e+00
0.000000000000000000e+00
0.000000000000000000e+00
0.000000000000000000e+00
0.000000000000000000e+00
0.000000000000000000e+00
0.000000000000000000e+00
0.000000000000000000e+00
0.000000000000000000e+00
0.000000000000000000e+00
0.000000000000000000e+00
0.000000000000000000e+00
0.000000000000000000e+00
0.000000000000000000e+00
0.000000000000000000e+00
0.000000000000000000e+00
0.000000000000000000e+00
0.000000000000000000e+00
0.000000000000000000e+00
0.000000000000000000e+00
0.000000000000000000e+00
0.000000000000000000e+00
0.000000000000000000e+00
0.000000000000000000e+00
0.000000000000000000e+00
0.000000000000000000e+00
0.000000000000000000e+00
0.000000000000000000e+00
0.000000000000000000e+00
0.000000000000000000e+00
0.000000000000000000e+00
0.000000000000000000e+00
0.000000000000000000e+00
0.000000000000000000e+00
0.000000000000000000e+00
0.000000000000000000e+00
0.000000000000000000e+00
0.000000000000000000e+00
0.000000000000000000e+00
0.000000000000000000e+00
0.000000000000000000e+00
0.000000000000000000e+00
0.000000000000000000e+00
0.000000000000000000e+00
0.000000000000000000e+00
0.000000000000000000e+00
0.000000000000000000e+00
0.000000000000000000e+00
0.000000000000000000e+00
0.000000000000000000e+00
0.000000000000000000e+00
0.000000000000000000e+00
0.000000000000000000e+00
0.000000000000000000e+00
0.000000000000000000e+00
0.000000000000000000e+00
0.000000000000000000e+00
0.000000000000000000e+00
0.000000000000000000e+00
0.000000000000000000e+00
0.000000000000000000e+00
0.000000000000000000e+00
0.000000000000000000e+00
0.000000000000000000e+00
0.000000000000000000e+00
0.000000000000000000e+00
0.000000000000000000e+00
0.000000000000000000e+00
0.000000000000000000e+00
6.000000000000000000e+00
0.000000000000000000e+00
0.000000000000000000e+00
1.110000000000000000e+02
2.870000000000000000e+02
2.280000000000000000e+02
1.930000000000000000e+02
5.820000000000000000e+02
1.912000000000000000e+03
1.876000000000000000e+03
4.152000000000000000e+03
4.625000000000000000e+03
5.468000000000000000e+03
4.345000000000000000e+03
5.971000000000000000e+03
4.867000000000000000e+03
5.867000000000000000e+03
5.683000000000000000e+03
5.722000000000000000e+03
6.399000000000000000e+03
7.089000000000000000e+03
8.303000000000000000e+03
7.374000000000000000e+03
6.324000000000000000e+03
6.423000000000000000e+03
7.032000000000000000e+03
7.007000000000000000e+03
5.607000000000000000e+03
5.094000000000000000e+03
5.665000000000000000e+03
5.450000000000000000e+03
5.184000000000000000e+03
4.425000000000000000e+03
3.625000000000000000e+03
3.542000000000000000e+03
2.975000000000000000e+03
2.786000000000000000e+03
1.805000000000000000e+03
1.917000000000000000e+03
1.459000000000000000e+03
1.238000000000000000e+03
1.200000000000000000e+03
1.116000000000000000e+03
8.840000000000000000e+02
7.270000000000000000e+02
5.840000000000000000e+02
5.390000000000000000e+02
3.740000000000000000e+02
3.260000000000000000e+02
3.210000000000000000e+02
2.860000000000000000e+02
2.500000000000000000e+02
1.370000000000000000e+02
1.560000000000000000e+02
1.030000000000000000e+02
7.400000000000000000e+01
8.400000000000000000e+01
5.200000000000000000e+01
3.500000000000000000e+01
4.300000000000000000e+01
3.300000000000000000e+01
2.200000000000000000e+01
1.000000000000000000e+01
5.000000000000000000e+00
8.000000000000000000e+00
1.000000000000000000e+00
3.000000000000000000e+00
3.000000000000000000e+00
3.000000000000000000e+00
3.000000000000000000e+00
0.000000000000000000e+00
0.000000000000000000e+00
0.000000000000000000e+00
0.000000000000000000e+00
0.000000000000000000e+00
0.000000000000000000e+00
0.000000000000000000e+00
0.000000000000000000e+00
0.000000000000000000e+00
0.000000000000000000e+00
0.000000000000000000e+00
0.000000000000000000e+00
0.000000000000000000e+00
0.000000000000000000e+00
0.000000000000000000e+00
0.000000000000000000e+00
0.000000000000000000e+00
0.000000000000000000e+00
0.000000000000000000e+00
0.000000000000000000e+00
0.000000000000000000e+00
0.000000000000000000e+00
0.000000000000000000e+00
0.000000000000000000e+00
0.000000000000000000e+00
0.000000000000000000e+00
0.000000000000000000e+00
0.000000000000000000e+00
0.000000000000000000e+00
0.000000000000000000e+00
0.000000000000000000e+00
0.000000000000000000e+00
0.000000000000000000e+00
0.000000000000000000e+00
0.000000000000000000e+00
0.000000000000000000e+00
0.000000000000000000e+00
0.000000000000000000e+00
0.000000000000000000e+00
0.000000000000000000e+00
0.000000000000000000e+00
0.000000000000000000e+00
0.000000000000000000e+00
0.000000000000000000e+00
0.000000000000000000e+00
0.000000000000000000e+00
0.000000000000000000e+00
0.000000000000000000e+00
0.000000000000000000e+00
0.000000000000000000e+00
0.000000000000000000e+00
0.000000000000000000e+00
0.000000000000000000e+00
0.000000000000000000e+00
0.000000000000000000e+00
0.000000000000000000e+00
0.000000000000000000e+00
0.000000000000000000e+00
0.000000000000000000e+00
0.000000000000000000e+00
0.000000000000000000e+00
0.000000000000000000e+00
0.000000000000000000e+00
0.000000000000000000e+00
0.000000000000000000e+00
0.000000000000000000e+00
0.000000000000000000e+00
0.000000000000000000e+00
0.000000000000000000e+00
0.000000000000000000e+00
0.000000000000000000e+00
0.000000000000000000e+00
0.000000000000000000e+00
0.000000000000000000e+00
0.000000000000000000e+00
0.000000000000000000e+00
0.000000000000000000e+00
0.000000000000000000e+00
0.000000000000000000e+00
0.000000000000000000e+00
0.000000000000000000e+00
0.000000000000000000e+00
0.000000000000000000e+00
0.000000000000000000e+00
0.000000000000000000e+00
0.000000000000000000e+00
0.000000000000000000e+00
0.000000000000000000e+00
0.000000000000000000e+00
0.000000000000000000e+00
0.000000000000000000e+00
0.000000000000000000e+00
0.000000000000000000e+00
0.000000000000000000e+00
0.000000000000000000e+00
0.000000000000000000e+00
0.000000000000000000e+00
0.000000000000000000e+00
0.000000000000000000e+00
0.000000000000000000e+00
0.000000000000000000e+00
0.000000000000000000e+00
0.000000000000000000e+00
0.000000000000000000e+00
0.000000000000000000e+00
0.000000000000000000e+00
0.000000000000000000e+00
0.000000000000000000e+00
0.000000000000000000e+00
0.000000000000000000e+00
0.000000000000000000e+00
0.000000000000000000e+00
0.000000000000000000e+00
0.000000000000000000e+00
0.000000000000000000e+00
0.000000000000000000e+00
0.000000000000000000e+00
0.000000000000000000e+00
0.000000000000000000e+00
0.000000000000000000e+00
0.000000000000000000e+00
0.000000000000000000e+00
0.000000000000000000e+00
0.000000000000000000e+00
0.000000000000000000e+00
0.000000000000000000e+00
0.000000000000000000e+00
0.000000000000000000e+00
0.000000000000000000e+00
0.000000000000000000e+00
0.000000000000000000e+00
0.000000000000000000e+00
0.000000000000000000e+00
0.000000000000000000e+00
0.000000000000000000e+00
0.000000000000000000e+00
0.000000000000000000e+00
0.000000000000000000e+00
0.000000000000000000e+00
0.000000000000000000e+00
0.000000000000000000e+00
0.000000000000000000e+00
0.000000000000000000e+00
0.000000000000000000e+00
0.000000000000000000e+00
0.000000000000000000e+00
0.000000000000000000e+00
0.000000000000000000e+00
0.000000000000000000e+00
0.000000000000000000e+00
0.000000000000000000e+00
0.000000000000000000e+00
0.000000000000000000e+00
0.000000000000000000e+00
0.000000000000000000e+00
0.000000000000000000e+00
0.000000000000000000e+00
0.000000000000000000e+00
0.000000000000000000e+00
0.000000000000000000e+00
0.000000000000000000e+00
0.000000000000000000e+00
0.000000000000000000e+00
0.000000000000000000e+00
0.000000000000000000e+00
0.000000000000000000e+00
0.000000000000000000e+00
0.000000000000000000e+00
0.000000000000000000e+00
0.000000000000000000e+00
0.000000000000000000e+00
0.000000000000000000e+00
0.000000000000000000e+00
0.000000000000000000e+00
0.000000000000000000e+00
0.000000000000000000e+00
0.000000000000000000e+00
0.000000000000000000e+00
0.000000000000000000e+00
0.000000000000000000e+00
0.000000000000000000e+00
0.000000000000000000e+00
0.000000000000000000e+00
0.000000000000000000e+00
0.000000000000000000e+00
0.000000000000000000e+00
0.000000000000000000e+00
0.000000000000000000e+00
0.000000000000000000e+00
0.000000000000000000e+00
0.000000000000000000e+00
0.000000000000000000e+00
0.000000000000000000e+00
0.000000000000000000e+00
0.000000000000000000e+00
0.000000000000000000e+00
0.000000000000000000e+00
0.000000000000000000e+00
0.000000000000000000e+00
0.000000000000000000e+00
0.000000000000000000e+00
0.000000000000000000e+00
0.000000000000000000e+00
0.000000000000000000e+00
0.000000000000000000e+00
0.000000000000000000e+00
0.000000000000000000e+00
0.000000000000000000e+00
0.000000000000000000e+00
0.000000000000000000e+00
0.000000000000000000e+00
0.000000000000000000e+00
0.000000000000000000e+00
0.000000000000000000e+00
0.000000000000000000e+00
0.000000000000000000e+00
0.000000000000000000e+00
0.000000000000000000e+00
0.000000000000000000e+00
0.000000000000000000e+00
0.000000000000000000e+00
0.000000000000000000e+00
0.000000000000000000e+00
0.000000000000000000e+00
0.000000000000000000e+00
0.000000000000000000e+00
0.000000000000000000e+00
0.000000000000000000e+00
0.000000000000000000e+00
0.000000000000000000e+00
0.000000000000000000e+00
0.000000000000000000e+00
0.000000000000000000e+00
0.000000000000000000e+00
0.000000000000000000e+00
0.000000000000000000e+00
0.000000000000000000e+00
0.000000000000000000e+00
0.000000000000000000e+00
0.000000000000000000e+00
0.000000000000000000e+00
0.000000000000000000e+00
0.000000000000000000e+00
0.000000000000000000e+00
0.000000000000000000e+00
0.000000000000000000e+00
0.000000000000000000e+00
0.000000000000000000e+00
0.000000000000000000e+00
0.000000000000000000e+00
0.000000000000000000e+00
0.000000000000000000e+00
0.000000000000000000e+00
0.000000000000000000e+00
0.000000000000000000e+00
0.000000000000000000e+00
0.000000000000000000e+00
0.000000000000000000e+00
0.000000000000000000e+00
0.000000000000000000e+00
0.000000000000000000e+00
0.000000000000000000e+00
0.000000000000000000e+00
0.000000000000000000e+00
0.000000000000000000e+00
0.000000000000000000e+00
0.000000000000000000e+00
0.000000000000000000e+00
0.000000000000000000e+00
0.000000000000000000e+00
0.000000000000000000e+00
0.000000000000000000e+00
0.000000000000000000e+00
0.000000000000000000e+00
0.000000000000000000e+00
1.000000000000000000e+00
5.000000000000000000e+00
9.000000000000000000e+00
2.500000000000000000e+01
5.200000000000000000e+01
6.200000000000000000e+01
8.100000000000000000e+01
9.000000000000000000e+01
1.110000000000000000e+02
1.060000000000000000e+02
1.190000000000000000e+02
1.210000000000000000e+02
1.380000000000000000e+02
1.590000000000000000e+02
1.830000000000000000e+02
2.230000000000000000e+02
2.410000000000000000e+02
3.210000000000000000e+02
3.290000000000000000e+02
2.830000000000000000e+02
3.170000000000000000e+02
3.640000000000000000e+02
4.230000000000000000e+02
5.050000000000000000e+02
5.250000000000000000e+02
6.480000000000000000e+02
6.840000000000000000e+02
7.820000000000000000e+02
8.060000000000000000e+02
8.600000000000000000e+02
9.090000000000000000e+02
1.076000000000000000e+03
1.232000000000000000e+03
1.371000000000000000e+03
1.338000000000000000e+03
1.479000000000000000e+03
1.461000000000000000e+03
1.571000000000000000e+03
1.541000000000000000e+03
1.704000000000000000e+03
1.711000000000000000e+03
1.789000000000000000e+03
1.891000000000000000e+03
2.061000000000000000e+03
2.117000000000000000e+03
2.156000000000000000e+03
2.299000000000000000e+03
2.209000000000000000e+03
2.222000000000000000e+03
2.213000000000000000e+03
2.034000000000000000e+03
2.124000000000000000e+03
2.079000000000000000e+03
2.046000000000000000e+03
2.019000000000000000e+03
2.224000000000000000e+03
2.204000000000000000e+03
2.278000000000000000e+03
2.391000000000000000e+03
2.404000000000000000e+03
2.300000000000000000e+03
2.424000000000000000e+03
2.419000000000000000e+03
2.415000000000000000e+03
2.462000000000000000e+03
2.566000000000000000e+03
2.779000000000000000e+03
2.638000000000000000e+03
2.599000000000000000e+03
2.613000000000000000e+03
2.794000000000000000e+03
2.860000000000000000e+03
3.107000000000000000e+03
3.029000000000000000e+03
3.103000000000000000e+03
3.117000000000000000e+03
3.058000000000000000e+03
2.846000000000000000e+03
2.973000000000000000e+03
3.084000000000000000e+03
3.139000000000000000e+03
2.964000000000000000e+03
2.869000000000000000e+03
2.737000000000000000e+03
2.441000000000000000e+03
2.259000000000000000e+03
2.046000000000000000e+03
1.835000000000000000e+03
1.779000000000000000e+03
1.676000000000000000e+03
1.614000000000000000e+03
1.521000000000000000e+03
1.389000000000000000e+03
1.336000000000000000e+03
1.368000000000000000e+03
1.425000000000000000e+03
1.408000000000000000e+03
1.256000000000000000e+03
1.256000000000000000e+03
1.196000000000000000e+03
1.138000000000000000e+03
9.790000000000000000e+02
8.810000000000000000e+02
8.270000000000000000e+02
7.930000000000000000e+02
6.750000000000000000e+02
6.270000000000000000e+02
5.950000000000000000e+02
5.840000000000000000e+02
5.300000000000000000e+02
4.010000000000000000e+02
2.650000000000000000e+02
1.460000000000000000e+02
7.400000000000000000e+01
2.400000000000000000e+01
1.700000000000000000e+01
1.200000000000000000e+01
5.000000000000000000e+00
1.000000000000000000e+00
0.000000000000000000e+00
0.000000000000000000e+00
0.000000000000000000e+00
0.000000000000000000e+00
0.000000000000000000e+00
0.000000000000000000e+00
0.000000000000000000e+00
0.000000000000000000e+00
0.000000000000000000e+00
0.000000000000000000e+00
0.000000000000000000e+00
0.000000000000000000e+00
0.000000000000000000e+00
0.000000000000000000e+00
0.000000000000000000e+00
0.000000000000000000e+00
0.000000000000000000e+00
0.000000000000000000e+00
0.000000000000000000e+00
0.000000000000000000e+00
0.000000000000000000e+00
0.000000000000000000e+00
0.000000000000000000e+00
0.000000000000000000e+00
0.000000000000000000e+00
0.000000000000000000e+00
0.000000000000000000e+00
0.000000000000000000e+00
0.000000000000000000e+00
0.000000000000000000e+00
0.000000000000000000e+00
0.000000000000000000e+00
0.000000000000000000e+00
0.000000000000000000e+00
0.000000000000000000e+00
0.000000000000000000e+00
0.000000000000000000e+00
0.000000000000000000e+00
0.000000000000000000e+00
0.000000000000000000e+00
0.000000000000000000e+00
0.000000000000000000e+00
0.000000000000000000e+00
0.000000000000000000e+00
0.000000000000000000e+00
0.000000000000000000e+00
0.000000000000000000e+00
0.000000000000000000e+00
