8.780000000000000000e+02
2.210000000000000000e+02
4.150000000000000000e+02
4.900000000000000000e+02
8.120000000000000000e+02
1.300000000000000000e+03
1.676000000000000000e+03
1.939000000000000000e+03
1.720000000000000000e+03
1.546000000000000000e+03
1.271000000000000000e+03
1.151000000000000000e+03
9.980000000000000000e+02
1.002000000000000000e+03
9.610000000000000000e+02
8.730000000000000000e+02
7.520000000000000000e+02
7.510000000000000000e+02
6.530000000000000000e+02
6.000000000000000000e+02
5.350000000000000000e+02
4.990000000000000000e+02
4.390000000000000000e+02
4.120000000000000000e+02
3.820000000000000000e+02
3.740000000000000000e+02
3.080000000000000000e+02
3.000000000000000000e+02
2.950000000000000000e+02
2.780000000000000000e+02
2.400000000000000000e+02
2.440000000000000000e+02
2.480000000000000000e+02
2.620000000000000000e+02
2.480000000000000000e+02
1.770000000000000000e+02
1.730000000000000000e+02
1.780000000000000000e+02
1.730000000000000000e+02
1.650000000000000000e+02
1.610000000000000000e+02
1.690000000000000000e+02
1.680000000000000000e+02
1.550000000000000000e+02
1.510000000000000000e+02
1.390000000000000000e+02
1.500000000000000000e+02
1.250000000000000000e+02
1.200000000000000000e+02
1.160000000000000000e+02
1.140000000000000000e+02
1.150000000000000000e+02
1.100000000000000000e+02
9.400000000000000000e+01
9.600000000000000000e+01
9.500000000000000000e+01
9.300000000000000000e+01
9.600000000000000000e+01
9.300000000000000000e+01
9.200000000000000000e+01
7.900000000000000000e+01
9.400000000000000000e+01
9.200000000000000000e+01
8.900000000000000000e+01
8.700000000000000000e+01
8.200000000000000000e+01
7.900000000000000000e+01
8.600000000000000000e+01
7.000000000000000000e+01
8.400000000000000000e+01
8.000000000000000000e+01
6.900000000000000000e+01
9.100000000000000000e+01
9.400000000000000000e+01
7.500000000000000000e+01
7.700000000000000000e+01
7.800000000000000000e+01
7.300000000000000000e+01
8.500000000000000000e+01
7.300000000000000000e+01
7.200000000000000000e+01
7.400000000000000000e+01
8.300000000000000000e+01
7.600000000000000000e+01
8.600000000000000000e+01
8.100000000000000000e+01
8.600000000000000000e+01
7.400000000000000000e+01
7.800000000000000000e+01
7.800000000000000000e+01
6.800000000000000000e+01
7.500000000000000000e+01
8.400000000000000000e+01
5.900000000000000000e+01
6.600000000000000000e+01
7.600000000000000000e+01
7.800000000000000000e+01
5.400000000000000000e+01
8.700000000000000000e+01
8.600000000000000000e+01
7.100000000000000000e+01
7.300000000000000000e+01
5.800000000000000000e+01
7.300000000000000000e+01
6.000000000000000000e+01
6.200000000000000000e+01
6.100000000000000000e+01
7.800000000000000000e+01
6.200000000000000000e+01
7.900000000000000000e+01
6.900000000000000000e+01
5.900000000000000000e+01
6.700000000000000000e+01
7.000000000000000000e+01
7.800000000000000000e+01
6.800000000000000000e+01
8.200000000000000000e+01
8.400000000000000000e+01
5.100000000000000000e+01
7.700000000000000000e+01
7.100000000000000000e+01
8.400000000000000000e+01
7.400000000000000000e+01
6.500000000000000000e+01
6.800000000000000000e+01
8.200000000000000000e+01
8.200000000000000000e+01
8.200000000000000000e+01
8.300000000000000000e+01
8.400000000000000000e+01
8.500000000000000000e+01
8.900000000000000000e+01
1.120000000000000000e+02
9.200000000000000000e+01
1.030000000000000000e+02
1.160000000000000000e+02
1.410000000000000000e+02
1.560000000000000000e+02
1.640000000000000000e+02
1.940000000000000000e+02
1.920000000000000000e+02
2.360000000000000000e+02
2.760000000000000000e+02
3.110000000000000000e+02
4.400000000000000000e+02
7.270000000000000000e+02
1.359000000000000000e+03
2.499000000000000000e+03
3.533000000000000000e+03
3.665000000000000000e+03
4.130000000000000000e+03
3.933000000000000000e+03
3.899000000000000000e+03
4.196000000000000000e+03
5.603000000000000000e+03
6.854000000000000000e+03
8.389000000000000000e+03
9.168000000000000000e+03
9.094000000000000000e+03
9.078000000000000000e+03
8.737000000000000000e+03
9.359000000000000000e+03
9.683000000000000000e+03
9.035000000000000000e+03
6.849000000000000000e+03
5.414000000000000000e+03
5.075000000000000000e+03
5.389000000000000000e+03
5.654000000000000000e+03
4.533000000000000000e+03
2.507000000000000000e+03
1.205000000000000000e+03
3.890000000000000000e+02
1.580000000000000000e+02
1.380000000000000000e+02
1.060000000000000000e+02
8.000000000000000000e+01
8.000000000000000000e+01
7.100000000000000000e+01
5.700000000000000000e+01
5.600000000000000000e+01
4.400000000000000000e+01
3.600000000000000000e+01
3.700000000000000000e+01
3.700000000000000000e+01
4.300000000000000000e+01
1.600000000000000000e+01
1.800000000000000000e+01
2.100000000000000000e+01
2.300000000000000000e+01
1.100000000000000000e+01
1.100000000000000000e+01
1.400000000000000000e+01
1.300000000000000000e+01
8.000000000000000000e+00
1.700000000000000000e+01
7.000000000000000000e+00
6.000000000000000000e+00
3.000000000000000000e+00
2.000000000000000000e+00
2.000000000000000000e+00
2.000000000000000000e+00
1.000000000000000000e+00
1.000000000000000000e+00
2.000000000000000000e+00
3.000000000000000000e+00
0.000000000000000000e+00
2.000000000000000000e+00
2.000000000000000000e+00
0.000000000000000000e+00
2.000000000000000000e+00
0.000000000000000000e+00
0.000000000000000000e+00
0.000000000000000000e+00
0.000000000000000000e+00
0.000000000000000000e+00
0.000000000000000000e+00
0.000000000000000000e+00
0.000000000000000000e+00
0.000000000000000000e+00
0.000000000000000000e+00
1.000000000000000000e+00
0.000000000000000000e+00
0.000000000000000000e+00
0.000000000000000000e+00
0.000000000000000000e+00
0.000000000000000000e+00
0.000000000000000000e+00
0.000000000000000000e+00
0.000000000000000000e+00
0.000000000000000000e+00
0.000000000000000000e+00
0.000000000000000000e+00
0.000000000000000000e+00
0.000000000000000000e+00
0.000000000000000000e+00
0.000000000000000000e+00
0.000000000000000000e+00
0.000000000000000000e+00
0.000000000000000000e+00
0.000000000000000000e+00
0.000000000000000000e+00
0.000000000000000000e+00
0.000000000000000000e+00
0.000000000000000000e+00
0.000000000000000000e+00
0.000000000000000000e+00
0.000000000000000000e+00
0.000000000000000000e+00
0.000000000000000000e+00
0.000000000000000000e+00
0.000000000000000000e+00
0.000000000000000000e+00
0.000000000000000000e+00
0.000000000000000000e+00
0.000000000000000000e+00
3.980000000000000000e+02
2.610000000000000000e+02
2.440000000000000000e+02
2.100000000000000000e+02
1.930000000000000000e+02
2.250000000000000000e+02
2.960000000000000000e+02
3.950000000000000000e+02
6.230000000000000000e+02
9.010000000000000000e+02
1.050000000000000000e+03
1.096000000000000000e+03
1.208000000000000000e+03
1.295000000000000000e+03
1.451000000000000000e+03
1.372000000000000000e+03
1.408000000000000000e+03
1.400000000000000000e+03
1.338000000000000000e+03
1.299000000000000000e+03
1.174000000000000000e+03
1.044000000000000000e+03
9.930000000000000000e+02
8.320000000000000000e+02
7.860000000000000000e+02
6.930000000000000000e+02
6.180000000000000000e+02
5.190000000000000000e+02
4.710000000000000000e+02
3.970000000000000000e+02
3.430000000000000000e+02
3.290000000000000000e+02
3.000000000000000000e+02
2.420000000000000000e+02
2.410000000000000000e+02
2.130000000000000000e+02
2.240000000000000000e+02
1.710000000000000000e+02
1.590000000000000000e+02
1.440000000000000000e+02
1.590000000000000000e+02
1.410000000000000000e+02
1.350000000000000000e+02
1.100000000000000000e+02
1.230000000000000000e+02
1.270000000000000000e+02
1.100000000000000000e+02
1.080000000000000000e+02
1.180000000000000000e+02
1.060000000000000000e+02
1.080000000000000000e+02
9.600000000000000000e+01
9.400000000000000000e+01
8.800000000000000000e+01
9.900000000000000000e+01
9.100000000000000000e+01
8.800000000000000000e+01
9.900000000000000000e+01
8.900000000000000000e+01
6.400000000000000000e+01
9.000000000000000000e+01
9.000000000000000000e+01
1.070000000000000000e+02
8.600000000000000000e+01
7.600000000000000000e+01
9.600000000000000000e+01
8.600000000000000000e+01
7.400000000000000000e+01
8.700000000000000000e+01
7.800000000000000000e+01
7.200000000000000000e+01
7.500000000000000000e+01
7.000000000000000000e+01
8.500000000000000000e+01
6.900000000000000000e+01
7.400000000000000000e+01
1.000000000000000000e+02
8.000000000000000000e+01
8.300000000000000000e+01
7.700000000000000000e+01
9.100000000000000000e+01
8.200000000000000000e+01
7.500000000000000000e+01
8.700000000000000000e+01
7.500000000000000000e+01
7.700000000000000000e+01
7.900000000000000000e+01
7.200000000000000000e+01
7.400000000000000000e+01
5.700000000000000000e+01
9.200000000000000000e+01
7.900000000000000000e+01
8.400000000000000000e+01
6.600000000000000000e+01
7.700000000000000000e+01
6.200000000000000000e+01
6.200000000000000000e+01
7.700000000000000000e+01
7.100000000000000000e+01
6.500000000000000000e+01
7.300000000000000000e+01
7.200000000000000000e+01
6.400000000000000000e+01
6.700000000000000000e+01
7.200000000000000000e+01
7.300000000000000000e+01
8.000000000000000000e+01
6.000000000000000000e+01
7.600000000000000000e+01
7.800000000000000000e+01
8.000000000000000000e+01
7.500000000000000000e+01
8.400000000000000000e+01
7.200000000000000000e+01
7.200000000000000000e+01
9.100000000000000000e+01
7.700000000000000000e+01
7.900000000000000000e+01
7.200000000000000000e+01
9.000000000000000000e+01
8.600000000000000000e+01
7.400000000000000000e+01
9.300000000000000000e+01
1.070000000000000000e+02
9.400000000000000000e+01
1.080000000000000000e+02
9.500000000000000000e+01
9.300000000000000000e+01
1.150000000000000000e+02
1.070000000000000000e+02
1.210000000000000000e+02
1.530000000000000000e+02
1.700000000000000000e+02
2.210000000000000000e+02
4.720000000000000000e+02
8.150000000000000000e+02
1.308000000000000000e+03
1.956000000000000000e+03
3.360000000000000000e+03
3.857000000000000000e+03
4.108000000000000000e+03
4.076000000000000000e+03
4.239000000000000000e+03
5.058000000000000000e+03
5.739000000000000000e+03
6.455000000000000000e+03
7.129000000000000000e+03
7.110000000000000000e+03
6.869000000000000000e+03
6.421000000000000000e+03
5.137000000000000000e+03
3.790000000000000000e+03
3.001000000000000000e+03
2.877000000000000000e+03
3.545000000000000000e+03
4.828000000000000000e+03
5.971000000000000000e+03
5.859000000000000000e+03
5.423000000000000000e+03
4.756000000000000000e+03
5.176000000000000000e+03
7.686000000000000000e+03
8.496000000000000000e+03
7.452000000000000000e+03
5.281000000000000000e+03
2.364000000000000000e+03
6.750000000000000000e+02
2.520000000000000000e+02
1.120000000000000000e+02
8.700000000000000000e+01
8.200000000000000000e+01
7.600000000000000000e+01
6.600000000000000000e+01
5.400000000000000000e+01
5.800000000000000000e+01
6.200000000000000000e+01
4.200000000000000000e+01
4.200000000000000000e+01
2.700000000000000000e+01
2.600000000000000000e+01
3.500000000000000000e+01
2.500000000000000000e+01
2.100000000000000000e+01
1.700000000000000000e+01
1.600000000000000000e+01
1.400000000000000000e+01
1.000000000000000000e+01
1.600000000000000000e+01
7.000000000000000000e+00
6.000000000000000000e+00
6.000000000000000000e+00
3.000000000000000000e+00
6.000000000000000000e+00
4.000000000000000000e+00
7.000000000000000000e+00
4.000000000000000000e+00
2.000000000000000000e+00
2.000000000000000000e+00
3.000000000000000000e+00
2.000000000000000000e+00
3.000000000000000000e+00
1.000000000000000000e+00
2.000000000000000000e+00
0.000000000000000000e+00
0.000000000000000000e+00
0.000000000000000000e+00
0.000000000000000000e+00
1.000000000000000000e+00
0.000000000000000000e+00
0.000000000000000000e+00
0.000000000000000000e+00
0.000000000000000000e+00
0.000000000000000000e+00
0.000000000000000000e+00
0.000000000000000000e+00
0.000000000000000000e+00
0.000000000000000000e+00
0.000000000000000000e+00
0.000000000000000000e+00
0.000000000000000000e+00
0.000000000000000000e+00
0.000000000000000000e+00
0.000000000000000000e+00
0.000000000000000000e+00
0.000000000000000000e+00
0.000000000000000000e+00
0.000000000000000000e+00
0.000000000000000000e+00
0.000000000000000000e+00
0.000000000000000000e+00
0.000000000000000000e+00
0.000000000000000000e+00
0.000000000000000000e+00
0.000000000000000000e+00
0.000000000000000000e+00
0.000000000000000000e+00
0.000000000000000000e+00
0.000000000000000000e+00
0.000000000000000000e+00
0.000000000000000000e+00
0.000000000000000000e+00
0.000000000000000000e+00
0.000000000000000000e+00
0.000000000000000000e+00
0.000000000000000000e+00
0.000000000000000000e+00
0.000000000000000000e+00
0.000000000000000000e+00
0.000000000000000000e+00
0.000000000000000000e+00
0.000000000000000000e+00
0.000000000000000000e+00
0.000000000000000000e+00
0.000000000000000000e+00
0.000000000000000000e+00
0.000000000000000000e+00
8.470000000000000000e+02
2.130000000000000000e+02
1.210000000000000000e+02
2.010000000000000000e+02
1.900000000000000000e+02
1.750000000000000000e+02
2.140000000000000000e+02
2.670000000000000000e+02
3.800000000000000000e+02
5.940000000000000000e+02
8.990000000000000000e+02
1.200000000000000000e+03
1.276000000000000000e+03
1.333000000000000000e+03
1.355000000000000000e+03
1.420000000000000000e+03
1.448000000000000000e+03
1.299000000000000000e+03
1.340000000000000000e+03
1.238000000000000000e+03
1.104000000000000000e+03
1.021000000000000000e+03
8.940000000000000000e+02
7.920000000000000000e+02
7.370000000000000000e+02
6.480000000000000000e+02
6.970000000000000000e+02
6.110000000000000000e+02
5.620000000000000000e+02
5.310000000000000000e+02
4.610000000000000000e+02
4.190000000000000000e+02
4.220000000000000000e+02
3.240000000000000000e+02
2.980000000000000000e+02
2.540000000000000000e+02
2.430000000000000000e+02
2.390000000000000000e+02
1.980000000000000000e+02
1.700000000000000000e+02
1.530000000000000000e+02
1.350000000000000000e+02
1.410000000000000000e+02
1.320000000000000000e+02
1.390000000000000000e+02
1.240000000000000000e+02
1.160000000000000000e+02
1.280000000000000000e+02
1.110000000000000000e+02
9.600000000000000000e+01
1.210000000000000000e+02
1.150000000000000000e+02
1.100000000000000000e+02
9.300000000000000000e+01
9.700000000000000000e+01
9.100000000000000000e+01
9.300000000000000000e+01
9.800000000000000000e+01
1.020000000000000000e+02
8.500000000000000000e+01
9.200000000000000000e+01
8.700000000000000000e+01
1.130000000000000000e+02
9.500000000000000000e+01
8.500000000000000000e+01
7.100000000000000000e+01
7.000000000000000000e+01
1.010000000000000000e+02
9.100000000000000000e+01
9.400000000000000000e+01
1.020000000000000000e+02
9.900000000000000000e+01
7.000000000000000000e+01
1.060000000000000000e+02
9.100000000000000000e+01
7.800000000000000000e+01
7.500000000000000000e+01
9.000000000000000000e+01
7.500000000000000000e+01
8.300000000000000000e+01
1.030000000000000000e+02
7.400000000000000000e+01
7.500000000000000000e+01
8.100000000000000000e+01
8.200000000000000000e+01
7.800000000000000000e+01
8.300000000000000000e+01
7.100000000000000000e+01
7.100000000000000000e+01
6.900000000000000000e+01
5.400000000000000000e+01
6.000000000000000000e+01
6.900000000000000000e+01
8.600000000000000000e+01
8.700000000000000000e+01
8.500000000000000000e+01
7.900000000000000000e+01
8.500000000000000000e+01
8.200000000000000000e+01
8.200000000000000000e+01
8.200000000000000000e+01
7.100000000000000000e+01
8.400000000000000000e+01
7.100000000000000000e+01
8.200000000000000000e+01
7.000000000000000000e+01
8.400000000000000000e+01
9.300000000000000000e+01
8.600000000000000000e+01
8.800000000000000000e+01
9.500000000000000000e+01
7.900000000000000000e+01
9.800000000000000000e+01
1.130000000000000000e+02
1.110000000000000000e+02
1.520000000000000000e+02
1.380000000000000000e+02
1.660000000000000000e+02
1.770000000000000000e+02
2.250000000000000000e+02
2.470000000000000000e+02
3.350000000000000000e+02
4.750000000000000000e+02
9.790000000000000000e+02
1.912000000000000000e+03
3.248000000000000000e+03
4.807000000000000000e+03
6.059000000000000000e+03
6.422000000000000000e+03
5.978000000000000000e+03
5.269000000000000000e+03
5.107000000000000000e+03
3.871000000000000000e+03
2.385000000000000000e+03
1.734000000000000000e+03
1.600000000000000000e+03
1.259000000000000000e+03
1.194000000000000000e+03
1.332000000000000000e+03
1.244000000000000000e+03
1.220000000000000000e+03
1.365000000000000000e+03
1.382000000000000000e+03
1.281000000000000000e+03
1.367000000000000000e+03
1.721000000000000000e+03
2.374000000000000000e+03
2.937000000000000000e+03
3.001000000000000000e+03
3.022000000000000000e+03
2.822000000000000000e+03
2.566000000000000000e+03
2.445000000000000000e+03
2.730000000000000000e+03
3.072000000000000000e+03
4.085000000000000000e+03
4.875000000000000000e+03
5.203000000000000000e+03
5.098000000000000000e+03
5.104000000000000000e+03
4.864000000000000000e+03
5.918000000000000000e+03
5.667000000000000000e+03
5.635000000000000000e+03
5.830000000000000000e+03
4.456000000000000000e+03
2.842000000000000000e+03
2.238000000000000000e+03
1.267000000000000000e+03
4.700000000000000000e+02
1.210000000000000000e+02
7.000000000000000000e+01
5.700000000000000000e+01
6.400000000000000000e+01
6.100000000000000000e+01
5.400000000000000000e+01
4.600000000000000000e+01
3.200000000000000000e+01
4.100000000000000000e+01
3.600000000000000000e+01
2.200000000000000000e+01
2.000000000000000000e+01
1.900000000000000000e+01
1.800000000000000000e+01
1.900000000000000000e+01
2.100000000000000000e+01
1.300000000000000000e+01
6.000000000000000000e+00
8.000000000000000000e+00
9.000000000000000000e+00
7.000000000000000000e+00
3.000000000000000000e+00
8.000000000000000000e+00
4.000000000000000000e+00
7.000000000000000000e+00
5.000000000000000000e+00
5.000000000000000000e+00
1.000000000000000000e+00
1.000000000000000000e+00
1.000000000000000000e+00
0.000000000000000000e+00
0.000000000000000000e+00
1.000000000000000000e+00
1.000000000000000000e+00
0.000000000000000000e+00
0.000000000000000000e+00
0.000000000000000000e+00
0.000000000000000000e+00
0.000000000000000000e+00
0.000000000000000000e+00
0.000000000000000000e+00
0.000000000000000000e+00
0.000000000000000000e+00
0.000000000000000000e+00
0.000000000000000000e+00
1.000000000000000000e+00
0.000000000000000000e+00
0.000000000000000000e+00
0.000000000000000000e+00
0.000000000000000000e+00
0.000000000000000000e+00
0.000000000000000000e+00
0.000000000000000000e+00
0.000000000000000000e+00
0.000000000000000000e+00
0.000000000000000000e+00
0.000000000000000000e+00
0.000000000000000000e+00
0.000000000000000000e+00
0.000000000000000000e+00
0.000000000000000000e+00
0.000000000000000000e+00
0.000000000000000000e+00
0.000000000000000000e+00
0.000000000000000000e+00
0.000000000000000000e+00
0.000000000000000000e+00
0.000000000000000000e+00
0.000000000000000000e+00
0.000000000000000000e+00
0.000000000000000000e+00
0.000000000000000000e+00
0.000000000000000000e+00
0.000000000000000000e+00
0.000000000000000000e+00
0.000000000000000000e+00
0.000000000000000000e+00
0.000000000000000000e+00
0.000000000000000000e+00
0.000000000000000000e+00
0.000000000000000000e+00
0.000000000000000000e+00
0.000000000000000000e+00
0.000000000000000000e+00
0.000000000000000000e+00
0.000000000000000000e+00
1.834400000000000000e+04
0.000000000000000000e+00
9.000000000000000000e+00
1.250000000000000000e+02
0.000000000000000000e+00
2.130000000000000000e+02
3.190000000000000000e+03
0.000000000000000000e+00
4.390000000000000000e+02
2.200000000000000000e+01
7.000000000000000000e+00
6.130000000000000000e+02
2.000000000000000000e+01
1.821000000000000000e+03
2.380000000000000000e+02
6.400000000000000000e+01
3.230000000000000000e+02
1.700000000000000000e+01
3.900000000000000000e+01
7.860000000000000000e+02
9.654000000000000000e+03
8.440000000000000000e+02
1.280000000000000000e+02
6.080000000000000000e+02
3.625000000000000000e+03
2.018000000000000000e+03
5.260000000000000000e+02
6.000000000000000000e+00
3.100000000000000000e+01
6.000000000000000000e+00
1.276200000000000000e+04
0.000000000000000000e+00
4.950000000000000000e+02
1.000000000000000000e+01
1.618000000000000000e+03
2.763000000000000000e+03
2.401000000000000000e+03
2.300000000000000000e+01
2.210000000000000000e+02
9.700000000000000000e+01
2.470000000000000000e+02
3.000000000000000000e+00
6.060000000000000000e+02
4.340000000000000000e+02
0.000000000000000000e+00
6.200000000000000000e+01
1.000000000000000000e+00
0.000000000000000000e+00
7.300000000000000000e+01
0.000000000000000000e+00
1.096000000000000000e+03
1.400000000000000000e+02
2.600000000000000000e+01
4.000000000000000000e+00
4.000000000000000000e+00
2.210000000000000000e+02
4.600000000000000000e+01
1.000000000000000000e+01
0.000000000000000000e+00
0.000000000000000000e+00
2.750000000000000000e+02
0.000000000000000000e+00
0.000000000000000000e+00
4.000000000000000000e+00
2.000000000000000000e+00
0.000000000000000000e+00
3.410000000000000000e+02
0.000000000000000000e+00
2.000000000000000000e+00
1.000000000000000000e+00
1.090000000000000000e+02
2.000000000000000000e+00
2.000000000000000000e+00
3.000000000000000000e+01
1.200000000000000000e+01
2.951000000000000000e+03
1.000000000000000000e+00
0.000000000000000000e+00
2.000000000000000000e+00
2.400000000000000000e+01
2.220000000000000000e+02
1.000000000000000000e+00
0.000000000000000000e+00
4.930000000000000000e+02
8.000000000000000000e+00
1.900000000000000000e+01
2.000000000000000000e+00
1.490000000000000000e+02
5.000000000000000000e+00
0.000000000000000000e+00
2.520000000000000000e+02
2.000000000000000000e+00
3.000000000000000000e+01
6.800000000000000000e+01
5.000000000000000000e+00
1.960000000000000000e+02
7.180000000000000000e+02
2.200000000000000000e+01
2.980000000000000000e+02
1.530000000000000000e+02
1.490000000000000000e+02
7.530000000000000000e+02
4.280000000000000000e+02
2.907000000000000000e+03
1.876000000000000000e+03
7.740000000000000000e+03
9.268000000000000000e+03
1.535100000000000000e+04
8.543000000000000000e+03
4.829000000000000000e+03
4.518000000000000000e+03
6.691000000000000000e+03
2.880000000000000000e+03
2.952000000000000000e+03
4.347000000000000000e+03
3.435000000000000000e+03
1.332000000000000000e+03
6.500000000000000000e+01
5.600000000000000000e+01
6.700000000000000000e+01
1.190700000000000000e+04
0.000000000000000000e+00
7.200000000000000000e+01
2.500000000000000000e+01
2.750000000000000000e+02
8.490000000000000000e+02
4.912000000000000000e+03
3.700000000000000000e+01
1.050000000000000000e+02
5.400000000000000000e+01
9.800000000000000000e+01
7.000000000000000000e+00
7.280000000000000000e+02
2.400000000000000000e+02
1.700000000000000000e+01
7.600000000000000000e+01
7.000000000000000000e+01
4.000000000000000000e+00
1.870000000000000000e+02
2.300000000000000000e+01
1.802000000000000000e+03
1.450000000000000000e+02
1.080000000000000000e+02
1.900000000000000000e+01
5.600000000000000000e+01
1.640000000000000000e+02
1.330000000000000000e+02
5.700000000000000000e+01
1.000000000000000000e+01
0.000000000000000000e+00
2.100000000000000000e+02
0.000000000000000000e+00
5.000000000000000000e+00
5.400000000000000000e+01
2.000000000000000000e+00
2.400000000000000000e+01
4.450000000000000000e+02
4.000000000000000000e+00
5.400000000000000000e+01
1.000000000000000000e+01
1.920000000000000000e+02
0.000000000000000000e+00
1.000000000000000000e+00
9.600000000000000000e+01
4.400000000000000000e+01
1.055200000000000000e+04
3.000000000000000000e+00
0.000000000000000000e+00
0.000000000000000000e+00
5.600000000000000000e+01
3.700000000000000000e+02
5.000000000000000000e+00
0.000000000000000000e+00
1.330000000000000000e+03
1.000000000000000000e+00
9.000000000000000000e+00
0.000000000000000000e+00
1.850000000000000000e+02
1.000000000000000000e+00
0.000000000000000000e+00
0.000000000000000000e+00
0.000000000000000000e+00
0.000000000000000000e+00
0.000000000000000000e+00
0.000000000000000000e+00
0.000000000000000000e+00
0.000000000000000000e+00
0.000000000000000000e+00
0.000000000000000000e+00
0.000000000000000000e+00
0.000000000000000000e+00
0.000000000000000000e+00
0.000000000000000000e+00
0.000000000000000000e+00
0.000000000000000000e+00
0.000000000000000000e+00
0.000000000000000000e+00
0.000000000000000000e+00
0.000000000000000000e+00
0.000000000000000000e+00
0.000000000000000000e+00
0.000000000000000000e+00
0.000000000000000000e+00
0.000000000000000000e+00
0.000000000000000000e+00
0.000000000000000000e+00
0.000000000000000000e+00
0.000000000000000000e+00
0.000000000000000000e+00
0.000000000000000000e+00
0.000000000000000000e+00
0.000000000000000000e+00
0.000000000000000000e+00
0.000000000000000000e+00
0.000000000000000000e+00
0.000000000000000000e+00
0.000000000000000000e+00
0.000000000000000000e+00
0.000000000000000000e+00
0.000000000000000000e+00
0.000000000000000000e+00
0.000000000000000000e+00
0.000000000000000000e+00
0.000000000000000000e+00
0.000000000000000000e+00
0.000000000000000000e+00
0.000000000000000000e+00
0.000000000000000000e+00
0.000000000000000000e+00
0.000000000000000000e+00
0.000000000000000000e+00
0.000000000000000000e+00
0.000000000000000000e+00
0.000000000000000000e+00
0.000000000000000000e+00
0.000000000000000000e+00
0.000000000000000000e+00
0.000000000000000000e+00
0.000000000000000000e+00
0.000000000000000000e+00
0.000000000000000000e+00
0.000000000000000000e+00
0.000000000000000000e+00
0.000000000000000000e+00
0.000000000000000000e+00
0.000000000000000000e+00
0.000000000000000000e+00
0.000000000000000000e+00
0.000000000000000000e+00
0.000000000000000000e+00
0.000000000000000000e+00
0.000000000000000000e+00
0.000000000000000000e+00
0.000000000000000000e+00
0.000000000000000000e+00
0.000000000000000000e+00
1.795300000000000000e+04
0.000000000000000000e+00
0.000000000000000000e+00
2.787700000000000000e+04
2.730000000000000000e+02
1.315800000000000000e+04
1.172000000000000000e+03
4.800000000000000000e+02
1.490300000000000000e+04
1.559000000000000000e+03
4.166000000000000000e+03
1.291000000000000000e+03
1.626000000000000000e+03
4.821000000000000000e+03
1.655000000000000000e+03
4.950000000000000000e+02
2.823000000000000000e+03
1.819000000000000000e+03
6.180000000000000000e+02
2.013000000000000000e+03
1.060000000000000000e+03
9.210000000000000000e+02
1.128000000000000000e+03
1.121000000000000000e+03
8.140000000000000000e+02
8.810000000000000000e+02
1.328000000000000000e+03
5.470000000000000000e+02
4.580000000000000000e+02
1.202000000000000000e+03
7.060000000000000000e+02
8.030000000000000000e+02
8.050000000000000000e+02
7.370000000000000000e+02
6.580000000000000000e+02
7.520000000000000000e+02
1.093000000000000000e+03
5.820000000000000000e+02
9.560000000000000000e+02
9.570000000000000000e+02
8.430000000000000000e+02
8.480000000000000000e+02
7.280000000000000000e+02
8.990000000000000000e+02
8.150000000000000000e+02
8.100000000000000000e+02
1.063000000000000000e+03
1.290000000000000000e+03
1.356000000000000000e+03
1.394000000000000000e+03
9.640000000000000000e+02
1.788000000000000000e+03
1.414000000000000000e+03
2.683000000000000000e+03
2.643000000000000000e+03
1.979000000000000000e+03
3.353000000000000000e+03
2.811000000000000000e+03
2.785000000000000000e+03
2.824000000000000000e+03
4.040000000000000000e+03
3.048000000000000000e+03
9.120000000000000000e+02
1.818000000000000000e+03
1.968000000000000000e+03
1.022000000000000000e+03
8.910000000000000000e+02
6.550000000000000000e+02
9.410000000000000000e+02
2.600000000000000000e+02
6.090000000000000000e+02
3.380000000000000000e+02
8.900000000000000000e+01
2.610000000000000000e+02
1.090000000000000000e+02
2.200000000000000000e+02
1.160000000000000000e+02
4.200000000000000000e+02
2.040000000000000000e+02
6.400000000000000000e+01
2.470000000000000000e+02
2.370000000000000000e+02
1.810000000000000000e+02
9.800000000000000000e+01
2.300000000000000000e+01
7.350000000000000000e+02
2.300000000000000000e+01
8.000000000000000000e+01
1.560000000000000000e+02
1.940000000000000000e+02
2.860000000000000000e+02
3.240000000000000000e+02
8.900000000000000000e+01
1.960000000000000000e+02
1.860000000000000000e+02
4.500000000000000000e+01
3.380000000000000000e+02
2.390000000000000000e+02
3.890000000000000000e+02
1.430000000000000000e+02
1.610000000000000000e+02
3.800000000000000000e+01
5.760000000000000000e+02
3.300000000000000000e+01
1.390000000000000000e+02
1.270000000000000000e+02
5.210000000000000000e+02
2.570000000000000000e+02
1.330000000000000000e+02
3.840000000000000000e+02
2.800000000000000000e+01
1.350000000000000000e+02
2.360000000000000000e+02
3.130000000000000000e+02
5.700000000000000000e+01
1.020000000000000000e+02
4.900000000000000000e+02
1.270000000000000000e+02
3.710000000000000000e+02
1.490000000000000000e+02
3.210000000000000000e+02
1.500000000000000000e+02
1.310000000000000000e+02
1.250000000000000000e+02
5.600000000000000000e+01
2.300000000000000000e+01
4.000000000000000000e+00
1.400000000000000000e+02
1.238000000000000000e+03
4.000000000000000000e+00
1.700000000000000000e+01
2.600000000000000000e+01
1.000000000000000000e+02
1.280000000000000000e+02
2.200000000000000000e+02
6.600000000000000000e+01
3.390000000000000000e+02
1.780000000000000000e+02
4.700000000000000000e+01
2.820000000000000000e+02
9.900000000000000000e+01
2.100000000000000000e+01
3.010000000000000000e+02
9.900000000000000000e+01
4.900000000000000000e+01
2.600000000000000000e+01
4.710000000000000000e+02
4.100000000000000000e+01
1.160000000000000000e+02
1.420000000000000000e+02
1.730000000000000000e+02
6.600000000000000000e+01
1.600000000000000000e+01
2.920000000000000000e+02
1.400000000000000000e+01
8.800000000000000000e+01
1.440000000000000000e+02
3.140000000000000000e+02
6.600000000000000000e+01
2.370000000000000000e+02
7.000000000000000000e+00
1.820000000000000000e+02
1.300000000000000000e+02
2.700000000000000000e+01
3.500000000000000000e+01
1.050000000000000000e+02
9.000000000000000000e+01
3.200000000000000000e+01
9.000000000000000000e+00
0.000000000000000000e+00
6.130000000000000000e+02
0.000000000000000000e+00
9.000000000000000000e+00
1.600000000000000000e+01
8.000000000000000000e+01
8.200000000000000000e+01
7.000000000000000000e+00
5.200000000000000000e+01
4.000000000000000000e+00
9.500000000000000000e+01
1.410000000000000000e+02
1.500000000000000000e+01
1.850000000000000000e+02
4.000000000000000000e+00
6.700000000000000000e+01
1.060000000000000000e+02
7.000000000000000000e+00
7.600000000000000000e+01
8.700000000000000000e+01
9.000000000000000000e+00
2.000000000000000000e+00
2.110000000000000000e+02
0.000000000000000000e+00
8.000000000000000000e+00
1.700000000000000000e+01
4.600000000000000000e+01
4.700000000000000000e+01
1.900000000000000000e+01
6.500000000000000000e+01
5.000000000000000000e+00
5.700000000000000000e+01
1.400000000000000000e+01
3.000000000000000000e+00
2.000000000000000000e+00
1.290000000000000000e+02
2.000000000000000000e+00
7.000000000000000000e+00
3.300000000000000000e+01
7.000000000000000000e+00
1.400000000000000000e+01
3.800000000000000000e+01
7.000000000000000000e+00
1.000000000000000000e+00
7.500000000000000000e+01
3.000000000000000000e+00
5.000000000000000000e+00
3.200000000000000000e+01
8.000000000000000000e+00
0.000000000000000000e+00
7.900000000000000000e+01
7.000000000000000000e+00
2.400000000000000000e+01
6.000000000000000000e+00
3.700000000000000000e+01
1.000000000000000000e+00
7.000000000000000000e+00
0.000000000000000000e+00
3.200000000000000000e+01
5.000000000000000000e+00
0.000000000000000000e+00
1.200000000000000000e+01
4.000000000000000000e+00
3.100000000000000000e+01
5.000000000000000000e+00
2.800000000000000000e+01
2.500000000000000000e+01
0.000000000000000000e+00
9.000000000000000000e+00
1.700000000000000000e+01
7.000000000000000000e+00
6.000000000000000000e+00
3.000000000000000000e+00
6.000000000000000000e+00
7.000000000000000000e+00
1.000000000000000000e+00
0.000000000000000000e+00
0.000000000000000000e+00
6.000000000000000000e+00
1.000000000000000000e+00
1.000000000000000000e+00
0.000000000000000000e+00
0.000000000000000000e+00
0.000000000000000000e+00
0.000000000000000000e+00
0.000000000000000000e+00
1.562000000000000000e+03
2.800000000000000000e+01
1.960000000000000000e+02
1.490000000000000000e+02
1.360000000000000000e+02
1.480000000000000000e+02
1.780000000000000000e+02
1.740000000000000000e+02
2.360000000000000000e+02
2.920000000000000000e+02
4.970000000000000000e+02
7.510000000000000000e+02
1.028000000000000000e+03
1.172000000000000000e+03
1.195000000000000000e+03
1.296000000000000000e+03
1.299000000000000000e+03
1.367000000000000000e+03
1.290000000000000000e+03
1.297000000000000000e+03
1.275000000000000000e+03
1.114000000000000000e+03
1.028000000000000000e+03
9.280000000000000000e+02
8.200000000000000000e+02
7.610000000000000000e+02
7.310000000000000000e+02
7.160000000000000000e+02
6.580000000000000000e+02
6.020000000000000000e+02
5.750000000000000000e+02
4.720000000000000000e+02
4.580000000000000000e+02
4.470000000000000000e+02
3.820000000000000000e+02
3.860000000000000000e+02
2.740000000000000000e+02
2.690000000000000000e+02
2.620000000000000000e+02
2.480000000000000000e+02
2.110000000000000000e+02
1.920000000000000000e+02
2.010000000000000000e+02
1.810000000000000000e+02
1.580000000000000000e+02
1.540000000000000000e+02
1.700000000000000000e+02
1.490000000000000000e+02
1.500000000000000000e+02
1.400000000000000000e+02
1.390000000000000000e+02
1.210000000000000000e+02
1.340000000000000000e+02
1.360000000000000000e+02
1.010000000000000000e+02
1.060000000000000000e+02
1.010000000000000000e+02
9.900000000000000000e+01
1.090000000000000000e+02
1.200000000000000000e+02
9.100000000000000000e+01
8.900000000000000000e+01
9.500000000000000000e+01
9.600000000000000000e+01
9.500000000000000000e+01
8.600000000000000000e+01
9.000000000000000000e+01
8.800000000000000000e+01
8.800000000000000000e+01
7.400000000000000000e+01
9.200000000000000000e+01
1.010000000000000000e+02
8.200000000000000000e+01
8.400000000000000000e+01
9.100000000000000000e+01
8.100000000000000000e+01
7.600000000000000000e+01
7.900000000000000000e+01
7.400000000000000000e+01
8.300000000000000000e+01
7.500000000000000000e+01
8.400000000000000000e+01
7.700000000000000000e+01
8.800000000000000000e+01
7.300000000000000000e+01
8.600000000000000000e+01
8.800000000000000000e+01
7.900000000000000000e+01
8.100000000000000000e+01
7.700000000000000000e+01
6.200000000000000000e+01
7.600000000000000000e+01
7.700000000000000000e+01
7.500000000000000000e+01
7.300000000000000000e+01
8.200000000000000000e+01
7.800000000000000000e+01
7.500000000000000000e+01
6.700000000000000000e+01
8.300000000000000000e+01
7.500000000000000000e+01
6.800000000000000000e+01
7.500000000000000000e+01
6.400000000000000000e+01
8.000000000000000000e+01
7.700000000000000000e+01
7.100000000000000000e+01
6.000000000000000000e+01
7.600000000000000000e+01
5.700000000000000000e+01
7.200000000000000000e+01
5.800000000000000000e+01
5.400000000000000000e+01
6.100000000000000000e+01
8.400000000000000000e+01
7.500000000000000000e+01
8.700000000000000000e+01
7.400000000000000000e+01
8.200000000000000000e+01
5.000000000000000000e+01
7.100000000000000000e+01
6.100000000000000000e+01
8.200000000000000000e+01
7.400000000000000000e+01
7.900000000000000000e+01
7.300000000000000000e+01
8.500000000000000000e+01
7.600000000000000000e+01
7.300000000000000000e+01
8.400000000000000000e+01
7.900000000000000000e+01
7.000000000000000000e+01
9.000000000000000000e+01
1.050000000000000000e+02
6.800000000000000000e+01
9.400000000000000000e+01
9.200000000000000000e+01
1.140000000000000000e+02
1.310000000000000000e+02
1.290000000000000000e+02
1.420000000000000000e+02
1.470000000000000000e+02
1.670000000000000000e+02
2.130000000000000000e+02
2.340000000000000000e+02
3.050000000000000000e+02
4.920000000000000000e+02
1.024000000000000000e+03
2.124000000000000000e+03
3.304000000000000000e+03
3.513000000000000000e+03
3.846000000000000000e+03
3.674000000000000000e+03
3.550000000000000000e+03
3.709000000000000000e+03
4.956000000000000000e+03
6.224000000000000000e+03
7.546000000000000000e+03
8.335000000000000000e+03
8.263000000000000000e+03
7.936000000000000000e+03
7.931000000000000000e+03
8.732000000000000000e+03
8.284000000000000000e+03
9.190000000000000000e+03
9.139000000000000000e+03
7.957000000000000000e+03
7.214000000000000000e+03
7.497000000000000000e+03
6.850000000000000000e+03
4.952000000000000000e+03
2.569000000000000000e+03
1.222000000000000000e+03
4.040000000000000000e+02
1.880000000000000000e+02
1.720000000000000000e+02
1.400000000000000000e+02
1.110000000000000000e+02
9.100000000000000000e+01
1.000000000000000000e+02
7.300000000000000000e+01
7.100000000000000000e+01
5.500000000000000000e+01
4.600000000000000000e+01
4.100000000000000000e+01
4.200000000000000000e+01
5.100000000000000000e+01
2.500000000000000000e+01
2.600000000000000000e+01
2.900000000000000000e+01
2.600000000000000000e+01
1.500000000000000000e+01
8.000000000000000000e+00
2.100000000000000000e+01
1.600000000000000000e+01
1.500000000000000000e+01
1.800000000000000000e+01
9.000000000000000000e+00
8.000000000000000000e+00
5.000000000000000000e+00
5.000000000000000000e+00
3.000000000000000000e+00
2.000000000000000000e+00
2.000000000000000000e+00
1.000000000000000000e+00
2.000000000000000000e+00
2.000000000000000000e+00
0.000000000000000000e+00
2.000000000000000000e+00
2.000000000000000000e+00
0.000000000000000000e+00
2.000000000000000000e+00
0.000000000000000000e+00
0.000000000000000000e+00
0.000000000000000000e+00
0.000000000000000000e+00
1.000000000000000000e+00
0.000000000000000000e+00
0.000000000000000000e+00
0.000000000000000000e+00
0.000000000000000000e+00
0.000000000000000000e+00
1.000000000000000000e+00
0.000000000000000000e+00
0.000000000000000000e+00
0.000000000000000000e+00
0.000000000000000000e+00
0.000000000000000000e+00
0.000000000000000000e+00
0.000000000000000000e+00
0.000000000000000000e+00
0.000000000000000000e+00
0.000000000000000000e+00
0.000000000000000000e+00
0.000000000000000000e+00
0.000000000000000000e+00
0.000000000000000000e+00
0.000000000000000000e+00
0.000000000000000000e+00
0.000000000000000000e+00
0.000000000000000000e+00
0.000000000000000000e+00
0.000000000000000000e+00
0.000000000000000000e+00
0.000000000000000000e+00
0.000000000000000000e+00
0.000000000000000000e+00
0.000000000000000000e+00
0.000000000000000000e+00
0.000000000000000000e+00
0.000000000000000000e+00
0.000000000000000000e+00
0.000000000000000000e+00
0.000000000000000000e+00
0.000000000000000000e+00
0.000000000000000000e+00
0.000000000000000000e+00
