6.760000000000000000e+02
1.360000000000000000e+02
1.580000000000000000e+02
2.190000000000000000e+02
2.460000000000000000e+02
2.790000000000000000e+02
3.190000000000000000e+02
3.960000000000000000e+02
3.520000000000000000e+02
4.400000000000000000e+02
5.410000000000000000e+02
6.200000000000000000e+02
6.400000000000000000e+02
7.810000000000000000e+02
8.720000000000000000e+02
1.025000000000000000e+03
1.070000000000000000e+03
1.077000000000000000e+03
1.258000000000000000e+03
1.234000000000000000e+03
1.232000000000000000e+03
1.236000000000000000e+03
1.188000000000000000e+03
1.296000000000000000e+03
1.246000000000000000e+03
1.300000000000000000e+03
1.293000000000000000e+03
1.260000000000000000e+03
1.243000000000000000e+03
1.178000000000000000e+03
1.109000000000000000e+03
1.113000000000000000e+03
9.780000000000000000e+02
9.850000000000000000e+02
8.950000000000000000e+02
9.500000000000000000e+02
8.640000000000000000e+02
8.350000000000000000e+02
7.840000000000000000e+02
7.980000000000000000e+02
7.200000000000000000e+02
6.510000000000000000e+02
6.670000000000000000e+02
5.790000000000000000e+02
5.600000000000000000e+02
5.560000000000000000e+02
5.430000000000000000e+02
5.150000000000000000e+02
5.100000000000000000e+02
4.780000000000000000e+02
4.650000000000000000e+02
4.260000000000000000e+02
4.430000000000000000e+02
4.060000000000000000e+02
4.250000000000000000e+02
3.920000000000000000e+02
4.130000000000000000e+02
4.430000000000000000e+02
3.330000000000000000e+02
3.740000000000000000e+02
3.490000000000000000e+02
3.740000000000000000e+02
3.570000000000000000e+02
3.630000000000000000e+02
3.910000000000000000e+02
3.310000000000000000e+02
3.470000000000000000e+02
3.580000000000000000e+02
3.410000000000000000e+02
3.230000000000000000e+02
3.390000000000000000e+02
3.280000000000000000e+02
3.280000000000000000e+02
3.830000000000000000e+02
3.500000000000000000e+02
3.320000000000000000e+02
3.720000000000000000e+02
3.490000000000000000e+02
3.670000000000000000e+02
3.450000000000000000e+02
3.160000000000000000e+02
3.240000000000000000e+02
3.560000000000000000e+02
3.380000000000000000e+02
3.210000000000000000e+02
3.180000000000000000e+02
3.010000000000000000e+02
3.380000000000000000e+02
3.150000000000000000e+02
3.190000000000000000e+02
3.100000000000000000e+02
3.020000000000000000e+02
3.210000000000000000e+02
2.910000000000000000e+02
3.050000000000000000e+02
2.650000000000000000e+02
3.160000000000000000e+02
2.940000000000000000e+02
2.930000000000000000e+02
2.810000000000000000e+02
2.690000000000000000e+02
2.730000000000000000e+02
2.660000000000000000e+02
2.470000000000000000e+02
2.820000000000000000e+02
2.490000000000000000e+02
2.560000000000000000e+02
2.390000000000000000e+02
2.320000000000000000e+02
2.260000000000000000e+02
2.420000000000000000e+02
2.290000000000000000e+02
2.090000000000000000e+02
2.020000000000000000e+02
2.060000000000000000e+02
2.200000000000000000e+02
1.970000000000000000e+02
1.690000000000000000e+02
1.940000000000000000e+02
1.590000000000000000e+02
1.680000000000000000e+02
1.560000000000000000e+02
1.660000000000000000e+02
1.550000000000000000e+02
1.600000000000000000e+02
1.480000000000000000e+02
1.550000000000000000e+02
1.430000000000000000e+02
1.180000000000000000e+02
1.450000000000000000e+02
1.270000000000000000e+02
1.290000000000000000e+02
1.140000000000000000e+02
1.310000000000000000e+02
1.510000000000000000e+02
1.560000000000000000e+02
1.230000000000000000e+02
1.230000000000000000e+02
1.370000000000000000e+02
1.620000000000000000e+02
1.410000000000000000e+02
1.430000000000000000e+02
1.360000000000000000e+02
1.480000000000000000e+02
1.450000000000000000e+02
1.550000000000000000e+02
1.670000000000000000e+02
1.470000000000000000e+02
1.500000000000000000e+02
1.640000000000000000e+02
1.760000000000000000e+02
1.760000000000000000e+02
1.620000000000000000e+02
1.920000000000000000e+02
1.930000000000000000e+02
1.710000000000000000e+02
1.580000000000000000e+02
1.570000000000000000e+02
1.550000000000000000e+02
1.710000000000000000e+02
1.750000000000000000e+02
1.580000000000000000e+02
1.580000000000000000e+02
1.780000000000000000e+02
1.700000000000000000e+02
1.680000000000000000e+02
1.620000000000000000e+02
1.830000000000000000e+02
2.120000000000000000e+02
2.180000000000000000e+02
2.250000000000000000e+02
2.380000000000000000e+02
2.860000000000000000e+02
2.700000000000000000e+02
3.220000000000000000e+02
3.460000000000000000e+02
4.100000000000000000e+02
4.410000000000000000e+02
4.860000000000000000e+02
5.400000000000000000e+02
5.910000000000000000e+02
6.160000000000000000e+02
7.580000000000000000e+02
7.160000000000000000e+02
9.380000000000000000e+02
9.820000000000000000e+02
1.211000000000000000e+03
1.252000000000000000e+03
1.525000000000000000e+03
1.600000000000000000e+03
1.658000000000000000e+03
1.575000000000000000e+03
1.734000000000000000e+03
1.766000000000000000e+03
1.970000000000000000e+03
1.977000000000000000e+03
1.785000000000000000e+03
1.836000000000000000e+03
1.916000000000000000e+03
2.027000000000000000e+03
2.060000000000000000e+03
2.315000000000000000e+03
2.285000000000000000e+03
2.427000000000000000e+03
2.511000000000000000e+03
2.865000000000000000e+03
2.871000000000000000e+03
2.818000000000000000e+03
3.113000000000000000e+03
2.855000000000000000e+03
2.842000000000000000e+03
2.693000000000000000e+03
2.503000000000000000e+03
2.155000000000000000e+03
2.055000000000000000e+03
1.986000000000000000e+03
1.999000000000000000e+03
1.960000000000000000e+03
1.569000000000000000e+03
1.467000000000000000e+03
1.592000000000000000e+03
1.442000000000000000e+03
1.714000000000000000e+03
1.847000000000000000e+03
2.009000000000000000e+03
2.573000000000000000e+03
2.720000000000000000e+03
1.583000000000000000e+03
8.880000000000000000e+02
2.920000000000000000e+02
1.690000000000000000e+02
1.580000000000000000e+02
1.050000000000000000e+02
7.000000000000000000e+01
6.200000000000000000e+01
4.000000000000000000e+01
3.500000000000000000e+01
3.200000000000000000e+01
1.900000000000000000e+01
1.800000000000000000e+01
1.600000000000000000e+01
1.200000000000000000e+01
1.300000000000000000e+01
1.000000000000000000e+01
8.000000000000000000e+00
9.000000000000000000e+00
5.000000000000000000e+00
3.000000000000000000e+00
6.000000000000000000e+00
4.000000000000000000e+00
2.000000000000000000e+00
1.000000000000000000e+00
2.000000000000000000e+00
0.000000000000000000e+00
0.000000000000000000e+00
1.000000000000000000e+00
4.600000000000000000e+01
1.400000000000000000e+01
2.300000000000000000e+01
4.300000000000000000e+01
5.900000000000000000e+01
8.400000000000000000e+01
1.190000000000000000e+02
1.770000000000000000e+02
1.820000000000000000e+02
2.270000000000000000e+02
3.000000000000000000e+02
3.890000000000000000e+02
4.340000000000000000e+02
5.490000000000000000e+02
5.240000000000000000e+02
5.910000000000000000e+02
7.110000000000000000e+02
7.390000000000000000e+02
8.500000000000000000e+02
8.700000000000000000e+02
8.980000000000000000e+02
1.038000000000000000e+03
1.179000000000000000e+03
1.165000000000000000e+03
1.253000000000000000e+03
1.304000000000000000e+03
1.189000000000000000e+03
1.189000000000000000e+03
1.122000000000000000e+03
1.097000000000000000e+03
1.020000000000000000e+03
9.280000000000000000e+02
8.860000000000000000e+02
8.210000000000000000e+02
8.140000000000000000e+02
8.070000000000000000e+02
7.140000000000000000e+02
6.850000000000000000e+02
6.430000000000000000e+02
5.800000000000000000e+02
5.390000000000000000e+02
4.960000000000000000e+02
4.520000000000000000e+02
4.260000000000000000e+02
4.280000000000000000e+02
3.940000000000000000e+02
3.340000000000000000e+02
3.430000000000000000e+02
3.090000000000000000e+02
2.930000000000000000e+02
2.860000000000000000e+02
3.000000000000000000e+02
3.010000000000000000e+02
3.210000000000000000e+02
2.520000000000000000e+02
2.510000000000000000e+02
2.530000000000000000e+02
2.520000000000000000e+02
2.620000000000000000e+02
2.490000000000000000e+02
2.480000000000000000e+02
2.670000000000000000e+02
2.540000000000000000e+02
2.560000000000000000e+02
2.750000000000000000e+02
2.590000000000000000e+02
2.380000000000000000e+02
2.530000000000000000e+02
2.690000000000000000e+02
2.570000000000000000e+02
2.690000000000000000e+02
2.270000000000000000e+02
2.600000000000000000e+02
2.430000000000000000e+02
2.750000000000000000e+02
2.520000000000000000e+02
2.640000000000000000e+02
2.860000000000000000e+02
2.560000000000000000e+02
2.770000000000000000e+02
2.680000000000000000e+02
2.600000000000000000e+02
2.770000000000000000e+02
2.590000000000000000e+02
2.360000000000000000e+02
2.640000000000000000e+02
2.770000000000000000e+02
2.530000000000000000e+02
2.710000000000000000e+02
2.700000000000000000e+02
2.750000000000000000e+02
2.970000000000000000e+02
2.620000000000000000e+02
2.570000000000000000e+02
2.770000000000000000e+02
2.720000000000000000e+02
2.600000000000000000e+02
2.380000000000000000e+02
2.680000000000000000e+02
2.760000000000000000e+02
2.680000000000000000e+02
2.430000000000000000e+02
2.770000000000000000e+02
2.270000000000000000e+02
2.680000000000000000e+02
2.570000000000000000e+02
2.920000000000000000e+02
2.260000000000000000e+02
2.560000000000000000e+02
2.900000000000000000e+02
2.640000000000000000e+02
2.650000000000000000e+02
2.620000000000000000e+02
2.690000000000000000e+02
2.610000000000000000e+02
2.800000000000000000e+02
2.640000000000000000e+02
2.790000000000000000e+02
2.890000000000000000e+02
2.810000000000000000e+02
2.850000000000000000e+02
2.600000000000000000e+02
2.530000000000000000e+02
2.840000000000000000e+02
2.880000000000000000e+02
2.940000000000000000e+02
3.010000000000000000e+02
3.100000000000000000e+02
2.800000000000000000e+02
2.900000000000000000e+02
3.480000000000000000e+02
2.950000000000000000e+02
3.030000000000000000e+02
2.900000000000000000e+02
2.920000000000000000e+02
2.750000000000000000e+02
3.060000000000000000e+02
2.960000000000000000e+02
2.800000000000000000e+02
3.190000000000000000e+02
3.150000000000000000e+02
3.110000000000000000e+02
3.190000000000000000e+02
3.360000000000000000e+02
3.630000000000000000e+02
3.200000000000000000e+02
3.410000000000000000e+02
3.250000000000000000e+02
3.180000000000000000e+02
3.360000000000000000e+02
3.550000000000000000e+02
3.600000000000000000e+02
3.510000000000000000e+02
3.560000000000000000e+02
3.630000000000000000e+02
3.270000000000000000e+02
3.890000000000000000e+02
3.390000000000000000e+02
3.900000000000000000e+02
3.910000000000000000e+02
3.800000000000000000e+02
4.170000000000000000e+02
3.750000000000000000e+02
4.000000000000000000e+02
4.210000000000000000e+02
4.300000000000000000e+02
4.110000000000000000e+02
4.640000000000000000e+02
4.000000000000000000e+02
4.610000000000000000e+02
4.650000000000000000e+02
5.090000000000000000e+02
5.440000000000000000e+02
5.130000000000000000e+02
6.200000000000000000e+02
6.650000000000000000e+02
7.910000000000000000e+02
1.019000000000000000e+03
1.270000000000000000e+03
1.454000000000000000e+03
1.515000000000000000e+03
1.584000000000000000e+03
2.037000000000000000e+03
2.065000000000000000e+03
2.202000000000000000e+03
1.973000000000000000e+03
2.069000000000000000e+03
2.126000000000000000e+03
2.136000000000000000e+03
1.927000000000000000e+03
1.948000000000000000e+03
2.004000000000000000e+03
2.228000000000000000e+03
2.394000000000000000e+03
2.373000000000000000e+03
2.677000000000000000e+03
2.920000000000000000e+03
2.997000000000000000e+03
2.954000000000000000e+03
2.784000000000000000e+03
2.670000000000000000e+03
2.412000000000000000e+03
2.225000000000000000e+03
2.119000000000000000e+03
1.962000000000000000e+03
1.831000000000000000e+03
1.798000000000000000e+03
1.936000000000000000e+03
1.706000000000000000e+03
1.422000000000000000e+03
1.382000000000000000e+03
1.743000000000000000e+03
1.915000000000000000e+03
1.908000000000000000e+03
1.700000000000000000e+03
1.340000000000000000e+03
1.385000000000000000e+03
1.535000000000000000e+03
1.813000000000000000e+03
2.274000000000000000e+03
2.825000000000000000e+03
3.758000000000000000e+03
2.901000000000000000e+03
4.360000000000000000e+02
1.920000000000000000e+02
1.680000000000000000e+02
1.000000000000000000e+02
8.900000000000000000e+01
6.600000000000000000e+01
6.900000000000000000e+01
5.900000000000000000e+01
4.800000000000000000e+01
4.400000000000000000e+01
3.000000000000000000e+01
2.300000000000000000e+01
2.600000000000000000e+01
1.000000000000000000e+01
2.700000000000000000e+01
1.200000000000000000e+01
1.200000000000000000e+01
7.000000000000000000e+00
4.000000000000000000e+00
4.000000000000000000e+00
5.000000000000000000e+00
2.000000000000000000e+00
3.000000000000000000e+00
0.000000000000000000e+00
1.000000000000000000e+00
2.000000000000000000e+00
1.000000000000000000e+00
0.000000000000000000e+00
0.000000000000000000e+00
0.000000000000000000e+00
0.000000000000000000e+00
0.000000000000000000e+00
0.000000000000000000e+00
2.000000000000000000e+00
5.000000000000000000e+00
3.000000000000000000e+00
7.000000000000000000e+00
9.000000000000000000e+00
1.600000000000000000e+01
2.100000000000000000e+01
2.800000000000000000e+01
3.700000000000000000e+01
6.700000000000000000e+01
1.100000000000000000e+02
1.360000000000000000e+02
1.860000000000000000e+02
2.840000000000000000e+02
3.560000000000000000e+02
4.360000000000000000e+02
5.300000000000000000e+02
6.650000000000000000e+02
7.460000000000000000e+02
8.340000000000000000e+02
9.150000000000000000e+02
9.750000000000000000e+02
1.011000000000000000e+03
1.102000000000000000e+03
1.020000000000000000e+03
1.098000000000000000e+03
1.100000000000000000e+03
1.043000000000000000e+03
1.137000000000000000e+03
1.020000000000000000e+03
1.041000000000000000e+03
9.900000000000000000e+02
9.760000000000000000e+02
9.470000000000000000e+02
9.120000000000000000e+02
8.610000000000000000e+02
7.820000000000000000e+02
7.660000000000000000e+02
6.570000000000000000e+02
6.170000000000000000e+02
5.980000000000000000e+02
5.150000000000000000e+02
4.810000000000000000e+02
4.660000000000000000e+02
4.080000000000000000e+02
4.150000000000000000e+02
3.800000000000000000e+02
3.830000000000000000e+02
3.170000000000000000e+02
3.220000000000000000e+02
2.980000000000000000e+02
3.030000000000000000e+02
2.740000000000000000e+02
2.370000000000000000e+02
2.320000000000000000e+02
2.390000000000000000e+02
2.010000000000000000e+02
2.080000000000000000e+02
2.250000000000000000e+02
2.270000000000000000e+02
2.200000000000000000e+02
1.870000000000000000e+02
1.960000000000000000e+02
1.940000000000000000e+02
1.700000000000000000e+02
1.780000000000000000e+02
1.820000000000000000e+02
1.720000000000000000e+02
1.720000000000000000e+02
2.050000000000000000e+02
1.940000000000000000e+02
1.860000000000000000e+02
1.710000000000000000e+02
2.000000000000000000e+02
1.660000000000000000e+02
1.910000000000000000e+02
1.800000000000000000e+02
1.960000000000000000e+02
1.650000000000000000e+02
2.020000000000000000e+02
1.850000000000000000e+02
1.960000000000000000e+02
2.180000000000000000e+02
1.960000000000000000e+02
1.940000000000000000e+02
2.150000000000000000e+02
1.860000000000000000e+02
1.670000000000000000e+02
1.990000000000000000e+02
2.090000000000000000e+02
1.960000000000000000e+02
1.910000000000000000e+02
2.180000000000000000e+02
2.100000000000000000e+02
2.050000000000000000e+02
1.880000000000000000e+02
1.860000000000000000e+02
2.130000000000000000e+02
1.980000000000000000e+02
2.130000000000000000e+02
2.140000000000000000e+02
2.040000000000000000e+02
1.880000000000000000e+02
2.010000000000000000e+02
2.040000000000000000e+02
2.180000000000000000e+02
2.240000000000000000e+02
2.430000000000000000e+02
2.280000000000000000e+02
2.350000000000000000e+02
2.180000000000000000e+02
2.440000000000000000e+02
2.180000000000000000e+02
2.190000000000000000e+02
2.050000000000000000e+02
2.060000000000000000e+02
2.330000000000000000e+02
2.310000000000000000e+02
2.150000000000000000e+02
1.970000000000000000e+02
2.300000000000000000e+02
2.180000000000000000e+02
2.160000000000000000e+02
2.320000000000000000e+02
2.260000000000000000e+02
2.300000000000000000e+02
2.360000000000000000e+02
2.300000000000000000e+02
2.250000000000000000e+02
2.600000000000000000e+02
2.570000000000000000e+02
2.630000000000000000e+02
2.500000000000000000e+02
2.720000000000000000e+02
2.390000000000000000e+02
2.970000000000000000e+02
2.820000000000000000e+02
2.790000000000000000e+02
2.420000000000000000e+02
2.480000000000000000e+02
2.680000000000000000e+02
3.040000000000000000e+02
2.880000000000000000e+02
2.990000000000000000e+02
3.180000000000000000e+02
3.260000000000000000e+02
3.250000000000000000e+02
3.250000000000000000e+02
3.320000000000000000e+02
3.620000000000000000e+02
3.510000000000000000e+02
3.690000000000000000e+02
4.160000000000000000e+02
4.160000000000000000e+02
4.650000000000000000e+02
4.940000000000000000e+02
5.180000000000000000e+02
5.210000000000000000e+02
5.460000000000000000e+02
5.510000000000000000e+02
6.270000000000000000e+02
5.570000000000000000e+02
6.530000000000000000e+02
6.240000000000000000e+02
7.470000000000000000e+02
8.330000000000000000e+02
9.730000000000000000e+02
1.212000000000000000e+03
1.482000000000000000e+03
1.776000000000000000e+03
1.821000000000000000e+03
2.196000000000000000e+03
2.306000000000000000e+03
2.266000000000000000e+03
2.423000000000000000e+03
2.449000000000000000e+03
2.699000000000000000e+03
2.580000000000000000e+03
2.557000000000000000e+03
2.559000000000000000e+03
2.630000000000000000e+03
2.859000000000000000e+03
2.975000000000000000e+03
2.969000000000000000e+03
3.039000000000000000e+03
2.971000000000000000e+03
3.009000000000000000e+03
2.791000000000000000e+03
2.714000000000000000e+03
2.473000000000000000e+03
2.224000000000000000e+03
2.075000000000000000e+03
1.977000000000000000e+03
1.937000000000000000e+03
1.640000000000000000e+03
1.639000000000000000e+03
1.702000000000000000e+03
1.593000000000000000e+03
1.631000000000000000e+03
1.552000000000000000e+03
1.403000000000000000e+03
1.590000000000000000e+03
1.917000000000000000e+03
1.929000000000000000e+03
1.982000000000000000e+03
1.516000000000000000e+03
1.644000000000000000e+03
1.927000000000000000e+03
2.107000000000000000e+03
2.570000000000000000e+03
3.552000000000000000e+03
3.408000000000000000e+03
1.226000000000000000e+03
7.450000000000000000e+02
4.680000000000000000e+02
2.880000000000000000e+02
3.100000000000000000e+02
2.170000000000000000e+02
1.880000000000000000e+02
1.740000000000000000e+02
1.460000000000000000e+02
1.620000000000000000e+02
1.380000000000000000e+02
1.340000000000000000e+02
1.260000000000000000e+02
1.270000000000000000e+02
1.140000000000000000e+02
8.700000000000000000e+01
1.100000000000000000e+02
8.300000000000000000e+01
9.900000000000000000e+01
8.900000000000000000e+01
6.700000000000000000e+01
7.200000000000000000e+01
8.100000000000000000e+01
6.000000000000000000e+01
5.900000000000000000e+01
5.800000000000000000e+01
5.000000000000000000e+01
4.500000000000000000e+01
4.500000000000000000e+01
4.400000000000000000e+01
5.200000000000000000e+01
3.200000000000000000e+01
3.200000000000000000e+01
4.900000000000000000e+01
3.900000000000000000e+01
4.400000000000000000e+01
4.500000000000000000e+01
3.100000000000000000e+01
3.800000000000000000e+01
3.800000000000000000e+01
3.300000000000000000e+01
3.800000000000000000e+01
2.200000000000000000e+01
1.520000000000000000e+02
3.174000000000000000e+03
8.000000000000000000e+00
2.400000000000000000e+01
8.400000000000000000e+01
1.700000000000000000e+01
2.850000000000000000e+02
8.590000000000000000e+02
2.100000000000000000e+01
4.130000000000000000e+02
8.600000000000000000e+01
7.700000000000000000e+01
9.240000000000000000e+02
2.230000000000000000e+02
1.822000000000000000e+03
1.324000000000000000e+03
1.561000000000000000e+03
3.944000000000000000e+03
4.528000000000000000e+03
1.117000000000000000e+04
1.228500000000000000e+04
5.478000000000000000e+03
3.285000000000000000e+03
1.198000000000000000e+03
6.220000000000000000e+02
8.290000000000000000e+02
4.950000000000000000e+02
3.040000000000000000e+02
1.600000000000000000e+01
2.300000000000000000e+01
1.000000000000000000e+01
1.278000000000000000e+03
0.000000000000000000e+00
3.900000000000000000e+01
3.000000000000000000e+00
1.520000000000000000e+02
3.400000000000000000e+02
4.360000000000000000e+02
4.000000000000000000e+00
2.500000000000000000e+01
1.400000000000000000e+01
7.900000000000000000e+01
2.000000000000000000e+00
3.640000000000000000e+02
3.140000000000000000e+02
0.000000000000000000e+00
1.400000000000000000e+01
4.000000000000000000e+00
1.000000000000000000e+00
3.500000000000000000e+01
0.000000000000000000e+00
4.090000000000000000e+02
2.570000000000000000e+02
1.100000000000000000e+01
0.000000000000000000e+00
2.000000000000000000e+00
5.360000000000000000e+02
6.000000000000000000e+01
2.000000000000000000e+00
1.000000000000000000e+00
0.000000000000000000e+00
4.190000000000000000e+02
0.000000000000000000e+00
2.000000000000000000e+00
1.600000000000000000e+01
0.000000000000000000e+00
1.000000000000000000e+01
5.730000000000000000e+02
1.100000000000000000e+01
2.900000000000000000e+01
2.100000000000000000e+01
1.136000000000000000e+03
5.000000000000000000e+00
1.000000000000000000e+00
5.950000000000000000e+02
1.700000000000000000e+02
1.207000000000000000e+03
1.600000000000000000e+01
3.000000000000000000e+00
0.000000000000000000e+00
1.759000000000000000e+03
5.019000000000000000e+03
5.000000000000000000e+00
2.000000000000000000e+00
4.350000000000000000e+02
7.800000000000000000e+01
2.820000000000000000e+02
1.000000000000000000e+00
4.112000000000000000e+03
5.000000000000000000e+01
6.000000000000000000e+00
4.535000000000000000e+03
1.900000000000000000e+01
4.170000000000000000e+02
5.564000000000000000e+03
6.000000000000000000e+00
9.650000000000000000e+03
1.858000000000000000e+03
3.400000000000000000e+01
6.702000000000000000e+03
1.184000000000000000e+03
5.400000000000000000e+02
1.164200000000000000e+04
5.435000000000000000e+03
5.570000000000000000e+03
1.695300000000000000e+04
7.321000000000000000e+03
2.695000000000000000e+03
7.640000000000000000e+02
4.430000000000000000e+02
4.270000000000000000e+02
1.068000000000000000e+03
3.480000000000000000e+02
1.190000000000000000e+02
8.500000000000000000e+01
3.350000000000000000e+02
1.010000000000000000e+02
8.300000000000000000e+01
2.000000000000000000e+00
4.000000000000000000e+00
1.000000000000000000e+00
2.297000000000000000e+03
0.000000000000000000e+00
8.000000000000000000e+00
1.000000000000000000e+00
2.600000000000000000e+01
1.240000000000000000e+02
5.930000000000000000e+02
1.000000000000000000e+00
4.000000000000000000e+00
1.000000000000000000e+00
6.000000000000000000e+00
0.000000000000000000e+00
1.360000000000000000e+02
1.400000000000000000e+01
0.000000000000000000e+00
1.000000000000000000e+00
0.000000000000000000e+00
0.000000000000000000e+00
4.000000000000000000e+00
0.000000000000000000e+00
5.390000000000000000e+02
1.200000000000000000e+01
1.000000000000000000e+00
0.000000000000000000e+00
0.000000000000000000e+00
3.700000000000000000e+01
7.000000000000000000e+00
0.000000000000000000e+00
0.000000000000000000e+00
0.000000000000000000e+00
1.700000000000000000e+01
0.000000000000000000e+00
0.000000000000000000e+00
3.000000000000000000e+00
0.000000000000000000e+00
0.000000000000000000e+00
1.790000000000000000e+02
0.000000000000000000e+00
4.000000000000000000e+00
1.000000000000000000e+00
4.600000000000000000e+01
0.000000000000000000e+00
0.000000000000000000e+00
1.400000000000000000e+01
6.000000000000000000e+00
2.034000000000000000e+03
0.000000000000000000e+00
0.000000000000000000e+00
0.000000000000000000e+00
1.600000000000000000e+01
2.130000000000000000e+02
0.000000000000000000e+00
0.000000000000000000e+00
6.630000000000000000e+02
5.000000000000000000e+00
7.000000000000000000e+00
0.000000000000000000e+00
1.380000000000000000e+02
2.000000000000000000e+00
1.000000000000000000e+00
0.000000000000000000e+00
0.000000000000000000e+00
0.000000000000000000e+00
0.000000000000000000e+00
0.000000000000000000e+00
0.000000000000000000e+00
0.000000000000000000e+00
0.000000000000000000e+00
0.000000000000000000e+00
0.000000000000000000e+00
0.000000000000000000e+00
0.000000000000000000e+00
0.000000000000000000e+00
0.000000000000000000e+00
0.000000000000000000e+00
0.000000000000000000e+00
0.000000000000000000e+00
0.000000000000000000e+00
0.000000000000000000e+00
0.000000000000000000e+00
0.000000000000000000e+00
0.000000000000000000e+00
0.000000000000000000e+00
0.000000000000000000e+00
0.000000000000000000e+00
0.000000000000000000e+00
0.000000000000000000e+00
0.000000000000000000e+00
0.000000000000000000e+00
0.000000000000000000e+00
0.000000000000000000e+00
0.000000000000000000e+00
0.000000000000000000e+00
0.000000000000000000e+00
0.000000000000000000e+00
0.000000000000000000e+00
0.000000000000000000e+00
0.000000000000000000e+00
0.000000000000000000e+00
0.000000000000000000e+00
0.000000000000000000e+00
0.000000000000000000e+00
0.000000000000000000e+00
0.000000000000000000e+00
0.000000000000000000e+00
0.000000000000000000e+00
0.000000000000000000e+00
0.000000000000000000e+00
0.000000000000000000e+00
0.000000000000000000e+00
0.000000000000000000e+00
0.000000000000000000e+00
0.000000000000000000e+00
0.000000000000000000e+00
0.000000000000000000e+00
0.000000000000000000e+00
0.000000000000000000e+00
0.000000000000000000e+00
0.000000000000000000e+00
0.000000000000000000e+00
0.000000000000000000e+00
0.000000000000000000e+00
0.000000000000000000e+00
0.000000000000000000e+00
0.000000000000000000e+00
0.000000000000000000e+00
0.000000000000000000e+00
0.000000000000000000e+00
0.000000000000000000e+00
0.000000000000000000e+00
0.000000000000000000e+00
0.000000000000000000e+00
0.000000000000000000e+00
0.000000000000000000e+00
0.000000000000000000e+00
0.000000000000000000e+00
2.761000000000000000e+03
0.000000000000000000e+00
5.300000000000000000e+01
3.540000000000000000e+02
2.190000000000000000e+02
2.320000000000000000e+02
3.980000000000000000e+02
1.150000000000000000e+03
2.428000000000000000e+03
1.486000000000000000e+03
1.101000000000000000e+03
3.950000000000000000e+03
4.786000000000000000e+03
8.083000000000000000e+03
4.639000000000000000e+03
8.647000000000000000e+03
5.506000000000000000e+03
5.663000000000000000e+03
3.224000000000000000e+03
5.265000000000000000e+03
2.579000000000000000e+03
3.008000000000000000e+03
2.893000000000000000e+03
2.461000000000000000e+03
3.211000000000000000e+03
2.750000000000000000e+03
3.145000000000000000e+03
4.467000000000000000e+03
4.507000000000000000e+03
2.508000000000000000e+03
3.517000000000000000e+03
2.320000000000000000e+03
5.273000000000000000e+03
5.512000000000000000e+03
2.353000000000000000e+03
1.317000000000000000e+03
1.066000000000000000e+03
5.420000000000000000e+02
6.350000000000000000e+02
3.720000000000000000e+02
3.750000000000000000e+02
2.890000000000000000e+02
1.650000000000000000e+02
3.990000000000000000e+02
2.780000000000000000e+02
1.940000000000000000e+02
3.010000000000000000e+02
2.080000000000000000e+02
1.720000000000000000e+02
2.970000000000000000e+02
1.050000000000000000e+02
2.910000000000000000e+02
1.000000000000000000e+02
2.020000000000000000e+02
1.790000000000000000e+02
2.950000000000000000e+02
1.010000000000000000e+02
2.030000000000000000e+02
2.380000000000000000e+02
1.410000000000000000e+02
2.230000000000000000e+02
2.080000000000000000e+02
1.630000000000000000e+02
5.700000000000000000e+01
4.030000000000000000e+02
1.250000000000000000e+02
1.590000000000000000e+02
2.340000000000000000e+02
2.200000000000000000e+02
1.110000000000000000e+02
2.430000000000000000e+02
2.160000000000000000e+02
1.810000000000000000e+02
2.190000000000000000e+02
1.880000000000000000e+02
2.060000000000000000e+02
1.530000000000000000e+02
2.500000000000000000e+02
2.800000000000000000e+02
1.710000000000000000e+02
2.570000000000000000e+02
2.270000000000000000e+02
1.650000000000000000e+02
2.790000000000000000e+02
7.700000000000000000e+01
5.290000000000000000e+02
8.900000000000000000e+01
2.360000000000000000e+02
2.470000000000000000e+02
2.070000000000000000e+02
3.450000000000000000e+02
2.210000000000000000e+02
2.410000000000000000e+02
2.270000000000000000e+02
3.060000000000000000e+02
2.350000000000000000e+02
3.230000000000000000e+02
3.120000000000000000e+02
3.500000000000000000e+02
2.750000000000000000e+02
4.050000000000000000e+02
2.850000000000000000e+02
3.940000000000000000e+02
3.230000000000000000e+02
4.700000000000000000e+02
3.220000000000000000e+02
4.070000000000000000e+02
5.220000000000000000e+02
4.560000000000000000e+02
4.880000000000000000e+02
4.090000000000000000e+02
5.320000000000000000e+02
5.020000000000000000e+02
6.130000000000000000e+02
5.130000000000000000e+02
5.520000000000000000e+02
5.870000000000000000e+02
5.930000000000000000e+02
6.320000000000000000e+02
5.640000000000000000e+02
6.570000000000000000e+02
6.100000000000000000e+02
6.060000000000000000e+02
6.780000000000000000e+02
6.490000000000000000e+02
6.490000000000000000e+02
5.560000000000000000e+02
6.320000000000000000e+02
8.770000000000000000e+02
5.090000000000000000e+02
5.900000000000000000e+02
6.410000000000000000e+02
6.220000000000000000e+02
6.240000000000000000e+02
5.610000000000000000e+02
6.230000000000000000e+02
5.090000000000000000e+02
5.290000000000000000e+02
5.840000000000000000e+02
5.040000000000000000e+02
5.360000000000000000e+02
4.940000000000000000e+02
5.010000000000000000e+02
4.950000000000000000e+02
4.390000000000000000e+02
4.490000000000000000e+02
4.440000000000000000e+02
4.290000000000000000e+02
3.750000000000000000e+02
3.780000000000000000e+02
3.310000000000000000e+02
3.770000000000000000e+02
3.290000000000000000e+02
4.080000000000000000e+02
3.140000000000000000e+02
3.230000000000000000e+02
2.890000000000000000e+02
3.020000000000000000e+02
3.500000000000000000e+02
2.780000000000000000e+02
2.520000000000000000e+02
2.570000000000000000e+02
2.510000000000000000e+02
2.100000000000000000e+02
2.290000000000000000e+02
2.280000000000000000e+02
2.390000000000000000e+02
2.660000000000000000e+02
1.740000000000000000e+02
2.080000000000000000e+02
2.340000000000000000e+02
1.760000000000000000e+02
1.620000000000000000e+02
2.080000000000000000e+02
2.250000000000000000e+02
1.610000000000000000e+02
1.650000000000000000e+02
1.890000000000000000e+02
1.020000000000000000e+02
1.760000000000000000e+02
1.400000000000000000e+02
1.480000000000000000e+02
1.610000000000000000e+02
1.020000000000000000e+02
1.460000000000000000e+02
1.220000000000000000e+02
9.800000000000000000e+01
1.210000000000000000e+02
1.170000000000000000e+02
1.050000000000000000e+02
9.300000000000000000e+01
1.260000000000000000e+02
6.100000000000000000e+01
8.500000000000000000e+01
1.070000000000000000e+02
8.500000000000000000e+01
7.700000000000000000e+01
8.800000000000000000e+01
9.100000000000000000e+01
5.800000000000000000e+01
7.600000000000000000e+01
5.300000000000000000e+01
6.900000000000000000e+01
5.100000000000000000e+01
9.200000000000000000e+01
3.700000000000000000e+01
7.500000000000000000e+01
6.800000000000000000e+01
4.000000000000000000e+01
5.800000000000000000e+01
4.800000000000000000e+01
5.500000000000000000e+01
4.300000000000000000e+01
7.700000000000000000e+01
4.900000000000000000e+01
5.100000000000000000e+01
3.500000000000000000e+01
5.100000000000000000e+01
2.900000000000000000e+01
5.300000000000000000e+01
4.800000000000000000e+01
4.200000000000000000e+01
3.100000000000000000e+01
4.200000000000000000e+01
2.400000000000000000e+01
2.700000000000000000e+01
1.800000000000000000e+01
3.400000000000000000e+01
3.000000000000000000e+01
2.000000000000000000e+01
4.100000000000000000e+01
3.400000000000000000e+01
2.600000000000000000e+01
2.200000000000000000e+01
2.400000000000000000e+01
1.800000000000000000e+01
1.400000000000000000e+01
2.600000000000000000e+01
2.800000000000000000e+01
1.600000000000000000e+01
2.200000000000000000e+01
1.000000000000000000e+01
3.400000000000000000e+01
2.800000000000000000e+01
1.900000000000000000e+01
1.500000000000000000e+01
1.500000000000000000e+01
1.000000000000000000e+01
1.500000000000000000e+01
1.700000000000000000e+01
7.000000000000000000e+00
1.100000000000000000e+01
5.000000000000000000e+00
1.000000000000000000e+00
0.000000000000000000e+00
6.810000000000000000e+02
0.000000000000000000e+00
3.000000000000000000e+00
1.000000000000000000e+00
5.000000000000000000e+00
3.000000000000000000e+00
1.300000000000000000e+01
1.800000000000000000e+01
2.900000000000000000e+01
3.500000000000000000e+01
4.800000000000000000e+01
8.600000000000000000e+01
1.180000000000000000e+02
1.700000000000000000e+02
2.560000000000000000e+02
3.070000000000000000e+02
3.970000000000000000e+02
5.040000000000000000e+02
5.900000000000000000e+02
6.960000000000000000e+02
7.630000000000000000e+02
8.070000000000000000e+02
8.530000000000000000e+02
9.030000000000000000e+02
9.800000000000000000e+02
9.380000000000000000e+02
1.029000000000000000e+03
1.088000000000000000e+03
1.069000000000000000e+03
1.183000000000000000e+03
1.079000000000000000e+03
1.106000000000000000e+03
1.041000000000000000e+03
1.050000000000000000e+03
9.690000000000000000e+02
9.200000000000000000e+02
9.170000000000000000e+02
8.380000000000000000e+02
8.060000000000000000e+02
6.900000000000000000e+02
6.560000000000000000e+02
6.440000000000000000e+02
5.760000000000000000e+02
5.050000000000000000e+02
4.870000000000000000e+02
4.170000000000000000e+02
4.190000000000000000e+02
4.300000000000000000e+02
4.020000000000000000e+02
3.480000000000000000e+02
3.330000000000000000e+02
3.120000000000000000e+02
3.170000000000000000e+02
2.980000000000000000e+02
2.580000000000000000e+02
2.460000000000000000e+02
2.320000000000000000e+02
2.130000000000000000e+02
2.070000000000000000e+02
2.380000000000000000e+02
2.330000000000000000e+02
2.240000000000000000e+02
1.900000000000000000e+02
2.050000000000000000e+02
1.920000000000000000e+02
1.770000000000000000e+02
1.770000000000000000e+02
1.880000000000000000e+02
1.780000000000000000e+02
1.690000000000000000e+02
2.130000000000000000e+02
1.890000000000000000e+02
1.780000000000000000e+02
1.690000000000000000e+02
1.970000000000000000e+02
1.610000000000000000e+02
1.890000000000000000e+02
1.860000000000000000e+02
1.980000000000000000e+02
1.630000000000000000e+02
2.020000000000000000e+02
1.840000000000000000e+02
2.030000000000000000e+02
2.160000000000000000e+02
1.980000000000000000e+02
2.020000000000000000e+02
2.120000000000000000e+02
1.880000000000000000e+02
1.720000000000000000e+02
2.010000000000000000e+02
2.130000000000000000e+02
1.970000000000000000e+02
1.870000000000000000e+02
2.190000000000000000e+02
2.060000000000000000e+02
2.060000000000000000e+02
1.840000000000000000e+02
1.910000000000000000e+02
2.120000000000000000e+02
2.000000000000000000e+02
2.120000000000000000e+02
2.140000000000000000e+02
1.980000000000000000e+02
1.880000000000000000e+02
2.030000000000000000e+02
1.990000000000000000e+02
2.160000000000000000e+02
2.230000000000000000e+02
2.390000000000000000e+02
2.280000000000000000e+02
2.340000000000000000e+02
2.150000000000000000e+02
2.430000000000000000e+02
2.170000000000000000e+02
2.240000000000000000e+02
2.010000000000000000e+02
2.100000000000000000e+02
2.310000000000000000e+02
2.320000000000000000e+02
2.120000000000000000e+02
1.980000000000000000e+02
2.290000000000000000e+02
2.170000000000000000e+02
2.140000000000000000e+02
2.310000000000000000e+02
2.320000000000000000e+02
2.320000000000000000e+02
2.400000000000000000e+02
2.310000000000000000e+02
2.130000000000000000e+02
2.590000000000000000e+02
2.560000000000000000e+02
2.600000000000000000e+02
2.460000000000000000e+02
2.540000000000000000e+02
2.500000000000000000e+02
2.880000000000000000e+02
2.750000000000000000e+02
2.690000000000000000e+02
2.440000000000000000e+02
2.480000000000000000e+02
2.620000000000000000e+02
2.990000000000000000e+02
2.810000000000000000e+02
2.740000000000000000e+02
3.000000000000000000e+02
2.880000000000000000e+02
3.100000000000000000e+02
2.960000000000000000e+02
2.870000000000000000e+02
3.200000000000000000e+02
3.110000000000000000e+02
3.040000000000000000e+02
3.270000000000000000e+02
3.320000000000000000e+02
3.600000000000000000e+02
3.420000000000000000e+02
3.950000000000000000e+02
3.540000000000000000e+02
4.110000000000000000e+02
4.220000000000000000e+02
4.160000000000000000e+02
3.660000000000000000e+02
4.170000000000000000e+02
3.760000000000000000e+02
4.160000000000000000e+02
4.160000000000000000e+02
3.860000000000000000e+02
4.580000000000000000e+02
3.990000000000000000e+02
4.470000000000000000e+02
3.920000000000000000e+02
4.490000000000000000e+02
4.540000000000000000e+02
4.780000000000000000e+02
4.860000000000000000e+02
5.370000000000000000e+02
5.840000000000000000e+02
6.380000000000000000e+02
7.020000000000000000e+02
7.690000000000000000e+02
7.950000000000000000e+02
7.760000000000000000e+02
8.740000000000000000e+02
9.410000000000000000e+02
1.191000000000000000e+03
1.206000000000000000e+03
1.494000000000000000e+03
1.517000000000000000e+03
1.767000000000000000e+03
1.795000000000000000e+03
1.800000000000000000e+03
1.812000000000000000e+03
1.979000000000000000e+03
2.037000000000000000e+03
2.119000000000000000e+03
2.101000000000000000e+03
1.986000000000000000e+03
2.078000000000000000e+03
2.199000000000000000e+03
2.131000000000000000e+03
2.145000000000000000e+03
2.438000000000000000e+03
2.443000000000000000e+03
2.730000000000000000e+03
2.711000000000000000e+03
3.078000000000000000e+03
3.034000000000000000e+03
2.910000000000000000e+03
2.952000000000000000e+03
2.921000000000000000e+03
3.062000000000000000e+03
3.122000000000000000e+03
2.801000000000000000e+03
2.524000000000000000e+03
2.478000000000000000e+03
2.169000000000000000e+03
2.159000000000000000e+03
2.096000000000000000e+03
1.702000000000000000e+03
1.590000000000000000e+03
1.637000000000000000e+03
1.572000000000000000e+03
1.824000000000000000e+03
1.970000000000000000e+03
2.102000000000000000e+03
2.686000000000000000e+03
2.801000000000000000e+03
1.644000000000000000e+03
9.790000000000000000e+02
3.580000000000000000e+02
2.550000000000000000e+02
2.320000000000000000e+02
1.680000000000000000e+02
1.360000000000000000e+02
1.400000000000000000e+02
9.700000000000000000e+01
9.000000000000000000e+01
8.700000000000000000e+01
7.100000000000000000e+01
6.200000000000000000e+01
5.900000000000000000e+01
5.700000000000000000e+01
6.300000000000000000e+01
4.200000000000000000e+01
4.100000000000000000e+01
5.900000000000000000e+01
4.400000000000000000e+01
4.700000000000000000e+01
5.100000000000000000e+01
3.500000000000000000e+01
4.000000000000000000e+01
3.900000000000000000e+01
3.500000000000000000e+01
3.800000000000000000e+01
2.200000000000000000e+01
1.530000000000000000e+02
