5.300000000000000000e+01
8.000000000000000000e+00
1.500000000000000000e+01
2.100000000000000000e+01
2.800000000000000000e+01
2.200000000000000000e+01
2.800000000000000000e+01
3.600000000000000000e+01
4.300000000000000000e+01
4.400000000000000000e+01
6.100000000000000000e+01
6.000000000000000000e+01
1.050000000000000000e+02
8.000000000000000000e+01
1.130000000000000000e+02
1.100000000000000000e+02
1.380000000000000000e+02
1.710000000000000000e+02
1.870000000000000000e+02
2.440000000000000000e+02
2.930000000000000000e+02
3.660000000000000000e+02
4.870000000000000000e+02
6.320000000000000000e+02
8.480000000000000000e+02
9.820000000000000000e+02
1.191000000000000000e+03
1.535000000000000000e+03
1.850000000000000000e+03
2.124000000000000000e+03
2.265000000000000000e+03
2.287000000000000000e+03
2.267000000000000000e+03
2.166000000000000000e+03
2.138000000000000000e+03
2.246000000000000000e+03
2.471000000000000000e+03
2.587000000000000000e+03
2.656000000000000000e+03
2.709000000000000000e+03
2.944000000000000000e+03
3.026000000000000000e+03
3.083000000000000000e+03
2.975000000000000000e+03
2.946000000000000000e+03
2.881000000000000000e+03
2.989000000000000000e+03
2.835000000000000000e+03
2.814000000000000000e+03
2.877000000000000000e+03
2.715000000000000000e+03
2.686000000000000000e+03
2.639000000000000000e+03
2.402000000000000000e+03
2.454000000000000000e+03
2.332000000000000000e+03
2.215000000000000000e+03
2.047000000000000000e+03
1.945000000000000000e+03
1.793000000000000000e+03
1.699000000000000000e+03
1.547000000000000000e+03
1.475000000000000000e+03
1.384000000000000000e+03
1.394000000000000000e+03
1.350000000000000000e+03
1.315000000000000000e+03
1.230000000000000000e+03
1.233000000000000000e+03
1.219000000000000000e+03
1.228000000000000000e+03
1.145000000000000000e+03
1.126000000000000000e+03
1.155000000000000000e+03
1.014000000000000000e+03
1.007000000000000000e+03
9.860000000000000000e+02
1.022000000000000000e+03
9.570000000000000000e+02
9.790000000000000000e+02
9.650000000000000000e+02
9.290000000000000000e+02
9.030000000000000000e+02
8.750000000000000000e+02
8.570000000000000000e+02
8.590000000000000000e+02
8.210000000000000000e+02
7.910000000000000000e+02
8.410000000000000000e+02
8.050000000000000000e+02
7.790000000000000000e+02
7.500000000000000000e+02
7.510000000000000000e+02
7.390000000000000000e+02
7.780000000000000000e+02
7.180000000000000000e+02
7.040000000000000000e+02
7.330000000000000000e+02
6.940000000000000000e+02
6.480000000000000000e+02
6.360000000000000000e+02
6.490000000000000000e+02
6.670000000000000000e+02
6.690000000000000000e+02
6.520000000000000000e+02
6.690000000000000000e+02
6.360000000000000000e+02
5.840000000000000000e+02
6.020000000000000000e+02
6.110000000000000000e+02
6.250000000000000000e+02
5.770000000000000000e+02
6.050000000000000000e+02
6.030000000000000000e+02
6.220000000000000000e+02
5.940000000000000000e+02
6.410000000000000000e+02
5.960000000000000000e+02
6.210000000000000000e+02
6.620000000000000000e+02
6.740000000000000000e+02
6.620000000000000000e+02
6.870000000000000000e+02
6.740000000000000000e+02
6.870000000000000000e+02
7.100000000000000000e+02
6.620000000000000000e+02
7.000000000000000000e+02
7.240000000000000000e+02
6.900000000000000000e+02
7.220000000000000000e+02
6.910000000000000000e+02
6.910000000000000000e+02
7.120000000000000000e+02
6.690000000000000000e+02
6.550000000000000000e+02
6.610000000000000000e+02
6.290000000000000000e+02
6.260000000000000000e+02
5.650000000000000000e+02
6.290000000000000000e+02
5.950000000000000000e+02
5.830000000000000000e+02
5.760000000000000000e+02
5.630000000000000000e+02
5.630000000000000000e+02
4.830000000000000000e+02
5.020000000000000000e+02
4.290000000000000000e+02
4.470000000000000000e+02
3.930000000000000000e+02
3.740000000000000000e+02
3.680000000000000000e+02
3.480000000000000000e+02
2.790000000000000000e+02
2.740000000000000000e+02
2.590000000000000000e+02
2.620000000000000000e+02
2.850000000000000000e+02
2.460000000000000000e+02
2.280000000000000000e+02
2.500000000000000000e+02
2.100000000000000000e+02
2.030000000000000000e+02
1.750000000000000000e+02
1.860000000000000000e+02
1.660000000000000000e+02
1.360000000000000000e+02
1.260000000000000000e+02
1.090000000000000000e+02
1.040000000000000000e+02
8.200000000000000000e+01
7.200000000000000000e+01
8.300000000000000000e+01
6.200000000000000000e+01
7.400000000000000000e+01
7.600000000000000000e+01
6.600000000000000000e+01
8.100000000000000000e+01
6.400000000000000000e+01
7.800000000000000000e+01
4.900000000000000000e+01
5.000000000000000000e+01
4.700000000000000000e+01
3.600000000000000000e+01
3.700000000000000000e+01
4.000000000000000000e+01
2.700000000000000000e+01
2.000000000000000000e+01
2.000000000000000000e+01
1.000000000000000000e+01
1.400000000000000000e+01
8.000000000000000000e+00
1.400000000000000000e+01
2.000000000000000000e+00
5.000000000000000000e+00
3.000000000000000000e+00
1.000000000000000000e+00
2.000000000000000000e+00
2.000000000000000000e+00
2.000000000000000000e+00
0.000000000000000000e+00
1.000000000000000000e+00
1.000000000000000000e+00
0.000000000000000000e+00
2.000000000000000000e+00
0.000000000000000000e+00
1.000000000000000000e+00
1.000000000000000000e+00
1.000000000000000000e+00
0.000000000000000000e+00
0.000000000000000000e+00
0.000000000000000000e+00
0.000000000000000000e+00
0.000000000000000000e+00
0.000000000000000000e+00
0.000000000000000000e+00
0.000000000000000000e+00
0.000000000000000000e+00
0.000000000000000000e+00
0.000000000000000000e+00
0.000000000000000000e+00
0.000000000000000000e+00
0.000000000000000000e+00
0.000000000000000000e+00
0.000000000000000000e+00
0.000000000000000000e+00
0.000000000000000000e+00
0.000000000000000000e+00
0.000000000000000000e+00
0.000000000000000000e+00
0.000000000000000000e+00
0.000000000000000000e+00
0.000000000000000000e+00
0.000000000000000000e+00
0.000000000000000000e+00
0.000000000000000000e+00
0.000000000000000000e+00
0.000000000000000000e+00
0.000000000000000000e+00
0.000000000000000000e+00
0.000000000000000000e+00
0.000000000000000000e+00
0.000000000000000000e+00
0.000000000000000000e+00
0.000000000000000000e+00
0.000000000000000000e+00
0.000000000000000000e+00
0.000000000000000000e+00
0.000000000000000000e+00
0.000000000000000000e+00
0.000000000000000000e+00
0.000000000000000000e+00
0.000000000000000000e+00
0.000000000000000000e+00
0.000000000000000000e+00
0.000000000000000000e+00
0.000000000000000000e+00
0.000000000000000000e+00
0.000000000000000000e+00
0.000000000000000000e+00
0.000000000000000000e+00
0.000000000000000000e+00
0.000000000000000000e+00
0.000000000000000000e+00
0.000000000000000000e+00
0.000000000000000000e+00
0.000000000000000000e+00
0.000000000000000000e+00
0.000000000000000000e+00
0.000000000000000000e+00
0.000000000000000000e+00
0.000000000000000000e+00
0.000000000000000000e+00
0.000000000000000000e+00
0.000000000000000000e+00
0.000000000000000000e+00
0.000000000000000000e+00
0.000000000000000000e+00
0.000000000000000000e+00
0.000000000000000000e+00
0.000000000000000000e+00
0.000000000000000000e+00
0.000000000000000000e+00
0.000000000000000000e+00
0.000000000000000000e+00
0.000000000000000000e+00
0.000000000000000000e+00
0.000000000000000000e+00
0.000000000000000000e+00
0.000000000000000000e+00
0.000000000000000000e+00
0.000000000000000000e+00
0.000000000000000000e+00
1.000000000000000000e+00
0.000000000000000000e+00
0.000000000000000000e+00
0.000000000000000000e+00
3.000000000000000000e+00
4.000000000000000000e+00
3.000000000000000000e+00
1.700000000000000000e+01
2.600000000000000000e+01
4.500000000000000000e+01
8.400000000000000000e+01
1.430000000000000000e+02
2.430000000000000000e+02
4.370000000000000000e+02
6.230000000000000000e+02
9.110000000000000000e+02
1.225000000000000000e+03
1.405000000000000000e+03
1.490000000000000000e+03
1.579000000000000000e+03
1.610000000000000000e+03
1.711000000000000000e+03
1.870000000000000000e+03
1.939000000000000000e+03
1.916000000000000000e+03
1.916000000000000000e+03
1.803000000000000000e+03
1.877000000000000000e+03
1.928000000000000000e+03
2.015000000000000000e+03
2.128000000000000000e+03
1.996000000000000000e+03
1.934000000000000000e+03
1.887000000000000000e+03
1.760000000000000000e+03
1.695000000000000000e+03
1.608000000000000000e+03
1.458000000000000000e+03
1.438000000000000000e+03
1.369000000000000000e+03
1.252000000000000000e+03
1.207000000000000000e+03
1.236000000000000000e+03
1.221000000000000000e+03
1.212000000000000000e+03
1.091000000000000000e+03
9.970000000000000000e+02
9.650000000000000000e+02
9.520000000000000000e+02
9.080000000000000000e+02
9.490000000000000000e+02
9.630000000000000000e+02
8.800000000000000000e+02
9.660000000000000000e+02
9.330000000000000000e+02
8.680000000000000000e+02
8.870000000000000000e+02
8.500000000000000000e+02
8.970000000000000000e+02
8.880000000000000000e+02
8.610000000000000000e+02
7.850000000000000000e+02
8.140000000000000000e+02
8.020000000000000000e+02
8.070000000000000000e+02
7.690000000000000000e+02
8.180000000000000000e+02
8.100000000000000000e+02
7.980000000000000000e+02
8.300000000000000000e+02
8.110000000000000000e+02
7.800000000000000000e+02
8.890000000000000000e+02
8.050000000000000000e+02
7.870000000000000000e+02
9.270000000000000000e+02
8.620000000000000000e+02
8.720000000000000000e+02
8.540000000000000000e+02
8.570000000000000000e+02
8.510000000000000000e+02
8.560000000000000000e+02
8.400000000000000000e+02
8.470000000000000000e+02
8.680000000000000000e+02
8.500000000000000000e+02
8.970000000000000000e+02
8.560000000000000000e+02
9.330000000000000000e+02
8.610000000000000000e+02
8.850000000000000000e+02
8.580000000000000000e+02
8.810000000000000000e+02
8.290000000000000000e+02
8.520000000000000000e+02
7.970000000000000000e+02
8.550000000000000000e+02
8.780000000000000000e+02
8.470000000000000000e+02
8.590000000000000000e+02
8.120000000000000000e+02
8.210000000000000000e+02
8.130000000000000000e+02
7.930000000000000000e+02
8.350000000000000000e+02
7.790000000000000000e+02
7.580000000000000000e+02
7.930000000000000000e+02
7.630000000000000000e+02
7.680000000000000000e+02
7.290000000000000000e+02
7.690000000000000000e+02
7.760000000000000000e+02
7.510000000000000000e+02
7.330000000000000000e+02
7.590000000000000000e+02
7.750000000000000000e+02
7.150000000000000000e+02
7.200000000000000000e+02
7.570000000000000000e+02
7.430000000000000000e+02
7.530000000000000000e+02
7.120000000000000000e+02
7.440000000000000000e+02
7.370000000000000000e+02
7.240000000000000000e+02
6.890000000000000000e+02
6.830000000000000000e+02
6.560000000000000000e+02
6.990000000000000000e+02
6.390000000000000000e+02
6.770000000000000000e+02
6.490000000000000000e+02
6.470000000000000000e+02
6.160000000000000000e+02
6.470000000000000000e+02
5.690000000000000000e+02
6.210000000000000000e+02
6.120000000000000000e+02
6.390000000000000000e+02
6.010000000000000000e+02
6.190000000000000000e+02
5.980000000000000000e+02
5.970000000000000000e+02
6.770000000000000000e+02
6.430000000000000000e+02
6.220000000000000000e+02
6.160000000000000000e+02
6.140000000000000000e+02
6.010000000000000000e+02
6.200000000000000000e+02
6.180000000000000000e+02
6.360000000000000000e+02
6.220000000000000000e+02
6.470000000000000000e+02
6.450000000000000000e+02
6.670000000000000000e+02
6.910000000000000000e+02
6.540000000000000000e+02
6.770000000000000000e+02
6.110000000000000000e+02
6.130000000000000000e+02
6.180000000000000000e+02
6.500000000000000000e+02
6.590000000000000000e+02
6.670000000000000000e+02
6.920000000000000000e+02
6.920000000000000000e+02
6.860000000000000000e+02
6.900000000000000000e+02
7.180000000000000000e+02
7.160000000000000000e+02
7.020000000000000000e+02
6.950000000000000000e+02
6.710000000000000000e+02
6.970000000000000000e+02
6.780000000000000000e+02
6.840000000000000000e+02
6.620000000000000000e+02
6.370000000000000000e+02
6.320000000000000000e+02
6.270000000000000000e+02
6.740000000000000000e+02
6.140000000000000000e+02
5.600000000000000000e+02
5.360000000000000000e+02
5.380000000000000000e+02
5.320000000000000000e+02
5.390000000000000000e+02
5.550000000000000000e+02
5.050000000000000000e+02
4.730000000000000000e+02
4.820000000000000000e+02
4.200000000000000000e+02
4.330000000000000000e+02
4.150000000000000000e+02
3.720000000000000000e+02
3.650000000000000000e+02
3.810000000000000000e+02
3.700000000000000000e+02
3.430000000000000000e+02
3.570000000000000000e+02
3.080000000000000000e+02
3.260000000000000000e+02
2.640000000000000000e+02
2.880000000000000000e+02
2.280000000000000000e+02
2.410000000000000000e+02
2.200000000000000000e+02
1.700000000000000000e+02
1.410000000000000000e+02
1.100000000000000000e+02
6.000000000000000000e+01
4.300000000000000000e+01
2.900000000000000000e+01
1.600000000000000000e+01
9.000000000000000000e+00
5.600000000000000000e+01
0.000000000000000000e+00
0.000000000000000000e+00
0.000000000000000000e+00
0.000000000000000000e+00
0.000000000000000000e+00
0.000000000000000000e+00
0.000000000000000000e+00
0.000000000000000000e+00
0.000000000000000000e+00
0.000000000000000000e+00
0.000000000000000000e+00
0.000000000000000000e+00
0.000000000000000000e+00
0.000000000000000000e+00
0.000000000000000000e+00
0.000000000000000000e+00
0.000000000000000000e+00
0.000000000000000000e+00
0.000000000000000000e+00
0.000000000000000000e+00
0.000000000000000000e+00
0.000000000000000000e+00
0.000000000000000000e+00
0.000000000000000000e+00
0.000000000000000000e+00
0.000000000000000000e+00
0.000000000000000000e+00
0.000000000000000000e+00
0.000000000000000000e+00
0.000000000000000000e+00
0.000000000000000000e+00
0.000000000000000000e+00
0.000000000000000000e+00
0.000000000000000000e+00
0.000000000000000000e+00
0.000000000000000000e+00
0.000000000000000000e+00
0.000000000000000000e+00
0.000000000000000000e+00
0.000000000000000000e+00
0.000000000000000000e+00
0.000000000000000000e+00
0.000000000000000000e+00
2.000000000000000000e+00
0.000000000000000000e+00
0.000000000000000000e+00
9.000000000000000000e+00
1.900000000000000000e+01
3.800000000000000000e+01
6.600000000000000000e+01
9.700000000000000000e+01
1.350000000000000000e+02
2.170000000000000000e+02
2.720000000000000000e+02
3.790000000000000000e+02
4.550000000000000000e+02
5.820000000000000000e+02
7.800000000000000000e+02
9.140000000000000000e+02
1.046000000000000000e+03
1.134000000000000000e+03
1.340000000000000000e+03
1.520000000000000000e+03
1.712000000000000000e+03
1.826000000000000000e+03
1.838000000000000000e+03
1.859000000000000000e+03
1.726000000000000000e+03
1.675000000000000000e+03
1.644000000000000000e+03
1.718000000000000000e+03
1.734000000000000000e+03
1.721000000000000000e+03
1.769000000000000000e+03
1.714000000000000000e+03
1.776000000000000000e+03
1.681000000000000000e+03
1.620000000000000000e+03
1.669000000000000000e+03
1.677000000000000000e+03
1.584000000000000000e+03
1.611000000000000000e+03
1.491000000000000000e+03
1.482000000000000000e+03
1.407000000000000000e+03
1.372000000000000000e+03
1.268000000000000000e+03
1.204000000000000000e+03
1.179000000000000000e+03
1.147000000000000000e+03
1.117000000000000000e+03
9.770000000000000000e+02
9.890000000000000000e+02
9.030000000000000000e+02
8.570000000000000000e+02
8.880000000000000000e+02
8.610000000000000000e+02
8.730000000000000000e+02
8.970000000000000000e+02
9.110000000000000000e+02
9.270000000000000000e+02
9.870000000000000000e+02
9.690000000000000000e+02
9.360000000000000000e+02
8.590000000000000000e+02
8.660000000000000000e+02
9.580000000000000000e+02
8.600000000000000000e+02
9.380000000000000000e+02
9.350000000000000000e+02
8.890000000000000000e+02
9.320000000000000000e+02
9.570000000000000000e+02
9.070000000000000000e+02
9.690000000000000000e+02
9.850000000000000000e+02
9.790000000000000000e+02
9.570000000000000000e+02
9.740000000000000000e+02
1.079000000000000000e+03
1.022000000000000000e+03
1.004000000000000000e+03
1.018000000000000000e+03
9.860000000000000000e+02
9.710000000000000000e+02
9.530000000000000000e+02
1.001000000000000000e+03
9.380000000000000000e+02
9.440000000000000000e+02
9.530000000000000000e+02
9.200000000000000000e+02
9.560000000000000000e+02
8.860000000000000000e+02
9.560000000000000000e+02
8.280000000000000000e+02
8.430000000000000000e+02
7.800000000000000000e+02
8.220000000000000000e+02
8.460000000000000000e+02
7.940000000000000000e+02
7.890000000000000000e+02
8.040000000000000000e+02
7.960000000000000000e+02
7.610000000000000000e+02
7.890000000000000000e+02
7.680000000000000000e+02
7.710000000000000000e+02
7.540000000000000000e+02
7.850000000000000000e+02
8.050000000000000000e+02
7.770000000000000000e+02
7.780000000000000000e+02
8.670000000000000000e+02
8.050000000000000000e+02
7.760000000000000000e+02
7.980000000000000000e+02
8.060000000000000000e+02
7.730000000000000000e+02
8.430000000000000000e+02
8.180000000000000000e+02
8.030000000000000000e+02
7.990000000000000000e+02
8.170000000000000000e+02
7.890000000000000000e+02
8.010000000000000000e+02
7.640000000000000000e+02
8.480000000000000000e+02
7.410000000000000000e+02
7.880000000000000000e+02
7.620000000000000000e+02
8.080000000000000000e+02
7.810000000000000000e+02
7.470000000000000000e+02
7.290000000000000000e+02
7.720000000000000000e+02
7.550000000000000000e+02
7.820000000000000000e+02
7.620000000000000000e+02
7.370000000000000000e+02
7.650000000000000000e+02
7.510000000000000000e+02
7.180000000000000000e+02
6.900000000000000000e+02
7.310000000000000000e+02
7.080000000000000000e+02
6.910000000000000000e+02
7.030000000000000000e+02
6.720000000000000000e+02
6.570000000000000000e+02
6.650000000000000000e+02
7.370000000000000000e+02
6.890000000000000000e+02
7.120000000000000000e+02
6.360000000000000000e+02
7.010000000000000000e+02
6.980000000000000000e+02
7.330000000000000000e+02
6.680000000000000000e+02
7.070000000000000000e+02
7.140000000000000000e+02
7.640000000000000000e+02
6.940000000000000000e+02
7.060000000000000000e+02
7.360000000000000000e+02
7.380000000000000000e+02
6.920000000000000000e+02
7.510000000000000000e+02
7.580000000000000000e+02
6.940000000000000000e+02
6.520000000000000000e+02
6.970000000000000000e+02
6.290000000000000000e+02
5.710000000000000000e+02
6.040000000000000000e+02
5.680000000000000000e+02
5.800000000000000000e+02
5.380000000000000000e+02
5.110000000000000000e+02
4.870000000000000000e+02
4.360000000000000000e+02
4.290000000000000000e+02
4.400000000000000000e+02
4.310000000000000000e+02
4.220000000000000000e+02
3.970000000000000000e+02
3.720000000000000000e+02
3.980000000000000000e+02
3.780000000000000000e+02
3.620000000000000000e+02
3.330000000000000000e+02
3.760000000000000000e+02
3.550000000000000000e+02
3.430000000000000000e+02
3.210000000000000000e+02
3.050000000000000000e+02
2.690000000000000000e+02
2.590000000000000000e+02
2.460000000000000000e+02
1.960000000000000000e+02
1.660000000000000000e+02
1.540000000000000000e+02
1.650000000000000000e+02
1.680000000000000000e+02
1.400000000000000000e+02
1.370000000000000000e+02
1.260000000000000000e+02
1.160000000000000000e+02
1.020000000000000000e+02
1.100000000000000000e+02
9.400000000000000000e+01
1.150000000000000000e+02
9.600000000000000000e+01
1.030000000000000000e+02
1.240000000000000000e+02
1.030000000000000000e+02
6.500000000000000000e+02
0.000000000000000000e+00
0.000000000000000000e+00
0.000000000000000000e+00
0.000000000000000000e+00
0.000000000000000000e+00
3.000000000000000000e+00
1.000000000000000000e+00
1.000000000000000000e+00
3.000000000000000000e+00
2.000000000000000000e+00
4.000000000000000000e+00
1.200000000000000000e+01
2.400000000000000000e+01
5.000000000000000000e+01
7.800000000000000000e+01
3.390000000000000000e+02
6.130000000000000000e+02
1.568000000000000000e+03
2.651000000000000000e+03
5.190000000000000000e+03
6.633000000000000000e+03
6.324000000000000000e+03
1.278600000000000000e+04
4.650000000000000000e+03
1.431600000000000000e+04
4.454000000000000000e+03
9.762000000000000000e+03
7.561000000000000000e+03
7.498000000000000000e+03
8.167000000000000000e+03
7.707000000000000000e+03
8.757000000000000000e+03
9.091000000000000000e+03
1.176800000000000000e+04
1.007000000000000000e+04
1.184400000000000000e+04
4.615000000000000000e+03
4.609000000000000000e+03
3.792000000000000000e+03
1.098000000000000000e+03
1.110000000000000000e+02
1.300000000000000000e+01
1.000000000000000000e+00
0.000000000000000000e+00
1.000000000000000000e+00
0.000000000000000000e+00
0.000000000000000000e+00
0.000000000000000000e+00
0.000000000000000000e+00
0.000000000000000000e+00
0.000000000000000000e+00
0.000000000000000000e+00
0.000000000000000000e+00
0.000000000000000000e+00
0.000000000000000000e+00
0.000000000000000000e+00
0.000000000000000000e+00
0.000000000000000000e+00
0.000000000000000000e+00
0.000000000000000000e+00
0.000000000000000000e+00
0.000000000000000000e+00
0.000000000000000000e+00
0.000000000000000000e+00
0.000000000000000000e+00
0.000000000000000000e+00
0.000000000000000000e+00
0.000000000000000000e+00
0.000000000000000000e+00
0.000000000000000000e+00
0.000000000000000000e+00
0.000000000000000000e+00
0.000000000000000000e+00
0.000000000000000000e+00
0.000000000000000000e+00
0.000000000000000000e+00
0.000000000000000000e+00
0.000000000000000000e+00
0.000000000000000000e+00
0.000000000000000000e+00
0.000000000000000000e+00
0.000000000000000000e+00
0.000000000000000000e+00
0.000000000000000000e+00
0.000000000000000000e+00
0.000000000000000000e+00
0.000000000000000000e+00
0.000000000000000000e+00
0.000000000000000000e+00
0.000000000000000000e+00
0.000000000000000000e+00
0.000000000000000000e+00
0.000000000000000000e+00
0.000000000000000000e+00
0.000000000000000000e+00
0.000000000000000000e+00
0.000000000000000000e+00
0.000000000000000000e+00
0.000000000000000000e+00
0.000000000000000000e+00
0.000000000000000000e+00
0.000000000000000000e+00
0.000000000000000000e+00
0.000000000000000000e+00
0.000000000000000000e+00
0.000000000000000000e+00
0.000000000000000000e+00
0.000000000000000000e+00
0.000000000000000000e+00
0.000000000000000000e+00
0.000000000000000000e+00
0.000000000000000000e+00
0.000000000000000000e+00
0.000000000000000000e+00
0.000000000000000000e+00
0.000000000000000000e+00
0.000000000000000000e+00
0.000000000000000000e+00
0.000000000000000000e+00
0.000000000000000000e+00
0.000000000000000000e+00
0.000000000000000000e+00
0.000000000000000000e+00
0.000000000000000000e+00
0.000000000000000000e+00
0.000000000000000000e+00
0.000000000000000000e+00
0.000000000000000000e+00
0.000000000000000000e+00
0.000000000000000000e+00
0.000000000000000000e+00
0.000000000000000000e+00
0.000000000000000000e+00
0.000000000000000000e+00
0.000000000000000000e+00
0.000000000000000000e+00
0.000000000000000000e+00
0.000000000000000000e+00
0.000000000000000000e+00
0.000000000000000000e+00
0.000000000000000000e+00
0.000000000000000000e+00
0.000000000000000000e+00
0.000000000000000000e+00
0.000000000000000000e+00
0.000000000000000000e+00
0.000000000000000000e+00
0.000000000000000000e+00
0.000000000000000000e+00
0.000000000000000000e+00
0.000000000000000000e+00
0.000000000000000000e+00
0.000000000000000000e+00
0.000000000000000000e+00
0.000000000000000000e+00
0.000000000000000000e+00
0.000000000000000000e+00
0.000000000000000000e+00
0.000000000000000000e+00
0.000000000000000000e+00
0.000000000000000000e+00
0.000000000000000000e+00
0.000000000000000000e+00
0.000000000000000000e+00
0.000000000000000000e+00
0.000000000000000000e+00
0.000000000000000000e+00
0.000000000000000000e+00
0.000000000000000000e+00
0.000000000000000000e+00
0.000000000000000000e+00
0.000000000000000000e+00
0.000000000000000000e+00
0.000000000000000000e+00
0.000000000000000000e+00
0.000000000000000000e+00
0.000000000000000000e+00
0.000000000000000000e+00
0.000000000000000000e+00
0.000000000000000000e+00
0.000000000000000000e+00
0.000000000000000000e+00
0.000000000000000000e+00
0.000000000000000000e+00
0.000000000000000000e+00
0.000000000000000000e+00
0.000000000000000000e+00
0.000000000000000000e+00
0.000000000000000000e+00
0.000000000000000000e+00
0.000000000000000000e+00
0.000000000000000000e+00
0.000000000000000000e+00
0.000000000000000000e+00
0.000000000000000000e+00
0.000000000000000000e+00
0.000000000000000000e+00
0.000000000000000000e+00
0.000000000000000000e+00
0.000000000000000000e+00
0.000000000000000000e+00
0.000000000000000000e+00
0.000000000000000000e+00
0.000000000000000000e+00
0.000000000000000000e+00
0.000000000000000000e+00
0.000000000000000000e+00
0.000000000000000000e+00
0.000000000000000000e+00
0.000000000000000000e+00
0.000000000000000000e+00
0.000000000000000000e+00
0.000000000000000000e+00
0.000000000000000000e+00
0.000000000000000000e+00
0.000000000000000000e+00
0.000000000000000000e+00
0.000000000000000000e+00
0.000000000000000000e+00
0.000000000000000000e+00
0.000000000000000000e+00
0.000000000000000000e+00
0.000000000000000000e+00
0.000000000000000000e+00
0.000000000000000000e+00
0.000000000000000000e+00
0.000000000000000000e+00
0.000000000000000000e+00
0.000000000000000000e+00
0.000000000000000000e+00
0.000000000000000000e+00
0.000000000000000000e+00
0.000000000000000000e+00
0.000000000000000000e+00
0.000000000000000000e+00
0.000000000000000000e+00
0.000000000000000000e+00
0.000000000000000000e+00
0.000000000000000000e+00
0.000000000000000000e+00
0.000000000000000000e+00
0.000000000000000000e+00
0.000000000000000000e+00
0.000000000000000000e+00
0.000000000000000000e+00
0.000000000000000000e+00
0.000000000000000000e+00
0.000000000000000000e+00
0.000000000000000000e+00
0.000000000000000000e+00
0.000000000000000000e+00
0.000000000000000000e+00
0.000000000000000000e+00
0.000000000000000000e+00
0.000000000000000000e+00
0.000000000000000000e+00
0.000000000000000000e+00
0.000000000000000000e+00
0.000000000000000000e+00
0.000000000000000000e+00
0.000000000000000000e+00
0.000000000000000000e+00
0.000000000000000000e+00
0.000000000000000000e+00
0.000000000000000000e+00
0.000000000000000000e+00
0.000000000000000000e+00
0.000000000000000000e+00
0.000000000000000000e+00
0.000000000000000000e+00
0.000000000000000000e+00
0.000000000000000000e+00
0.000000000000000000e+00
0.000000000000000000e+00
0.000000000000000000e+00
0.000000000000000000e+00
0.000000000000000000e+00
0.000000000000000000e+00
0.000000000000000000e+00
0.000000000000000000e+00
0.000000000000000000e+00
0.000000000000000000e+00
0.000000000000000000e+00
0.000000000000000000e+00
0.000000000000000000e+00
0.000000000000000000e+00
0.000000000000000000e+00
0.000000000000000000e+00
0.000000000000000000e+00
0.000000000000000000e+00
1.000000000000000000e+00
0.000000000000000000e+00
1.000000000000000000e+00
0.000000000000000000e+00
1.000000000000000000e+00
0.000000000000000000e+00
0.000000000000000000e+00
1.000000000000000000e+00
0.000000000000000000e+00
0.000000000000000000e+00
2.000000000000000000e+00
1.000000000000000000e+00
2.000000000000000000e+00
2.000000000000000000e+00
3.000000000000000000e+00
3.000000000000000000e+00
5.000000000000000000e+00
4.000000000000000000e+00
1.200000000000000000e+01
7.000000000000000000e+00
1.500000000000000000e+01
2.100000000000000000e+01
3.000000000000000000e+01
3.500000000000000000e+01
5.300000000000000000e+01
5.100000000000000000e+01
6.700000000000000000e+01
7.200000000000000000e+01
8.800000000000000000e+01
8.900000000000000000e+01
9.500000000000000000e+01
1.070000000000000000e+02
1.370000000000000000e+02
1.580000000000000000e+02
1.710000000000000000e+02
1.850000000000000000e+02
2.490000000000000000e+02
2.860000000000000000e+02
2.800000000000000000e+02
3.800000000000000000e+02
3.790000000000000000e+02
4.860000000000000000e+02
5.580000000000000000e+02
6.750000000000000000e+02
6.630000000000000000e+02
7.590000000000000000e+02
8.860000000000000000e+02
1.028000000000000000e+03
1.115000000000000000e+03
1.195000000000000000e+03
1.422000000000000000e+03
1.732000000000000000e+03
1.870000000000000000e+03
1.990000000000000000e+03
2.052000000000000000e+03
2.405000000000000000e+03
2.591000000000000000e+03
2.500000000000000000e+03
2.661000000000000000e+03
2.364000000000000000e+03
2.825000000000000000e+03
2.661000000000000000e+03
2.456000000000000000e+03
2.377000000000000000e+03
2.241000000000000000e+03
2.018000000000000000e+03
2.215000000000000000e+03
1.879000000000000000e+03
1.505000000000000000e+03
1.791000000000000000e+03
1.700000000000000000e+03
1.524000000000000000e+03
1.571000000000000000e+03
1.491000000000000000e+03
1.509000000000000000e+03
1.486000000000000000e+03
1.284000000000000000e+03
1.296000000000000000e+03
1.359000000000000000e+03
1.353000000000000000e+03
1.275000000000000000e+03
1.365000000000000000e+03
1.358000000000000000e+03
1.349000000000000000e+03
1.240000000000000000e+03
1.380000000000000000e+03
1.299000000000000000e+03
1.294000000000000000e+03
1.287000000000000000e+03
1.222000000000000000e+03
1.239000000000000000e+03
1.305000000000000000e+03
1.242000000000000000e+03
1.382000000000000000e+03
1.535000000000000000e+03
1.366000000000000000e+03
1.533000000000000000e+03
1.578000000000000000e+03
1.644000000000000000e+03
1.665000000000000000e+03
1.817000000000000000e+03
1.924000000000000000e+03
2.013000000000000000e+03
1.908000000000000000e+03
2.174000000000000000e+03
2.112000000000000000e+03
2.168000000000000000e+03
2.303000000000000000e+03
2.164000000000000000e+03
2.540000000000000000e+03
2.249000000000000000e+03
2.518000000000000000e+03
2.476000000000000000e+03
2.395000000000000000e+03
2.371000000000000000e+03
2.289000000000000000e+03
2.169000000000000000e+03
1.921000000000000000e+03
1.933000000000000000e+03
1.677000000000000000e+03
1.673000000000000000e+03
1.527000000000000000e+03
1.477000000000000000e+03
1.189000000000000000e+03
1.217000000000000000e+03
1.070000000000000000e+03
1.051000000000000000e+03
1.056000000000000000e+03
9.390000000000000000e+02
8.260000000000000000e+02
8.460000000000000000e+02
8.410000000000000000e+02
7.040000000000000000e+02
6.680000000000000000e+02
6.470000000000000000e+02
6.920000000000000000e+02
4.790000000000000000e+02
6.080000000000000000e+02
5.440000000000000000e+02
5.500000000000000000e+02
4.970000000000000000e+02
4.390000000000000000e+02
3.860000000000000000e+02
4.030000000000000000e+02
3.860000000000000000e+02
3.660000000000000000e+02
3.440000000000000000e+02
3.340000000000000000e+02
3.480000000000000000e+02
3.200000000000000000e+02
2.480000000000000000e+02
2.840000000000000000e+02
2.100000000000000000e+02
2.090000000000000000e+02
2.270000000000000000e+02
2.150000000000000000e+02
1.740000000000000000e+02
1.880000000000000000e+02
1.460000000000000000e+02
1.690000000000000000e+02
1.810000000000000000e+02
1.360000000000000000e+02
1.410000000000000000e+02
1.430000000000000000e+02
1.120000000000000000e+02
9.900000000000000000e+01
1.080000000000000000e+02
9.200000000000000000e+01
8.400000000000000000e+01
1.120000000000000000e+02
6.900000000000000000e+01
6.800000000000000000e+01
7.600000000000000000e+01
5.500000000000000000e+01
5.800000000000000000e+01
5.900000000000000000e+01
5.300000000000000000e+01
5.700000000000000000e+01
5.100000000000000000e+01
5.300000000000000000e+01
4.600000000000000000e+01
4.300000000000000000e+01
2.700000000000000000e+01
3.200000000000000000e+01
3.100000000000000000e+01
5.400000000000000000e+01
2.200000000000000000e+01
2.100000000000000000e+01
2.000000000000000000e+01
2.600000000000000000e+01
2.700000000000000000e+01
2.500000000000000000e+01
2.300000000000000000e+01
2.200000000000000000e+01
1.500000000000000000e+01
1.500000000000000000e+01
9.000000000000000000e+00
1.700000000000000000e+01
9.000000000000000000e+00
2.100000000000000000e+01
9.000000000000000000e+00
1.000000000000000000e+01
1.700000000000000000e+01
8.000000000000000000e+00
9.000000000000000000e+00
8.000000000000000000e+00
9.000000000000000000e+00
6.000000000000000000e+00
5.000000000000000000e+00
1.200000000000000000e+01
5.000000000000000000e+00
8.000000000000000000e+00
7.000000000000000000e+00
4.000000000000000000e+00
7.000000000000000000e+00
9.000000000000000000e+00
0.000000000000000000e+00
3.000000000000000000e+00
4.000000000000000000e+00
0.000000000000000000e+00
0.000000000000000000e+00
5.300000000000000000e+01
0.000000000000000000e+00
0.000000000000000000e+00
0.000000000000000000e+00
0.000000000000000000e+00
0.000000000000000000e+00
0.000000000000000000e+00
0.000000000000000000e+00
0.000000000000000000e+00
0.000000000000000000e+00
0.000000000000000000e+00
0.000000000000000000e+00
0.000000000000000000e+00
0.000000000000000000e+00
0.000000000000000000e+00
0.000000000000000000e+00
0.000000000000000000e+00
0.000000000000000000e+00
0.000000000000000000e+00
0.000000000000000000e+00
0.000000000000000000e+00
0.000000000000000000e+00
0.000000000000000000e+00
0.000000000000000000e+00
0.000000000000000000e+00
0.000000000000000000e+00
0.000000000000000000e+00
0.000000000000000000e+00
0.000000000000000000e+00
0.000000000000000000e+00
0.000000000000000000e+00
0.000000000000000000e+00
0.000000000000000000e+00
0.000000000000000000e+00
0.000000000000000000e+00
0.000000000000000000e+00
0.000000000000000000e+00
0.000000000000000000e+00
0.000000000000000000e+00
0.000000000000000000e+00
0.000000000000000000e+00
0.000000000000000000e+00
0.000000000000000000e+00
0.000000000000000000e+00
1.000000000000000000e+00
0.000000000000000000e+00
0.000000000000000000e+00
6.000000000000000000e+00
1.000000000000000000e+01
1.900000000000000000e+01
4.000000000000000000e+01
4.700000000000000000e+01
9.900000000000000000e+01
1.610000000000000000e+02
2.600000000000000000e+02
3.530000000000000000e+02
4.620000000000000000e+02
5.710000000000000000e+02
7.710000000000000000e+02
8.620000000000000000e+02
1.014000000000000000e+03
1.074000000000000000e+03
1.261000000000000000e+03
1.463000000000000000e+03
1.607000000000000000e+03
1.679000000000000000e+03
1.663000000000000000e+03
1.697000000000000000e+03
1.591000000000000000e+03
1.627000000000000000e+03
1.635000000000000000e+03
1.669000000000000000e+03
1.654000000000000000e+03
1.715000000000000000e+03
1.816000000000000000e+03
1.744000000000000000e+03
1.707000000000000000e+03
1.681000000000000000e+03
1.541000000000000000e+03
1.602000000000000000e+03
1.577000000000000000e+03
1.531000000000000000e+03
1.623000000000000000e+03
1.580000000000000000e+03
1.536000000000000000e+03
1.384000000000000000e+03
1.380000000000000000e+03
1.237000000000000000e+03
1.173000000000000000e+03
1.149000000000000000e+03
1.134000000000000000e+03
1.071000000000000000e+03
1.003000000000000000e+03
9.970000000000000000e+02
9.050000000000000000e+02
8.700000000000000000e+02
8.730000000000000000e+02
8.520000000000000000e+02
8.430000000000000000e+02
8.390000000000000000e+02
8.480000000000000000e+02
8.110000000000000000e+02
8.420000000000000000e+02
8.500000000000000000e+02
7.870000000000000000e+02
7.510000000000000000e+02
7.230000000000000000e+02
7.820000000000000000e+02
7.780000000000000000e+02
7.680000000000000000e+02
8.040000000000000000e+02
8.280000000000000000e+02
7.810000000000000000e+02
7.820000000000000000e+02
8.400000000000000000e+02
8.200000000000000000e+02
8.720000000000000000e+02
8.880000000000000000e+02
8.760000000000000000e+02
8.990000000000000000e+02
9.600000000000000000e+02
9.430000000000000000e+02
9.420000000000000000e+02
9.040000000000000000e+02
9.380000000000000000e+02
9.660000000000000000e+02
9.530000000000000000e+02
1.005000000000000000e+03
9.060000000000000000e+02
9.470000000000000000e+02
9.710000000000000000e+02
9.150000000000000000e+02
9.340000000000000000e+02
9.320000000000000000e+02
9.580000000000000000e+02
8.880000000000000000e+02
9.150000000000000000e+02
8.540000000000000000e+02
8.500000000000000000e+02
8.130000000000000000e+02
8.190000000000000000e+02
7.920000000000000000e+02
8.010000000000000000e+02
8.190000000000000000e+02
7.720000000000000000e+02
7.660000000000000000e+02
7.640000000000000000e+02
7.780000000000000000e+02
7.520000000000000000e+02
7.790000000000000000e+02
7.890000000000000000e+02
7.720000000000000000e+02
7.910000000000000000e+02
8.400000000000000000e+02
8.010000000000000000e+02
8.080000000000000000e+02
7.650000000000000000e+02
7.630000000000000000e+02
7.660000000000000000e+02
8.240000000000000000e+02
7.920000000000000000e+02
7.800000000000000000e+02
7.970000000000000000e+02
8.100000000000000000e+02
7.630000000000000000e+02
7.250000000000000000e+02
7.510000000000000000e+02
7.560000000000000000e+02
7.410000000000000000e+02
7.700000000000000000e+02
7.480000000000000000e+02
7.630000000000000000e+02
7.390000000000000000e+02
6.960000000000000000e+02
6.880000000000000000e+02
6.850000000000000000e+02
7.160000000000000000e+02
7.240000000000000000e+02
6.790000000000000000e+02
6.440000000000000000e+02
6.760000000000000000e+02
6.790000000000000000e+02
6.360000000000000000e+02
7.080000000000000000e+02
6.410000000000000000e+02
6.440000000000000000e+02
6.220000000000000000e+02
6.030000000000000000e+02
6.170000000000000000e+02
6.070000000000000000e+02
6.180000000000000000e+02
6.780000000000000000e+02
6.150000000000000000e+02
6.380000000000000000e+02
6.160000000000000000e+02
7.070000000000000000e+02
7.310000000000000000e+02
6.770000000000000000e+02
6.800000000000000000e+02
6.340000000000000000e+02
6.340000000000000000e+02
6.450000000000000000e+02
6.510000000000000000e+02
6.860000000000000000e+02
6.850000000000000000e+02
7.350000000000000000e+02
6.770000000000000000e+02
6.780000000000000000e+02
7.260000000000000000e+02
7.510000000000000000e+02
7.260000000000000000e+02
7.410000000000000000e+02
7.180000000000000000e+02
7.200000000000000000e+02
7.630000000000000000e+02
7.290000000000000000e+02
7.400000000000000000e+02
6.740000000000000000e+02
6.730000000000000000e+02
6.720000000000000000e+02
6.530000000000000000e+02
7.080000000000000000e+02
6.800000000000000000e+02
6.100000000000000000e+02
6.040000000000000000e+02
5.910000000000000000e+02
5.990000000000000000e+02
5.790000000000000000e+02
5.970000000000000000e+02
5.660000000000000000e+02
4.970000000000000000e+02
5.160000000000000000e+02
4.280000000000000000e+02
4.720000000000000000e+02
4.460000000000000000e+02
4.200000000000000000e+02
3.920000000000000000e+02
4.120000000000000000e+02
4.050000000000000000e+02
3.580000000000000000e+02
3.710000000000000000e+02
3.320000000000000000e+02
3.690000000000000000e+02
3.130000000000000000e+02
3.450000000000000000e+02
2.920000000000000000e+02
3.110000000000000000e+02
2.870000000000000000e+02
2.280000000000000000e+02
2.190000000000000000e+02
1.830000000000000000e+02
1.540000000000000000e+02
1.290000000000000000e+02
1.150000000000000000e+02
1.340000000000000000e+02
1.070000000000000000e+02
6.830000000000000000e+02
