0.000000000000000000e+00
0.000000000000000000e+00
3.000000000000000000e+00
1.600000000000000000e+01
4.500000000000000000e+01
1.330000000000000000e+02
3.290000000000000000e+02
7.560000000000000000e+02
1.528000000000000000e+03
2.599000000000000000e+03
3.701000000000000000e+03
4.473000000000000000e+03
4.917000000000000000e+03
4.823000000000000000e+03
4.399000000000000000e+03
3.778000000000000000e+03
3.215000000000000000e+03
2.888000000000000000e+03
2.501000000000000000e+03
2.166000000000000000e+03
1.860000000000000000e+03
1.669000000000000000e+03
1.415000000000000000e+03
1.347000000000000000e+03
1.179000000000000000e+03
1.174000000000000000e+03
1.103000000000000000e+03
1.147000000000000000e+03
1.245000000000000000e+03
1.252000000000000000e+03
1.335000000000000000e+03
1.439000000000000000e+03
1.637000000000000000e+03
1.764000000000000000e+03
2.038000000000000000e+03
2.243000000000000000e+03
2.396000000000000000e+03
2.596000000000000000e+03
2.698000000000000000e+03
2.927000000000000000e+03
2.950000000000000000e+03
2.803000000000000000e+03
2.620000000000000000e+03
2.441000000000000000e+03
2.190000000000000000e+03
1.923000000000000000e+03
1.731000000000000000e+03
1.541000000000000000e+03
1.420000000000000000e+03
1.251000000000000000e+03
1.211000000000000000e+03
1.120000000000000000e+03
1.134000000000000000e+03
1.039000000000000000e+03
9.640000000000000000e+02
9.420000000000000000e+02
9.500000000000000000e+02
9.980000000000000000e+02
8.710000000000000000e+02
9.040000000000000000e+02
9.150000000000000000e+02
8.470000000000000000e+02
9.100000000000000000e+02
8.890000000000000000e+02
8.370000000000000000e+02
7.760000000000000000e+02
8.040000000000000000e+02
8.030000000000000000e+02
7.770000000000000000e+02
7.220000000000000000e+02
7.060000000000000000e+02
7.050000000000000000e+02
7.020000000000000000e+02
6.540000000000000000e+02
6.740000000000000000e+02
6.160000000000000000e+02
6.530000000000000000e+02
6.440000000000000000e+02
6.760000000000000000e+02
6.020000000000000000e+02
6.530000000000000000e+02
6.190000000000000000e+02
6.300000000000000000e+02
6.340000000000000000e+02
6.120000000000000000e+02
6.230000000000000000e+02
6.590000000000000000e+02
6.160000000000000000e+02
6.620000000000000000e+02
6.680000000000000000e+02
6.010000000000000000e+02
6.340000000000000000e+02
5.800000000000000000e+02
5.760000000000000000e+02
6.190000000000000000e+02
6.320000000000000000e+02
6.180000000000000000e+02
6.030000000000000000e+02
5.680000000000000000e+02
6.120000000000000000e+02
5.920000000000000000e+02
5.810000000000000000e+02
5.680000000000000000e+02
5.400000000000000000e+02
5.470000000000000000e+02
5.140000000000000000e+02
5.140000000000000000e+02
5.260000000000000000e+02
5.320000000000000000e+02
4.980000000000000000e+02
5.070000000000000000e+02
5.120000000000000000e+02
5.030000000000000000e+02
4.820000000000000000e+02
4.910000000000000000e+02
4.650000000000000000e+02
4.900000000000000000e+02
4.620000000000000000e+02
4.330000000000000000e+02
4.130000000000000000e+02
4.630000000000000000e+02
4.330000000000000000e+02
4.750000000000000000e+02
4.470000000000000000e+02
4.760000000000000000e+02
4.530000000000000000e+02
4.000000000000000000e+02
4.610000000000000000e+02
4.190000000000000000e+02
4.320000000000000000e+02
3.780000000000000000e+02
4.060000000000000000e+02
4.620000000000000000e+02
4.280000000000000000e+02
3.980000000000000000e+02
4.000000000000000000e+02
4.110000000000000000e+02
3.740000000000000000e+02
4.110000000000000000e+02
4.060000000000000000e+02
3.920000000000000000e+02
4.080000000000000000e+02
3.950000000000000000e+02
4.120000000000000000e+02
4.180000000000000000e+02
4.420000000000000000e+02
3.950000000000000000e+02
4.240000000000000000e+02
3.830000000000000000e+02
4.160000000000000000e+02
3.910000000000000000e+02
4.160000000000000000e+02
4.070000000000000000e+02
3.930000000000000000e+02
4.070000000000000000e+02
3.690000000000000000e+02
4.310000000000000000e+02
3.910000000000000000e+02
3.980000000000000000e+02
3.910000000000000000e+02
3.620000000000000000e+02
3.360000000000000000e+02
3.780000000000000000e+02
4.150000000000000000e+02
4.110000000000000000e+02
4.110000000000000000e+02
3.410000000000000000e+02
3.710000000000000000e+02
3.580000000000000000e+02
3.710000000000000000e+02
3.500000000000000000e+02
3.580000000000000000e+02
3.470000000000000000e+02
3.550000000000000000e+02
3.100000000000000000e+02
2.730000000000000000e+02
3.490000000000000000e+02
3.020000000000000000e+02
3.500000000000000000e+02
3.390000000000000000e+02
2.840000000000000000e+02
3.280000000000000000e+02
3.210000000000000000e+02
3.080000000000000000e+02
3.160000000000000000e+02
3.230000000000000000e+02
3.420000000000000000e+02
3.060000000000000000e+02
2.960000000000000000e+02
2.970000000000000000e+02
2.830000000000000000e+02
2.700000000000000000e+02
2.890000000000000000e+02
2.850000000000000000e+02
2.940000000000000000e+02
2.900000000000000000e+02
2.540000000000000000e+02
2.670000000000000000e+02
2.600000000000000000e+02
2.800000000000000000e+02
2.500000000000000000e+02
2.650000000000000000e+02
2.340000000000000000e+02
2.450000000000000000e+02
2.470000000000000000e+02
2.010000000000000000e+02
2.310000000000000000e+02
2.220000000000000000e+02
2.160000000000000000e+02
2.300000000000000000e+02
2.460000000000000000e+02
2.130000000000000000e+02
2.480000000000000000e+02
2.460000000000000000e+02
2.140000000000000000e+02
2.210000000000000000e+02
2.300000000000000000e+02
2.240000000000000000e+02
2.210000000000000000e+02
2.240000000000000000e+02
2.250000000000000000e+02
2.200000000000000000e+02
2.020000000000000000e+02
2.320000000000000000e+02
1.770000000000000000e+02
1.720000000000000000e+02
1.860000000000000000e+02
1.830000000000000000e+02
2.000000000000000000e+02
1.650000000000000000e+02
1.930000000000000000e+02
1.980000000000000000e+02
1.980000000000000000e+02
1.570000000000000000e+02
1.970000000000000000e+02
1.800000000000000000e+02
2.040000000000000000e+02
2.030000000000000000e+02
1.600000000000000000e+02
2.120000000000000000e+02
1.510000000000000000e+02
1.920000000000000000e+02
1.660000000000000000e+02
1.760000000000000000e+02
2.100000000000000000e+02
1.860000000000000000e+02
2.160000000000000000e+02
1.600000000000000000e+02
2.180000000000000000e+02
2.040000000000000000e+02
2.330000000000000000e+02
2.410000000000000000e+02
2.130000000000000000e+02
2.900000000000000000e+02
3.330000000000000000e+02
9.890000000000000000e+02
0.000000000000000000e+00
0.000000000000000000e+00
0.000000000000000000e+00
2.000000000000000000e+00
2.000000000000000000e+01
1.160000000000000000e+02
4.270000000000000000e+02
1.049000000000000000e+03
2.149000000000000000e+03
3.133000000000000000e+03
3.596000000000000000e+03
3.780000000000000000e+03
3.530000000000000000e+03
3.536000000000000000e+03
3.399000000000000000e+03
3.389000000000000000e+03
3.176000000000000000e+03
2.977000000000000000e+03
2.731000000000000000e+03
2.516000000000000000e+03
2.162000000000000000e+03
1.947000000000000000e+03
1.556000000000000000e+03
1.255000000000000000e+03
1.123000000000000000e+03
9.930000000000000000e+02
9.800000000000000000e+02
9.440000000000000000e+02
1.015000000000000000e+03
1.248000000000000000e+03
1.334000000000000000e+03
1.452000000000000000e+03
1.430000000000000000e+03
1.564000000000000000e+03
1.494000000000000000e+03
1.486000000000000000e+03
1.584000000000000000e+03
1.464000000000000000e+03
1.372000000000000000e+03
1.276000000000000000e+03
1.348000000000000000e+03
1.417000000000000000e+03
1.527000000000000000e+03
1.547000000000000000e+03
1.714000000000000000e+03
1.814000000000000000e+03
1.877000000000000000e+03
1.983000000000000000e+03
2.068000000000000000e+03
1.939000000000000000e+03
1.925000000000000000e+03
1.897000000000000000e+03
1.802000000000000000e+03
1.598000000000000000e+03
1.449000000000000000e+03
1.401000000000000000e+03
1.234000000000000000e+03
1.130000000000000000e+03
1.112000000000000000e+03
1.023000000000000000e+03
1.002000000000000000e+03
8.750000000000000000e+02
8.750000000000000000e+02
8.110000000000000000e+02
7.890000000000000000e+02
7.640000000000000000e+02
7.110000000000000000e+02
7.380000000000000000e+02
6.690000000000000000e+02
6.350000000000000000e+02
5.890000000000000000e+02
6.140000000000000000e+02
6.210000000000000000e+02
6.000000000000000000e+02
5.570000000000000000e+02
5.800000000000000000e+02
5.930000000000000000e+02
5.350000000000000000e+02
5.620000000000000000e+02
5.920000000000000000e+02
5.710000000000000000e+02
5.070000000000000000e+02
5.470000000000000000e+02
5.100000000000000000e+02
5.070000000000000000e+02
4.880000000000000000e+02
4.580000000000000000e+02
4.360000000000000000e+02
4.320000000000000000e+02
4.290000000000000000e+02
4.220000000000000000e+02
3.990000000000000000e+02
3.970000000000000000e+02
4.020000000000000000e+02
4.040000000000000000e+02
3.820000000000000000e+02
3.530000000000000000e+02
3.680000000000000000e+02
3.830000000000000000e+02
3.940000000000000000e+02
4.000000000000000000e+02
4.110000000000000000e+02
3.740000000000000000e+02
3.840000000000000000e+02
3.380000000000000000e+02
3.790000000000000000e+02
3.520000000000000000e+02
3.520000000000000000e+02
3.480000000000000000e+02
3.330000000000000000e+02
3.160000000000000000e+02
3.550000000000000000e+02
3.060000000000000000e+02
3.040000000000000000e+02
3.320000000000000000e+02
3.240000000000000000e+02
3.170000000000000000e+02
3.080000000000000000e+02
3.280000000000000000e+02
3.290000000000000000e+02
3.330000000000000000e+02
3.070000000000000000e+02
3.480000000000000000e+02
3.460000000000000000e+02
3.350000000000000000e+02
3.450000000000000000e+02
3.170000000000000000e+02
3.590000000000000000e+02
3.730000000000000000e+02
3.530000000000000000e+02
3.550000000000000000e+02
3.380000000000000000e+02
3.580000000000000000e+02
3.850000000000000000e+02
3.750000000000000000e+02
3.930000000000000000e+02
3.540000000000000000e+02
3.780000000000000000e+02
3.710000000000000000e+02
3.770000000000000000e+02
3.750000000000000000e+02
3.990000000000000000e+02
3.920000000000000000e+02
4.040000000000000000e+02
3.850000000000000000e+02
4.100000000000000000e+02
3.620000000000000000e+02
3.770000000000000000e+02
4.020000000000000000e+02
3.670000000000000000e+02
3.890000000000000000e+02
4.230000000000000000e+02
4.040000000000000000e+02
4.140000000000000000e+02
4.260000000000000000e+02
4.210000000000000000e+02
4.500000000000000000e+02
4.570000000000000000e+02
4.380000000000000000e+02
4.380000000000000000e+02
4.120000000000000000e+02
4.110000000000000000e+02
4.510000000000000000e+02
4.610000000000000000e+02
4.770000000000000000e+02
4.400000000000000000e+02
4.210000000000000000e+02
4.460000000000000000e+02
4.350000000000000000e+02
4.400000000000000000e+02
4.420000000000000000e+02
4.530000000000000000e+02
4.280000000000000000e+02
4.640000000000000000e+02
4.560000000000000000e+02
4.660000000000000000e+02
4.360000000000000000e+02
4.250000000000000000e+02
4.670000000000000000e+02
4.430000000000000000e+02
4.180000000000000000e+02
4.430000000000000000e+02
4.330000000000000000e+02
4.650000000000000000e+02
4.730000000000000000e+02
3.820000000000000000e+02
4.120000000000000000e+02
4.540000000000000000e+02
4.050000000000000000e+02
4.090000000000000000e+02
3.910000000000000000e+02
4.360000000000000000e+02
4.220000000000000000e+02
4.270000000000000000e+02
4.680000000000000000e+02
4.020000000000000000e+02
4.080000000000000000e+02
4.110000000000000000e+02
4.300000000000000000e+02
3.860000000000000000e+02
4.170000000000000000e+02
4.040000000000000000e+02
4.500000000000000000e+02
4.220000000000000000e+02
4.160000000000000000e+02
4.190000000000000000e+02
4.240000000000000000e+02
4.110000000000000000e+02
4.350000000000000000e+02
4.040000000000000000e+02
4.220000000000000000e+02
4.360000000000000000e+02
4.090000000000000000e+02
3.940000000000000000e+02
4.140000000000000000e+02
4.190000000000000000e+02
3.960000000000000000e+02
4.230000000000000000e+02
4.070000000000000000e+02
4.230000000000000000e+02
3.960000000000000000e+02
3.870000000000000000e+02
4.180000000000000000e+02
4.070000000000000000e+02
4.460000000000000000e+02
4.300000000000000000e+02
3.890000000000000000e+02
3.670000000000000000e+02
3.710000000000000000e+02
3.770000000000000000e+02
3.760000000000000000e+02
3.980000000000000000e+02
3.340000000000000000e+02
3.560000000000000000e+02
3.280000000000000000e+02
3.250000000000000000e+02
3.610000000000000000e+02
3.820000000000000000e+02
3.980000000000000000e+02
3.750000000000000000e+02
3.730000000000000000e+02
3.520000000000000000e+02
3.320000000000000000e+02
3.320000000000000000e+02
3.600000000000000000e+02
3.200000000000000000e+02
3.460000000000000000e+02
3.760000000000000000e+02
4.020000000000000000e+02
4.380000000000000000e+02
5.110000000000000000e+02
5.810000000000000000e+02
6.400000000000000000e+02
7.200000000000000000e+02
8.620000000000000000e+02
3.606000000000000000e+03
0.000000000000000000e+00
2.000000000000000000e+00
3.000000000000000000e+00
1.200000000000000000e+01
5.100000000000000000e+01
1.570000000000000000e+02
4.010000000000000000e+02
9.260000000000000000e+02
2.079000000000000000e+03
3.187000000000000000e+03
3.917000000000000000e+03
4.114000000000000000e+03
4.083000000000000000e+03
3.877000000000000000e+03
3.478000000000000000e+03
3.214000000000000000e+03
3.008000000000000000e+03
2.543000000000000000e+03
2.244000000000000000e+03
2.015000000000000000e+03
1.759000000000000000e+03
1.510000000000000000e+03
1.191000000000000000e+03
1.100000000000000000e+03
1.093000000000000000e+03
1.090000000000000000e+03
1.011000000000000000e+03
1.037000000000000000e+03
1.010000000000000000e+03
1.096000000000000000e+03
1.135000000000000000e+03
1.140000000000000000e+03
1.100000000000000000e+03
1.150000000000000000e+03
1.199000000000000000e+03
1.242000000000000000e+03
1.353000000000000000e+03
1.372000000000000000e+03
1.302000000000000000e+03
1.280000000000000000e+03
1.230000000000000000e+03
1.220000000000000000e+03
1.282000000000000000e+03
1.271000000000000000e+03
1.280000000000000000e+03
1.396000000000000000e+03
1.486000000000000000e+03
1.564000000000000000e+03
1.644000000000000000e+03
1.729000000000000000e+03
1.727000000000000000e+03
1.788000000000000000e+03
1.762000000000000000e+03
1.688000000000000000e+03
1.650000000000000000e+03
1.620000000000000000e+03
1.456000000000000000e+03
1.344000000000000000e+03
1.245000000000000000e+03
1.210000000000000000e+03
1.173000000000000000e+03
1.110000000000000000e+03
1.043000000000000000e+03
1.015000000000000000e+03
9.330000000000000000e+02
8.800000000000000000e+02
8.420000000000000000e+02
9.240000000000000000e+02
7.870000000000000000e+02
7.840000000000000000e+02
7.970000000000000000e+02
8.040000000000000000e+02
8.250000000000000000e+02
7.970000000000000000e+02
7.970000000000000000e+02
7.160000000000000000e+02
7.830000000000000000e+02
7.830000000000000000e+02
7.600000000000000000e+02
7.710000000000000000e+02
7.660000000000000000e+02
7.160000000000000000e+02
7.270000000000000000e+02
7.100000000000000000e+02
7.070000000000000000e+02
7.390000000000000000e+02
6.920000000000000000e+02
7.460000000000000000e+02
7.100000000000000000e+02
7.260000000000000000e+02
6.920000000000000000e+02
7.250000000000000000e+02
6.910000000000000000e+02
7.030000000000000000e+02
6.220000000000000000e+02
6.570000000000000000e+02
6.690000000000000000e+02
6.600000000000000000e+02
6.440000000000000000e+02
6.410000000000000000e+02
6.720000000000000000e+02
6.830000000000000000e+02
6.260000000000000000e+02
6.630000000000000000e+02
6.120000000000000000e+02
6.080000000000000000e+02
6.140000000000000000e+02
6.260000000000000000e+02
6.090000000000000000e+02
5.870000000000000000e+02
5.480000000000000000e+02
5.670000000000000000e+02
6.020000000000000000e+02
5.590000000000000000e+02
5.540000000000000000e+02
5.600000000000000000e+02
5.890000000000000000e+02
5.130000000000000000e+02
5.480000000000000000e+02
5.150000000000000000e+02
5.390000000000000000e+02
4.980000000000000000e+02
5.180000000000000000e+02
5.020000000000000000e+02
4.940000000000000000e+02
5.170000000000000000e+02
4.850000000000000000e+02
4.820000000000000000e+02
5.070000000000000000e+02
5.170000000000000000e+02
5.100000000000000000e+02
4.710000000000000000e+02
4.940000000000000000e+02
5.190000000000000000e+02
5.250000000000000000e+02
4.650000000000000000e+02
5.070000000000000000e+02
5.440000000000000000e+02
4.720000000000000000e+02
5.150000000000000000e+02
4.960000000000000000e+02
4.700000000000000000e+02
4.880000000000000000e+02
4.700000000000000000e+02
5.130000000000000000e+02
4.780000000000000000e+02
4.830000000000000000e+02
4.950000000000000000e+02
5.340000000000000000e+02
4.980000000000000000e+02
4.950000000000000000e+02
5.090000000000000000e+02
5.080000000000000000e+02
4.830000000000000000e+02
5.260000000000000000e+02
5.200000000000000000e+02
4.650000000000000000e+02
5.060000000000000000e+02
4.810000000000000000e+02
4.570000000000000000e+02
4.980000000000000000e+02
4.570000000000000000e+02
4.440000000000000000e+02
4.770000000000000000e+02
4.890000000000000000e+02
4.780000000000000000e+02
4.570000000000000000e+02
4.950000000000000000e+02
4.550000000000000000e+02
4.660000000000000000e+02
4.550000000000000000e+02
4.630000000000000000e+02
4.210000000000000000e+02
4.450000000000000000e+02
4.170000000000000000e+02
4.430000000000000000e+02
4.460000000000000000e+02
4.460000000000000000e+02
4.560000000000000000e+02
4.000000000000000000e+02
4.130000000000000000e+02
4.300000000000000000e+02
4.500000000000000000e+02
4.060000000000000000e+02
4.050000000000000000e+02
4.080000000000000000e+02
4.470000000000000000e+02
3.560000000000000000e+02
3.880000000000000000e+02
3.750000000000000000e+02
3.770000000000000000e+02
3.500000000000000000e+02
3.490000000000000000e+02
3.750000000000000000e+02
3.880000000000000000e+02
3.590000000000000000e+02
3.540000000000000000e+02
3.200000000000000000e+02
3.340000000000000000e+02
3.220000000000000000e+02
3.190000000000000000e+02
3.470000000000000000e+02
3.250000000000000000e+02
3.070000000000000000e+02
3.200000000000000000e+02
3.320000000000000000e+02
2.980000000000000000e+02
3.190000000000000000e+02
3.190000000000000000e+02
2.970000000000000000e+02
2.720000000000000000e+02
3.200000000000000000e+02
2.510000000000000000e+02
2.780000000000000000e+02
2.630000000000000000e+02
2.770000000000000000e+02
2.920000000000000000e+02
2.960000000000000000e+02
2.520000000000000000e+02
2.700000000000000000e+02
2.880000000000000000e+02
2.650000000000000000e+02
2.570000000000000000e+02
2.920000000000000000e+02
2.570000000000000000e+02
2.400000000000000000e+02
2.280000000000000000e+02
2.300000000000000000e+02
2.820000000000000000e+02
2.470000000000000000e+02
2.410000000000000000e+02
2.680000000000000000e+02
2.400000000000000000e+02
2.390000000000000000e+02
2.570000000000000000e+02
2.030000000000000000e+02
1.990000000000000000e+02
2.070000000000000000e+02
2.040000000000000000e+02
2.190000000000000000e+02
2.000000000000000000e+02
2.070000000000000000e+02
1.940000000000000000e+02
1.750000000000000000e+02
1.980000000000000000e+02
2.160000000000000000e+02
1.470000000000000000e+02
1.860000000000000000e+02
1.700000000000000000e+02
2.050000000000000000e+02
1.590000000000000000e+02
2.260000000000000000e+02
2.130000000000000000e+02
2.140000000000000000e+02
4.380000000000000000e+02
6.700000000000000000e+02
7.208000000000000000e+03
1.014000000000000000e+03
1.059000000000000000e+03
1.135000000000000000e+03
8.640000000000000000e+02
1.943000000000000000e+03
2.579000000000000000e+03
2.770000000000000000e+02
1.738000000000000000e+03
5.080000000000000000e+02
3.800000000000000000e+02
2.457000000000000000e+03
5.510000000000000000e+02
4.064000000000000000e+03
1.495000000000000000e+03
1.460000000000000000e+03
2.628000000000000000e+03
9.850000000000000000e+02
9.020000000000000000e+02
2.406000000000000000e+03
3.990000000000000000e+03
3.239000000000000000e+03
1.828000000000000000e+03
1.827000000000000000e+03
3.269000000000000000e+03
2.193000000000000000e+03
2.780000000000000000e+03
4.080000000000000000e+02
5.690000000000000000e+02
6.810000000000000000e+02
7.845000000000000000e+03
2.440000000000000000e+02
1.170000000000000000e+03
6.040000000000000000e+02
1.419000000000000000e+03
3.104000000000000000e+03
3.432000000000000000e+03
5.130000000000000000e+02
8.150000000000000000e+02
7.410000000000000000e+02
1.170000000000000000e+03
7.830000000000000000e+02
3.373000000000000000e+03
2.527000000000000000e+03
1.626000000000000000e+03
1.978000000000000000e+03
2.435000000000000000e+03
2.294000000000000000e+03
2.576000000000000000e+03
2.485000000000000000e+03
6.059000000000000000e+03
2.790000000000000000e+03
2.299000000000000000e+03
2.450000000000000000e+03
1.622000000000000000e+03
3.175000000000000000e+03
1.980000000000000000e+03
1.477000000000000000e+03
1.550000000000000000e+03
1.573000000000000000e+03
1.125000000000000000e+03
1.239000000000000000e+03
1.078000000000000000e+03
1.073000000000000000e+03
1.009000000000000000e+03
9.990000000000000000e+02
2.365000000000000000e+03
7.190000000000000000e+02
8.550000000000000000e+02
9.070000000000000000e+02
1.005000000000000000e+03
6.110000000000000000e+02
4.400000000000000000e+02
7.770000000000000000e+02
5.130000000000000000e+02
4.195000000000000000e+03
4.280000000000000000e+02
4.040000000000000000e+02
3.770000000000000000e+02
1.140000000000000000e+02
1.046000000000000000e+03
1.540000000000000000e+02
2.980000000000000000e+02
1.512000000000000000e+03
3.100000000000000000e+02
1.870000000000000000e+02
1.460000000000000000e+02
2.910000000000000000e+02
1.210000000000000000e+02
9.600000000000000000e+01
8.230000000000000000e+02
9.100000000000000000e+01
7.100000000000000000e+01
9.400000000000000000e+01
6.500000000000000000e+01
1.020000000000000000e+02
1.024000000000000000e+03
7.000000000000000000e+00
6.700000000000000000e+01
2.800000000000000000e+01
2.000000000000000000e+01
1.780000000000000000e+02
1.400000000000000000e+01
6.300000000000000000e+02
3.600000000000000000e+01
4.800000000000000000e+01
7.600000000000000000e+01
4.000000000000000000e+00
1.400000000000000000e+01
2.390000000000000000e+02
2.621000000000000000e+03
2.170000000000000000e+02
4.700000000000000000e+01
1.480000000000000000e+02
1.454000000000000000e+03
6.180000000000000000e+02
1.430000000000000000e+02
1.100000000000000000e+01
1.100000000000000000e+01
2.100000000000000000e+01
5.100000000000000000e+03
2.000000000000000000e+00
1.040000000000000000e+02
1.400000000000000000e+01
4.730000000000000000e+02
1.499000000000000000e+03
2.802000000000000000e+03
2.200000000000000000e+01
2.420000000000000000e+02
1.010000000000000000e+02
4.490000000000000000e+02
3.000000000000000000e+00
2.250000000000000000e+03
1.043000000000000000e+03
8.000000000000000000e+00
1.300000000000000000e+02
3.900000000000000000e+01
0.000000000000000000e+00
2.450000000000000000e+02
3.000000000000000000e+00
2.974000000000000000e+03
4.880000000000000000e+02
1.000000000000000000e+02
3.000000000000000000e+00
2.400000000000000000e+01
8.790000000000000000e+02
2.170000000000000000e+02
5.000000000000000000e+01
3.000000000000000000e+00
1.000000000000000000e+00
4.540000000000000000e+02
2.000000000000000000e+00
1.100000000000000000e+01
8.000000000000000000e+01
8.000000000000000000e+00
4.100000000000000000e+01
1.220000000000000000e+03
4.800000000000000000e+01
4.500000000000000000e+01
9.600000000000000000e+01
3.690000000000000000e+02
2.900000000000000000e+01
6.000000000000000000e+01
1.280000000000000000e+02
1.660000000000000000e+02
3.260000000000000000e+03
7.700000000000000000e+01
1.080000000000000000e+02
2.900000000000000000e+01
1.420000000000000000e+02
8.450000000000000000e+02
4.700000000000000000e+01
1.220000000000000000e+02
1.329000000000000000e+03
5.080000000000000000e+02
3.130000000000000000e+02
2.800000000000000000e+02
1.205000000000000000e+03
5.690000000000000000e+02
7.790000000000000000e+02
0.000000000000000000e+00
0.000000000000000000e+00
0.000000000000000000e+00
0.000000000000000000e+00
0.000000000000000000e+00
0.000000000000000000e+00
0.000000000000000000e+00
0.000000000000000000e+00
0.000000000000000000e+00
0.000000000000000000e+00
0.000000000000000000e+00
0.000000000000000000e+00
0.000000000000000000e+00
0.000000000000000000e+00
0.000000000000000000e+00
0.000000000000000000e+00
0.000000000000000000e+00
0.000000000000000000e+00
0.000000000000000000e+00
0.000000000000000000e+00
0.000000000000000000e+00
0.000000000000000000e+00
0.000000000000000000e+00
0.000000000000000000e+00
0.000000000000000000e+00
0.000000000000000000e+00
0.000000000000000000e+00
0.000000000000000000e+00
0.000000000000000000e+00
0.000000000000000000e+00
0.000000000000000000e+00
0.000000000000000000e+00
0.000000000000000000e+00
0.000000000000000000e+00
0.000000000000000000e+00
0.000000000000000000e+00
0.000000000000000000e+00
0.000000000000000000e+00
0.000000000000000000e+00
0.000000000000000000e+00
0.000000000000000000e+00
0.000000000000000000e+00
0.000000000000000000e+00
0.000000000000000000e+00
0.000000000000000000e+00
0.000000000000000000e+00
0.000000000000000000e+00
0.000000000000000000e+00
0.000000000000000000e+00
0.000000000000000000e+00
0.000000000000000000e+00
0.000000000000000000e+00
0.000000000000000000e+00
0.000000000000000000e+00
0.000000000000000000e+00
0.000000000000000000e+00
0.000000000000000000e+00
0.000000000000000000e+00
0.000000000000000000e+00
0.000000000000000000e+00
0.000000000000000000e+00
0.000000000000000000e+00
0.000000000000000000e+00
0.000000000000000000e+00
0.000000000000000000e+00
0.000000000000000000e+00
0.000000000000000000e+00
0.000000000000000000e+00
0.000000000000000000e+00
0.000000000000000000e+00
0.000000000000000000e+00
0.000000000000000000e+00
0.000000000000000000e+00
0.000000000000000000e+00
0.000000000000000000e+00
0.000000000000000000e+00
5.319000000000000000e+03
1.640000000000000000e+02
3.510000000000000000e+02
2.220000000000000000e+02
2.010000000000000000e+02
3.100000000000000000e+02
2.700000000000000000e+02
2.770000000000000000e+02
2.700000000000000000e+02
3.150000000000000000e+02
4.410000000000000000e+02
6.200000000000000000e+02
8.170000000000000000e+02
8.890000000000000000e+02
8.800000000000000000e+02
1.026000000000000000e+03
9.740000000000000000e+02
9.670000000000000000e+02
1.135000000000000000e+03
1.062000000000000000e+03
1.292000000000000000e+03
1.296000000000000000e+03
1.282000000000000000e+03
1.475000000000000000e+03
1.487000000000000000e+03
1.201000000000000000e+03
1.858000000000000000e+03
1.938000000000000000e+03
2.196000000000000000e+03
1.463000000000000000e+03
2.463000000000000000e+03
1.893000000000000000e+03
2.607000000000000000e+03
2.121000000000000000e+03
3.085000000000000000e+03
2.007000000000000000e+03
3.673000000000000000e+03
1.442000000000000000e+03
2.409000000000000000e+03
3.256000000000000000e+03
2.371000000000000000e+03
1.979000000000000000e+03
1.721000000000000000e+03
4.159000000000000000e+03
1.943000000000000000e+03
2.366000000000000000e+03
3.467000000000000000e+03
1.675000000000000000e+03
2.353000000000000000e+03
2.047000000000000000e+03
1.639000000000000000e+03
3.762000000000000000e+03
1.594000000000000000e+03
2.020000000000000000e+03
1.618000000000000000e+03
2.815000000000000000e+03
1.475000000000000000e+03
2.176000000000000000e+03
2.037000000000000000e+03
2.460000000000000000e+03
1.631000000000000000e+03
2.138000000000000000e+03
1.415000000000000000e+03
1.180000000000000000e+03
3.603000000000000000e+03
1.445000000000000000e+03
1.422000000000000000e+03
2.390000000000000000e+03
1.449000000000000000e+03
1.281000000000000000e+03
2.312000000000000000e+03
2.308000000000000000e+03
1.235000000000000000e+03
1.718000000000000000e+03
1.400000000000000000e+03
2.107000000000000000e+03
1.141000000000000000e+03
2.019000000000000000e+03
1.635000000000000000e+03
1.064000000000000000e+03
2.270000000000000000e+03
1.654000000000000000e+03
1.189000000000000000e+03
1.160000000000000000e+03
9.390000000000000000e+02
3.305000000000000000e+03
9.460000000000000000e+02
1.001000000000000000e+03
1.152000000000000000e+03
1.263000000000000000e+03
1.380000000000000000e+03
2.205000000000000000e+03
1.043000000000000000e+03
1.053000000000000000e+03
1.200000000000000000e+03
8.360000000000000000e+02
1.308000000000000000e+03
9.250000000000000000e+02
1.998000000000000000e+03
9.140000000000000000e+02
9.540000000000000000e+02
6.740000000000000000e+02
1.233000000000000000e+03
6.760000000000000000e+02
8.100000000000000000e+02
7.690000000000000000e+02
1.418000000000000000e+03
6.860000000000000000e+02
6.060000000000000000e+02
9.550000000000000000e+02
4.780000000000000000e+02
5.500000000000000000e+02
7.270000000000000000e+02
5.980000000000000000e+02
4.760000000000000000e+02
4.750000000000000000e+02
7.670000000000000000e+02
4.340000000000000000e+02
5.950000000000000000e+02
5.250000000000000000e+02
4.440000000000000000e+02
3.340000000000000000e+02
3.320000000000000000e+02
3.340000000000000000e+02
2.710000000000000000e+02
2.700000000000000000e+02
2.340000000000000000e+02
2.450000000000000000e+02
7.670000000000000000e+02
1.780000000000000000e+02
2.190000000000000000e+02
1.930000000000000000e+02
2.000000000000000000e+02
1.620000000000000000e+02
1.760000000000000000e+02
1.970000000000000000e+02
1.860000000000000000e+02
2.470000000000000000e+02
1.400000000000000000e+02
1.850000000000000000e+02
1.250000000000000000e+02
1.140000000000000000e+02
1.770000000000000000e+02
1.330000000000000000e+02
9.700000000000000000e+01
1.120000000000000000e+02
1.250000000000000000e+02
1.010000000000000000e+02
9.900000000000000000e+01
1.240000000000000000e+02
6.800000000000000000e+01
6.300000000000000000e+01
6.300000000000000000e+01
8.400000000000000000e+01
5.300000000000000000e+01
5.000000000000000000e+01
6.500000000000000000e+01
6.600000000000000000e+01
4.700000000000000000e+01
5.700000000000000000e+01
3.300000000000000000e+01
3.800000000000000000e+01
6.200000000000000000e+01
2.800000000000000000e+01
4.900000000000000000e+01
4.400000000000000000e+01
2.900000000000000000e+01
2.600000000000000000e+01
2.800000000000000000e+01
1.800000000000000000e+01
4.300000000000000000e+01
1.600000000000000000e+01
2.200000000000000000e+01
1.500000000000000000e+01
2.300000000000000000e+01
1.600000000000000000e+01
1.400000000000000000e+01
1.400000000000000000e+01
9.000000000000000000e+00
7.000000000000000000e+00
1.100000000000000000e+01
1.100000000000000000e+01
1.500000000000000000e+01
1.200000000000000000e+01
5.000000000000000000e+00
1.200000000000000000e+01
2.000000000000000000e+00
8.000000000000000000e+00
6.000000000000000000e+00
1.000000000000000000e+01
3.000000000000000000e+00
8.000000000000000000e+00
5.000000000000000000e+00
1.000000000000000000e+00
2.000000000000000000e+00
1.000000000000000000e+00
8.000000000000000000e+00
3.000000000000000000e+00
2.000000000000000000e+00
0.000000000000000000e+00
6.000000000000000000e+00
1.000000000000000000e+00
2.000000000000000000e+00
0.000000000000000000e+00
7.000000000000000000e+00
4.000000000000000000e+00
1.000000000000000000e+00
4.000000000000000000e+00
0.000000000000000000e+00
0.000000000000000000e+00
0.000000000000000000e+00
1.000000000000000000e+00
0.000000000000000000e+00
2.000000000000000000e+00
1.000000000000000000e+00
2.000000000000000000e+00
0.000000000000000000e+00
0.000000000000000000e+00
0.000000000000000000e+00
0.000000000000000000e+00
0.000000000000000000e+00
0.000000000000000000e+00
0.000000000000000000e+00
0.000000000000000000e+00
0.000000000000000000e+00
0.000000000000000000e+00
0.000000000000000000e+00
0.000000000000000000e+00
0.000000000000000000e+00
0.000000000000000000e+00
0.000000000000000000e+00
0.000000000000000000e+00
1.000000000000000000e+00
0.000000000000000000e+00
0.000000000000000000e+00
1.000000000000000000e+00
0.000000000000000000e+00
0.000000000000000000e+00
0.000000000000000000e+00
0.000000000000000000e+00
0.000000000000000000e+00
0.000000000000000000e+00
0.000000000000000000e+00
0.000000000000000000e+00
0.000000000000000000e+00
0.000000000000000000e+00
0.000000000000000000e+00
0.000000000000000000e+00
0.000000000000000000e+00
0.000000000000000000e+00
0.000000000000000000e+00
0.000000000000000000e+00
0.000000000000000000e+00
0.000000000000000000e+00
0.000000000000000000e+00
0.000000000000000000e+00
0.000000000000000000e+00
0.000000000000000000e+00
0.000000000000000000e+00
0.000000000000000000e+00
0.000000000000000000e+00
2.000000000000000000e+00
2.100000000000000000e+01
9.600000000000000000e+01
4.280000000000000000e+02
1.058000000000000000e+03
2.115000000000000000e+03
3.131000000000000000e+03
3.905000000000000000e+03
4.288000000000000000e+03
4.188000000000000000e+03
3.887000000000000000e+03
3.522000000000000000e+03
3.144000000000000000e+03
2.942000000000000000e+03
2.592000000000000000e+03
2.266000000000000000e+03
2.101000000000000000e+03
1.659000000000000000e+03
1.463000000000000000e+03
1.271000000000000000e+03
1.184000000000000000e+03
1.023000000000000000e+03
9.970000000000000000e+02
1.033000000000000000e+03
1.141000000000000000e+03
1.125000000000000000e+03
1.105000000000000000e+03
1.042000000000000000e+03
1.070000000000000000e+03
1.108000000000000000e+03
1.097000000000000000e+03
1.220000000000000000e+03
1.278000000000000000e+03
1.267000000000000000e+03
1.347000000000000000e+03
1.365000000000000000e+03
1.396000000000000000e+03
1.417000000000000000e+03
1.422000000000000000e+03
1.390000000000000000e+03
1.401000000000000000e+03
1.463000000000000000e+03
1.555000000000000000e+03
1.639000000000000000e+03
1.694000000000000000e+03
1.718000000000000000e+03
1.820000000000000000e+03
1.811000000000000000e+03
1.729000000000000000e+03
1.623000000000000000e+03
1.641000000000000000e+03
1.442000000000000000e+03
1.346000000000000000e+03
1.242000000000000000e+03
1.191000000000000000e+03
1.122000000000000000e+03
1.070000000000000000e+03
9.670000000000000000e+02
8.960000000000000000e+02
8.830000000000000000e+02
7.570000000000000000e+02
7.390000000000000000e+02
8.160000000000000000e+02
7.110000000000000000e+02
6.930000000000000000e+02
6.890000000000000000e+02
6.660000000000000000e+02
6.930000000000000000e+02
6.510000000000000000e+02
6.260000000000000000e+02
6.200000000000000000e+02
6.330000000000000000e+02
5.950000000000000000e+02
5.860000000000000000e+02
6.110000000000000000e+02
6.000000000000000000e+02
5.230000000000000000e+02
5.660000000000000000e+02
5.280000000000000000e+02
5.350000000000000000e+02
5.540000000000000000e+02
5.660000000000000000e+02
5.810000000000000000e+02
5.380000000000000000e+02
5.830000000000000000e+02
5.610000000000000000e+02
5.690000000000000000e+02
5.060000000000000000e+02
5.230000000000000000e+02
4.840000000000000000e+02
4.870000000000000000e+02
4.770000000000000000e+02
4.890000000000000000e+02
4.810000000000000000e+02
4.510000000000000000e+02
4.460000000000000000e+02
4.770000000000000000e+02
4.390000000000000000e+02
4.320000000000000000e+02
4.230000000000000000e+02
4.210000000000000000e+02
4.240000000000000000e+02
4.260000000000000000e+02
4.230000000000000000e+02
3.800000000000000000e+02
3.620000000000000000e+02
4.520000000000000000e+02
4.240000000000000000e+02
3.750000000000000000e+02
3.840000000000000000e+02
4.340000000000000000e+02
4.170000000000000000e+02
3.700000000000000000e+02
3.790000000000000000e+02
3.840000000000000000e+02
4.090000000000000000e+02
3.620000000000000000e+02
3.970000000000000000e+02
4.030000000000000000e+02
3.850000000000000000e+02
3.810000000000000000e+02
3.870000000000000000e+02
4.290000000000000000e+02
4.170000000000000000e+02
3.990000000000000000e+02
3.990000000000000000e+02
3.890000000000000000e+02
3.840000000000000000e+02
4.230000000000000000e+02
4.090000000000000000e+02
4.210000000000000000e+02
3.890000000000000000e+02
4.180000000000000000e+02
3.870000000000000000e+02
4.260000000000000000e+02
4.140000000000000000e+02
4.200000000000000000e+02
4.230000000000000000e+02
4.400000000000000000e+02
4.270000000000000000e+02
4.790000000000000000e+02
4.040000000000000000e+02
4.020000000000000000e+02
4.440000000000000000e+02
3.880000000000000000e+02
4.370000000000000000e+02
4.790000000000000000e+02
4.510000000000000000e+02
4.600000000000000000e+02
4.840000000000000000e+02
4.730000000000000000e+02
5.040000000000000000e+02
4.840000000000000000e+02
5.020000000000000000e+02
4.680000000000000000e+02
4.590000000000000000e+02
4.440000000000000000e+02
4.750000000000000000e+02
4.930000000000000000e+02
4.890000000000000000e+02
4.740000000000000000e+02
4.440000000000000000e+02
4.830000000000000000e+02
4.530000000000000000e+02
4.470000000000000000e+02
4.840000000000000000e+02
4.820000000000000000e+02
4.420000000000000000e+02
5.010000000000000000e+02
4.910000000000000000e+02
4.930000000000000000e+02
4.480000000000000000e+02
4.380000000000000000e+02
4.960000000000000000e+02
4.590000000000000000e+02
4.490000000000000000e+02
4.760000000000000000e+02
4.660000000000000000e+02
4.960000000000000000e+02
4.910000000000000000e+02
3.990000000000000000e+02
4.540000000000000000e+02
4.790000000000000000e+02
4.320000000000000000e+02
4.380000000000000000e+02
4.170000000000000000e+02
4.550000000000000000e+02
4.400000000000000000e+02
4.470000000000000000e+02
4.740000000000000000e+02
4.220000000000000000e+02
4.340000000000000000e+02
4.240000000000000000e+02
4.480000000000000000e+02
3.990000000000000000e+02
4.180000000000000000e+02
4.240000000000000000e+02
4.600000000000000000e+02
4.280000000000000000e+02
4.400000000000000000e+02
4.250000000000000000e+02
4.290000000000000000e+02
4.210000000000000000e+02
4.380000000000000000e+02
4.040000000000000000e+02
4.300000000000000000e+02
4.570000000000000000e+02
4.160000000000000000e+02
4.000000000000000000e+02
4.020000000000000000e+02
4.190000000000000000e+02
3.970000000000000000e+02
4.250000000000000000e+02
4.160000000000000000e+02
4.240000000000000000e+02
3.910000000000000000e+02
3.880000000000000000e+02
4.170000000000000000e+02
4.020000000000000000e+02
4.450000000000000000e+02
4.110000000000000000e+02
3.850000000000000000e+02
3.580000000000000000e+02
3.760000000000000000e+02
3.790000000000000000e+02
3.790000000000000000e+02
4.070000000000000000e+02
3.330000000000000000e+02
3.500000000000000000e+02
3.340000000000000000e+02
3.100000000000000000e+02
3.570000000000000000e+02
3.800000000000000000e+02
3.980000000000000000e+02
3.780000000000000000e+02
3.650000000000000000e+02
3.610000000000000000e+02
3.280000000000000000e+02
3.310000000000000000e+02
3.720000000000000000e+02
3.240000000000000000e+02
3.420000000000000000e+02
3.610000000000000000e+02
3.810000000000000000e+02
4.180000000000000000e+02
4.490000000000000000e+02
5.250000000000000000e+02
5.640000000000000000e+02
6.210000000000000000e+02
7.420000000000000000e+02
4.314000000000000000e+03
