1.700000000000000000e+01
7.000000000000000000e+00
9.000000000000000000e+00
1.200000000000000000e+01
1.300000000000000000e+01
3.000000000000000000e+01
2.500000000000000000e+01
4.100000000000000000e+01
3.000000000000000000e+01
4.700000000000000000e+01
3.300000000000000000e+01
4.000000000000000000e+01
3.800000000000000000e+01
5.000000000000000000e+01
4.100000000000000000e+01
4.800000000000000000e+01
2.800000000000000000e+01
4.400000000000000000e+01
4.300000000000000000e+01
4.800000000000000000e+01
4.300000000000000000e+01
3.500000000000000000e+01
4.500000000000000000e+01
4.900000000000000000e+01
3.700000000000000000e+01
2.600000000000000000e+01
3.500000000000000000e+01
3.600000000000000000e+01
5.000000000000000000e+01
3.500000000000000000e+01
3.900000000000000000e+01
4.300000000000000000e+01
4.900000000000000000e+01
5.200000000000000000e+01
6.300000000000000000e+01
6.600000000000000000e+01
7.800000000000000000e+01
1.060000000000000000e+02
1.020000000000000000e+02
1.290000000000000000e+02
1.440000000000000000e+02
1.830000000000000000e+02
1.630000000000000000e+02
1.660000000000000000e+02
1.900000000000000000e+02
1.970000000000000000e+02
2.050000000000000000e+02
2.550000000000000000e+02
2.170000000000000000e+02
2.450000000000000000e+02
2.640000000000000000e+02
2.320000000000000000e+02
2.620000000000000000e+02
2.510000000000000000e+02
2.920000000000000000e+02
3.090000000000000000e+02
3.150000000000000000e+02
3.380000000000000000e+02
3.220000000000000000e+02
3.530000000000000000e+02
3.690000000000000000e+02
3.810000000000000000e+02
3.610000000000000000e+02
4.230000000000000000e+02
4.340000000000000000e+02
4.710000000000000000e+02
5.450000000000000000e+02
5.220000000000000000e+02
6.330000000000000000e+02
6.450000000000000000e+02
7.840000000000000000e+02
7.840000000000000000e+02
8.220000000000000000e+02
8.480000000000000000e+02
9.350000000000000000e+02
9.960000000000000000e+02
1.023000000000000000e+03
1.131000000000000000e+03
1.208000000000000000e+03
1.198000000000000000e+03
1.307000000000000000e+03
1.343000000000000000e+03
1.481000000000000000e+03
1.461000000000000000e+03
1.604000000000000000e+03
1.602000000000000000e+03
1.651000000000000000e+03
1.750000000000000000e+03
1.779000000000000000e+03
1.799000000000000000e+03
1.749000000000000000e+03
1.775000000000000000e+03
1.868000000000000000e+03
1.921000000000000000e+03
1.988000000000000000e+03
1.936000000000000000e+03
1.999000000000000000e+03
1.946000000000000000e+03
1.944000000000000000e+03
2.013000000000000000e+03
2.102000000000000000e+03
1.973000000000000000e+03
2.097000000000000000e+03
2.027000000000000000e+03
2.053000000000000000e+03
2.010000000000000000e+03
2.019000000000000000e+03
2.147000000000000000e+03
1.999000000000000000e+03
2.023000000000000000e+03
1.989000000000000000e+03
2.085000000000000000e+03
1.992000000000000000e+03
1.940000000000000000e+03
2.003000000000000000e+03
1.979000000000000000e+03
1.905000000000000000e+03
1.820000000000000000e+03
1.826000000000000000e+03
1.782000000000000000e+03
1.762000000000000000e+03
1.679000000000000000e+03
1.596000000000000000e+03
1.513000000000000000e+03
1.630000000000000000e+03
1.492000000000000000e+03
1.424000000000000000e+03
1.444000000000000000e+03
1.439000000000000000e+03
1.403000000000000000e+03
1.408000000000000000e+03
1.289000000000000000e+03
1.326000000000000000e+03
1.368000000000000000e+03
1.272000000000000000e+03
1.212000000000000000e+03
1.254000000000000000e+03
1.148000000000000000e+03
1.209000000000000000e+03
1.093000000000000000e+03
1.140000000000000000e+03
1.036000000000000000e+03
1.081000000000000000e+03
1.045000000000000000e+03
9.930000000000000000e+02
1.005000000000000000e+03
9.260000000000000000e+02
9.800000000000000000e+02
9.190000000000000000e+02
8.870000000000000000e+02
9.080000000000000000e+02
8.250000000000000000e+02
8.870000000000000000e+02
8.400000000000000000e+02
7.860000000000000000e+02
7.850000000000000000e+02
7.700000000000000000e+02
8.450000000000000000e+02
8.200000000000000000e+02
7.990000000000000000e+02
7.530000000000000000e+02
7.780000000000000000e+02
7.730000000000000000e+02
7.920000000000000000e+02
7.800000000000000000e+02
7.960000000000000000e+02
7.740000000000000000e+02
7.870000000000000000e+02
8.040000000000000000e+02
8.200000000000000000e+02
8.360000000000000000e+02
8.180000000000000000e+02
7.510000000000000000e+02
8.620000000000000000e+02
8.710000000000000000e+02
8.640000000000000000e+02
8.850000000000000000e+02
8.640000000000000000e+02
8.570000000000000000e+02
8.750000000000000000e+02
9.080000000000000000e+02
8.430000000000000000e+02
7.890000000000000000e+02
7.880000000000000000e+02
7.430000000000000000e+02
7.130000000000000000e+02
7.190000000000000000e+02
7.620000000000000000e+02
6.520000000000000000e+02
6.050000000000000000e+02
5.740000000000000000e+02
6.110000000000000000e+02
6.030000000000000000e+02
6.380000000000000000e+02
6.340000000000000000e+02
6.610000000000000000e+02
6.590000000000000000e+02
5.960000000000000000e+02
6.420000000000000000e+02
6.060000000000000000e+02
6.580000000000000000e+02
5.510000000000000000e+02
5.650000000000000000e+02
5.780000000000000000e+02
5.610000000000000000e+02
5.660000000000000000e+02
5.300000000000000000e+02
4.690000000000000000e+02
4.820000000000000000e+02
4.790000000000000000e+02
4.470000000000000000e+02
4.160000000000000000e+02
4.150000000000000000e+02
4.080000000000000000e+02
3.700000000000000000e+02
4.240000000000000000e+02
3.950000000000000000e+02
3.920000000000000000e+02
3.600000000000000000e+02
3.530000000000000000e+02
2.970000000000000000e+02
3.010000000000000000e+02
2.830000000000000000e+02
3.090000000000000000e+02
2.580000000000000000e+02
2.140000000000000000e+02
2.410000000000000000e+02
2.230000000000000000e+02
2.450000000000000000e+02
2.410000000000000000e+02
2.470000000000000000e+02
2.150000000000000000e+02
2.080000000000000000e+02
2.090000000000000000e+02
1.590000000000000000e+02
1.640000000000000000e+02
1.520000000000000000e+02
1.750000000000000000e+02
1.580000000000000000e+02
1.760000000000000000e+02
1.560000000000000000e+02
2.060000000000000000e+02
2.300000000000000000e+02
2.010000000000000000e+02
1.680000000000000000e+02
1.420000000000000000e+02
9.800000000000000000e+01
1.020000000000000000e+02
6.300000000000000000e+01
3.600000000000000000e+01
1.400000000000000000e+01
1.000000000000000000e+00
0.000000000000000000e+00
0.000000000000000000e+00
0.000000000000000000e+00
0.000000000000000000e+00
0.000000000000000000e+00
1.000000000000000000e+00
5.000000000000000000e+00
3.000000000000000000e+00
6.000000000000000000e+00
4.000000000000000000e+00
8.000000000000000000e+00
1.500000000000000000e+01
2.000000000000000000e+01
2.800000000000000000e+01
2.400000000000000000e+01
2.100000000000000000e+01
4.100000000000000000e+01
3.200000000000000000e+01
2.700000000000000000e+01
3.900000000000000000e+01
4.700000000000000000e+01
3.600000000000000000e+01
5.700000000000000000e+01
3.900000000000000000e+01
4.100000000000000000e+01
4.900000000000000000e+01
4.600000000000000000e+01
4.600000000000000000e+01
3.600000000000000000e+01
4.100000000000000000e+01
3.500000000000000000e+01
5.000000000000000000e+01
3.000000000000000000e+01
3.500000000000000000e+01
2.800000000000000000e+01
3.400000000000000000e+01
2.700000000000000000e+01
3.400000000000000000e+01
3.000000000000000000e+01
3.800000000000000000e+01
3.200000000000000000e+01
4.100000000000000000e+01
4.700000000000000000e+01
6.400000000000000000e+01
4.700000000000000000e+01
5.200000000000000000e+01
5.700000000000000000e+01
5.800000000000000000e+01
5.200000000000000000e+01
6.000000000000000000e+01
8.700000000000000000e+01
1.010000000000000000e+02
9.900000000000000000e+01
1.010000000000000000e+02
1.180000000000000000e+02
1.510000000000000000e+02
1.450000000000000000e+02
1.520000000000000000e+02
1.780000000000000000e+02
2.240000000000000000e+02
2.100000000000000000e+02
2.080000000000000000e+02
2.040000000000000000e+02
2.160000000000000000e+02
2.570000000000000000e+02
3.030000000000000000e+02
2.710000000000000000e+02
3.200000000000000000e+02
3.420000000000000000e+02
3.330000000000000000e+02
3.390000000000000000e+02
4.120000000000000000e+02
4.510000000000000000e+02
4.650000000000000000e+02
5.710000000000000000e+02
6.120000000000000000e+02
6.540000000000000000e+02
6.770000000000000000e+02
7.090000000000000000e+02
7.790000000000000000e+02
7.560000000000000000e+02
7.860000000000000000e+02
8.610000000000000000e+02
9.010000000000000000e+02
9.810000000000000000e+02
1.001000000000000000e+03
1.045000000000000000e+03
1.160000000000000000e+03
1.168000000000000000e+03
1.297000000000000000e+03
1.424000000000000000e+03
1.450000000000000000e+03
1.560000000000000000e+03
1.579000000000000000e+03
1.645000000000000000e+03
1.700000000000000000e+03
1.687000000000000000e+03
1.732000000000000000e+03
1.698000000000000000e+03
1.744000000000000000e+03
1.764000000000000000e+03
1.812000000000000000e+03
1.700000000000000000e+03
1.816000000000000000e+03
1.842000000000000000e+03
1.911000000000000000e+03
1.787000000000000000e+03
1.867000000000000000e+03
1.967000000000000000e+03
1.882000000000000000e+03
1.931000000000000000e+03
1.942000000000000000e+03
1.947000000000000000e+03
1.944000000000000000e+03
1.939000000000000000e+03
1.955000000000000000e+03
2.010000000000000000e+03
1.979000000000000000e+03
1.995000000000000000e+03
2.095000000000000000e+03
2.009000000000000000e+03
1.965000000000000000e+03
1.879000000000000000e+03
1.849000000000000000e+03
1.838000000000000000e+03
1.864000000000000000e+03
1.801000000000000000e+03
1.753000000000000000e+03
1.718000000000000000e+03
1.687000000000000000e+03
1.609000000000000000e+03
1.717000000000000000e+03
1.625000000000000000e+03
1.552000000000000000e+03
1.541000000000000000e+03
1.519000000000000000e+03
1.489000000000000000e+03
1.520000000000000000e+03
1.384000000000000000e+03
1.424000000000000000e+03
1.339000000000000000e+03
1.284000000000000000e+03
1.276000000000000000e+03
1.199000000000000000e+03
1.228000000000000000e+03
1.189000000000000000e+03
1.154000000000000000e+03
1.140000000000000000e+03
1.097000000000000000e+03
1.103000000000000000e+03
1.090000000000000000e+03
1.051000000000000000e+03
1.139000000000000000e+03
1.027000000000000000e+03
1.095000000000000000e+03
1.030000000000000000e+03
9.860000000000000000e+02
1.007000000000000000e+03
9.890000000000000000e+02
9.750000000000000000e+02
9.280000000000000000e+02
8.300000000000000000e+02
8.520000000000000000e+02
8.990000000000000000e+02
9.100000000000000000e+02
8.880000000000000000e+02
8.660000000000000000e+02
8.780000000000000000e+02
8.350000000000000000e+02
7.920000000000000000e+02
7.460000000000000000e+02
7.190000000000000000e+02
7.430000000000000000e+02
7.060000000000000000e+02
7.130000000000000000e+02
6.550000000000000000e+02
6.700000000000000000e+02
6.240000000000000000e+02
6.920000000000000000e+02
6.030000000000000000e+02
6.040000000000000000e+02
6.180000000000000000e+02
6.280000000000000000e+02
6.200000000000000000e+02
6.480000000000000000e+02
6.720000000000000000e+02
6.110000000000000000e+02
7.030000000000000000e+02
7.360000000000000000e+02
8.350000000000000000e+02
7.700000000000000000e+02
8.390000000000000000e+02
8.990000000000000000e+02
9.020000000000000000e+02
8.890000000000000000e+02
8.820000000000000000e+02
8.740000000000000000e+02
8.780000000000000000e+02
8.110000000000000000e+02
8.090000000000000000e+02
7.700000000000000000e+02
7.550000000000000000e+02
7.790000000000000000e+02
7.780000000000000000e+02
7.600000000000000000e+02
7.390000000000000000e+02
7.100000000000000000e+02
6.990000000000000000e+02
7.220000000000000000e+02
6.540000000000000000e+02
6.800000000000000000e+02
6.630000000000000000e+02
6.570000000000000000e+02
6.490000000000000000e+02
6.150000000000000000e+02
6.270000000000000000e+02
6.020000000000000000e+02
5.970000000000000000e+02
5.730000000000000000e+02
5.620000000000000000e+02
5.890000000000000000e+02
5.860000000000000000e+02
5.750000000000000000e+02
5.570000000000000000e+02
5.110000000000000000e+02
5.010000000000000000e+02
4.850000000000000000e+02
4.860000000000000000e+02
4.620000000000000000e+02
4.240000000000000000e+02
4.130000000000000000e+02
4.300000000000000000e+02
3.410000000000000000e+02
3.350000000000000000e+02
2.880000000000000000e+02
2.530000000000000000e+02
2.720000000000000000e+02
2.460000000000000000e+02
2.380000000000000000e+02
2.450000000000000000e+02
2.350000000000000000e+02
2.180000000000000000e+02
2.070000000000000000e+02
2.210000000000000000e+02
1.950000000000000000e+02
2.090000000000000000e+02
1.960000000000000000e+02
1.720000000000000000e+02
1.730000000000000000e+02
1.960000000000000000e+02
2.280000000000000000e+02
2.610000000000000000e+02
2.080000000000000000e+02
1.830000000000000000e+02
1.420000000000000000e+02
9.800000000000000000e+01
6.500000000000000000e+01
3.000000000000000000e+01
4.000000000000000000e+00
1.000000000000000000e+00
8.000000000000000000e+00
3.000000000000000000e+00
5.000000000000000000e+00
1.300000000000000000e+01
1.100000000000000000e+01
1.500000000000000000e+01
1.600000000000000000e+01
2.600000000000000000e+01
2.400000000000000000e+01
2.300000000000000000e+01
2.200000000000000000e+01
1.300000000000000000e+01
2.100000000000000000e+01
2.600000000000000000e+01
2.000000000000000000e+01
2.100000000000000000e+01
2.200000000000000000e+01
2.200000000000000000e+01
1.900000000000000000e+01
2.800000000000000000e+01
2.500000000000000000e+01
2.700000000000000000e+01
2.300000000000000000e+01
2.100000000000000000e+01
2.900000000000000000e+01
3.200000000000000000e+01
3.000000000000000000e+01
2.600000000000000000e+01
2.000000000000000000e+01
2.900000000000000000e+01
2.700000000000000000e+01
3.100000000000000000e+01
2.600000000000000000e+01
1.800000000000000000e+01
3.200000000000000000e+01
2.000000000000000000e+01
3.100000000000000000e+01
3.100000000000000000e+01
3.100000000000000000e+01
3.300000000000000000e+01
4.400000000000000000e+01
3.700000000000000000e+01
4.200000000000000000e+01
3.100000000000000000e+01
5.300000000000000000e+01
3.700000000000000000e+01
4.300000000000000000e+01
4.500000000000000000e+01
4.000000000000000000e+01
5.400000000000000000e+01
4.200000000000000000e+01
4.400000000000000000e+01
4.800000000000000000e+01
4.300000000000000000e+01
5.700000000000000000e+01
5.900000000000000000e+01
5.600000000000000000e+01
6.800000000000000000e+01
8.700000000000000000e+01
1.140000000000000000e+02
1.280000000000000000e+02
1.680000000000000000e+02
1.580000000000000000e+02
2.110000000000000000e+02
2.480000000000000000e+02
2.400000000000000000e+02
2.280000000000000000e+02
2.310000000000000000e+02
2.470000000000000000e+02
2.560000000000000000e+02
2.690000000000000000e+02
3.110000000000000000e+02
3.090000000000000000e+02
3.350000000000000000e+02
3.720000000000000000e+02
3.680000000000000000e+02
4.280000000000000000e+02
4.940000000000000000e+02
5.440000000000000000e+02
6.490000000000000000e+02
6.900000000000000000e+02
7.500000000000000000e+02
8.220000000000000000e+02
8.360000000000000000e+02
9.140000000000000000e+02
9.220000000000000000e+02
1.023000000000000000e+03
1.122000000000000000e+03
1.115000000000000000e+03
1.158000000000000000e+03
1.200000000000000000e+03
1.218000000000000000e+03
1.292000000000000000e+03
1.328000000000000000e+03
1.293000000000000000e+03
1.327000000000000000e+03
1.411000000000000000e+03
1.381000000000000000e+03
1.448000000000000000e+03
1.440000000000000000e+03
1.457000000000000000e+03
1.410000000000000000e+03
1.550000000000000000e+03
1.550000000000000000e+03
1.533000000000000000e+03
1.680000000000000000e+03
1.688000000000000000e+03
1.655000000000000000e+03
1.734000000000000000e+03
1.729000000000000000e+03
1.791000000000000000e+03
1.831000000000000000e+03
1.904000000000000000e+03
1.898000000000000000e+03
1.969000000000000000e+03
2.029000000000000000e+03
2.002000000000000000e+03
1.971000000000000000e+03
2.064000000000000000e+03
2.085000000000000000e+03
1.964000000000000000e+03
2.002000000000000000e+03
1.993000000000000000e+03
1.866000000000000000e+03
1.965000000000000000e+03
1.841000000000000000e+03
1.843000000000000000e+03
1.738000000000000000e+03
1.823000000000000000e+03
1.819000000000000000e+03
1.795000000000000000e+03
1.748000000000000000e+03
1.733000000000000000e+03
1.721000000000000000e+03
1.764000000000000000e+03
1.601000000000000000e+03
1.639000000000000000e+03
1.607000000000000000e+03
1.510000000000000000e+03
1.599000000000000000e+03
1.505000000000000000e+03
1.494000000000000000e+03
1.456000000000000000e+03
1.406000000000000000e+03
1.384000000000000000e+03
1.483000000000000000e+03
1.397000000000000000e+03
1.361000000000000000e+03
1.290000000000000000e+03
1.304000000000000000e+03
1.270000000000000000e+03
1.290000000000000000e+03
1.306000000000000000e+03
1.122000000000000000e+03
1.146000000000000000e+03
1.133000000000000000e+03
1.126000000000000000e+03
1.078000000000000000e+03
1.072000000000000000e+03
1.041000000000000000e+03
1.010000000000000000e+03
1.051000000000000000e+03
1.070000000000000000e+03
1.073000000000000000e+03
1.068000000000000000e+03
9.850000000000000000e+02
9.850000000000000000e+02
9.310000000000000000e+02
9.220000000000000000e+02
9.320000000000000000e+02
8.520000000000000000e+02
8.540000000000000000e+02
8.650000000000000000e+02
8.640000000000000000e+02
7.990000000000000000e+02
8.180000000000000000e+02
8.260000000000000000e+02
8.110000000000000000e+02
7.800000000000000000e+02
8.050000000000000000e+02
7.690000000000000000e+02
8.220000000000000000e+02
8.130000000000000000e+02
7.350000000000000000e+02
7.970000000000000000e+02
7.450000000000000000e+02
7.770000000000000000e+02
8.460000000000000000e+02
8.480000000000000000e+02
9.150000000000000000e+02
9.130000000000000000e+02
8.530000000000000000e+02
9.290000000000000000e+02
9.770000000000000000e+02
9.830000000000000000e+02
9.260000000000000000e+02
8.630000000000000000e+02
8.750000000000000000e+02
9.150000000000000000e+02
9.000000000000000000e+02
8.910000000000000000e+02
9.140000000000000000e+02
8.720000000000000000e+02
8.740000000000000000e+02
8.200000000000000000e+02
7.550000000000000000e+02
8.120000000000000000e+02
7.850000000000000000e+02
7.270000000000000000e+02
6.640000000000000000e+02
7.450000000000000000e+02
6.790000000000000000e+02
7.000000000000000000e+02
6.320000000000000000e+02
6.790000000000000000e+02
7.060000000000000000e+02
6.540000000000000000e+02
6.210000000000000000e+02
6.050000000000000000e+02
6.270000000000000000e+02
6.450000000000000000e+02
5.780000000000000000e+02
5.860000000000000000e+02
5.400000000000000000e+02
4.440000000000000000e+02
5.070000000000000000e+02
4.610000000000000000e+02
4.020000000000000000e+02
4.290000000000000000e+02
3.510000000000000000e+02
2.810000000000000000e+02
3.010000000000000000e+02
2.300000000000000000e+02
2.690000000000000000e+02
2.400000000000000000e+02
2.640000000000000000e+02
2.390000000000000000e+02
2.400000000000000000e+02
2.090000000000000000e+02
1.990000000000000000e+02
1.990000000000000000e+02
1.920000000000000000e+02
1.910000000000000000e+02
1.840000000000000000e+02
1.880000000000000000e+02
2.240000000000000000e+02
2.640000000000000000e+02
2.200000000000000000e+02
1.650000000000000000e+02
1.560000000000000000e+02
1.150000000000000000e+02
7.400000000000000000e+01
4.800000000000000000e+01
6.000000000000000000e+00
2.000000000000000000e+00
0.000000000000000000e+00
5.012000000000000000e+03
8.840000000000000000e+02
1.088000000000000000e+03
1.285000000000000000e+03
1.341000000000000000e+03
3.125000000000000000e+03
4.702000000000000000e+03
1.526000000000000000e+03
4.163000000000000000e+03
1.957000000000000000e+03
1.486000000000000000e+03
5.731000000000000000e+03
1.940000000000000000e+03
8.800000000000000000e+03
4.068000000000000000e+03
6.389000000000000000e+03
7.697000000000000000e+03
5.731000000000000000e+03
3.932000000000000000e+03
7.965000000000000000e+03
8.024000000000000000e+03
9.643000000000000000e+03
5.533000000000000000e+03
4.299000000000000000e+03
6.305000000000000000e+03
4.200000000000000000e+03
5.202000000000000000e+03
5.870000000000000000e+02
9.510000000000000000e+02
9.560000000000000000e+02
9.216000000000000000e+03
3.500000000000000000e+01
1.970000000000000000e+03
5.230000000000000000e+02
2.883000000000000000e+03
6.266000000000000000e+03
4.547000000000000000e+03
8.800000000000000000e+01
6.300000000000000000e+02
2.080000000000000000e+02
8.130000000000000000e+02
2.500000000000000000e+01
1.829000000000000000e+03
1.562000000000000000e+03
2.400000000000000000e+01
9.200000000000000000e+01
8.600000000000000000e+01
2.100000000000000000e+01
2.180000000000000000e+02
3.000000000000000000e+01
1.732000000000000000e+03
3.060000000000000000e+02
7.100000000000000000e+01
4.200000000000000000e+01
4.300000000000000000e+01
2.940000000000000000e+02
8.900000000000000000e+01
5.500000000000000000e+01
1.800000000000000000e+01
6.000000000000000000e+00
9.700000000000000000e+01
4.000000000000000000e+00
1.400000000000000000e+01
4.900000000000000000e+01
9.000000000000000000e+00
3.500000000000000000e+01
4.120000000000000000e+02
3.800000000000000000e+01
3.300000000000000000e+01
6.500000000000000000e+01
7.800000000000000000e+01
2.600000000000000000e+01
4.500000000000000000e+01
4.800000000000000000e+01
1.060000000000000000e+02
2.024000000000000000e+03
3.400000000000000000e+01
3.400000000000000000e+01
0.000000000000000000e+00
6.500000000000000000e+01
2.880000000000000000e+02
1.400000000000000000e+01
1.000000000000000000e+00
5.730000000000000000e+02
8.500000000000000000e+01
5.700000000000000000e+01
0.000000000000000000e+00
1.580000000000000000e+02
1.700000000000000000e+01
0.000000000000000000e+00
3.630000000000000000e+02
4.000000000000000000e+00
1.400000000000000000e+01
8.200000000000000000e+01
0.000000000000000000e+00
1.330000000000000000e+02
9.610000000000000000e+02
0.000000000000000000e+00
2.100000000000000000e+02
1.000000000000000000e+00
0.000000000000000000e+00
5.080000000000000000e+02
0.000000000000000000e+00
1.499000000000000000e+03
1.380000000000000000e+02
1.000000000000000000e+00
1.910000000000000000e+02
0.000000000000000000e+00
1.000000000000000000e+01
8.450000000000000000e+02
2.005000000000000000e+03
4.270000000000000000e+02
1.500000000000000000e+01
5.900000000000000000e+01
1.515000000000000000e+03
6.260000000000000000e+02
2.300000000000000000e+01
0.000000000000000000e+00
0.000000000000000000e+00
0.000000000000000000e+00
2.016000000000000000e+03
0.000000000000000000e+00
2.000000000000000000e+00
0.000000000000000000e+00
7.200000000000000000e+01
3.210000000000000000e+02
9.970000000000000000e+02
0.000000000000000000e+00
8.000000000000000000e+00
2.000000000000000000e+00
4.200000000000000000e+01
0.000000000000000000e+00
5.950000000000000000e+02
1.930000000000000000e+02
0.000000000000000000e+00
4.000000000000000000e+00
5.000000000000000000e+00
0.000000000000000000e+00
3.600000000000000000e+01
0.000000000000000000e+00
1.314000000000000000e+03
7.200000000000000000e+01
1.700000000000000000e+01
0.000000000000000000e+00
7.000000000000000000e+00
2.150000000000000000e+02
3.000000000000000000e+01
1.400000000000000000e+01
1.000000000000000000e+00
0.000000000000000000e+00
8.300000000000000000e+01
0.000000000000000000e+00
1.400000000000000000e+01
2.100000000000000000e+01
0.000000000000000000e+00
1.500000000000000000e+01
6.450000000000000000e+02
1.000000000000000000e+01
9.000000000000000000e+00
6.000000000000000000e+00
2.560000000000000000e+02
8.000000000000000000e+00
1.500000000000000000e+01
7.600000000000000000e+01
5.800000000000000000e+01
2.249000000000000000e+03
2.900000000000000000e+01
1.100000000000000000e+01
0.000000000000000000e+00
1.400000000000000000e+02
1.019000000000000000e+03
2.000000000000000000e+00
1.900000000000000000e+01
1.181000000000000000e+03
1.720000000000000000e+02
3.440000000000000000e+02
3.380000000000000000e+02
1.326000000000000000e+03
5.580000000000000000e+02
6.500000000000000000e+02
0.000000000000000000e+00
0.000000000000000000e+00
0.000000000000000000e+00
0.000000000000000000e+00
0.000000000000000000e+00
0.000000000000000000e+00
0.000000000000000000e+00
0.000000000000000000e+00
0.000000000000000000e+00
0.000000000000000000e+00
0.000000000000000000e+00
0.000000000000000000e+00
0.000000000000000000e+00
0.000000000000000000e+00
0.000000000000000000e+00
0.000000000000000000e+00
0.000000000000000000e+00
0.000000000000000000e+00
0.000000000000000000e+00
0.000000000000000000e+00
0.000000000000000000e+00
0.000000000000000000e+00
0.000000000000000000e+00
0.000000000000000000e+00
0.000000000000000000e+00
0.000000000000000000e+00
0.000000000000000000e+00
0.000000000000000000e+00
0.000000000000000000e+00
0.000000000000000000e+00
0.000000000000000000e+00
0.000000000000000000e+00
0.000000000000000000e+00
0.000000000000000000e+00
0.000000000000000000e+00
0.000000000000000000e+00
0.000000000000000000e+00
0.000000000000000000e+00
0.000000000000000000e+00
0.000000000000000000e+00
0.000000000000000000e+00
0.000000000000000000e+00
0.000000000000000000e+00
0.000000000000000000e+00
0.000000000000000000e+00
0.000000000000000000e+00
0.000000000000000000e+00
0.000000000000000000e+00
0.000000000000000000e+00
0.000000000000000000e+00
0.000000000000000000e+00
0.000000000000000000e+00
0.000000000000000000e+00
0.000000000000000000e+00
0.000000000000000000e+00
0.000000000000000000e+00
0.000000000000000000e+00
0.000000000000000000e+00
0.000000000000000000e+00
0.000000000000000000e+00
0.000000000000000000e+00
0.000000000000000000e+00
0.000000000000000000e+00
0.000000000000000000e+00
0.000000000000000000e+00
0.000000000000000000e+00
0.000000000000000000e+00
0.000000000000000000e+00
0.000000000000000000e+00
0.000000000000000000e+00
0.000000000000000000e+00
0.000000000000000000e+00
0.000000000000000000e+00
0.000000000000000000e+00
0.000000000000000000e+00
0.000000000000000000e+00
2.705000000000000000e+03
0.000000000000000000e+00
6.770000000000000000e+02
2.324000000000000000e+03
3.375000000000000000e+03
5.451000000000000000e+03
5.927000000000000000e+03
5.935000000000000000e+03
5.571000000000000000e+03
5.546000000000000000e+03
5.039000000000000000e+03
4.755000000000000000e+03
4.568000000000000000e+03
4.646000000000000000e+03
4.706000000000000000e+03
4.096000000000000000e+03
4.181000000000000000e+03
4.293000000000000000e+03
4.008000000000000000e+03
3.794000000000000000e+03
3.539000000000000000e+03
3.508000000000000000e+03
3.410000000000000000e+03
3.436000000000000000e+03
3.206000000000000000e+03
3.082000000000000000e+03
3.225000000000000000e+03
3.035000000000000000e+03
3.243000000000000000e+03
3.231000000000000000e+03
3.123000000000000000e+03
2.988000000000000000e+03
2.850000000000000000e+03
2.764000000000000000e+03
2.425000000000000000e+03
2.301000000000000000e+03
2.383000000000000000e+03
1.820000000000000000e+03
1.964000000000000000e+03
1.866000000000000000e+03
1.831000000000000000e+03
1.716000000000000000e+03
1.792000000000000000e+03
1.662000000000000000e+03
1.530000000000000000e+03
1.442000000000000000e+03
1.366000000000000000e+03
1.358000000000000000e+03
1.275000000000000000e+03
1.172000000000000000e+03
1.014000000000000000e+03
9.700000000000000000e+02
8.990000000000000000e+02
8.780000000000000000e+02
7.960000000000000000e+02
7.970000000000000000e+02
7.940000000000000000e+02
7.140000000000000000e+02
7.110000000000000000e+02
6.920000000000000000e+02
6.300000000000000000e+02
6.920000000000000000e+02
6.370000000000000000e+02
6.150000000000000000e+02
7.150000000000000000e+02
6.140000000000000000e+02
5.950000000000000000e+02
6.400000000000000000e+02
6.080000000000000000e+02
5.460000000000000000e+02
5.700000000000000000e+02
5.340000000000000000e+02
5.570000000000000000e+02
5.490000000000000000e+02
5.070000000000000000e+02
5.510000000000000000e+02
4.720000000000000000e+02
4.790000000000000000e+02
5.110000000000000000e+02
4.620000000000000000e+02
4.410000000000000000e+02
4.370000000000000000e+02
4.260000000000000000e+02
4.390000000000000000e+02
4.390000000000000000e+02
3.630000000000000000e+02
4.290000000000000000e+02
4.020000000000000000e+02
3.590000000000000000e+02
3.700000000000000000e+02
3.590000000000000000e+02
3.390000000000000000e+02
2.920000000000000000e+02
3.130000000000000000e+02
3.120000000000000000e+02
2.550000000000000000e+02
2.750000000000000000e+02
2.480000000000000000e+02
2.510000000000000000e+02
2.220000000000000000e+02
2.280000000000000000e+02
2.350000000000000000e+02
2.090000000000000000e+02
2.100000000000000000e+02
1.980000000000000000e+02
1.710000000000000000e+02
1.840000000000000000e+02
2.080000000000000000e+02
1.710000000000000000e+02
1.690000000000000000e+02
1.690000000000000000e+02
1.780000000000000000e+02
1.770000000000000000e+02
1.560000000000000000e+02
1.410000000000000000e+02
1.520000000000000000e+02
1.440000000000000000e+02
1.150000000000000000e+02
1.280000000000000000e+02
1.390000000000000000e+02
1.260000000000000000e+02
1.290000000000000000e+02
1.250000000000000000e+02
1.390000000000000000e+02
1.090000000000000000e+02
1.040000000000000000e+02
9.400000000000000000e+01
7.300000000000000000e+01
1.140000000000000000e+02
9.500000000000000000e+01
9.800000000000000000e+01
1.190000000000000000e+02
8.100000000000000000e+01
8.000000000000000000e+01
8.700000000000000000e+01
1.090000000000000000e+02
8.600000000000000000e+01
7.700000000000000000e+01
7.000000000000000000e+01
8.100000000000000000e+01
5.800000000000000000e+01
6.700000000000000000e+01
7.100000000000000000e+01
7.400000000000000000e+01
5.400000000000000000e+01
6.800000000000000000e+01
6.000000000000000000e+01
4.800000000000000000e+01
5.000000000000000000e+01
5.700000000000000000e+01
5.400000000000000000e+01
3.700000000000000000e+01
3.700000000000000000e+01
3.000000000000000000e+01
4.800000000000000000e+01
3.100000000000000000e+01
2.400000000000000000e+01
1.800000000000000000e+01
2.200000000000000000e+01
2.600000000000000000e+01
1.700000000000000000e+01
1.600000000000000000e+01
1.300000000000000000e+01
1.200000000000000000e+01
7.000000000000000000e+00
1.600000000000000000e+01
9.000000000000000000e+00
5.000000000000000000e+00
2.000000000000000000e+00
3.000000000000000000e+00
1.100000000000000000e+01
3.000000000000000000e+00
2.000000000000000000e+00
8.000000000000000000e+00
2.000000000000000000e+00
6.000000000000000000e+00
0.000000000000000000e+00
2.000000000000000000e+00
3.000000000000000000e+00
7.000000000000000000e+00
1.000000000000000000e+00
2.000000000000000000e+00
5.000000000000000000e+00
1.000000000000000000e+00
3.000000000000000000e+00
6.000000000000000000e+00
1.000000000000000000e+00
0.000000000000000000e+00
5.000000000000000000e+00
0.000000000000000000e+00
0.000000000000000000e+00
7.000000000000000000e+00
0.000000000000000000e+00
4.000000000000000000e+00
0.000000000000000000e+00
1.000000000000000000e+00
3.000000000000000000e+00
1.000000000000000000e+00
2.000000000000000000e+00
0.000000000000000000e+00
1.000000000000000000e+00
0.000000000000000000e+00
0.000000000000000000e+00
2.000000000000000000e+00
2.000000000000000000e+00
0.000000000000000000e+00
2.000000000000000000e+00
1.000000000000000000e+00
0.000000000000000000e+00
0.000000000000000000e+00
1.000000000000000000e+00
1.000000000000000000e+00
0.000000000000000000e+00
0.000000000000000000e+00
0.000000000000000000e+00
0.000000000000000000e+00
2.000000000000000000e+00
1.000000000000000000e+00
1.000000000000000000e+00
0.000000000000000000e+00
0.000000000000000000e+00
0.000000000000000000e+00
0.000000000000000000e+00
2.000000000000000000e+00
0.000000000000000000e+00
0.000000000000000000e+00
1.000000000000000000e+00
3.000000000000000000e+00
0.000000000000000000e+00
0.000000000000000000e+00
0.000000000000000000e+00
0.000000000000000000e+00
2.000000000000000000e+00
1.000000000000000000e+00
0.000000000000000000e+00
0.000000000000000000e+00
0.000000000000000000e+00
0.000000000000000000e+00
0.000000000000000000e+00
0.000000000000000000e+00
0.000000000000000000e+00
0.000000000000000000e+00
0.000000000000000000e+00
0.000000000000000000e+00
0.000000000000000000e+00
0.000000000000000000e+00
0.000000000000000000e+00
0.000000000000000000e+00
0.000000000000000000e+00
0.000000000000000000e+00
0.000000000000000000e+00
0.000000000000000000e+00
0.000000000000000000e+00
0.000000000000000000e+00
0.000000000000000000e+00
1.900000000000000000e+01
0.000000000000000000e+00
1.000000000000000000e+00
1.000000000000000000e+00
3.000000000000000000e+00
3.000000000000000000e+00
4.000000000000000000e+00
4.000000000000000000e+00
1.500000000000000000e+01
1.900000000000000000e+01
2.800000000000000000e+01
2.500000000000000000e+01
2.100000000000000000e+01
3.200000000000000000e+01
2.300000000000000000e+01
2.000000000000000000e+01
2.300000000000000000e+01
2.600000000000000000e+01
2.800000000000000000e+01
2.700000000000000000e+01
2.100000000000000000e+01
3.000000000000000000e+01
3.200000000000000000e+01
1.800000000000000000e+01
2.600000000000000000e+01
2.600000000000000000e+01
2.800000000000000000e+01
3.000000000000000000e+01
3.400000000000000000e+01
2.200000000000000000e+01
3.300000000000000000e+01
3.400000000000000000e+01
2.900000000000000000e+01
3.100000000000000000e+01
1.800000000000000000e+01
3.100000000000000000e+01
2.200000000000000000e+01
3.300000000000000000e+01
3.100000000000000000e+01
2.900000000000000000e+01
3.500000000000000000e+01
4.000000000000000000e+01
3.300000000000000000e+01
4.100000000000000000e+01
3.100000000000000000e+01
4.700000000000000000e+01
3.200000000000000000e+01
3.600000000000000000e+01
4.200000000000000000e+01
3.700000000000000000e+01
4.800000000000000000e+01
3.700000000000000000e+01
3.800000000000000000e+01
4.600000000000000000e+01
4.300000000000000000e+01
4.600000000000000000e+01
4.900000000000000000e+01
4.800000000000000000e+01
5.000000000000000000e+01
6.100000000000000000e+01
7.900000000000000000e+01
7.700000000000000000e+01
7.700000000000000000e+01
7.900000000000000000e+01
1.010000000000000000e+02
1.210000000000000000e+02
1.270000000000000000e+02
1.220000000000000000e+02
1.360000000000000000e+02
1.450000000000000000e+02
1.600000000000000000e+02
2.190000000000000000e+02
2.730000000000000000e+02
3.040000000000000000e+02
3.400000000000000000e+02
3.940000000000000000e+02
3.970000000000000000e+02
4.430000000000000000e+02
4.760000000000000000e+02
5.000000000000000000e+02
5.470000000000000000e+02
6.020000000000000000e+02
5.930000000000000000e+02
6.910000000000000000e+02
7.320000000000000000e+02
8.370000000000000000e+02
8.360000000000000000e+02
9.250000000000000000e+02
1.027000000000000000e+03
1.058000000000000000e+03
1.071000000000000000e+03
1.125000000000000000e+03
1.227000000000000000e+03
1.296000000000000000e+03
1.362000000000000000e+03
1.394000000000000000e+03
1.381000000000000000e+03
1.455000000000000000e+03
1.419000000000000000e+03
1.475000000000000000e+03
1.523000000000000000e+03
1.502000000000000000e+03
1.492000000000000000e+03
1.574000000000000000e+03
1.630000000000000000e+03
1.573000000000000000e+03
1.701000000000000000e+03
1.716000000000000000e+03
1.717000000000000000e+03
1.787000000000000000e+03
1.731000000000000000e+03
1.782000000000000000e+03
1.817000000000000000e+03
1.914000000000000000e+03
1.884000000000000000e+03
1.977000000000000000e+03
2.098000000000000000e+03
1.998000000000000000e+03
2.027000000000000000e+03
2.105000000000000000e+03
2.144000000000000000e+03
2.021000000000000000e+03
1.972000000000000000e+03
2.089000000000000000e+03
1.917000000000000000e+03
1.979000000000000000e+03
1.874000000000000000e+03
1.884000000000000000e+03
1.795000000000000000e+03
1.855000000000000000e+03
1.851000000000000000e+03
1.800000000000000000e+03
1.757000000000000000e+03
1.708000000000000000e+03
1.771000000000000000e+03
1.747000000000000000e+03
1.624000000000000000e+03
1.678000000000000000e+03
1.642000000000000000e+03
1.549000000000000000e+03
1.620000000000000000e+03
1.507000000000000000e+03
1.526000000000000000e+03
1.477000000000000000e+03
1.421000000000000000e+03
1.388000000000000000e+03
1.472000000000000000e+03
1.329000000000000000e+03
1.353000000000000000e+03
1.327000000000000000e+03
1.325000000000000000e+03
1.335000000000000000e+03
1.293000000000000000e+03
1.343000000000000000e+03
1.184000000000000000e+03
1.166000000000000000e+03
1.164000000000000000e+03
1.155000000000000000e+03
1.092000000000000000e+03
1.050000000000000000e+03
1.024000000000000000e+03
1.043000000000000000e+03
1.087000000000000000e+03
1.093000000000000000e+03
1.085000000000000000e+03
1.086000000000000000e+03
1.025000000000000000e+03
9.960000000000000000e+02
9.390000000000000000e+02
9.250000000000000000e+02
9.400000000000000000e+02
8.650000000000000000e+02
8.580000000000000000e+02
8.540000000000000000e+02
8.560000000000000000e+02
8.000000000000000000e+02
8.180000000000000000e+02
8.110000000000000000e+02
8.140000000000000000e+02
7.520000000000000000e+02
8.090000000000000000e+02
7.570000000000000000e+02
8.250000000000000000e+02
8.250000000000000000e+02
7.290000000000000000e+02
7.790000000000000000e+02
7.730000000000000000e+02
7.880000000000000000e+02
8.530000000000000000e+02
8.490000000000000000e+02
8.790000000000000000e+02
9.110000000000000000e+02
8.670000000000000000e+02
9.580000000000000000e+02
9.780000000000000000e+02
9.830000000000000000e+02
9.430000000000000000e+02
8.610000000000000000e+02
8.670000000000000000e+02
8.990000000000000000e+02
8.670000000000000000e+02
8.650000000000000000e+02
8.890000000000000000e+02
8.400000000000000000e+02
8.380000000000000000e+02
8.600000000000000000e+02
7.090000000000000000e+02
8.220000000000000000e+02
7.760000000000000000e+02
7.110000000000000000e+02
7.080000000000000000e+02
7.050000000000000000e+02
6.920000000000000000e+02
7.280000000000000000e+02
6.500000000000000000e+02
6.890000000000000000e+02
6.520000000000000000e+02
6.380000000000000000e+02
6.440000000000000000e+02
6.330000000000000000e+02
6.480000000000000000e+02
6.290000000000000000e+02
5.770000000000000000e+02
6.010000000000000000e+02
5.440000000000000000e+02
4.870000000000000000e+02
4.630000000000000000e+02
4.850000000000000000e+02
4.770000000000000000e+02
4.030000000000000000e+02
3.930000000000000000e+02
3.260000000000000000e+02
2.990000000000000000e+02
2.760000000000000000e+02
2.590000000000000000e+02
2.500000000000000000e+02
2.700000000000000000e+02
2.460000000000000000e+02
2.410000000000000000e+02
2.110000000000000000e+02
2.230000000000000000e+02
1.990000000000000000e+02
1.960000000000000000e+02
2.080000000000000000e+02
1.840000000000000000e+02
1.780000000000000000e+02
2.000000000000000000e+02
2.320000000000000000e+02
2.590000000000000000e+02
2.090000000000000000e+02
1.910000000000000000e+02
1.530000000000000000e+02
9.700000000000000000e+01
7.300000000000000000e+01
3.100000000000000000e+01
5.000000000000000000e+00
1.000000000000000000e+00
