1.540000000000000000e+02
4.400000000000000000e+01
5.500000000000000000e+01
4.200000000000000000e+01
4.800000000000000000e+01
4.100000000000000000e+01
4.700000000000000000e+01
4.800000000000000000e+01
4.100000000000000000e+01
6.200000000000000000e+01
3.800000000000000000e+01
6.400000000000000000e+01
5.400000000000000000e+01
5.100000000000000000e+01
5.100000000000000000e+01
4.000000000000000000e+01
5.300000000000000000e+01
6.300000000000000000e+01
5.600000000000000000e+01
6.200000000000000000e+01
6.200000000000000000e+01
5.300000000000000000e+01
5.700000000000000000e+01
5.500000000000000000e+01
4.300000000000000000e+01
7.100000000000000000e+01
6.100000000000000000e+01
5.600000000000000000e+01
7.300000000000000000e+01
7.300000000000000000e+01
6.300000000000000000e+01
7.100000000000000000e+01
6.600000000000000000e+01
7.900000000000000000e+01
7.800000000000000000e+01
8.900000000000000000e+01
7.400000000000000000e+01
6.200000000000000000e+01
7.400000000000000000e+01
9.100000000000000000e+01
7.400000000000000000e+01
9.200000000000000000e+01
8.100000000000000000e+01
8.300000000000000000e+01
9.600000000000000000e+01
7.400000000000000000e+01
8.700000000000000000e+01
6.800000000000000000e+01
6.600000000000000000e+01
9.600000000000000000e+01
8.500000000000000000e+01
9.500000000000000000e+01
8.200000000000000000e+01
1.030000000000000000e+02
9.700000000000000000e+01
9.200000000000000000e+01
9.100000000000000000e+01
9.900000000000000000e+01
1.120000000000000000e+02
1.060000000000000000e+02
1.250000000000000000e+02
1.410000000000000000e+02
1.230000000000000000e+02
1.320000000000000000e+02
1.420000000000000000e+02
1.820000000000000000e+02
1.760000000000000000e+02
1.730000000000000000e+02
2.010000000000000000e+02
2.090000000000000000e+02
2.430000000000000000e+02
2.360000000000000000e+02
2.410000000000000000e+02
2.610000000000000000e+02
3.230000000000000000e+02
3.260000000000000000e+02
3.220000000000000000e+02
3.900000000000000000e+02
4.220000000000000000e+02
3.850000000000000000e+02
4.560000000000000000e+02
4.450000000000000000e+02
5.180000000000000000e+02
5.190000000000000000e+02
5.760000000000000000e+02
5.210000000000000000e+02
5.900000000000000000e+02
6.550000000000000000e+02
6.230000000000000000e+02
6.300000000000000000e+02
6.690000000000000000e+02
7.610000000000000000e+02
7.420000000000000000e+02
7.460000000000000000e+02
7.350000000000000000e+02
8.200000000000000000e+02
8.550000000000000000e+02
8.030000000000000000e+02
9.040000000000000000e+02
9.140000000000000000e+02
9.050000000000000000e+02
8.790000000000000000e+02
8.940000000000000000e+02
9.270000000000000000e+02
8.840000000000000000e+02
8.840000000000000000e+02
8.600000000000000000e+02
8.950000000000000000e+02
8.110000000000000000e+02
8.450000000000000000e+02
7.800000000000000000e+02
7.540000000000000000e+02
7.620000000000000000e+02
7.940000000000000000e+02
7.350000000000000000e+02
7.110000000000000000e+02
7.090000000000000000e+02
7.820000000000000000e+02
7.560000000000000000e+02
7.060000000000000000e+02
7.460000000000000000e+02
8.060000000000000000e+02
7.790000000000000000e+02
8.460000000000000000e+02
8.210000000000000000e+02
8.850000000000000000e+02
9.780000000000000000e+02
1.042000000000000000e+03
1.124000000000000000e+03
1.217000000000000000e+03
1.245000000000000000e+03
1.355000000000000000e+03
1.434000000000000000e+03
1.542000000000000000e+03
1.682000000000000000e+03
1.830000000000000000e+03
1.930000000000000000e+03
2.158000000000000000e+03
2.213000000000000000e+03
2.296000000000000000e+03
2.573000000000000000e+03
2.633000000000000000e+03
2.880000000000000000e+03
2.945000000000000000e+03
3.066000000000000000e+03
3.193000000000000000e+03
3.374000000000000000e+03
3.406000000000000000e+03
3.498000000000000000e+03
3.756000000000000000e+03
3.683000000000000000e+03
3.804000000000000000e+03
3.856000000000000000e+03
3.921000000000000000e+03
3.897000000000000000e+03
3.884000000000000000e+03
3.754000000000000000e+03
3.785000000000000000e+03
3.749000000000000000e+03
3.657000000000000000e+03
3.646000000000000000e+03
3.442000000000000000e+03
3.554000000000000000e+03
3.265000000000000000e+03
3.283000000000000000e+03
3.085000000000000000e+03
3.005000000000000000e+03
2.812000000000000000e+03
2.732000000000000000e+03
2.567000000000000000e+03
2.437000000000000000e+03
2.324000000000000000e+03
2.196000000000000000e+03
1.983000000000000000e+03
1.809000000000000000e+03
1.693000000000000000e+03
1.540000000000000000e+03
1.451000000000000000e+03
1.299000000000000000e+03
1.191000000000000000e+03
1.119000000000000000e+03
9.040000000000000000e+02
8.790000000000000000e+02
6.740000000000000000e+02
6.210000000000000000e+02
4.490000000000000000e+02
4.220000000000000000e+02
3.890000000000000000e+02
3.260000000000000000e+02
2.840000000000000000e+02
2.110000000000000000e+02
1.790000000000000000e+02
1.630000000000000000e+02
1.370000000000000000e+02
8.400000000000000000e+01
8.300000000000000000e+01
6.200000000000000000e+01
6.100000000000000000e+01
4.900000000000000000e+01
4.500000000000000000e+01
3.500000000000000000e+01
5.600000000000000000e+01
4.900000000000000000e+01
3.600000000000000000e+01
2.300000000000000000e+01
2.900000000000000000e+01
2.000000000000000000e+01
2.200000000000000000e+01
1.300000000000000000e+01
1.800000000000000000e+01
1.100000000000000000e+01
1.100000000000000000e+01
7.000000000000000000e+00
4.000000000000000000e+00
3.000000000000000000e+00
3.000000000000000000e+00
3.000000000000000000e+00
0.000000000000000000e+00
0.000000000000000000e+00
0.000000000000000000e+00
1.000000000000000000e+00
0.000000000000000000e+00
0.000000000000000000e+00
0.000000000000000000e+00
0.000000000000000000e+00
0.000000000000000000e+00
0.000000000000000000e+00
1.000000000000000000e+00
0.000000000000000000e+00
0.000000000000000000e+00
0.000000000000000000e+00
0.000000000000000000e+00
0.000000000000000000e+00
0.000000000000000000e+00
0.000000000000000000e+00
0.000000000000000000e+00
0.000000000000000000e+00
0.000000000000000000e+00
0.000000000000000000e+00
0.000000000000000000e+00
0.000000000000000000e+00
0.000000000000000000e+00
0.000000000000000000e+00
0.000000000000000000e+00
0.000000000000000000e+00
0.000000000000000000e+00
0.000000000000000000e+00
0.000000000000000000e+00
0.000000000000000000e+00
0.000000000000000000e+00
0.000000000000000000e+00
0.000000000000000000e+00
0.000000000000000000e+00
0.000000000000000000e+00
0.000000000000000000e+00
0.000000000000000000e+00
3.000000000000000000e+01
5.400000000000000000e+01
7.100000000000000000e+01
5.700000000000000000e+01
7.300000000000000000e+01
5.100000000000000000e+01
6.800000000000000000e+01
5.800000000000000000e+01
5.800000000000000000e+01
4.300000000000000000e+01
5.800000000000000000e+01
5.100000000000000000e+01
4.400000000000000000e+01
5.400000000000000000e+01
6.700000000000000000e+01
5.800000000000000000e+01
5.400000000000000000e+01
6.000000000000000000e+01
6.000000000000000000e+01
7.000000000000000000e+01
5.900000000000000000e+01
9.300000000000000000e+01
6.500000000000000000e+01
7.100000000000000000e+01
6.500000000000000000e+01
7.500000000000000000e+01
5.500000000000000000e+01
6.600000000000000000e+01
5.900000000000000000e+01
5.400000000000000000e+01
8.100000000000000000e+01
5.900000000000000000e+01
5.500000000000000000e+01
6.300000000000000000e+01
5.400000000000000000e+01
5.400000000000000000e+01
6.200000000000000000e+01
5.900000000000000000e+01
5.600000000000000000e+01
4.700000000000000000e+01
4.800000000000000000e+01
6.900000000000000000e+01
6.400000000000000000e+01
5.800000000000000000e+01
8.300000000000000000e+01
7.100000000000000000e+01
7.400000000000000000e+01
7.100000000000000000e+01
6.300000000000000000e+01
7.000000000000000000e+01
7.800000000000000000e+01
7.700000000000000000e+01
7.200000000000000000e+01
6.100000000000000000e+01
8.200000000000000000e+01
7.400000000000000000e+01
8.100000000000000000e+01
6.700000000000000000e+01
7.400000000000000000e+01
6.400000000000000000e+01
6.100000000000000000e+01
6.200000000000000000e+01
8.000000000000000000e+01
8.400000000000000000e+01
9.600000000000000000e+01
8.500000000000000000e+01
8.300000000000000000e+01
8.000000000000000000e+01
8.600000000000000000e+01
8.200000000000000000e+01
9.200000000000000000e+01
9.600000000000000000e+01
1.170000000000000000e+02
1.040000000000000000e+02
1.430000000000000000e+02
1.110000000000000000e+02
1.250000000000000000e+02
1.410000000000000000e+02
1.280000000000000000e+02
1.100000000000000000e+02
1.170000000000000000e+02
1.370000000000000000e+02
1.180000000000000000e+02
1.290000000000000000e+02
1.640000000000000000e+02
1.740000000000000000e+02
1.420000000000000000e+02
1.560000000000000000e+02
1.530000000000000000e+02
1.830000000000000000e+02
2.090000000000000000e+02
2.200000000000000000e+02
2.190000000000000000e+02
2.560000000000000000e+02
2.530000000000000000e+02
2.460000000000000000e+02
3.170000000000000000e+02
3.620000000000000000e+02
3.570000000000000000e+02
4.350000000000000000e+02
4.380000000000000000e+02
5.090000000000000000e+02
5.190000000000000000e+02
5.820000000000000000e+02
6.370000000000000000e+02
6.880000000000000000e+02
7.550000000000000000e+02
7.660000000000000000e+02
8.150000000000000000e+02
8.230000000000000000e+02
8.720000000000000000e+02
9.070000000000000000e+02
9.430000000000000000e+02
9.900000000000000000e+02
1.009000000000000000e+03
1.026000000000000000e+03
1.062000000000000000e+03
1.055000000000000000e+03
1.121000000000000000e+03
1.035000000000000000e+03
1.088000000000000000e+03
1.095000000000000000e+03
1.049000000000000000e+03
1.081000000000000000e+03
1.078000000000000000e+03
1.046000000000000000e+03
1.058000000000000000e+03
1.055000000000000000e+03
1.084000000000000000e+03
1.074000000000000000e+03
1.072000000000000000e+03
1.158000000000000000e+03
1.124000000000000000e+03
1.228000000000000000e+03
1.300000000000000000e+03
1.344000000000000000e+03
1.360000000000000000e+03
1.465000000000000000e+03
1.561000000000000000e+03
1.657000000000000000e+03
1.668000000000000000e+03
1.753000000000000000e+03
1.990000000000000000e+03
2.082000000000000000e+03
2.122000000000000000e+03
2.446000000000000000e+03
2.457000000000000000e+03
2.576000000000000000e+03
2.618000000000000000e+03
2.958000000000000000e+03
3.160000000000000000e+03
3.297000000000000000e+03
3.352000000000000000e+03
3.542000000000000000e+03
3.728000000000000000e+03
3.801000000000000000e+03
4.134000000000000000e+03
4.080000000000000000e+03
4.079000000000000000e+03
4.155000000000000000e+03
4.228000000000000000e+03
4.258000000000000000e+03
4.351000000000000000e+03
4.204000000000000000e+03
4.085000000000000000e+03
3.961000000000000000e+03
4.002000000000000000e+03
3.943000000000000000e+03
3.763000000000000000e+03
3.773000000000000000e+03
3.494000000000000000e+03
3.397000000000000000e+03
3.168000000000000000e+03
2.979000000000000000e+03
2.791000000000000000e+03
2.623000000000000000e+03
2.439000000000000000e+03
2.184000000000000000e+03
2.093000000000000000e+03
1.867000000000000000e+03
1.763000000000000000e+03
1.657000000000000000e+03
1.393000000000000000e+03
1.261000000000000000e+03
1.152000000000000000e+03
9.750000000000000000e+02
8.450000000000000000e+02
7.150000000000000000e+02
5.950000000000000000e+02
5.340000000000000000e+02
4.410000000000000000e+02
3.590000000000000000e+02
3.240000000000000000e+02
2.570000000000000000e+02
2.290000000000000000e+02
1.710000000000000000e+02
1.310000000000000000e+02
1.160000000000000000e+02
8.600000000000000000e+01
6.000000000000000000e+01
6.900000000000000000e+01
6.000000000000000000e+01
4.500000000000000000e+01
5.400000000000000000e+01
3.700000000000000000e+01
4.600000000000000000e+01
3.600000000000000000e+01
3.000000000000000000e+01
2.000000000000000000e+01
1.900000000000000000e+01
1.200000000000000000e+01
1.900000000000000000e+01
1.300000000000000000e+01
1.300000000000000000e+01
9.000000000000000000e+00
3.000000000000000000e+00
5.000000000000000000e+00
2.000000000000000000e+00
1.000000000000000000e+00
1.000000000000000000e+00
1.000000000000000000e+00
1.000000000000000000e+00
0.000000000000000000e+00
0.000000000000000000e+00
0.000000000000000000e+00
0.000000000000000000e+00
0.000000000000000000e+00
0.000000000000000000e+00
0.000000000000000000e+00
0.000000000000000000e+00
0.000000000000000000e+00
0.000000000000000000e+00
0.000000000000000000e+00
0.000000000000000000e+00
0.000000000000000000e+00
0.000000000000000000e+00
0.000000000000000000e+00
0.000000000000000000e+00
0.000000000000000000e+00
0.000000000000000000e+00
0.000000000000000000e+00
0.000000000000000000e+00
0.000000000000000000e+00
0.000000000000000000e+00
0.000000000000000000e+00
0.000000000000000000e+00
0.000000000000000000e+00
0.000000000000000000e+00
0.000000000000000000e+00
0.000000000000000000e+00
0.000000000000000000e+00
0.000000000000000000e+00
0.000000000000000000e+00
0.000000000000000000e+00
0.000000000000000000e+00
0.000000000000000000e+00
1.610000000000000000e+02
6.400000000000000000e+01
7.200000000000000000e+01
7.900000000000000000e+01
6.200000000000000000e+01
7.100000000000000000e+01
4.700000000000000000e+01
6.400000000000000000e+01
5.700000000000000000e+01
6.300000000000000000e+01
7.500000000000000000e+01
5.800000000000000000e+01
5.700000000000000000e+01
4.900000000000000000e+01
7.200000000000000000e+01
6.800000000000000000e+01
7.200000000000000000e+01
6.400000000000000000e+01
5.200000000000000000e+01
5.900000000000000000e+01
6.000000000000000000e+01
5.000000000000000000e+01
7.100000000000000000e+01
5.700000000000000000e+01
6.400000000000000000e+01
5.700000000000000000e+01
7.000000000000000000e+01
6.600000000000000000e+01
6.500000000000000000e+01
6.000000000000000000e+01
7.600000000000000000e+01
7.800000000000000000e+01
6.900000000000000000e+01
6.800000000000000000e+01
7.700000000000000000e+01
7.400000000000000000e+01
7.300000000000000000e+01
7.700000000000000000e+01
7.100000000000000000e+01
7.100000000000000000e+01
6.500000000000000000e+01
8.900000000000000000e+01
6.900000000000000000e+01
9.300000000000000000e+01
9.100000000000000000e+01
7.900000000000000000e+01
8.700000000000000000e+01
9.500000000000000000e+01
1.060000000000000000e+02
1.160000000000000000e+02
1.030000000000000000e+02
1.170000000000000000e+02
1.230000000000000000e+02
1.460000000000000000e+02
1.510000000000000000e+02
1.750000000000000000e+02
1.820000000000000000e+02
2.010000000000000000e+02
2.220000000000000000e+02
2.470000000000000000e+02
2.290000000000000000e+02
2.390000000000000000e+02
2.910000000000000000e+02
2.950000000000000000e+02
2.920000000000000000e+02
3.160000000000000000e+02
3.110000000000000000e+02
3.420000000000000000e+02
3.630000000000000000e+02
2.960000000000000000e+02
3.470000000000000000e+02
3.740000000000000000e+02
3.620000000000000000e+02
3.760000000000000000e+02
3.830000000000000000e+02
4.460000000000000000e+02
4.310000000000000000e+02
4.180000000000000000e+02
4.880000000000000000e+02
4.750000000000000000e+02
5.150000000000000000e+02
5.300000000000000000e+02
5.140000000000000000e+02
5.400000000000000000e+02
5.550000000000000000e+02
6.080000000000000000e+02
6.260000000000000000e+02
6.100000000000000000e+02
6.400000000000000000e+02
6.710000000000000000e+02
6.670000000000000000e+02
6.870000000000000000e+02
7.230000000000000000e+02
7.450000000000000000e+02
6.700000000000000000e+02
7.650000000000000000e+02
7.830000000000000000e+02
7.350000000000000000e+02
7.010000000000000000e+02
7.150000000000000000e+02
7.300000000000000000e+02
7.210000000000000000e+02
6.270000000000000000e+02
7.040000000000000000e+02
7.120000000000000000e+02
6.150000000000000000e+02
6.390000000000000000e+02
6.030000000000000000e+02
5.770000000000000000e+02
5.560000000000000000e+02
5.380000000000000000e+02
5.530000000000000000e+02
4.830000000000000000e+02
4.780000000000000000e+02
5.030000000000000000e+02
4.300000000000000000e+02
4.430000000000000000e+02
4.390000000000000000e+02
4.010000000000000000e+02
3.940000000000000000e+02
3.710000000000000000e+02
3.640000000000000000e+02
3.590000000000000000e+02
3.270000000000000000e+02
3.410000000000000000e+02
3.590000000000000000e+02
3.360000000000000000e+02
3.140000000000000000e+02
3.370000000000000000e+02
3.650000000000000000e+02
3.540000000000000000e+02
3.260000000000000000e+02
3.350000000000000000e+02
4.010000000000000000e+02
3.980000000000000000e+02
3.880000000000000000e+02
4.170000000000000000e+02
4.760000000000000000e+02
4.680000000000000000e+02
5.270000000000000000e+02
5.490000000000000000e+02
6.370000000000000000e+02
6.730000000000000000e+02
6.860000000000000000e+02
7.120000000000000000e+02
8.420000000000000000e+02
8.930000000000000000e+02
9.740000000000000000e+02
9.930000000000000000e+02
1.088000000000000000e+03
1.074000000000000000e+03
1.223000000000000000e+03
1.263000000000000000e+03
1.244000000000000000e+03
1.309000000000000000e+03
1.419000000000000000e+03
1.494000000000000000e+03
1.564000000000000000e+03
1.641000000000000000e+03
1.785000000000000000e+03
1.790000000000000000e+03
1.952000000000000000e+03
2.136000000000000000e+03
2.096000000000000000e+03
2.283000000000000000e+03
2.384000000000000000e+03
2.488000000000000000e+03
2.573000000000000000e+03
2.734000000000000000e+03
2.825000000000000000e+03
2.976000000000000000e+03
3.139000000000000000e+03
3.227000000000000000e+03
3.220000000000000000e+03
3.273000000000000000e+03
3.409000000000000000e+03
3.457000000000000000e+03
3.490000000000000000e+03
3.517000000000000000e+03
3.508000000000000000e+03
3.546000000000000000e+03
3.517000000000000000e+03
3.538000000000000000e+03
3.577000000000000000e+03
3.456000000000000000e+03
3.433000000000000000e+03
3.451000000000000000e+03
3.342000000000000000e+03
3.302000000000000000e+03
3.089000000000000000e+03
3.105000000000000000e+03
2.805000000000000000e+03
2.786000000000000000e+03
2.685000000000000000e+03
2.389000000000000000e+03
2.290000000000000000e+03
2.088000000000000000e+03
1.971000000000000000e+03
1.820000000000000000e+03
1.642000000000000000e+03
1.580000000000000000e+03
1.334000000000000000e+03
1.194000000000000000e+03
1.057000000000000000e+03
9.760000000000000000e+02
8.400000000000000000e+02
7.130000000000000000e+02
6.320000000000000000e+02
5.230000000000000000e+02
4.260000000000000000e+02
3.490000000000000000e+02
3.230000000000000000e+02
2.650000000000000000e+02
2.080000000000000000e+02
1.800000000000000000e+02
1.420000000000000000e+02
1.070000000000000000e+02
9.600000000000000000e+01
1.030000000000000000e+02
4.800000000000000000e+01
4.300000000000000000e+01
4.700000000000000000e+01
3.400000000000000000e+01
3.000000000000000000e+01
2.900000000000000000e+01
1.900000000000000000e+01
1.200000000000000000e+01
1.600000000000000000e+01
1.000000000000000000e+01
1.300000000000000000e+01
4.000000000000000000e+00
2.000000000000000000e+00
2.000000000000000000e+00
1.000000000000000000e+00
3.000000000000000000e+00
1.000000000000000000e+00
0.000000000000000000e+00
0.000000000000000000e+00
1.000000000000000000e+00
0.000000000000000000e+00
0.000000000000000000e+00
0.000000000000000000e+00
0.000000000000000000e+00
0.000000000000000000e+00
0.000000000000000000e+00
0.000000000000000000e+00
0.000000000000000000e+00
0.000000000000000000e+00
0.000000000000000000e+00
0.000000000000000000e+00
0.000000000000000000e+00
0.000000000000000000e+00
0.000000000000000000e+00
0.000000000000000000e+00
0.000000000000000000e+00
0.000000000000000000e+00
5.861000000000000000e+03
4.301000000000000000e+03
2.316000000000000000e+03
6.087000000000000000e+03
5.767000000000000000e+03
2.647100000000000000e+04
9.178000000000000000e+03
9.416000000000000000e+03
2.315800000000000000e+04
1.477500000000000000e+04
9.575000000000000000e+03
1.160700000000000000e+04
3.999000000000000000e+03
3.205000000000000000e+03
1.237000000000000000e+03
8.990000000000000000e+02
7.550000000000000000e+02
2.860000000000000000e+02
2.450000000000000000e+02
2.880000000000000000e+02
2.830000000000000000e+02
5.450000000000000000e+02
2.500000000000000000e+02
4.980000000000000000e+02
1.810000000000000000e+02
3.180000000000000000e+02
7.930000000000000000e+02
3.000000000000000000e+00
9.100000000000000000e+01
3.100000000000000000e+01
9.880000000000000000e+02
0.000000000000000000e+00
7.770000000000000000e+02
8.700000000000000000e+01
5.590000000000000000e+02
1.284000000000000000e+03
1.080000000000000000e+02
4.010000000000000000e+02
5.380000000000000000e+02
1.860000000000000000e+02
2.040000000000000000e+02
1.890000000000000000e+02
4.310000000000000000e+02
6.800000000000000000e+02
1.840000000000000000e+02
2.200000000000000000e+02
5.510000000000000000e+02
7.600000000000000000e+01
6.000000000000000000e+02
2.680000000000000000e+02
4.380000000000000000e+02
6.020000000000000000e+02
4.090000000000000000e+02
4.330000000000000000e+02
5.540000000000000000e+02
6.850000000000000000e+02
6.500000000000000000e+02
6.130000000000000000e+02
1.110000000000000000e+03
6.480000000000000000e+02
1.315000000000000000e+03
5.660000000000000000e+02
1.001000000000000000e+03
2.083000000000000000e+03
1.219000000000000000e+03
1.213000000000000000e+03
2.377000000000000000e+03
2.665000000000000000e+03
9.220000000000000000e+02
3.317000000000000000e+03
1.736000000000000000e+03
1.626000000000000000e+03
1.474000000000000000e+03
1.447000000000000000e+03
1.236000000000000000e+03
7.820000000000000000e+02
3.290000000000000000e+02
2.970000000000000000e+02
3.300000000000000000e+01
2.910000000000000000e+02
1.015000000000000000e+03
7.600000000000000000e+01
8.500000000000000000e+01
3.120000000000000000e+02
1.720000000000000000e+02
1.290000000000000000e+02
5.100000000000000000e+01
3.750000000000000000e+02
5.500000000000000000e+01
2.500000000000000000e+01
3.280000000000000000e+02
7.400000000000000000e+01
6.800000000000000000e+01
1.120000000000000000e+02
4.600000000000000000e+01
2.420000000000000000e+02
3.230000000000000000e+02
2.900000000000000000e+01
2.070000000000000000e+02
9.200000000000000000e+01
6.200000000000000000e+01
2.710000000000000000e+02
8.100000000000000000e+01
2.550000000000000000e+02
9.500000000000000000e+01
1.520000000000000000e+02
1.250000000000000000e+02
7.800000000000000000e+01
3.000000000000000000e+01
6.200000000000000000e+01
1.670000000000000000e+02
6.800000000000000000e+01
1.100000000000000000e+01
1.700000000000000000e+01
5.600000000000000000e+01
2.300000000000000000e+01
4.000000000000000000e+00
0.000000000000000000e+00
0.000000000000000000e+00
0.000000000000000000e+00
9.500000000000000000e+01
0.000000000000000000e+00
0.000000000000000000e+00
0.000000000000000000e+00
4.000000000000000000e+00
1.800000000000000000e+01
5.500000000000000000e+01
0.000000000000000000e+00
0.000000000000000000e+00
0.000000000000000000e+00
0.000000000000000000e+00
0.000000000000000000e+00
2.000000000000000000e+01
2.000000000000000000e+00
0.000000000000000000e+00
2.000000000000000000e+00
0.000000000000000000e+00
0.000000000000000000e+00
0.000000000000000000e+00
0.000000000000000000e+00
3.100000000000000000e+01
1.000000000000000000e+00
0.000000000000000000e+00
0.000000000000000000e+00
0.000000000000000000e+00
5.000000000000000000e+00
0.000000000000000000e+00
0.000000000000000000e+00
0.000000000000000000e+00
0.000000000000000000e+00
0.000000000000000000e+00
0.000000000000000000e+00
0.000000000000000000e+00
0.000000000000000000e+00
0.000000000000000000e+00
0.000000000000000000e+00
1.100000000000000000e+01
0.000000000000000000e+00
0.000000000000000000e+00
0.000000000000000000e+00
4.000000000000000000e+00
0.000000000000000000e+00
0.000000000000000000e+00
9.000000000000000000e+00
7.000000000000000000e+00
6.000000000000000000e+01
9.000000000000000000e+00
0.000000000000000000e+00
0.000000000000000000e+00
8.800000000000000000e+01
1.890000000000000000e+02
0.000000000000000000e+00
0.000000000000000000e+00
4.600000000000000000e+01
1.600000000000000000e+02
2.880000000000000000e+02
6.900000000000000000e+01
1.074000000000000000e+03
6.330000000000000000e+02
7.210000000000000000e+02
0.000000000000000000e+00
0.000000000000000000e+00
0.000000000000000000e+00
0.000000000000000000e+00
0.000000000000000000e+00
0.000000000000000000e+00
0.000000000000000000e+00
0.000000000000000000e+00
0.000000000000000000e+00
0.000000000000000000e+00
0.000000000000000000e+00
0.000000000000000000e+00
0.000000000000000000e+00
0.000000000000000000e+00
0.000000000000000000e+00
0.000000000000000000e+00
0.000000000000000000e+00
0.000000000000000000e+00
0.000000000000000000e+00
0.000000000000000000e+00
0.000000000000000000e+00
0.000000000000000000e+00
0.000000000000000000e+00
0.000000000000000000e+00
0.000000000000000000e+00
0.000000000000000000e+00
0.000000000000000000e+00
0.000000000000000000e+00
0.000000000000000000e+00
0.000000000000000000e+00
0.000000000000000000e+00
0.000000000000000000e+00
0.000000000000000000e+00
0.000000000000000000e+00
0.000000000000000000e+00
0.000000000000000000e+00
0.000000000000000000e+00
0.000000000000000000e+00
0.000000000000000000e+00
0.000000000000000000e+00
0.000000000000000000e+00
0.000000000000000000e+00
0.000000000000000000e+00
0.000000000000000000e+00
0.000000000000000000e+00
0.000000000000000000e+00
0.000000000000000000e+00
0.000000000000000000e+00
0.000000000000000000e+00
0.000000000000000000e+00
0.000000000000000000e+00
0.000000000000000000e+00
0.000000000000000000e+00
0.000000000000000000e+00
0.000000000000000000e+00
0.000000000000000000e+00
0.000000000000000000e+00
0.000000000000000000e+00
0.000000000000000000e+00
0.000000000000000000e+00
0.000000000000000000e+00
0.000000000000000000e+00
0.000000000000000000e+00
0.000000000000000000e+00
0.000000000000000000e+00
0.000000000000000000e+00
0.000000000000000000e+00
0.000000000000000000e+00
0.000000000000000000e+00
0.000000000000000000e+00
0.000000000000000000e+00
0.000000000000000000e+00
0.000000000000000000e+00
0.000000000000000000e+00
0.000000000000000000e+00
0.000000000000000000e+00
1.110000000000000000e+02
0.000000000000000000e+00
0.000000000000000000e+00
7.000000000000000000e+00
6.600000000000000000e+01
4.100000000000000000e+01
7.800000000000000000e+01
5.200000000000000000e+01
7.900000000000000000e+01
1.380000000000000000e+02
2.190000000000000000e+02
1.960000000000000000e+02
2.650000000000000000e+02
3.670000000000000000e+02
4.170000000000000000e+02
5.300000000000000000e+02
7.040000000000000000e+02
1.035000000000000000e+03
1.406000000000000000e+03
1.811000000000000000e+03
2.287000000000000000e+03
2.815000000000000000e+03
3.258000000000000000e+03
3.799000000000000000e+03
4.249000000000000000e+03
4.774000000000000000e+03
5.792000000000000000e+03
6.609000000000000000e+03
7.492000000000000000e+03
7.981000000000000000e+03
8.523000000000000000e+03
8.419000000000000000e+03
9.138000000000000000e+03
9.671000000000000000e+03
9.333000000000000000e+03
9.345000000000000000e+03
9.090000000000000000e+03
7.637000000000000000e+03
7.326000000000000000e+03
6.250000000000000000e+03
5.388000000000000000e+03
4.706000000000000000e+03
4.182000000000000000e+03
3.356000000000000000e+03
3.056000000000000000e+03
2.644000000000000000e+03
2.133000000000000000e+03
2.068000000000000000e+03
1.784000000000000000e+03
1.474000000000000000e+03
1.287000000000000000e+03
1.484000000000000000e+03
9.490000000000000000e+02
9.880000000000000000e+02
9.240000000000000000e+02
7.740000000000000000e+02
7.920000000000000000e+02
6.530000000000000000e+02
7.200000000000000000e+02
5.480000000000000000e+02
5.400000000000000000e+02
5.600000000000000000e+02
4.000000000000000000e+02
4.080000000000000000e+02
4.500000000000000000e+02
3.130000000000000000e+02
3.230000000000000000e+02
3.090000000000000000e+02
2.870000000000000000e+02
2.320000000000000000e+02
2.760000000000000000e+02
2.190000000000000000e+02
1.930000000000000000e+02
2.060000000000000000e+02
1.900000000000000000e+02
1.700000000000000000e+02
1.830000000000000000e+02
1.450000000000000000e+02
1.480000000000000000e+02
1.290000000000000000e+02
1.450000000000000000e+02
1.230000000000000000e+02
1.280000000000000000e+02
1.030000000000000000e+02
1.100000000000000000e+02
1.460000000000000000e+02
1.090000000000000000e+02
9.300000000000000000e+01
1.100000000000000000e+02
1.020000000000000000e+02
1.030000000000000000e+02
1.270000000000000000e+02
1.230000000000000000e+02
1.000000000000000000e+02
1.200000000000000000e+02
1.340000000000000000e+02
1.410000000000000000e+02
1.150000000000000000e+02
1.340000000000000000e+02
1.050000000000000000e+02
1.070000000000000000e+02
8.500000000000000000e+01
1.390000000000000000e+02
1.080000000000000000e+02
9.800000000000000000e+01
7.900000000000000000e+01
8.900000000000000000e+01
8.500000000000000000e+01
6.900000000000000000e+01
9.700000000000000000e+01
6.600000000000000000e+01
7.300000000000000000e+01
6.200000000000000000e+01
7.200000000000000000e+01
6.900000000000000000e+01
5.300000000000000000e+01
5.800000000000000000e+01
5.100000000000000000e+01
5.300000000000000000e+01
2.500000000000000000e+01
3.700000000000000000e+01
3.500000000000000000e+01
1.700000000000000000e+01
2.500000000000000000e+01
2.200000000000000000e+01
1.700000000000000000e+01
1.700000000000000000e+01
2.700000000000000000e+01
7.200000000000000000e+01
9.000000000000000000e+00
5.000000000000000000e+00
1.100000000000000000e+01
3.000000000000000000e+00
1.200000000000000000e+01
6.000000000000000000e+00
1.100000000000000000e+01
4.000000000000000000e+00
7.000000000000000000e+00
5.000000000000000000e+00
1.400000000000000000e+01
1.300000000000000000e+01
0.000000000000000000e+00
2.000000000000000000e+01
6.000000000000000000e+00
6.000000000000000000e+00
4.000000000000000000e+00
1.000000000000000000e+01
4.000000000000000000e+00
6.000000000000000000e+00
3.000000000000000000e+00
4.000000000000000000e+00
7.000000000000000000e+00
1.000000000000000000e+00
2.200000000000000000e+01
0.000000000000000000e+00
1.000000000000000000e+00
5.000000000000000000e+00
1.300000000000000000e+01
6.000000000000000000e+00
1.400000000000000000e+01
2.000000000000000000e+00
3.000000000000000000e+00
7.000000000000000000e+00
2.000000000000000000e+00
7.000000000000000000e+00
9.000000000000000000e+00
5.000000000000000000e+00
2.000000000000000000e+00
1.000000000000000000e+00
0.000000000000000000e+00
3.500000000000000000e+01
0.000000000000000000e+00
1.000000000000000000e+00
2.000000000000000000e+00
3.000000000000000000e+00
5.000000000000000000e+00
3.000000000000000000e+00
2.000000000000000000e+00
0.000000000000000000e+00
5.000000000000000000e+00
5.000000000000000000e+00
3.000000000000000000e+00
1.200000000000000000e+01
0.000000000000000000e+00
4.000000000000000000e+00
8.000000000000000000e+00
4.000000000000000000e+00
7.000000000000000000e+00
1.000000000000000000e+00
1.000000000000000000e+00
0.000000000000000000e+00
2.200000000000000000e+01
0.000000000000000000e+00
1.000000000000000000e+00
4.000000000000000000e+00
3.000000000000000000e+00
3.000000000000000000e+00
3.000000000000000000e+00
2.000000000000000000e+00
0.000000000000000000e+00
3.000000000000000000e+00
2.000000000000000000e+00
0.000000000000000000e+00
2.000000000000000000e+00
1.100000000000000000e+01
1.000000000000000000e+00
2.000000000000000000e+00
2.000000000000000000e+00
2.000000000000000000e+00
4.000000000000000000e+00
0.000000000000000000e+00
3.000000000000000000e+00
0.000000000000000000e+00
1.700000000000000000e+01
0.000000000000000000e+00
1.000000000000000000e+00
0.000000000000000000e+00
1.000000000000000000e+00
1.000000000000000000e+00
5.000000000000000000e+00
1.000000000000000000e+00
1.000000000000000000e+00
1.000000000000000000e+00
1.000000000000000000e+00
1.000000000000000000e+00
1.000000000000000000e+00
0.000000000000000000e+00
3.000000000000000000e+00
1.000000000000000000e+00
0.000000000000000000e+00
1.000000000000000000e+00
0.000000000000000000e+00
0.000000000000000000e+00
0.000000000000000000e+00
4.000000000000000000e+00
1.000000000000000000e+00
0.000000000000000000e+00
1.000000000000000000e+00
0.000000000000000000e+00
0.000000000000000000e+00
0.000000000000000000e+00
0.000000000000000000e+00
0.000000000000000000e+00
0.000000000000000000e+00
0.000000000000000000e+00
1.000000000000000000e+00
0.000000000000000000e+00
0.000000000000000000e+00
0.000000000000000000e+00
0.000000000000000000e+00
0.000000000000000000e+00
0.000000000000000000e+00
0.000000000000000000e+00
0.000000000000000000e+00
0.000000000000000000e+00
2.320000000000000000e+02
1.300000000000000000e+01
4.700000000000000000e+01
5.400000000000000000e+01
5.800000000000000000e+01
5.700000000000000000e+01
4.900000000000000000e+01
4.900000000000000000e+01
4.200000000000000000e+01
5.400000000000000000e+01
4.500000000000000000e+01
4.100000000000000000e+01
5.200000000000000000e+01
4.600000000000000000e+01
5.100000000000000000e+01
5.300000000000000000e+01
4.900000000000000000e+01
5.100000000000000000e+01
5.200000000000000000e+01
5.100000000000000000e+01
4.800000000000000000e+01
4.100000000000000000e+01
6.100000000000000000e+01
6.500000000000000000e+01
5.900000000000000000e+01
5.400000000000000000e+01
6.300000000000000000e+01
5.600000000000000000e+01
5.900000000000000000e+01
6.600000000000000000e+01
6.000000000000000000e+01
7.900000000000000000e+01
7.400000000000000000e+01
6.600000000000000000e+01
7.000000000000000000e+01
7.600000000000000000e+01
6.700000000000000000e+01
6.700000000000000000e+01
6.300000000000000000e+01
6.900000000000000000e+01
7.200000000000000000e+01
5.600000000000000000e+01
7.100000000000000000e+01
5.500000000000000000e+01
5.800000000000000000e+01
8.300000000000000000e+01
7.300000000000000000e+01
7.100000000000000000e+01
6.700000000000000000e+01
5.800000000000000000e+01
8.100000000000000000e+01
7.500000000000000000e+01
7.700000000000000000e+01
6.300000000000000000e+01
7.800000000000000000e+01
7.400000000000000000e+01
7.300000000000000000e+01
7.100000000000000000e+01
7.300000000000000000e+01
8.000000000000000000e+01
7.300000000000000000e+01
5.800000000000000000e+01
7.400000000000000000e+01
8.900000000000000000e+01
7.400000000000000000e+01
1.000000000000000000e+02
8.500000000000000000e+01
8.100000000000000000e+01
8.200000000000000000e+01
9.000000000000000000e+01
7.900000000000000000e+01
9.200000000000000000e+01
9.600000000000000000e+01
1.040000000000000000e+02
1.060000000000000000e+02
1.350000000000000000e+02
1.060000000000000000e+02
1.220000000000000000e+02
1.330000000000000000e+02
1.100000000000000000e+02
1.070000000000000000e+02
1.120000000000000000e+02
1.370000000000000000e+02
1.270000000000000000e+02
1.190000000000000000e+02
1.510000000000000000e+02
1.590000000000000000e+02
1.530000000000000000e+02
1.440000000000000000e+02
1.690000000000000000e+02
1.590000000000000000e+02
1.930000000000000000e+02
2.100000000000000000e+02
2.170000000000000000e+02
2.430000000000000000e+02
2.350000000000000000e+02
2.400000000000000000e+02
3.050000000000000000e+02
3.450000000000000000e+02
3.480000000000000000e+02
4.080000000000000000e+02
4.320000000000000000e+02
4.710000000000000000e+02
5.060000000000000000e+02
5.630000000000000000e+02
6.060000000000000000e+02
6.610000000000000000e+02
7.300000000000000000e+02
7.300000000000000000e+02
7.970000000000000000e+02
7.860000000000000000e+02
8.340000000000000000e+02
8.620000000000000000e+02
8.870000000000000000e+02
9.200000000000000000e+02
9.440000000000000000e+02
9.500000000000000000e+02
9.460000000000000000e+02
9.610000000000000000e+02
1.002000000000000000e+03
9.390000000000000000e+02
9.760000000000000000e+02
9.710000000000000000e+02
8.780000000000000000e+02
8.960000000000000000e+02
9.150000000000000000e+02
8.610000000000000000e+02
8.320000000000000000e+02
8.000000000000000000e+02
7.630000000000000000e+02
7.830000000000000000e+02
6.940000000000000000e+02
7.300000000000000000e+02
6.570000000000000000e+02
6.900000000000000000e+02
7.060000000000000000e+02
6.610000000000000000e+02
6.480000000000000000e+02
6.940000000000000000e+02
6.650000000000000000e+02
7.280000000000000000e+02
7.400000000000000000e+02
7.410000000000000000e+02
8.210000000000000000e+02
8.060000000000000000e+02
7.980000000000000000e+02
9.460000000000000000e+02
9.780000000000000000e+02
1.043000000000000000e+03
1.058000000000000000e+03
1.144000000000000000e+03
1.172000000000000000e+03
1.315000000000000000e+03
1.305000000000000000e+03
1.306000000000000000e+03
1.339000000000000000e+03
1.487000000000000000e+03
1.560000000000000000e+03
1.618000000000000000e+03
1.677000000000000000e+03
1.842000000000000000e+03
1.878000000000000000e+03
2.010000000000000000e+03
2.184000000000000000e+03
2.197000000000000000e+03
2.343000000000000000e+03
2.449000000000000000e+03
2.566000000000000000e+03
2.638000000000000000e+03
2.803000000000000000e+03
2.894000000000000000e+03
3.027000000000000000e+03
3.216000000000000000e+03
3.302000000000000000e+03
3.262000000000000000e+03
3.307000000000000000e+03
3.473000000000000000e+03
3.497000000000000000e+03
3.544000000000000000e+03
3.556000000000000000e+03
3.531000000000000000e+03
3.582000000000000000e+03
3.551000000000000000e+03
3.575000000000000000e+03
3.597000000000000000e+03
3.498000000000000000e+03
3.452000000000000000e+03
3.461000000000000000e+03
3.365000000000000000e+03
3.322000000000000000e+03
3.106000000000000000e+03
3.115000000000000000e+03
2.814000000000000000e+03
2.791000000000000000e+03
2.700000000000000000e+03
2.399000000000000000e+03
2.304000000000000000e+03
2.092000000000000000e+03
1.982000000000000000e+03
1.826000000000000000e+03
1.643000000000000000e+03
1.584000000000000000e+03
1.341000000000000000e+03
1.199000000000000000e+03
1.067000000000000000e+03
9.790000000000000000e+02
8.420000000000000000e+02
7.190000000000000000e+02
6.350000000000000000e+02
5.250000000000000000e+02
4.270000000000000000e+02
3.500000000000000000e+02
3.280000000000000000e+02
2.650000000000000000e+02
2.080000000000000000e+02
1.810000000000000000e+02
1.440000000000000000e+02
1.070000000000000000e+02
9.600000000000000000e+01
1.030000000000000000e+02
4.800000000000000000e+01
4.300000000000000000e+01
4.700000000000000000e+01
3.400000000000000000e+01
3.000000000000000000e+01
2.900000000000000000e+01
1.900000000000000000e+01
1.200000000000000000e+01
1.700000000000000000e+01
1.000000000000000000e+01
1.300000000000000000e+01
4.000000000000000000e+00
2.000000000000000000e+00
2.000000000000000000e+00
1.000000000000000000e+00
3.000000000000000000e+00
1.000000000000000000e+00
0.000000000000000000e+00
0.000000000000000000e+00
1.000000000000000000e+00
0.000000000000000000e+00
0.000000000000000000e+00
0.000000000000000000e+00
0.000000000000000000e+00
0.000000000000000000e+00
0.000000000000000000e+00
0.000000000000000000e+00
0.000000000000000000e+00
0.000000000000000000e+00
0.000000000000000000e+00
0.000000000000000000e+00
0.000000000000000000e+00
0.000000000000000000e+00
0.000000000000000000e+00
0.000000000000000000e+00
0.000000000000000000e+00
0.000000000000000000e+00
