2.264638254700912512e-08
1.444438339603948407e-06
9.179035487250075676e-07
4.983378971701313276e-07
8.274042784250923432e-07
1.132932197833724786e-06
6.046224712008552160e-07
4.528054944330506260e-07
1.423824045332366950e-07
7.966719977048342116e-07
1.893797502816596534e-06
3.313226898171706125e-06
3.614498155002365820e-06
1.499935478932457045e-06
6.486751544798607938e-07
5.152666062713251449e-07
3.266136900492710993e-06
4.014266892227169592e-07
1.409269287933057058e-07
1.051655317496624775e-06
5.103940452499955427e-07
4.838622089664568193e-07
6.204837177392619196e-07
3.441803357873141067e-07
2.106971351167885587e-06
1.380060439259978011e-06
3.093941586485016160e-06
1.574341695231851190e-06
1.115288000619329978e-06
9.996666250344787841e-08
1.861655221091496060e-07
5.695043910236563534e-06
1.099344990507233888e-05
1.753730174414158682e-07
2.009946342695911881e-07
2.505924499018874485e-07
1.134614649345166981e-06
5.444836403967201477e-08
5.764247362094465643e-06
3.597566262669715798e-07
1.123752326748217456e-06
6.461683597080991603e-07
1.200395900013973005e-06
1.070789835466712248e-06
1.456412860534328502e-06
4.174754337782360381e-07
2.845906692527933046e-07
3.841926172754028812e-06
6.079041270368179539e-09
1.391391748484238633e-07
5.822238335895235650e-07
2.044629354713833891e-06
2.018396259018118144e-07
7.175578389251313638e-07
1.648768261475197505e-06
2.689613154416292673e-07
1.948914359672926366e-06
5.673525151905778330e-07
2.109380147885531187e-06
2.434858515698579140e-06
4.293129222787683830e-06
5.938380240877449978e-07
4.495962855344259879e-07
2.216125665199797368e-07
1.754466154579858994e-07
1.760663735694834031e-06
1.851823526521911845e-06
4.231900163631507894e-07
9.919567673932760954e-07
6.529564871016191319e-07
9.361041593365371227e-04
1.239917619386687875e-04
1.463252934627234936e-03
9.040160179138183594e-01
5.595223605632781982e-02
3.944008611142635345e-03
1.069698773790150881e-04
2.253029961138963699e-03
6.099170073866844177e-03
7.464624650310724974e-05
1.179149990093719680e-06
3.163284247875708388e-07
1.247876298293704167e-06
1.416170675838657189e-06
3.446529888151417254e-07
2.773744540718325879e-07
2.538027672471798724e-07
2.779596854907140369e-07
1.018528678287111688e-06
4.381253049245970033e-08
4.391441450479760533e-07
3.030341702014993643e-07
1.928975507325958461e-06
8.914414451055563404e-08
3.382657814654521644e-05
1.436294638779145316e-07
6.001158112667326350e-07
1.177495363435809850e-07
4.009744429822603706e-07
8.757130132153179147e-08
6.029634960214025341e-07
1.200938015699648531e-07
5.872994535138786887e-08
1.581553078722208738e-06
1.440692898313500336e-07
5.586366924603680673e-08
6.218068193675208022e-08
6.350118383124936372e-06
2.722851775160961552e-07
3.549014948589501728e-08
1.254329959010647144e-06
7.133443887141766027e-06
7.280317504410049878e-07
8.747815627430099994e-06
1.255241841136012226e-06
7.790737072355113924e-06
3.608606391480861930e-07
2.971898311443510465e-06
1.387372435601719189e-06
1.425029040547087789e-05
8.789058483671396971e-06
8.035168320930097252e-06
9.349366337119136006e-06
6.373771611833944917e-05
4.808578887605108321e-05
2.900244180636946112e-05
9.425197640666738153e-05
8.619534810350160114e-07
3.807575410519348225e-07
4.844176828555646352e-07
7.749170549686823506e-07
1.508845741682307562e-07
3.549916982592549175e-07
1.656901105206998182e-07
6.059038923922344111e-07
9.610074584998073988e-07
3.512643615977140144e-07
2.644454752953606658e-07
2.400761900389625225e-07
4.111355735858523985e-07
2.362374402764544357e-07
1.156569283011776861e-06
2.020329645802121377e-07
1.286018544988110079e-07
1.903237830447324086e-06
2.716296343407975655e-08
5.495658683685178403e-08
2.087099488790045143e-07
1.190785710036834644e-07
1.523352644028364011e-08
8.192272105134179583e-08
1.195063987324829213e-06
3.901147493934331578e-08
5.348197262833309651e-08
3.867430820037043304e-08
1.110904435108750477e-07
1.107926053123264865e-07
7.218287123578193132e-08
8.521795962224132381e-07
1.116109942245202546e-07
1.595874579152223305e-07
1.268171274659835035e-07
5.458395690993711469e-08
1.808162721772532677e-07
3.601850266932160594e-07
4.286486898763541831e-07
2.453792831147438847e-07
1.713415400672602118e-07
2.629233506468153792e-07
1.682213479625715991e-07
1.382674099659197964e-06
4.350088147475617006e-07
8.417008956485005911e-08
3.715076388743909774e-07
1.255071140349173220e-07
1.863943310809190734e-07
2.665650526978424750e-07
9.042650503943150397e-07
9.441237693863513414e-07
1.037399215420009568e-07
2.989294500821415568e-08
1.290097429773595650e-06
9.094506481233111117e-07
3.246128414957638597e-07
8.497838734911056235e-07
4.000684157290379517e-07
8.744884212319448125e-07
1.090310888685053214e-06
3.077273049711948261e-07
7.134303814382292330e-07
1.541380783010026789e-07
1.107827301893848926e-06
1.802707885190102388e-07
2.196027537593181478e-07
1.819161354887910420e-07
2.127385272387982695e-07
2.821285534082562663e-07
2.395620697370759444e-07
2.957237654754862888e-07
5.161091394256800413e-07
5.517367895890856744e-08
4.445022128152231744e-08
1.202905082209326793e-07
1.214285845207996317e-07
5.000542913080607832e-08
4.637977042420970974e-07
2.871744300136924721e-07
4.838728386857837904e-07
1.216343662235885859e-06
3.633826963778119534e-07
6.323983825495815836e-07
6.302850010797556024e-07
3.030228867828554939e-07
6.572948905159137212e-07
1.956918112000494148e-07
2.544619803757086629e-07
1.709607460043116589e-07
2.883005834064533701e-07
2.067248487946926616e-07
2.684247704110021004e-07
3.197524165443610400e-07
1.574082034494495019e-06
1.652884407121746335e-07
2.431795564916683361e-06
1.321551735600223765e-06
7.984015724105120171e-07
8.777146121019541170e-08
4.079458335581875872e-07
2.217929448988797958e-07
4.315475976568450278e-08
7.243733080031233840e-08
7.248723221664477023e-08
2.390328290857723914e-07
1.612753237623110181e-07
4.383784357742115390e-07
1.875063304623836302e-07
7.085699849085358437e-07
1.004809291771380231e-06
6.962922327602427686e-08
9.667355271858468768e-08
1.759130441314482596e-07
5.966246021671395283e-07
1.598148458015202777e-07
1.173442853996675694e-07
1.644955744950493681e-07
7.202127960681536933e-08
3.640073771293828031e-07
7.540052848753475701e-08
3.418378469177696388e-07
2.468092645813158015e-07
2.903014149069349514e-07
2.462012162141036242e-06
2.160487042601744179e-07
6.283497810954941087e-08
3.427577723869035253e-07
8.176520793767849682e-08
2.532553935452597216e-07
5.427644822475485853e-08
9.022264890745645971e-08
1.028111498158068571e-07
6.226018456345627783e-08
1.466115548964808113e-07
4.476424066979234340e-07
4.209498172258463455e-08
1.037988965890690451e-07
3.969194608544057701e-07
3.602685296755225863e-07
2.292564857953038882e-07
4.138400413467024919e-07
9.666937330621294677e-07
2.525605111713957740e-07
2.646743268996942788e-07
1.492363367106008809e-06
2.626910031722218264e-07
2.800577192374475999e-07
9.335249160358216614e-07
4.075542392456554808e-07
5.373142926146101672e-07
1.655201629091607174e-07
6.812923203369791736e-08
4.902522050542756915e-07
7.606016652061953209e-07
7.833870654394559097e-07
6.296937726801843382e-07
7.386374250017979648e-07
1.579732042955583893e-06
3.161326844747236464e-07
6.853773015791375656e-07
1.558881535856926348e-06
4.036332370560558047e-07
4.932107344757241663e-07
9.125030686618629261e-08
2.205371032459879643e-07
6.334739737212657928e-07
2.887777554860804230e-07
1.443780632826019428e-07
1.098490276518759856e-08
3.122427472135314019e-08
1.792547124068732955e-07
7.172712344072351698e-07
8.037647785386070609e-05
9.407363540958613157e-05
2.646484645083546638e-04
6.454579997807741165e-04
2.977668773382902145e-04
3.646830691650393419e-06
3.361619383213110268e-05
5.525680026039481163e-04
1.254472444998100400e-04
1.856024464359506965e-04
3.407826297916471958e-04
1.587357110111042857e-04
5.365664837881922722e-04
2.250768447993323207e-04
1.708014751784503460e-03
1.358336739940568805e-04
1.308205264649586752e-05
1.579870731802657247e-04
1.149521325714886189e-03
2.763227385003119707e-04
3.056760760955512524e-04
2.956328680738806725e-04
3.964999632444232702e-05
2.263212445541284978e-05
1.531408452137839049e-05
4.107309905521105975e-06
3.188772534485906363e-04
5.467320079333148897e-06
1.166815491160377860e-05
3.996649411419639364e-07
2.557919174250855576e-07
1.280536480408045463e-06
2.937459342433612619e-08
2.179775577815235010e-07
5.844055976922390983e-07
2.015410984768095659e-07
3.314595176107104635e-08
1.610110757610527799e-06
2.053684227121266304e-07
9.897780017809054698e-08
8.446065180578443687e-07
1.519638743729956332e-07
1.958643309762919671e-07
1.539309408826738945e-07
4.994127777990797767e-08
4.139209863751602825e-07
5.335087962521356530e-07
1.829391180763195734e-07
4.772798334329309000e-08
1.745970195088375476e-07
7.909578698672703467e-07
5.632874717775848694e-07
1.873498490567726549e-06
1.952605543920071796e-06
2.834709903254406527e-06
8.304992888952256180e-07
6.214511358848540112e-06
1.521777107882371638e-06
5.361697503758477978e-07
4.417286447733204113e-07
6.287342557698138990e-07
3.708697420279349899e-07
4.218872220462799305e-07
2.650157853167911526e-07
2.671240508789196610e-06
5.559635951613017824e-07
1.034790599874213513e-07
6.473180746979778633e-07
3.331056177557911724e-07
2.518838471132767154e-07
6.610809322182831238e-08
3.743114405097003328e-07
7.437284210709549370e-08
3.638459702415275387e-07
4.461473395167558920e-07
1.501748272403347073e-07
3.589389052649494261e-07
1.933943167387042195e-06
2.797961258238501614e-07
8.978597065834037494e-07
1.313823418058746029e-06
2.010394155149697326e-06
4.445830086297064554e-07
6.738929982930130791e-07
6.735775173183355946e-07
2.552482669671007898e-07
2.044915881072029151e-08
2.163777850228143507e-07
1.910414368921919959e-07
1.056380085628916277e-07
1.168776648796665540e-07
8.506339099767501466e-08
3.538171995387529023e-07
7.645159882940788521e-08
1.215382923192009912e-07
9.903413911160896532e-07
4.988509317627176642e-05
8.089584753179224208e-07
3.533643280206888448e-07
4.498075668379897252e-06
2.005016455086661153e-07
2.004853286052821204e-06
4.068419002578593791e-06
2.032216252700891346e-05
1.474914938626170624e-06
5.519088972505414858e-06
1.058753809957124759e-06
1.289430770157196093e-06
1.198099965904475539e-07
2.686934203666169196e-05
1.682319350493344245e-07
6.500176823465153575e-07
2.618064058879099321e-07
7.859410402488720138e-07
1.456424740808870411e-07
1.221332581735623535e-06
1.075774434866616502e-06
6.639006642217282206e-06
3.539375256877974607e-06
9.655116173235001042e-07
4.334623099566670135e-06
3.176652398906298913e-07
3.482621835360077966e-08
1.584708456903172191e-06
1.175238708128745202e-06
1.042600842993124388e-06
5.050757863500621170e-06
1.509127685039857170e-07
4.794699179910821840e-07
2.257173719044658355e-06
4.965166908732498996e-07
2.310806834771028662e-08
2.735428097366821021e-05
1.440080126258180826e-07
4.483347026962292148e-08
5.710769528377568349e-07
6.359118032150945510e-08
5.734356705033860635e-07
1.121273044191184454e-06
5.809534286527195945e-06
2.980603539981530048e-06
2.578216026449808851e-06
5.345056706573814154e-06
3.339265219892695313e-07
1.207508830702863634e-06
2.422054876660695300e-07
7.461058544322440866e-07
4.197906378067273181e-07
5.803061412734678015e-06
7.880531143200641964e-07
3.149128247059707064e-07
2.751319516391959041e-05
9.906256082103936933e-07
4.223356881993822753e-07
2.835065515682799742e-07
2.112562697220710106e-06
8.823841199046000838e-05
1.567635763422003947e-06
4.517950102922441147e-08
2.590440544736338779e-06
3.516818836146740068e-08
2.212648723798338324e-06
7.618144081789068878e-06
3.005449116244562902e-07
4.122789505345281214e-07
8.606051693504923605e-08
1.438238399487090646e-07
1.638970843487186357e-07
1.781711830517451745e-06
1.270221105187374633e-06
7.120454938558395952e-06
5.939829748058400583e-07
3.805520520927530015e-07
3.461542746663326398e-06
5.894035126630114974e-08
7.576786629215348512e-06
1.034771048580296338e-05
1.088456897946343815e-07
3.297543003100145143e-07
4.059696152580727357e-07
9.629555108858767198e-08
6.833452516730176285e-06
6.588531960005639121e-07
2.974827566504245624e-06
3.910560280928621069e-06
1.171785015685600229e-06
2.084463176288409159e-06
2.901725792980869301e-06
6.817151006544008851e-05
2.795864588733820710e-07
4.499321732964745024e-07
1.430049906048225239e-05
4.544723992694343906e-07
2.534046927848976338e-07
5.588186832028441131e-05
1.819111048462218605e-07
8.196358976420015097e-06
1.341783445241162553e-06
1.429668714081344660e-06
9.604054866940714419e-07
2.905224221194657730e-07
3.461285359662724659e-06
5.411645815911469981e-07
9.864455705610453151e-07
7.284964453901920933e-07
8.205106496461667120e-07
1.632099269954778720e-06
1.549137323308968917e-06
1.601970893716497812e-07
1.570761298808065476e-07
7.122943657122959848e-07
3.717436811712104827e-07
1.353107563772937283e-05
3.730792741407640278e-06
3.857538501961244037e-07
2.215816266470937990e-06
4.523837446868128609e-07
3.106701478827744722e-05
8.755148428463144228e-07
2.181688927294089808e-07
3.784549207352938538e-08
6.858569179257756332e-08
1.013650035019963980e-07
4.309009113967476878e-07
2.616662413856829517e-06
2.121293221080122748e-07
4.556280543965840479e-07
1.501126121183915529e-06
1.821865680540213361e-06
1.977669050745589630e-08
1.118928867072099820e-05
6.759539701306493953e-07
2.687891537789255381e-06
1.323671341424415004e-07
1.803151548074310995e-07
2.408328327874187380e-06
3.495912551443325356e-06
1.121247350965859368e-06
5.461225214276055340e-07
3.289737549039273290e-07
2.429897904221434146e-05
7.483894933102419600e-06
3.468597924438654445e-06
3.974958318053722905e-08
4.481995929950244317e-08
1.571410734868550207e-06
2.410314664302859455e-05
7.213429142893801327e-08
9.719845195377274649e-08
9.147976811618718784e-07
1.204350184025315684e-07
5.241326448413019534e-07
1.602699057912104763e-06
1.193348794004123192e-06
3.392515964151243679e-06
1.426276412530569360e-06
2.451905061207071412e-07
4.974705461791018024e-06
1.269084123123320751e-06
1.079373305401531979e-06
2.807250439218478277e-06
2.161004317713377532e-07
1.328397320321528241e-05
1.559781367177492939e-06
1.516543477464438183e-07
6.328408375111393980e-08
2.185448693126090802e-06
3.944560944546537939e-07
5.167774475012265611e-07
2.086007100388087565e-07
9.224237942362378817e-07
1.314497097837374895e-07
4.033825462101958692e-06
2.724706291701295413e-07
1.166171955446770880e-06
1.359097382191976067e-06
8.385274668398778886e-06
8.827632882457692176e-06
4.930828367832873482e-07
1.208435696753440425e-05
6.617612484660639893e-07
9.709622190712252632e-07
4.248706488851894392e-07
1.746850671224819962e-06
6.617518374696373940e-05
6.527883442686288618e-07
6.222425099622341804e-07
1.010359596875787247e-06
3.389008895737788407e-07
4.040168164465285372e-07
9.370154430143884383e-08
5.800949907097674441e-07
1.226933932230167557e-06
2.414346454315818846e-06
8.711468581168446690e-06
2.374139000949071487e-07
5.940518349234480411e-06
4.355958083124278346e-07
4.069153760610788595e-07
1.802362567104864866e-05
5.251223410596139729e-05
6.424637604141025804e-07
3.086832975895958953e-06
3.215452863969403552e-07
3.364401209182688035e-06
6.707583111165149603e-07
1.132891156885307282e-06
4.495962855344259879e-07
3.310647969101410126e-07
1.686052115701386356e-07
4.118186097912257537e-06
3.484608669168665074e-06
4.370897386252181605e-07
8.755590101827692706e-07
8.977638117357855663e-07
1.242717928562342422e-07
2.898214916058350354e-05
3.707601194946619216e-07
2.344639824514160864e-06
5.136588879395276308e-05
1.357478254249144811e-06
2.491021632522461005e-06
1.222074729412270244e-06
1.431983037036843598e-06
1.864018059904992697e-07
2.759843027888564393e-06
1.990406235563568771e-05
2.675756718417687807e-07
3.945890966861043125e-06
1.880140644061611965e-06
4.381790574825572548e-07
6.037861055574467173e-08
1.406105752721487079e-06
5.584710379480384290e-06
7.136246438221860444e-08
1.545751956655294634e-06
1.113833945964870509e-06
1.589890956665840349e-07
4.221850815611105645e-07
5.732943009206792340e-08
2.378491181787012465e-08
6.668500645901076496e-06
1.313181456907841493e-07
8.183944009942933917e-05
7.256570097524672747e-05
1.626822813705075532e-05
5.799257678518188186e-07
1.204853390390780987e-07
1.296924665439291857e-07
1.253149122248942149e-07
5.220820639806333929e-06
4.127234660700196400e-07
1.206318756885593757e-06
1.126811426388485415e-07
5.668379188250582956e-08
8.740759938064002199e-08
2.535477960918797180e-07
1.449698970645840745e-06
4.576323135552229360e-06
6.889274573040893301e-08
2.131381648950991803e-07
2.054293446462907013e-07
1.116421344704576768e-06
8.558388913115777541e-07
7.575493327749427408e-06
6.364377895806683227e-06
2.971287358377594501e-07
3.419958602535189129e-06
2.038190132225281559e-07
1.142716072877192346e-07
2.903209406213136390e-06
1.397617779730353504e-06
2.626384230097755790e-07
3.969967110606376082e-07
1.793852061382494867e-05
4.768394035181700019e-08
9.810463552639703266e-07
1.470701863581780344e-05
2.185199718951480463e-07
7.985097909113392234e-05
5.647325096447275428e-08
9.984437383536715060e-07
8.983273573903716169e-07
1.075085856427904218e-05
9.064416985893331002e-07
8.939380222727777436e-07
4.907313311264260847e-08
9.510858376415853854e-07
1.828760900934867095e-06
9.902931878968956880e-07
2.589229097793577239e-07
3.508893655634892639e-07
2.059266989817842841e-06
1.413202653566258959e-06
1.997195113290217705e-06
7.825049578968901187e-06
2.391518864897079766e-05
6.050068890317561454e-08
2.163362296414561570e-06
1.388614009556476958e-06
1.182883693218172994e-06
5.278602839098311961e-05
2.891787289627245627e-07
1.060937506736081559e-07
2.942558126051153522e-07
5.455127549680582888e-08
1.086784848780553148e-07
1.953021495637585758e-07
2.462217310039704898e-07
1.596104368672968121e-07
1.861125497271132190e-06
3.397213504285900854e-06
5.895809067624213640e-07
1.742696298379087239e-07
3.801505590672604740e-05
2.000557969950023107e-06
5.192455319047439843e-07
6.248730244351463625e-08
1.734458692226326093e-06
8.180923600775713567e-07
1.886123612848678022e-07
2.994086116814287379e-07
1.252761535397439729e-06
7.198416369647020474e-07
3.268662840127944946e-05
1.312174276790756267e-06
1.262339566210357589e-07
1.320628257417411078e-06
5.273560645946417935e-07
6.458975576606462710e-08
3.325190505165664945e-07
1.326008259638911113e-06
5.139415861776797101e-07
2.356953336857259274e-05
7.857331496552433237e-08
6.062062425371550489e-07
1.621243200133903883e-06
1.560836267344711814e-06
1.474858549954660702e-06
3.438111306763858011e-08
1.482070615566044580e-06
2.420246687506732997e-07
2.100001239568882738e-07
1.814704688740675920e-07
1.128350731960381381e-06
8.139980423038650770e-07
2.002808514589560218e-06
1.036614548866054974e-06
2.469115543135558255e-06
2.665733290996286087e-06
5.201338737492733344e-08
1.176121145363140386e-06
1.790429564607620705e-06
7.640043264700580039e-08
1.724843514239182696e-06
2.917837264249101281e-06
2.836542023487709230e-07
1.001588501026162703e-07
3.059176606257096864e-06
4.170560146121715661e-07
5.486413101607467979e-07
7.293097041838336736e-07
1.055795451065932866e-06
1.056501560015021823e-06
1.552845560581772588e-06
1.699281710898503661e-06
4.702871478912129533e-07
1.698288542684167624e-06
6.677973374280554708e-07
1.075496038538403809e-05
2.330960455765307415e-07
4.784212137565191370e-07
1.425709488103166223e-04
2.907671614593709819e-07
1.004343744170910213e-06
6.256505713508886402e-08
3.072710387641564012e-05
6.059588031348539516e-07
2.642847675815573893e-06
3.212977262023741787e-08
3.479763790892320685e-06
1.609915784683835227e-06
7.903516348051198293e-07
2.698753860386204906e-06
2.748333827184978873e-06
3.280877081124344841e-07
6.167754690977744758e-06
1.029203986036009155e-06
4.179897530320886290e-07
1.729264226923987735e-06
1.599616865632924601e-07
1.017797444546886254e-06
3.968449107105698204e-07
2.880458396248286590e-07
5.569480663325521164e-07
3.138930696877650917e-05
8.977333891380112618e-06
1.219713308131531448e-08
9.281837520802582731e-08
1.936954561188031221e-07
4.237533914874802576e-07
3.270165507274214178e-07
2.815022526192478836e-06
1.987101967415583204e-07
2.488280301804479677e-07
6.073427130104391836e-07
4.344947228673845530e-07
4.060249807480431627e-07
1.887943290057592094e-05
1.078761542316897248e-07
3.216541415440588025e-07
2.265685168367781444e-07
1.033679109241347760e-05
1.188028818432940170e-06
6.814764788032334764e-07
1.389014162123203278e-02
1.964715238500502892e-06
2.415554263279773295e-07
2.372111521253827959e-05
1.350809998257318512e-05
1.543562291317357449e-07
4.506557615968631580e-07
8.174497452273499221e-07
6.211089385033119470e-07
2.994040357862104429e-07
4.138114206853060750e-08
2.807062855936237611e-06
6.574560416083841119e-07
4.277032076061004773e-06
1.419626983079069760e-06
3.947014306504570413e-07
1.691777207213362999e-08
5.297248662827769294e-06
2.630064955155830830e-06
3.446254197569942335e-07
9.584556437403080054e-07
2.204701559094246477e-06
1.026102154355612583e-06
7.294686099612590624e-08
6.243339612410636619e-06
1.437968876416562125e-06
3.607078724598977715e-07
5.292173810289568792e-08
8.362307198694907129e-06
7.005353950262360740e-07
3.635782559285871685e-05
4.973666818841593340e-06
1.481806407355179545e-06
7.378587270068237558e-07
4.033377365431078942e-07
2.383584615017753094e-06
2.083940216834889725e-06
9.935852176568005234e-07
1.415095454149195575e-07
4.327547685534227639e-06
8.975313903647474945e-06
2.338872349127996131e-07
5.435332241177093238e-06
9.806847600657420116e-08
3.422449310619413154e-07
2.472818607657245593e-07
1.421869455953128636e-06
1.086819679585460108e-06
2.075566271741990931e-06
1.357940391244483180e-06
4.355310068149265135e-07
2.132107539409844321e-07
1.789536668184155133e-06
2.728984327404759824e-07
9.637584952315592091e-08
3.202304242222453468e-06
2.631155075505375862e-05
1.206982142321066931e-05
8.729493856662884355e-07
1.059421848026431690e-07
3.387465994819649495e-06
2.073612535014035529e-07
8.199744172543432796e-08
1.649518480917322449e-06
1.900025836221175268e-06
2.412528147033299319e-06
2.125497076121973805e-07
6.078996079850185197e-07
1.552790763525990769e-06
1.927596258610719815e-06
6.934575935702014249e-07
2.625424997404479655e-07
8.725356792638194747e-07
9.344382334575129789e-08
2.641838545969221741e-05
8.008422014427196700e-08
2.553785236614203313e-07
1.494356456532841548e-05
5.489553700499527622e-07
8.207227324419363867e-07
4.373766205389983952e-05
3.563626023606047966e-06
5.565503329307830427e-07
5.428310032584704459e-07
7.398958814519573934e-07
1.175424699795257766e-06
2.420207465547719039e-07
2.655092430359218270e-06
6.143100108602084219e-06
1.506833996245404705e-05
1.434400928701506928e-06
2.233566789300311939e-07
1.673784140621137340e-06
9.892430171021260321e-06
8.870956094142457005e-07
5.481084031089267228e-07
1.027326106850523502e-06
1.195331122971765581e-07
3.531243237375747412e-06
4.233664014918758767e-07
2.861297332401591120e-08
4.234340849507134408e-06
2.336468014618731104e-06
1.786405050552275497e-07
3.800740273618430365e-07
1.026962218020344153e-05
1.886063500933232717e-06
4.248601044309907593e-07
8.992908533400623128e-07
1.026681957227992825e-07
4.305513527924631489e-07
6.415144326865629409e-08
3.898426825799106155e-07
2.906898259880108526e-07
1.635605997307720827e-07
4.063156566758152621e-08
2.388475763837050181e-07
4.692053039434540551e-07
6.280717457229911815e-08
2.258116715836422372e-08
6.212638226088529336e-08
1.805230986917649716e-08
1.556631730181834428e-07
8.810339835463310010e-08
4.966182487464720907e-08
8.205266510685760295e-08
9.643579801377200056e-08
1.421715438709725277e-07
5.131599323249247391e-07
4.890963509751600213e-07
1.235287925283046206e-07
6.485214271378936246e-06
6.139289894235844258e-07
3.953929990530014038e-06
9.078220500668976456e-06
1.778954583642189391e-06
4.124370036606705980e-07
5.125025950292183552e-07
1.850993498919706326e-06
2.033184273386723362e-06
1.637820012945212511e-08
1.232488529012698564e-07
2.731290123847429641e-06
2.243539711344055831e-06
3.279068891970382538e-07
3.866944098263047636e-06
1.645472558209348790e-08
1.027711604706382786e-07
5.888762188988039270e-07
1.494910861765674781e-07
6.396841456535184989e-08
2.126249637512955815e-05
7.430808182107284665e-07
1.798297830646333750e-06
6.691195153507578652e-07
6.877534133309382014e-07
3.395872454348136671e-06
9.797066695682588033e-07
1.764158128025883343e-06
1.320380818015109980e-07
8.927691510507429484e-07
2.034098685044227750e-07
1.438968126876716269e-07
1.763539216881326865e-06
1.491880112780563650e-07
2.204419843110372312e-06
1.139560708907083608e-06
8.045315098570426926e-07
5.930431143497116864e-06
4.294244604352570605e-07
2.481783440089202486e-06
5.170278427613084204e-07
5.272861471894429997e-07
1.828593326536065433e-06
1.069928330252878368e-04
2.842574303940637037e-06
6.224585717973241117e-07
1.610832669030060060e-06
4.385818286323228676e-08
2.441851165713160299e-06
1.889835516521998215e-06
1.896570864801105927e-07
9.767533271087813773e-08
1.340304834229755215e-06
1.938357030439874507e-07
