7.952614261563795139e-11
1.192834164776002126e-10
1.273996186323955726e-10
1.016534217912479221e-10
6.332946944631601127e-10
8.892946934402345960e-10
3.528259628904351075e-10
1.420245449024193363e-10
3.573090434638714896e-11
3.621067681813805450e-11
1.722020998018436444e-10
1.134151883519507464e-09
5.539996239534161759e-10
8.655914318644875038e-10
1.057240128776726351e-10
2.668853471554655243e-10
5.727299537405805552e-11
1.988300635247242099e-10
1.473318828049130502e-10
1.993343268225089560e-10
7.897758141917066155e-11
1.461897963794811517e-10
4.755976723558319463e-10
1.593669501920302878e-10
2.373764962371183174e-09
2.215146732709172284e-09
5.803252878244791191e-10
9.012334628577534090e-11
9.652724175523985650e-10
5.798570304471617476e-11
2.878801710903822197e-11
1.569603447215683900e-09
4.491442773257858789e-10
5.185518126005206341e-10
1.635551027945325586e-09
4.950954646254501768e-10
5.979022832391933662e-10
3.752175514737388085e-10
2.074644456229179923e-09
2.460427139805432262e-10
9.920136934127299355e-10
4.710880574521070230e-10
2.726438241840156707e-10
1.822319378730341555e-11
4.710503653804209989e-10
2.145311484014200687e-09
4.957805832539463609e-10
1.253567805115096689e-10
2.208807789449984682e-11
1.815974176588852629e-10
2.490218031780955243e-10
4.427968408604598949e-11
5.192565266654014522e-10
1.461976761873984287e-09
3.367723044878090377e-10
1.629021362248295191e-10
2.245078012386159116e-10
2.808486498917517338e-10
1.933670779052931721e-09
1.356260104223849794e-10
2.370588614297730601e-09
2.440116164681427335e-10
2.960829151299471107e-11
9.264885386661703137e-11
3.363741230000272253e-11
5.939672087507119613e-10
1.192220544510291802e-09
3.799150438688059239e-10
4.655402729980551157e-10
4.988179647114066029e-09
8.737897587707266212e-05
3.889428796810534550e-07
2.786251425277441740e-04
7.828956842422485352e-01
1.574052125215530396e-02
1.493579824455082417e-03
8.640909072710201144e-05
2.232200652360916138e-02
2.326194771740119904e-05
1.151378114627732430e-06
4.191662572594623271e-10
1.769915880522887619e-10
1.395775828250123141e-09
7.260371748252225643e-10
3.086916500194547552e-09
7.903755427918213172e-11
9.884831148054828986e-11
1.021488518770929943e-10
5.926025226088427189e-10
2.522835759743990991e-11
3.386239205704910660e-11
9.680078960627724882e-11
2.429110801394074315e-10
4.171579470746422658e-10
2.371256802025101251e-10
1.742375167756993193e-11
2.681267430304501431e-10
2.609406440923223158e-11
6.000906802722250077e-12
1.169088263697215524e-11
9.452179317026576655e-11
2.304003432485046687e-09
3.915250068597941890e-10
5.407029268766905261e-10
1.781043784676583641e-10
8.559174202726893554e-12
3.126526815222518962e-10
3.257644110021828965e-08
3.804032200349638515e-09
3.141259474759294790e-11
8.001931339762791140e-10
6.262632634701503775e-09
3.760178279854642369e-10
2.561629131037079787e-09
1.982534136857339035e-09
2.492833051093157337e-09
6.866538448946357676e-10
2.209429306176957652e-09
1.884563438636632782e-08
8.761765712961278041e-08
8.440387055941300787e-09
2.469177307062864202e-09
8.618501468049544201e-10
5.784682244325267675e-08
2.469225712786737859e-08
1.232170365739193585e-08
9.863733652082373737e-08
8.644707172322796396e-11
1.115276065943859862e-10
8.074887980491496364e-12
1.090754708776842108e-10
6.063823748680974290e-11
1.781495645447606080e-10
7.901642014307430628e-12
9.371505654831580046e-11
4.756862959087726495e-11
1.887315997928240563e-11
5.880589765139276892e-11
2.076753907731543336e-10
5.231642202785380391e-11
2.381226466008357079e-11
3.443766105615253537e-11
6.016757404803119158e-12
1.069134798054038882e-11
1.825823658929692783e-10
1.267640714619489017e-10
2.573654310500383957e-11
2.131097798230285889e-10
1.413415738615864115e-11
1.573244312602639638e-10
2.755149441924231724e-09
4.878587533951872501e-10
3.806967935338079201e-11
1.292512069595019852e-10
2.754496630785752131e-10
1.262612570052112915e-09
1.298417345863001060e-10
3.404034693010871138e-11
1.513568853583890927e-10
2.702972012880167085e-10
3.118812152980154906e-11
1.086114739812238383e-10
1.885790482103466559e-11
1.623630258018593508e-10
2.415642408326590385e-10
1.962597639959540174e-09
1.971315471971379907e-10
3.367823728228636071e-11
4.144306287034993375e-10
5.762590057911687325e-12
5.696361715656905744e-10
1.491445161816429277e-10
3.664611322728994480e-11
4.588796356785884711e-11
3.946716217728685194e-11
7.171659967275534342e-12
3.449761656892924577e-11
1.722720716079706449e-10
3.724623942602534044e-10
1.619760714444140604e-10
3.924114852504878570e-11
1.138079474410913505e-11
2.160987166988093122e-09
7.759447251398654544e-11
2.448409808231133411e-10
6.498827032075382704e-10
1.483721895345624375e-10
1.687008754913676967e-09
1.265082049534127506e-11
7.322896455885796740e-11
2.847217080159669678e-11
1.776006286480225072e-10
3.645080348668727765e-10
6.862240636840155616e-11
1.930470193423072800e-11
7.214733810378959333e-10
2.942000254524401726e-10
3.829897232687784481e-10
2.549918887151392255e-10
2.216993921777543619e-09
1.619037959255109627e-10
1.675476563045563694e-10
1.507256680577384600e-10
5.691941362684360683e-10
6.141346320376328549e-10
7.590739148355396537e-11
1.276313169734644148e-11
3.603395359874639325e-11
1.047020137256993166e-09
9.216662849587109463e-11
3.506757106919167200e-10
4.034828859911243626e-10
4.591230173822680172e-11
9.294710834328867577e-11
1.009533914797522414e-10
1.280607390963250936e-11
4.318815791104491097e-11
1.149246323106645207e-10
3.253583860662878635e-11
4.254195259956183861e-11
7.433237358966948705e-11
3.648027713243351400e-11
5.255896065592402522e-11
2.474064564328415372e-10
1.772077762307588955e-10
8.182739902329316806e-11
1.231219987074538835e-10
2.536854615264871882e-10
1.378279608499344278e-11
3.253342040210327468e-11
1.314170560567928803e-11
1.384967921597146656e-11
3.507457865814522791e-11
1.035074179145389905e-10
7.048600036974050909e-10
3.613499430232813836e-11
9.541175627347797672e-10
3.039162477236345694e-09
9.065295736299106011e-11
2.474827981435723245e-11
1.419874356978212404e-10
1.296242418957760378e-10
1.229275348180181027e-09
6.265233332136688205e-10
2.540761177838302132e-11
8.610302471012687420e-10
1.511206160209610516e-10
3.249253513817884631e-12
4.333735106887282029e-11
8.183082683688169823e-11
3.989675950721860431e-11
8.689610142553760852e-10
9.947439538748881205e-10
7.073282237701761233e-11
7.992657091726584895e-10
1.398380456568704133e-11
4.179398147008406283e-11
3.332703904512790416e-11
8.908068727109252904e-11
5.926666796218782451e-11
1.657893093642837101e-11
1.214463599130688465e-11
1.141097549783864906e-09
7.341002805638652262e-12
5.736172821457774518e-12
2.068679776090487366e-11
2.645463015316096289e-11
2.252802111524232487e-11
8.417923580417152607e-10
4.532810238266904435e-11
5.947162901032143623e-11
6.293652404787408727e-11
6.089324600111467589e-10
4.278999377049785835e-11
1.666844856584859258e-10
2.116942870999949378e-10
1.939387539451331577e-10
7.373309601765853927e-11
1.591157067215576149e-11
3.204847151550005435e-11
1.081913447720239674e-10
6.759232062947262420e-10
4.463169833712754553e-09
2.054620251712435675e-09
5.444014683497755414e-10
9.582685756015507650e-10
1.261931226181900456e-09
2.112070796034259956e-10
9.837345382734952182e-10
4.701051770084063719e-10
2.123122344599437383e-09
1.669052812625082538e-10
1.249717662687999109e-09
1.426149476291271867e-10
5.720596218949935974e-11
1.061248450229257401e-10
1.180908062309304896e-11
7.504265264746123876e-11
4.178608847826836836e-11
1.110883468546930430e-10
7.675834723386287806e-08
5.982862916198428138e-08
2.665027238890615990e-07
2.128801526168899727e-07
2.933189868770114117e-08
3.455705499533223701e-09
5.962152727079228498e-08
1.967385543366617640e-07
1.689486595068956376e-07
1.248215220073234377e-08
4.254544876403087983e-07
1.194178533836520728e-08
7.212113928289909381e-08
3.015767333636176772e-07
1.856226532481741742e-07
2.544353705502544472e-08
4.068660643952171085e-07
1.787539005704275041e-08
2.373430021407330059e-07
1.339815867140714545e-07
5.544029590964782983e-08
1.597472376602127042e-08
4.793692109927860656e-09
2.376918217805723543e-09
7.340618668472131958e-10
7.202095170244504629e-11
1.640485081111364707e-08
7.353556430444996295e-09
4.054473734527164197e-08
1.514038720784594005e-11
5.747810005729547811e-10
8.421199293451309131e-10
4.788560520330165104e-11
1.343686967247847974e-10
7.397941370612670653e-09
1.069812710641215858e-10
1.359914351267699217e-11
5.175301298621093338e-10
7.081395192454209564e-11
8.440716181556950914e-11
1.182636477636833661e-08
5.158115046199895914e-10
2.448293234813547770e-10
4.796607555590526317e-10
4.502292982877520444e-10
3.641452972491521223e-10
5.380846324065657882e-10
4.700260319845384060e-11
7.068184232350560592e-11
1.560670620515125506e-10
7.226440001950606984e-10
1.973927687970444822e-09
4.902625527769544078e-10
6.280260755886502011e-10
1.593742499084171982e-10
1.594626514167529763e-11
8.808893059430999983e-10
6.868765556333755740e-10
2.842567847771704237e-10
6.650785477901877130e-10
6.620473058660536481e-10
4.378712947783469644e-10
4.161740674302194520e-10
2.725571102146773228e-09
6.154785014977903757e-10
4.220221672124324641e-10
8.714202970327988851e-11
1.523594250762982938e-09
1.899179563613628829e-10
1.461340493058571610e-10
6.458986678836708961e-10
8.081640218149388488e-11
1.346321804041039627e-10
3.566968942436687939e-11
9.597574956998755624e-10
5.763201027519926356e-10
3.889554303637687838e-11
2.449709546326062082e-09
2.161035655978693626e-10
3.807180959380929153e-10
1.391456394550516507e-09
5.872802244510921810e-10
3.141602533673903963e-10
1.196674009884546308e-10
6.379741873674404928e-11
1.064387511462427938e-08
6.041856459582106709e-10
1.599174820343662873e-10
5.094460617249829681e-11
8.683537396081408843e-12
1.098479640582183947e-10
1.384105052792961033e-10
7.676789065547140467e-11
2.361271941864195867e-11
2.332467378962643778e-11
2.025429129970390818e-10
2.324871495318348025e-08
2.149675749907320466e-11
4.567934225319092434e-11
7.512482369520512293e-08
2.239864127506763225e-10
1.684037354010570198e-10
2.541954979839999851e-10
1.931341087058058292e-09
9.029278193184442358e-12
9.610948703553390260e-10
1.258332604781031705e-10
5.127965326673367130e-12
1.685545908576557839e-12
7.678071511918460601e-09
3.325086594951898178e-10
1.693516993306332097e-10
1.116621795027583630e-09
9.926435368123875946e-11
6.812674313572131268e-10
9.464465322572834793e-11
6.669290120164816926e-11
1.392202464423064612e-09
3.780890600602049290e-10
1.755613154852397884e-10
5.253623092116299631e-10
1.567352914122466245e-10
5.186890847386216308e-11
4.933107741744713337e-11
3.342573162701256706e-10
4.311929147071680291e-10
3.984896412845273517e-09
4.021598332126785635e-10
1.164060445257852905e-10
7.763241716141067172e-10
6.290795662167170121e-11
8.728237750610379209e-12
8.281758057115951033e-10
5.731966290500878358e-11
3.180482960329911180e-11
3.121862768296068680e-09
1.482817774817180023e-12
4.259285979468785399e-11
1.667581871200862764e-11
4.760375427181884334e-11
1.093619153569314051e-10
3.413086202552761961e-10
1.515270131591250902e-10
1.476525846033638345e-10
2.591131476048502691e-10
1.716148612107559757e-10
7.708255367333549657e-09
1.169934427114327491e-10
5.539942948828979752e-10
3.034016440861542208e-11
4.161500657962058369e-11
7.961212133977824124e-09
1.598607635155957496e-10
4.075945830850358220e-11
2.700203775851672816e-11
2.739151128139383218e-10
2.457089198770745497e-09
3.729815567510286201e-09
8.534659784453779707e-11
4.029376277081553326e-10
3.444974860933314176e-11
4.020948463079321300e-09
1.173830921352703172e-09
2.194305154246123379e-10
8.592059841383559160e-10
1.786892855903943200e-10
1.374791114283624438e-10
2.768247089890429891e-11
7.838987792219143103e-11
1.639733349101391013e-09
1.211050815186354157e-09
1.217484030258120242e-10
2.528568673887399143e-11
7.308733479538531697e-11
1.826109402580655683e-10
6.571286625955963245e-09
7.625740316985485379e-11
4.374167261039785259e-12
1.331187382547227571e-10
4.756993132737363794e-10
9.282768997920243237e-11
3.732574804793387102e-10
2.054868775136498016e-11
2.486078357066823230e-11
3.871878512251569759e-11
1.775735253284338455e-10
8.213121155398184214e-11
3.067083531593794987e-10
3.377806834237162548e-08
4.943822684566612224e-09
5.726133456285253942e-10
1.281668660091384027e-10
1.897372675641051387e-10
9.746181639513906703e-11
4.485221527517069262e-09
2.579600769103684854e-11
9.257808408769108155e-10
3.223774303062754143e-10
3.843359658306511051e-11
3.785494140373657501e-10
2.064097226472938473e-10
7.664420209607669676e-09
1.374015068389411454e-10
7.748991032174856741e-11
4.825952137910149986e-11
1.959323953082403591e-10
6.772424399059673306e-09
1.177649977535111248e-09
2.331987207504493398e-11
1.708446578652100811e-11
1.099889970768153091e-11
6.195924329155388932e-11
9.611620527261166558e-11
7.505223525994253464e-11
1.189063292272862782e-10
2.687949585133964092e-10
5.749832901469353885e-12
2.383666701522013653e-11
4.464478786658787612e-10
3.724744956912218186e-10
3.308262301257580695e-12
3.389004701870312886e-11
8.359151565384692617e-11
5.588014773127980561e-11
8.508971305332124757e-09
7.188704076455110226e-10
6.244801984550685248e-12
7.767917559187154097e-11
1.377378905376147600e-10
2.625169829781337505e-12
5.367633559849593894e-10
3.058780659315196715e-11
1.357743084628992847e-10
2.698648769727807206e-11
6.907110994269771709e-11
7.916942101893198469e-11
5.376391346012532324e-11
2.135132522174121306e-11
5.332723151951768159e-10
2.131798071403068207e-09
5.644855069486531818e-11
2.144935118408852759e-09
1.720357412082762494e-09
1.052493786568575729e-10
2.935755805122397533e-10
4.183887014619358524e-08
3.959128580532933483e-10
3.780641164713438584e-12
6.742292921885217893e-12
2.909023022468204545e-10
1.695848864981253090e-12
4.041334628057668965e-11
3.099818179919111572e-10
1.412845840320642310e-09
1.040162400656186037e-10
2.396252814229615780e-11
5.141723491419725178e-09
4.566166195152376872e-11
3.109102697518295599e-10
2.287175865367530037e-10
3.558902131328700591e-11
1.758598301704328293e-11
1.004655825198597086e-08
6.122399809349587940e-10
5.748245976433530302e-11
9.806816816948504822e-12
6.602238755704092910e-10
8.395442674391517812e-10
3.929120362400340127e-10
9.122426772312230980e-12
1.363271162624357657e-09
4.823207371690285683e-12
6.101555372062250626e-10
1.122090441396661475e-11
2.908706608906186375e-10
1.595865106729377203e-11
5.147903214819393725e-10
8.852318877927700669e-09
8.179872335034588104e-10
1.212254324700623442e-10
5.712345041430921810e-10
1.253654513533319914e-09
1.736255444972911732e-10
7.415989350390006507e-11
1.390178461235791474e-08
9.481196383553935902e-11
1.142073935422871500e-11
4.302153078228343475e-10
3.020033945144717791e-10
1.434686258683370852e-10
1.141179078317788864e-11
2.558488143566961526e-10
2.549203903523533654e-10
7.106643745702356796e-11
9.824125957180740443e-10
3.553433372202596807e-12
1.403924643206266865e-09
1.669979293739132231e-10
3.928421130061643396e-11
8.659897687834927638e-09
1.286220019380834856e-08
1.256850734598913277e-09
6.602298568969544590e-11
1.692002649100743383e-10
2.786519071040771678e-10
3.529235514942996588e-10
2.585694679202443780e-11
3.131456205451854657e-10
1.843626473707615787e-09
3.908562709598051299e-11
1.133114579943139688e-08
5.772913050372530108e-11
6.658753409771733800e-11
8.750578733840441714e-11
1.149067174743834130e-09
6.061800367218594943e-11
7.822973202564753592e-08
4.275189577351845571e-11
3.672009085686767094e-10
8.332671441735328699e-09
1.166665986040982261e-09
1.369269281292773144e-10
2.493474982045995603e-09
3.833997563873481340e-10
1.088100616553067113e-11
8.659323258441986582e-12
1.739239308129469919e-09
5.319636398048999126e-11
2.050942748965667306e-10
9.232956066362874026e-11
4.431724320852481469e-09
9.789829537310001939e-12
2.664323206502672292e-09
1.324837906047093838e-09
2.960704945098591168e-11
1.827963197476023538e-10
2.551428179842218924e-09
1.653898545894705308e-10
1.310449970759464122e-09
5.431278204959255618e-10
1.940956700918761157e-10
2.181037128679008674e-09
3.144082910688794641e-11
3.195548048395835394e-09
3.746629673173629271e-08
4.938596753767399150e-11
4.476119919161192229e-09
2.709309339377075077e-11
5.161537169895424881e-11
6.185627704491380996e-11
5.938255998039210226e-10
1.317236097975182929e-09
1.367103236171729463e-10
1.362680385197378996e-10
7.639174015583449773e-12
9.545708667957342186e-10
3.849823237978000634e-11
4.726944183297554503e-11
1.861621828913584409e-10
7.377867761171330585e-11
5.117451601366340697e-12
1.915575892352805454e-10
1.479153688421774859e-09
4.066055825369119248e-10
9.553742241763529819e-10
3.545130577986554954e-10
5.900647748191545361e-10
3.611971277628356347e-10
3.034241954913419193e-11
1.927334736251395952e-08
8.603436019161136983e-11
3.537781456675048730e-10
1.917162401054994803e-10
3.258042793885529420e-11
7.333369467232841998e-10
2.293184088800193088e-12
9.909542630914813799e-11
3.460310793457210821e-08
7.192183654192163544e-11
7.414274705297430046e-08
4.382067191749383639e-12
1.450385783696717112e-10
2.179855185246992733e-10
1.905519297906721476e-09
1.200962766734203768e-11
1.645497349489488670e-10
7.155004887182681017e-12
3.001021930959524298e-10
1.281346584391940269e-09
1.037679941973124187e-09
1.159172063891489302e-11
1.084351289315499400e-10
2.865206960578348117e-10
1.063183291405422892e-10
3.269172779707396614e-11
1.909540436884071823e-08
6.043527900345679882e-10
7.628272319371021126e-11
8.521203707922975212e-12
1.610975935983915974e-11
2.226656192760856356e-09
7.168293514325796423e-09
6.409766380860437707e-12
1.442927582973041467e-10
5.090102783711358825e-10
1.202103629312223365e-12
1.054350357021505147e-10
1.039172914385488866e-10
4.971855566138216886e-11
1.633215229723816719e-10
8.106960242004745965e-11
1.597522392149386405e-10
6.067705449197546841e-09
7.403664487037886488e-11
3.698938932927831047e-10
3.967678408045571814e-10
1.962173479252982133e-10
2.063193582993450015e-12
8.966029585444346139e-10
9.023411184916341199e-11
1.157709345056545658e-11
1.541989824715983559e-08
1.861243048573157921e-09
8.198576366413856675e-12
5.059081487068795013e-10
7.551450020848449185e-10
5.834444906371860640e-12
1.233158852809168593e-10
6.576599265173399544e-10
8.270956142197860572e-11
9.244497528593242919e-11
1.828060897102190552e-10
4.368349779126923238e-11
2.233184970279467052e-09
3.690443783899155505e-12
2.200282400721675913e-09
4.465594838354292051e-10
2.986812880356737310e-11
5.635906186185479783e-10
6.846473388222307221e-11
7.906047344574673730e-11
1.004842667406968815e-10
4.726962224421704661e-11
3.316082297644129540e-09
1.286779970771645409e-11
3.692531280741206956e-10
4.538792897079702016e-09
5.122066104590317082e-10
1.500871760207189709e-09
9.187358096518494222e-10
1.460267601283149475e-10
1.335880295272318108e-10
2.783618890944694613e-10
1.732980869917355449e-09
4.553989477185105272e-11
1.194742221821698536e-10
1.443726582728288577e-09
7.921833328206062674e-12
1.311989822339043599e-10
5.507829747841697099e-10
2.302012469534986394e-10
8.788984123819787442e-11
1.990898938764029680e-11
6.807903546457438893e-11
1.263496640646621927e-09
6.628986248813362181e-11
4.262394437404282144e-09
3.046059585121163593e-11
9.688409796648755901e-11
5.707117556319474261e-10
1.013883352274369543e-10
3.606663578903379630e-10
5.901115684991964372e-08
1.045788178277717861e-10
4.858594082612910370e-10
1.846961888984921529e-10
7.118788891702365618e-10
1.003492428042207507e-10
1.110051009445278680e-10
2.486826716774359625e-12
1.917992709099536341e-10
2.484940725411277640e-11
3.294205463966193292e-10
6.794730555981232101e-09
1.297261326138610116e-10
1.665755644530975133e-09
2.685111022415753723e-10
9.924451260800992713e-10
4.015395307921387769e-11
2.761640360837702701e-10
1.108242247971347183e-10
6.195950974507979936e-10
4.974182177264196980e-10
4.799023400892110658e-10
1.141733818599277583e-08
7.135615015529950256e-11
2.204231019931057745e-09
1.280925782110031719e-10
5.827786864198714056e-11
2.643098795385157018e-10
1.619552040220406663e-12
2.490943562527547783e-11
2.964434600571941303e-11
1.081316633455564613e-11
4.382411794567886432e-11
1.856852172021916658e-10
9.120812438645486964e-11
1.007846583966909293e-10
1.511682778954082096e-09
3.387738006788154621e-11
3.382638891213929355e-10
1.446080144518191446e-09
1.003836944124536501e-10
2.210293503779325874e-09
4.051759795731246783e-12
1.770653277635574341e-01
1.606426242029002083e-10
2.905345408699133714e-11
2.359304218657598540e-08
3.095121381413434847e-10
8.652195626623893077e-11
3.569153306237637935e-11
2.352063266375381545e-10
3.715817931126963458e-10
1.644945013534737654e-10
3.094807049519587849e-11
4.599410297068118325e-10
2.749536154311726932e-10
2.829247058855344221e-09
6.779318773020293065e-11
5.835238542362120029e-11
4.607019973845716265e-11
6.072701369541633198e-11
1.019729189977169881e-09
1.767886459447254310e-08
8.031947884568069185e-10
4.431663092052673392e-10
1.350970030289389001e-10
5.045307921447417243e-11
3.098726164552090268e-09
2.298090467922619951e-10
2.078871075283927894e-09
6.221126946925892298e-10
2.046160185731338288e-10
8.126873618508057007e-10
8.665991257927885272e-10
1.461025467275334222e-10
2.915303762285326172e-11
4.798434566355425090e-11
2.522072273247744079e-10
4.814569923294875764e-11
5.925072932289054961e-11
4.069430903363979724e-10
9.599772088364488809e-10
3.635549195024623259e-09
1.749899669611920672e-10
2.391612515667551619e-12
2.076654820326595541e-10
1.035257782278087291e-10
9.524443039810037703e-11
2.109955786477879514e-11
1.228551038678915575e-09
3.074305254813225474e-10
1.522062753611663766e-10
1.381685651308250939e-11
2.417023699241571677e-11
3.312494376017660613e-11
1.723187426083683249e-10
1.826353235312438983e-10
7.515513211764357493e-10
1.452946929436649270e-10
1.379253378175349098e-10
1.664879012430731109e-09
1.629512497158813744e-10
6.086102108393554033e-12
8.705298981670495095e-11
1.011780104143156223e-09
8.593907530052291577e-11
1.660496184996418378e-09
1.151072659411056520e-08
4.185495283692830526e-10
2.436933294047705090e-11
1.666164706204398271e-10
2.632338791386246157e-09
5.378151399781927466e-07
1.584505682217240974e-08
1.521403142357158345e-11
1.013338232769278591e-10
1.325709403365848971e-10
2.859027181667528339e-10
1.408249124951188591e-11
6.640020477899355456e-11
2.300196699778211951e-09
8.982633525889127668e-10
2.199459947505033597e-09
2.108544727708050459e-10
2.375871055448897096e-09
1.178511244148694459e-08
8.460816769417789374e-11
4.322765756459290287e-10
1.417777006906817405e-10
5.856859441877304562e-11
6.429288351705864102e-11
7.829100701073343771e-10
6.390861244653933682e-07
1.494752321917758309e-09
3.895156197586402413e-09
2.993915393378898671e-10
3.273161186534423450e-10
1.930939852456958761e-09
1.321045384194974304e-09
9.586982319120807006e-10
3.114141444715556872e-10
9.358037955653486506e-11
1.744330548059114250e-11
3.519433008913885885e-11
2.152762551554943116e-10
7.753992448122914993e-10
1.023157669699514827e-10
2.368882000280958522e-11
6.315263312295371634e-10
8.891743452643652290e-10
1.213315975467921248e-10
1.303548935460696612e-10
1.019337305535605864e-11
5.254422244527212627e-11
2.657747980028268842e-11
1.357379833533123303e-11
5.074744097166572487e-11
1.431223473069564989e-10
1.903908974920653918e-10
3.458314745685697744e-10
3.098884204799645659e-10
7.036757895123590956e-12
1.278698674722633655e-11
4.185476965012924211e-11
2.301321806730260988e-11
8.890924108051478925e-11
5.042999351445587308e-11
2.844873225882338375e-10
5.875738229299543036e-10
6.896442528159241192e-09
1.837237584290107861e-09
1.995347914673928358e-10
9.949162327327343291e-11
5.090665666784843779e-10
2.641672436354269848e-10
2.136707477617960649e-09
2.978437763090369117e-08
2.823665745665948634e-10
2.343220728562300792e-09
6.615537562204565347e-10
4.777681805734346199e-09
1.899281842909772422e-09
6.200908231335233722e-09
8.536613776977119983e-11
1.423934303801388523e-10
1.168951380137173146e-09
1.624150536283508472e-10
1.193079142425279571e-11
3.564773753961247849e-10
6.732876756121441986e-11
1.020053624900540967e-10
3.070695364648656778e-10
3.901853840027058595e-10
5.681862272344240239e-11
1.719644704412104375e-10
2.952281474843942988e-10
6.090927762159026315e-10
5.748037809616413085e-11
9.820018409545383520e-11
1.712170516476874127e-09
7.232493492992375650e-10
2.336315862994098325e-10
3.026056401983501232e-12
1.003639740759787458e-10
1.525369969224144029e-10
4.419103138975088996e-10
7.970096249643177089e-10
8.265515355487806914e-11
3.033990392253826940e-09
2.921639874475800980e-10
1.113941383579231115e-09
2.353985228964461385e-09
9.423971325528412990e-11
1.598053689377820774e-09
3.960875183395273780e-09
2.130338572214895976e-09
1.390538462153756427e-09
2.621897543519935425e-08
2.386547903743263532e-10
2.744375560137513048e-10
6.536917673827247199e-10
1.890335110665830598e-11
1.427067242154578253e-09
4.685657195580006373e-09
1.331414090088856028e-09
1.694524937034813661e-10
8.586591881964977802e-09
1.990679843189013809e-10
