3.196930498106098639e-10
2.385170505547762332e-09
8.563346698409191049e-10
1.718434977648897188e-10
1.406307403861717376e-09
1.656655812531937499e-09
1.707718633170429712e-09
8.181788579975091125e-11
1.654129194728071184e-10
1.230252844042212246e-10
4.072694181900260446e-09
9.208872775445797743e-09
4.441634171570285616e-09
2.063881732183858730e-09
1.672517679907059573e-09
2.924741782095452436e-09
1.768206137064964878e-09
5.362630339789120626e-10
7.961573067483129762e-10
8.763545999990185464e-10
5.873901365305300715e-10
3.321798835997924471e-09
2.630748063836563233e-09
1.971872110040351345e-10
7.357667364260578324e-09
1.779504010812615888e-08
1.161615248435055037e-08
1.299007790223072334e-09
5.817430981380766752e-09
4.719623025728481025e-10
1.077854361319907639e-09
5.317430495921371403e-09
1.195707888257402374e-08
1.683252293105397257e-08
6.612980385511946224e-09
9.413113843947940040e-09
2.387793607283583697e-08
6.232710347831016406e-09
6.654024442553918561e-09
3.382839286469874196e-10
3.222774047628718108e-09
6.615399894549511828e-10
1.415041306351838557e-09
2.038762214606748557e-10
1.301271979059492878e-09
1.136224714315403617e-08
7.464612816754367941e-10
9.317543403497552390e-10
3.079568197672521990e-11
5.004931469265727628e-10
1.885235079157610016e-09
3.477921839412090321e-10
2.917938335400549477e-09
5.738590047599245736e-09
2.657679853967920280e-09
6.609471858709525804e-10
2.141089305851551217e-09
1.992835008124416163e-09
2.019205780356969626e-08
1.295052065586332901e-09
8.611309887385232287e-09
1.880268607479251841e-09
6.572926092296427214e-10
6.864038781806414136e-10
4.984858081868992485e-10
2.968494339228300305e-09
1.828940887627084066e-09
2.120071451727767453e-09
1.945698491212510817e-09
1.704158925086574072e-09
3.755724465008825064e-04
4.962827802046376746e-07
2.697827666997909546e-02
1.951697915792465210e-01
5.718138217926025391e-01
1.162534207105636597e-02
3.695755731314420700e-04
1.153060514479875565e-02
4.714407987194135785e-05
2.288907694492081646e-07
1.413967498642421106e-09
3.915827662126503128e-09
2.187115377694226481e-09
5.491165300242073499e-09
5.780949052791584108e-10
9.634625319776546348e-10
6.468887647770316107e-10
3.618156885210055407e-10
4.713966550440318315e-09
2.580286539988208006e-10
2.684092392790660142e-10
8.161841758003163250e-10
3.125210978893733227e-09
1.309650610181734010e-09
2.267344756390343719e-09
1.060109999784231150e-09
2.591934000761852985e-09
9.566414327366601356e-10
3.435855489009043140e-10
1.659596210457081611e-10
6.161481325150930388e-10
2.873613569320809802e-10
4.038986922694220993e-10
1.537041272037242834e-09
5.322521867689999908e-10
1.778894948012421651e-10
1.236333674325962306e-10
1.386410630743739603e-08
2.355238448714658261e-09
1.157714549226973588e-10
1.993986975534767225e-09
2.716758595866508585e-09
6.044255096426809359e-10
9.193638739191101195e-09
3.608757515038973906e-09
4.162404465546387655e-08
1.391456616595121432e-09
6.087412351973853220e-09
9.481086493678958504e-08
3.129446213279152289e-07
2.260615019622491673e-07
8.043470245411299402e-08
5.983304962597912890e-09
5.834702321294571448e-08
6.481713654693521676e-08
2.902183382502698805e-07
3.221182680590573000e-07
7.997628670430856346e-10
6.777163830129495636e-10
1.288433526536181262e-10
4.020340449439885333e-10
2.898085660341109815e-10
7.586922201596735249e-10
2.142995919607315614e-10
3.718292618248852932e-10
7.708177429677220971e-10
7.314888694764931643e-10
9.348214424775846965e-10
1.390175308202401538e-09
3.066441989219015340e-09
9.226114316973621499e-10
1.189354392749919498e-09
4.791624319544496302e-10
1.946413863418428036e-10
1.923525561053907040e-09
2.788460018443572608e-10
4.094414807198631934e-10
5.766654376238022905e-10
8.853982824685857622e-11
1.368350294184139671e-10
2.274348709363493981e-09
6.103593741535462414e-10
1.876759858632226496e-10
1.815662620252567194e-10
3.698614747804640501e-10
9.164343728329527039e-10
9.551719415412662784e-10
7.049134193026773687e-11
1.136304383919650718e-09
1.266189264548245319e-09
7.374449662034265884e-11
4.530427422100302692e-10
1.926807324803547772e-10
4.283109145131192008e-10
6.320325929287662348e-10
3.586976271563457885e-09
2.582705604936563759e-09
4.930665320479477032e-10
2.884972039041144853e-09
8.990822669696640901e-11
2.004263199850697674e-09
2.903374762830424061e-10
1.834225688002177890e-10
4.494236927055084152e-10
2.218790845498475051e-10
1.138295013802803624e-10
1.766216617404836597e-10
8.960012176650877791e-10
6.987028178251364352e-10
3.436438911208483660e-10
1.900161417101031702e-10
1.008265762547644329e-10
6.797076679276869982e-09
1.858135173504749105e-10
1.475226163449860906e-09
7.540325031030192804e-10
2.125110781792116654e-10
2.017818578892160986e-09
1.058935369946389926e-10
3.945152815543195857e-10
6.446921468894473151e-11
6.528259044458195604e-10
4.296814848370189566e-10
2.676699695225437381e-10
1.318293668672865238e-10
1.453327569400642005e-09
2.721419756213094843e-10
2.581024838299583735e-10
3.259884584494443516e-10
1.900744978078350300e-10
2.789561359684000763e-10
1.493466461610637452e-10
4.068794190459357196e-10
2.600965554044876171e-10
4.512566986747401643e-10
4.181434087868751703e-10
2.532774268093618275e-10
1.052076870067253367e-09
4.754093119174740423e-09
1.868976973184999224e-09
2.084771910659810601e-09
2.898916440230436820e-09
5.264979008323678045e-10
1.078261591125340146e-09
5.610338305039874740e-10
4.263238373436450956e-10
7.077402552901901345e-10
9.769414166527212728e-10
4.865475800031049403e-10
2.069663745940530930e-10
4.276219933707636756e-10
5.070258657369208777e-10
2.618286976119321707e-10
7.952906666552905790e-10
3.883707522245316568e-10
1.723142406540034699e-09
2.366616624893680410e-10
5.222582366570804879e-10
3.138917945011421295e-11
9.207054563198369124e-11
4.636879422093009850e-11
5.069395250800745600e-11
3.468329512479328969e-10
1.821556100400911760e-10
3.131643389053806459e-09
4.603281089643473933e-10
1.682092909405241699e-09
4.387167518160595137e-09
7.094188569922721399e-10
2.148963645920431986e-10
1.531904825213814547e-09
1.601022203701063518e-09
3.617240729170134728e-09
1.877978217379450143e-09
2.521875208660873113e-10
1.062879673163763528e-09
3.889563948700214269e-10
3.123689640283089375e-10
5.557788118615292206e-10
8.038721910352819577e-10
3.471274656607903353e-10
1.007878402958795050e-08
9.542341361523654086e-10
1.392236326225315679e-10
1.316136311046989249e-09
3.339820642267454787e-10
3.289101768721991448e-10
3.042409102427257039e-10
3.511737289851879495e-10
1.015199244114306509e-10
1.253366993525517614e-10
6.124008938845904026e-11
6.324802459545253441e-09
7.441892241333292191e-11
1.504126545537332049e-10
1.964903934004169628e-10
9.834957848120495782e-11
1.247340564169974186e-10
3.708306162142349649e-10
3.236003132123244086e-10
2.520985364906636050e-10
7.049407169112953397e-10
3.127685666015622701e-09
1.245163139262928098e-10
9.527919564433773303e-10
2.962233347503229197e-09
1.092185564210979010e-09
3.916445501239707028e-10
2.141304494829299188e-10
1.276611177880582204e-10
4.135801978666364676e-10
8.369477888514609276e-10
3.993700037341341158e-09
1.205584299057704811e-09
5.254855994785145867e-10
6.134674435109843671e-10
1.000122318295382229e-09
4.144456722254830083e-10
2.225348794127057772e-09
2.351593586524813873e-09
5.070096786852218429e-09
1.598372961764127353e-10
9.853782678703737474e-09
4.956435262215563853e-10
2.828905720786423217e-10
1.505199992424266497e-10
6.695585058613673368e-11
3.060042774727378401e-10
1.702290253202676240e-10
7.051895178911138373e-10
1.993943499201122904e-07
6.077216312405653298e-07
6.203256930348288734e-07
1.316216071245435160e-06
5.963868261460447684e-07
3.654412950027108309e-08
2.696621947961830301e-07
5.120638206790317781e-07
3.505131189740495756e-07
2.239066674292189418e-07
8.409928682340250816e-07
3.370218450982065406e-07
5.787853183392144274e-07
5.023023277317406610e-07
9.028543672684463672e-07
1.465213870233128546e-07
3.078661166000529192e-07
1.054766812558227684e-06
7.308456133614527062e-07
2.252857711937394924e-06
2.706373436467401916e-07
1.730786038933729287e-07
3.534865200549575093e-08
6.809232644400253776e-08
1.476110700338040260e-08
9.691649704990368264e-10
2.317178626753957360e-07
1.488701339980025296e-08
3.346123378378251800e-08
3.418245964059707376e-10
2.320055703108891976e-09
7.796708167973065429e-09
8.278738111711092529e-11
4.834827538324759644e-10
2.605460514004676043e-09
4.965680089341617531e-10
3.540684689884443515e-10
5.416922022050130181e-09
1.060210599868049997e-10
2.692085443456448957e-10
1.654278158902400264e-09
2.645252628052929822e-10
2.665476173113745517e-10
2.881660188247536780e-10
4.565158806535407621e-10
3.877534404672644541e-10
2.353872097238252081e-10
1.307914887505035040e-10
1.565088614263743239e-10
3.043140184288972705e-10
2.232277918068348299e-09
1.457533316262527023e-09
1.819442263517601077e-09
1.292845719369495328e-09
4.410573017921137762e-10
2.526800713109622620e-10
4.162933997520212870e-09
2.997357029244085425e-09
1.389486081748714241e-09
1.705329433221436375e-09
3.815630034154082750e-09
2.949428479226412492e-10
8.614376434401549432e-10
3.920825331071853270e-10
3.111329194283030120e-09
7.990798023271850070e-10
1.597394716501554512e-10
1.330792254172763478e-09
1.139955574380735470e-09
2.590118675094288392e-10
1.236445168473210288e-09
4.764729721884464198e-10
1.162618196159925787e-10
1.657887854777939651e-10
1.002727567644967621e-09
4.364446581917036383e-10
2.449942193560872283e-10
6.922325379576932392e-09
1.399526938783424157e-09
2.435235568754023916e-09
3.226735101335975742e-09
9.698146286041264830e-09
7.641124177837355091e-09
1.274145233765011653e-09
5.799447033716376154e-10
4.344297699354626729e-10
6.921103273827000635e-11
1.808102112477172341e-09
7.668554680151373759e-10
9.709574810834453729e-11
2.373976848435432885e-10
5.161018279409290699e-10
3.429328210291515688e-10
1.175304575884439373e-10
6.355139747782345694e-10
1.771632618385865499e-09
5.744199782498071727e-08
2.766079310045910233e-10
1.532532573067513226e-10
1.774084101846540307e-09
1.443968417058627551e-10
6.814152714307297742e-11
1.440298991184363331e-10
3.305839157974332920e-09
3.760020905740901753e-10
3.203890708292078671e-09
1.825183337800240224e-10
1.812960198632751485e-10
4.567403746880138726e-11
7.135459334506322193e-09
1.313145503445412032e-08
3.055342090441115488e-10
1.597194376756760903e-09
4.408580167591935606e-10
3.328723130469057878e-10
7.511658517422858949e-10
1.152975159790514681e-09
3.061556119732244952e-09
2.768355988891357811e-09
3.496705425209967188e-10
6.260169604921372866e-10
3.112770041724388648e-10
9.859525001987279325e-11
3.123517000602760163e-10
5.020257543009165602e-10
4.069997117106538553e-10
4.412999299319153579e-09
1.461223503307351734e-10
7.317637606973903530e-10
1.706058294637102790e-09
8.465018130898727122e-10
4.829589506094578155e-11
9.322858041116433014e-10
3.009746896154297247e-10
8.850589011677456597e-11
3.304414519789133919e-09
2.137524705847493323e-11
9.667552175463001163e-11
1.012047945447847042e-10
4.975280951113880690e-11
4.586952762064555600e-10
1.525848114525274468e-09
2.731555259760654053e-10
2.788960451471922397e-10
1.161133966753880031e-09
4.758108906877112076e-10
9.347697060846371642e-10
2.133920679048273428e-10
3.244539970026494302e-09
2.884822380977425382e-10
1.088834800100357825e-09
4.820465360211301231e-09
3.905569201378966682e-10
1.170075147882698730e-10
1.565805263226138777e-10
1.185395670511013577e-09
4.722552127134349575e-09
3.811256588104328102e-10
6.217340531300408202e-11
4.205805981261079296e-10
1.976707131312593901e-10
1.436423202605396909e-09
1.021189022232249499e-09
4.823884625082541788e-10
1.339932609312199929e-10
1.139820182682882432e-10
9.995120286987457803e-10
9.231901354489480127e-11
2.806088417184327000e-10
2.022711304006108435e-10
1.874242538946191416e-09
3.627782518833555514e-10
5.580924056225455843e-10
3.561383132844042620e-10
4.856794480478932030e-11
1.920264303123531135e-08
4.053256064118215818e-10
5.286641610591225060e-11
7.982404737205683887e-10
5.985745232806038985e-10
5.518114298830312237e-10
9.321400318285100184e-10
1.159031343123118063e-10
1.061046042694080427e-10
3.149433824845004892e-09
3.577361740170204030e-10
2.201704790705250048e-10
1.177046127232017625e-09
1.358073564716733017e-08
4.830635891295287365e-09
2.662843834322359271e-10
2.406304044910712037e-09
3.573365214837309622e-10
2.754418082506759902e-10
1.729188348065235914e-08
2.182272140771601698e-10
1.227768775535764689e-09
1.764519502733818967e-10
5.549416481898106213e-11
6.964542276222118744e-10
7.032781024207679366e-10
1.207395183833170904e-09
3.549407157077411057e-10
4.923542129553482027e-10
3.320574648579821542e-10
2.092982176460367327e-10
1.964725049319326899e-09
1.546920480599567327e-09
1.173364877482541146e-10
3.591362762733751879e-10
8.525615630139427026e-11
2.329685611091036890e-10
2.707461477235995062e-10
7.929441131482306560e-11
1.414546674238792434e-10
2.603660620437153739e-10
7.248068811804841971e-11
3.931159009429308071e-10
1.199192523060332860e-09
7.679020197493002797e-10
4.035989251138794032e-11
1.529443099945737572e-10
4.523554308910604504e-10
1.060396631613613749e-10
9.767886499645328513e-10
1.288815165700896159e-09
1.285470757617090953e-10
6.815820685623918962e-10
9.829468350375236696e-10
3.083864760777821346e-11
1.033346741508012201e-09
3.380304369748898807e-10
5.780121936638238367e-10
5.990812707024062433e-11
3.538321857732285025e-10
8.770468240548723315e-10
5.314051421123622276e-10
1.188789733319595143e-09
3.789503433271335098e-10
1.848792341441196641e-09
8.536878981502127317e-10
3.546952287436511142e-09
1.258544490845281416e-09
1.155605472424880986e-10
2.757540584763518154e-10
7.060889206655929229e-09
2.584187308585228493e-10
2.129955066487720927e-11
1.317780884413366493e-10
5.829290383729812675e-10
5.034638331236074293e-11
1.352212647409700708e-10
2.109796087834681089e-10
6.941983099473247876e-10
1.005080907390265565e-09
9.560937458408247380e-11
1.173168562296211803e-09
1.576218044974098120e-10
2.191318931865637865e-10
8.399382855905912493e-10
9.720066973528673770e-10
4.736992464948741599e-10
7.372080279566262107e-09
6.488337089827211912e-10
1.029042753786235664e-10
6.953826403588436733e-11
1.053058640287929393e-09
7.600479134950433036e-10
6.799887874997523340e-10
1.179020492347859772e-10
1.051946418861859911e-09
1.484449646538266165e-10
1.337000177237257503e-09
8.042812943420685201e-11
5.341266984260073514e-09
2.386871256199185609e-10
4.224806726682572844e-09
8.197353906780335819e-09
5.267691283172837302e-10
1.299170632185209229e-10
4.251326235493735339e-10
3.529318393091784856e-09
3.169681184189698797e-10
1.603753796430851253e-10
5.853057594151778176e-09
8.309349042168179267e-11
1.209630451359799963e-10
1.271971972194307909e-09
2.091398026982105307e-10
2.172421270651980763e-10
2.961937917156376443e-10
3.491047728676477391e-10
1.383190117998367441e-09
6.967009608116470076e-11
1.677642469388729296e-09
1.286655504362244073e-10
3.567537598669900945e-09
1.502291763211260900e-10
2.587985381552471154e-10
1.016479629356581427e-07
5.918607826060906518e-09
1.238801061731464870e-09
6.126477103407523828e-10
7.621063224938495750e-10
8.390800276814047720e-10
2.746397276265355458e-10
1.116201714390641087e-10
2.555123335135078833e-10
4.719794000074273299e-10
2.416121747117472296e-10
3.674000659259490931e-09
4.746126824883845075e-10
3.112087532120000333e-10
4.306143219778846287e-10
5.792925028558215672e-10
1.229141233238806308e-10
2.879679250611388852e-08
3.188520558694563078e-10
5.526298307856336578e-10
3.465210118847039666e-09
4.486197635600319700e-09
7.555628345201625962e-10
1.567419527503943755e-09
3.894500555379210027e-10
9.607992873528203859e-11
6.477171576868556713e-10
1.568642771232475752e-09
5.847806960890267192e-11
4.476561621391539347e-10
1.135103677718518611e-10
1.629560042459843316e-09
6.280306136252633564e-11
7.500563503626267448e-10
6.794419249445127207e-09
2.173984048337018748e-10
1.175125885488625954e-09
5.786222057047041289e-10
2.271347415705449180e-10
1.421999962225584113e-09
2.536680587805761888e-10
2.849603608634510010e-10
3.418932470466984341e-09
9.101871339955991402e-11
2.577700497496948628e-09
1.293530118573471555e-07
5.572531325270801972e-10
1.937757954095786772e-09
1.106780569970489125e-10
3.615355792518926137e-10
1.159365173308835040e-10
5.805335101527475672e-10
4.954207266649746089e-09
1.131081617256057825e-10
2.513955710270465715e-10
7.080923347668743872e-11
2.491700457074585984e-10
4.979850420916420717e-10
3.182117069844281332e-10
3.827640704390233850e-10
1.727429449482897894e-10
2.130532972266507841e-10
2.315805602837173183e-10
1.222972834113988938e-09
9.821161245371357040e-11
5.713699735565569426e-09
1.456007758804389596e-09
2.801713583355791570e-10
3.418793859122359891e-10
5.602849434405143825e-11
3.810190385422629333e-09
8.938760842625015357e-10
6.313761513609961185e-09
6.440816768815693649e-10
7.976753979566097996e-11
1.441698760373810728e-09
8.005622553763913629e-11
6.139250774417348566e-10
1.945599414909793268e-08
1.148959261065840565e-10
2.181612757112816325e-08
6.869980279100573739e-11
6.483290015957265950e-10
3.510699231323854974e-10
2.338229609932795938e-09
1.414028893975682877e-10
3.329301001553375272e-10
4.879599155294123136e-11
3.815242566318488571e-10
3.238406653949255087e-09
1.383406500465866884e-09
7.469365403967032080e-11
5.295989757847507917e-10
1.127749782448006499e-09
1.465517041054908987e-09
8.360112602190383768e-10
1.353166023676521945e-08
2.562670298189573259e-09
1.986386471974910251e-10
2.388987965784572509e-11
7.062282703085287494e-11
6.304976984949917096e-09
6.370559191282154643e-08
7.822380937438921933e-11
3.368539336356946023e-10
7.104709598415581695e-10
8.379580015982490693e-12
2.017475075888341962e-10
2.793581477256168455e-10
8.144095120510286279e-11
2.297989853961013296e-10
1.487417633505572212e-09
7.954939484910994452e-10
6.661300844257311837e-09
1.387769787974946212e-09
7.572985016857103346e-10
7.646733246602366307e-10
4.378462314935660515e-10
3.520393004885491450e-11
1.643343461310564635e-09
5.786442436317429383e-10
8.073876983649697081e-11
1.515973457877350938e-09
3.557738992299164238e-09
1.730159626678329232e-10
1.332849941526603743e-09
6.694376164517734651e-10
4.103231296403997419e-11
2.950103494825384587e-10
1.780874891998962539e-09
2.799897536043260970e-10
6.335774682675321401e-10
8.188958400268120386e-10
2.076528116123910195e-10
3.496467115837731399e-09
3.632682696319555760e-11
6.467863467030099400e-10
4.125811359223519048e-10
1.023134216238119620e-10
3.109009716339983243e-09
8.445660837352875205e-11
3.853256602681653931e-10
2.358999107165971054e-11
4.898886851734118864e-10
8.515916860574179736e-10
1.947019073744726825e-10
1.142092864725441359e-09
8.081340929777525162e-09
4.343535531248221560e-10
1.367085999959272158e-09
4.234913253409189338e-10
4.491158486774615710e-11
5.163322547296900211e-10
1.609718247586044981e-09
2.454675629426361638e-10
1.949583133820098624e-10
6.596487245325022286e-10
3.058591158122681009e-09
2.712863267362308761e-10
6.780758177171719581e-10
2.431767009980490002e-10
7.019420045217827919e-10
1.539141813999833630e-09
4.604798140017685171e-11
1.158388177047164902e-10
6.588452006184297716e-10
4.171842593603258820e-10
2.448397484755560072e-09
6.729375945369042711e-10
7.709088922780438224e-10
2.568518064904878884e-09
1.878905364627314611e-10
7.883435015898498932e-10
4.236458739370618787e-09
4.172964473969642540e-10
5.915636314135497287e-10
1.216342165877293269e-10
5.537915681586014216e-10
1.970796720263123802e-10
1.661965842725265929e-10
5.872486524838294031e-11
1.024618945244526458e-09
1.058309412327318455e-10
1.736922161654774754e-09
2.828729250836659048e-09
1.223668166794311674e-09
4.833195510478560664e-10
7.209686736509013372e-10
5.609793185534783788e-10
2.525658571173039491e-10
3.689068217571644936e-10
9.421097235673414616e-11
9.074522244745253374e-10
9.798619693413002096e-10
1.783186265313929653e-09
9.553236424153510598e-09
4.328337244174917942e-09
1.082147371711528194e-09
9.325450828212566989e-11
9.897358627108943097e-11
4.285552468452635821e-10
3.257931424638371709e-11
1.376765257354861660e-09
1.483391742773676469e-09
2.359706874344169591e-10
4.931126063034696472e-10
3.792614666764393405e-09
5.331520988582916232e-11
3.811825521893297264e-09
6.954002929049352133e-10
9.792840843791950078e-11
8.773329285283182344e-10
9.088362284970230576e-10
9.794807187546439309e-10
1.348856915051044325e-09
7.108190425153537717e-11
1.820723712444305420e-01
1.091769008532139651e-09
1.904548324604959930e-10
3.547195648323508976e-09
1.048535036574094192e-09
1.240933467094862408e-10
9.682813578715254721e-11
3.657381286714667112e-09
3.337165266348307568e-10
1.022905926628681073e-10
9.076023960163936977e-11
2.495287976245208483e-09
3.806665260785990768e-10
1.210639921644940387e-09
1.926958037579140637e-10
1.505889163366802563e-10
5.156892968205539773e-11
5.761959798178395431e-10
2.035845048098394727e-09
7.829280002091820734e-10
5.796947921687944927e-10
5.779107747905243286e-10
2.232229956433684492e-10
1.600288790370996139e-10
1.594004928051617753e-09
6.396072005365738278e-10
6.243594530275231591e-10
1.080952993781636451e-09
2.641749929921388684e-09
3.220683164606441551e-10
1.127063775641090615e-09
2.362656736920598632e-10
1.285313938614862650e-10
3.650967306256802658e-10
4.982415036103304828e-10
2.548192767903856293e-10
1.511893388261853488e-09
1.371120550430759977e-09
6.348633840858042277e-10
9.682503687713506224e-10
5.475558340073405361e-10
5.517679715905110527e-11
2.420337541497730172e-10
9.586739735389926409e-11
6.613936065491543559e-10
5.456975843420863725e-11
1.947261463186578112e-09
4.534611575124358751e-10
7.743188867870287595e-10
1.905006014046861651e-10
4.667263242552621705e-10
1.647246644642663682e-10
1.172792751802376188e-09
3.521906377645933617e-10
1.432960972103103359e-10
3.052029518002541408e-09
4.879390669287886340e-09
1.044308373110425237e-08
1.076442338043825941e-10
5.044087023065024766e-11
1.809263849850140105e-10
1.267554394779324412e-09
4.780769669032736147e-10
9.733870376393838342e-10
2.418368394430103763e-09
8.839913245850539170e-10
1.951572584091287865e-11
5.071554287638946334e-10
1.875762434266903256e-09
1.236865543319254357e-08
1.082258838103200560e-09
9.196576139514078818e-11
2.045134062100828487e-10
2.298405216150101182e-11
2.905114482310011681e-10
4.809699305496906163e-10
3.955241412167964654e-10
4.920596818891453950e-09
3.888458721679199925e-10
1.281931005792102951e-09
1.269376781465325621e-08
2.736980198037031187e-09
7.112048283630656442e-09
2.718291425285457308e-10
1.077659184112178536e-09
7.005509505830787020e-10
1.301027896527529037e-10
4.529787933638118602e-10
3.784599023060053469e-10
2.110721055714748218e-07
1.185893161448348110e-09
2.279976207830713975e-10
4.935821751317348571e-10
1.950711148168693398e-09
2.237388940784512670e-09
1.626966783518923876e-09
2.093629020150089559e-10
9.530973787974517109e-10
1.871102828232551474e-09
5.376917799893021765e-10
7.921203276639587898e-11
5.613902676060433805e-10
1.093865886758749184e-09
2.382336550255104157e-10
8.750630775544721018e-11
3.716839058753862446e-10
4.012993548574428360e-10
5.086027154987959875e-10
1.046419284556066032e-09
6.847048622526941131e-11
3.790450453511340356e-10
1.976168118034138388e-10
4.278136733759652088e-10
2.274522126199940431e-09
9.798077904576985020e-10
9.629903541252815558e-10
1.201344579371266263e-09
9.292287495021867016e-10
1.437061025733044062e-10
9.496672198627820194e-11
3.703633788543214678e-10
7.472458068980003532e-11
3.474533716296690500e-10
2.137611476715761682e-10
1.676548455620263667e-09
1.097211321798852168e-09
7.654150202540677128e-09
1.973389451848106546e-09
1.502507340767067490e-09
9.060893146894954953e-10
7.662940282315844343e-10
6.466324364851061546e-09
1.989435949312223784e-09
1.668430726908809447e-08
7.793552470047870884e-10
8.656694916453488986e-09
1.352752576622151537e-09
1.190360343628071860e-08
2.459649817154740958e-09
1.913146263632370392e-08
1.203711019748254785e-10
1.743284738786599064e-09
3.136796378200301660e-09
4.343411463825219698e-10
9.587453053683248072e-11
4.491257588057351313e-09
3.447343244200595791e-10
2.952389166477331628e-10
1.566929364038571748e-09
5.078844012018635112e-10
3.144456639514459084e-10
2.798765386113899467e-10
8.964149422752143437e-10
3.714620555594905227e-10
2.106510937904815250e-10
1.836487961703880956e-09
7.537050095152153517e-09
3.675633575284109611e-09
1.836435448154816186e-09
6.497039711783614280e-11
1.000505789328087758e-09
4.612509263424158235e-10
9.558918101504332299e-10
1.003182870107366398e-09
2.985493519069848389e-10
4.126661512504625762e-10
1.194617627042759977e-09
9.301313608212069539e-10
1.352108291996501066e-08
9.854491667127263099e-10
1.559915752125107247e-09
9.560947589193347085e-09
2.468734994209853539e-09
5.160972538220676142e-09
2.584048388598603196e-07
3.957769389995036136e-10
1.261221460602257594e-09
3.814415006075932979e-09
1.093400162077706739e-10
4.555100119318922225e-08
1.160116358533969105e-08
1.612194822087076318e-09
9.667815437097715403e-10
1.002078153788943382e-08
9.664956612809305625e-10
