8.277074772106152167e-13
5.030209027090393192e-10
5.467935566133563796e-12
9.059431807165174710e-13
3.281648824210448012e-12
2.691751335714975824e-11
3.746238128737866546e-12
6.428221236559616969e-12
5.150237441381433356e-12
2.643446919692316044e-11
2.790958353315886598e-09
2.214551320101065812e-10
3.433243134232100147e-10
2.091132600412493048e-09
4.683242682546051583e-11
2.806934962240603681e-10
1.772131746902161353e-11
1.649088678112864415e-11
2.659923279899056858e-12
1.118737102956401941e-09
1.088952365779771725e-11
2.923030470013826543e-13
2.630555842597637195e-11
3.398500664913983726e-12
1.532573928875180513e-10
3.030668771497602165e-11
1.096418844603874732e-09
8.655258176837321571e-10
5.688856070246162133e-12
4.376009832274263545e-10
2.617394356807523081e-10
5.510448763956787843e-10
3.042168073008610918e-09
3.334513498653990382e-10
2.136934205976270817e-11
6.089290183197704209e-11
2.364763107554068711e-10
8.244719490457796951e-11
1.022528034466674285e-10
4.270570702624709725e-11
2.839648516328452388e-10
8.153920594278218914e-11
2.491934436577025735e-10
5.505899625113386264e-10
2.389738629204885001e-09
2.855942392299137822e-11
1.038430452737770793e-10
2.669027776569521393e-10
6.827939364080493068e-13
6.918212530626632883e-12
1.886471187595439858e-11
2.868848561488057669e-11
2.137868007623389133e-11
1.188941445295910171e-10
2.703593793285108404e-09
6.747751662983247911e-12
2.128063350537168219e-11
2.504852228413234627e-11
1.086828196883438125e-10
4.001588990720783556e-11
4.723046953536425008e-10
1.286741962980286758e-10
4.031336028886833844e-11
4.718243157286750034e-12
6.847453593722407916e-12
1.091293548582950024e-11
1.164130347675040866e-09
1.519119552373382476e-10
1.966037055378677678e-10
1.515965575293876100e-09
1.337831257842481136e-03
4.494830591283971444e-06
1.281803361052880064e-05
6.769239306449890137e-01
2.600204646587371826e-01
1.801390681066550314e-05
7.397004519589245319e-04
5.936573445796966553e-02
2.435745409457013011e-05
3.905238190782256424e-05
6.422167485309326906e-12
7.712853966612698287e-11
3.834518536027786695e-10
1.247962150285886196e-10
9.626927727213185904e-11
8.279810864708636586e-12
2.752978921216620023e-11
6.188577428289931959e-12
1.596712172202696678e-11
1.123148232404225233e-12
9.196732785043959524e-12
4.467489475145497435e-13
4.545132326061462891e-11
4.650651825449658716e-12
1.841454627671268440e-10
2.836512795478807192e-11
3.943339405010348742e-11
2.879174546346896513e-12
5.902533236484819312e-13
3.042678413910093749e-13
1.789763975044988964e-12
9.245569804541831083e-13
1.593276834251089458e-12
9.612813149650900613e-12
6.321514926105331611e-12
5.930299307177477885e-11
2.775775919880429932e-12
3.663612346826994326e-08
7.579537886215348408e-09
6.831059329304167704e-11
1.184484021282683486e-11
3.322851993559083894e-09
7.615457708887163335e-10
2.089661332860259790e-09
8.072647411649924720e-11
4.586974799991594409e-09
1.370370705799928146e-09
1.332228976025362499e-07
1.753064566401008051e-06
3.013039759025559761e-06
2.699998049138230272e-06
1.158081249741371721e-05
1.743632083162083291e-08
2.180367800974636339e-06
5.090236300020478666e-06
7.343483594013378024e-05
4.398952569317771122e-06
1.345682506398437894e-11
6.851564671520038452e-13
6.458966933346743655e-13
2.525222327250109533e-13
8.443115130651879241e-12
6.615184094949100313e-11
2.068286340806135826e-11
9.029725209740158132e-13
1.251444000510693044e-11
5.086686280519892023e-11
2.149959550667990271e-11
9.139894787194013936e-13
8.005594798188298000e-11
1.010699995918074023e-10
1.248118535607245505e-11
1.349126366179120851e-11
2.744562389855875750e-12
9.538442084788822939e-12
1.597370152817134681e-11
8.611842142181025395e-12
2.032250236150279221e-12
2.892500692089350345e-12
1.119007908252991901e-13
2.214009531265048736e-11
5.916424988816615382e-11
8.022512341943066616e-12
5.431171137826318329e-12
1.679786691688445188e-11
4.663943536931114409e-11
7.262116602513302155e-11
9.850515585510533079e-13
3.693777922419982929e-11
5.934323778905570279e-12
1.063091455144604680e-12
9.727183468422051504e-12
3.764438413766946212e-12
1.015392804559756001e-11
3.166814683749907822e-12
4.365161704322773062e-11
3.055328342757568372e-12
3.811618121823956429e-12
2.031894617837703976e-11
2.175139842547357816e-12
5.421032719943319478e-11
6.556147291725267223e-11
2.735406302509235665e-12
2.994058126426502042e-11
3.702028267271728623e-12
4.209342509969848933e-12
7.273618773256940173e-12
4.430233957464224659e-11
5.534873601109602248e-11
1.439696560752434795e-12
2.513483128227522734e-13
5.317336154719853880e-11
2.261138637438264709e-10
7.873557708593104110e-12
1.792095638553092840e-10
1.255556908441590735e-10
6.685735992606467448e-11
2.100190243936594925e-09
9.540402322316676731e-13
5.778148098878332917e-11
6.998436660916873553e-13
1.907362878750262780e-10
8.225254678750903992e-12
3.762387623673646431e-11
3.289632672168196770e-12
4.285845983664771097e-11
9.836106235061592429e-11
4.208860690524396375e-12
1.932147150607299579e-11
4.348631264111668671e-12
9.939431222516503794e-12
8.193452860627559176e-12
3.003042953197976317e-11
8.990307630296623387e-12
4.449175403098415416e-12
6.678302875984254428e-12
1.822726214753545015e-12
1.560992307636510645e-11
5.944239545030427507e-11
2.378811557457449766e-12
1.897006206633133907e-12
3.425451242100585603e-11
2.660958259292911521e-12
6.467319735303789230e-11
2.762920968402138300e-11
3.638049497073359007e-12
1.820038217359432053e-11
3.146710106025074616e-12
7.003995907556292977e-12
2.862738934794606394e-10
2.488138861611588482e-11
4.205121494071928367e-12
5.584730269382609524e-13
1.346796892759405395e-11
4.981214659499633157e-12
2.780099501303867626e-12
1.335405744318229893e-12
3.771266285368390925e-12
4.968535348773284177e-13
2.013994439969968298e-12
1.971603869749261051e-12
2.023416373689301828e-12
1.624887290690990582e-12
3.059941406161059696e-12
6.287499687562814188e-11
1.039305143682445198e-12
2.523631303930073955e-11
9.198075079375200858e-10
1.561601759361708197e-12
1.044882496498145130e-12
1.240978240307777369e-11
2.377932920016867513e-11
6.789968760856357477e-12
3.761711428462710671e-12
3.274621025728396972e-12
5.647837666294952541e-12
3.362112021079721735e-12
8.019004297393772518e-13
8.727093700477972504e-12
5.045914207302271137e-12
1.324149340523050888e-12
2.542119813264687167e-11
1.444461217303683043e-11
4.603761382532267632e-12
2.091924203306838592e-11
3.651345989886395360e-13
2.039130583136872232e-12
1.270365323352562470e-12
2.335214053378331656e-12
7.309594010802833441e-13
3.115803188374899335e-12
2.314094282949291648e-13
1.203432020702166483e-09
1.520277501977640444e-12
3.874183526070273942e-12
2.256291958824263588e-10
1.007203348502017093e-10
1.702419975824209786e-11
3.415513314883322771e-12
9.481775607722564558e-12
4.309681951586430415e-12
4.872186855353621837e-12
3.039428986273406963e-10
2.967624626940001953e-12
8.580198183893994468e-12
2.235432759040145712e-12
1.704209147933288815e-12
1.090450819918320491e-11
4.773978521527277863e-12
1.478927223741433039e-11
1.081365275101831003e-10
3.376162960311290817e-10
2.885731098523081073e-10
1.453005910034832482e-10
8.870496351343071240e-12
4.160010183551499097e-11
1.932040291641179408e-11
4.583367366195467696e-11
1.690883197347226030e-11
2.381155168873494432e-11
7.176315965085056092e-12
2.034212642082477984e-12
4.177582932363144153e-11
2.376526059277850322e-12
3.891624869578613755e-12
5.130597010606641195e-13
6.302730147685065010e-13
4.952699275001526402e-12
1.169332686234980656e-10
3.431770145834178720e-10
1.128783733150839907e-08
2.763727309229579987e-07
7.583388139664748451e-08
2.254901403375697555e-07
1.872014721016057592e-08
4.285883203891671656e-09
1.487787226750469927e-09
4.462980882635747548e-07
2.023403112616506405e-06
8.069674549915362149e-06
7.100622497091535479e-06
8.254633598880900536e-07
1.346160843240795657e-06
1.309874278376810253e-06
2.693923079277737997e-06
7.883345460868440568e-07
1.133025534727494232e-06
1.145081000686332118e-06
2.829663969805551460e-07
1.441917333977471571e-06
3.124090653727762401e-06
1.896231394127312342e-09
1.760131951300536457e-08
9.723162552877084863e-11
1.081679901204779526e-08
1.629961721150152698e-09
2.140323296373480844e-08
4.751752271658915561e-07
5.278890853332995903e-07
1.858096870810399537e-10
2.491136186222320248e-10
2.964584411291326660e-10
4.391875751963425500e-12
1.268216920369269474e-10
7.833909909660263793e-11
2.743879568001261759e-10
6.737042174131957495e-11
2.752044425680111317e-11
9.726427302458873214e-11
1.281315873714883313e-12
1.589750206476558958e-11
1.604519295206330298e-10
3.502893114459837420e-11
2.904541624576539860e-12
7.067671968508104641e-12
4.181032690203645430e-12
8.427199368020443782e-13
4.085425574229528678e-12
7.236961030443467280e-12
9.557418224892533232e-12
4.775911957577427813e-11
2.823674887658667032e-12
1.677401446908977078e-11
2.181389444078085660e-11
6.646803246690424771e-11
5.688552059956997198e-12
2.804831922276207479e-10
7.427462533904360953e-10
2.250960876026830704e-11
3.570564677257692665e-11
1.637033564261258789e-10
8.661734524073594343e-13
3.638903414704408590e-12
2.742780724762639011e-10
1.247594909326021906e-11
8.325704708989078995e-12
3.123401710880546744e-12
3.065755982412099456e-11
8.440120130570605284e-12
8.423105962718224760e-12
1.142308261870006447e-10
1.004923054492845580e-11
2.312110138763534550e-12
3.142399535027706747e-11
2.154421779865245412e-11
5.701434983851338956e-12
2.362978248401231829e-13
3.988538666011010037e-10
3.686716296830150341e-12
4.684294185181014925e-12
3.679610782736375540e-10
6.081142533975736342e-11
1.377979508276894194e-09
1.029678686065294002e-11
8.816049452964325184e-12
1.061232178523052738e-11
4.764615351565693047e-13
2.788640672546360832e-11
7.348543648588723443e-12
6.901391350760954779e-13
7.065434608904963554e-12
4.584096231947942801e-13
5.077891232496689611e-12
3.207342160957415977e-12
8.915968007297547793e-13
4.615642243410711387e-11
2.085106753924037548e-09
9.835473546715434168e-10
6.227537235892199874e-11
7.978141758346879442e-11
2.196800727438663614e-11
1.015553526689805253e-11
1.527166240689048493e-11
9.240995468839940941e-11
5.384167504202119758e-13
4.055614177822519650e-11
9.903651509990396562e-11
1.304654626520240779e-13
6.281724408219516165e-14
1.893010609377299147e-10
1.499451798281370429e-07
2.491143142463458915e-12
2.200063048407585597e-11
2.061293708421549353e-13
6.170956107220959552e-12
4.205759629449801196e-10
7.158052362649103273e-12
5.913562972637009807e-10
1.818804551412256387e-09
1.694400036944543331e-10
7.182919536941057004e-11
3.502799439392134673e-11
5.435099419137667809e-12
2.431631068375295079e-12
9.177106990998495917e-12
1.568908197802088011e-11
1.431102125692973459e-09
6.178988310595601163e-12
4.163431752135515751e-11
1.210238576021538393e-09
3.886016942261649731e-12
6.185663092850290923e-12
1.030505014654181650e-09
2.197273396217780395e-12
1.100277230436930154e-10
2.504662033331328530e-10
4.370120124065277056e-14
2.698356642294452712e-11
9.481491286544851960e-11
1.255039683289993491e-10
2.760645184674004327e-11
3.364238609915304323e-10
1.841889141207531111e-11
7.770663279504930188e-11
1.012601461014561721e-12
1.443238584197814589e-11
1.014326816983768254e-10
3.072024926109584442e-11
1.785913417151618887e-09
8.516951033321618070e-12
2.080452476960203967e-11
1.991851572569203199e-09
3.740453724532244451e-09
7.741087285073611213e-12
6.507668102312402780e-12
8.723570477098263609e-11
1.137209857532406332e-11
1.343931216313265509e-10
1.864022824982214388e-12
4.580310297708223288e-10
2.409572888439903693e-11
9.558608071724705724e-11
3.053974018119021139e-10
1.910938768334702331e-10
1.191187037896668244e-09
1.565728747826219958e-13
5.479785895878830360e-12
1.064382262883079022e-11
1.828380762763925915e-12
9.790641908313801878e-11
2.639373830604085924e-09
1.887533011835085262e-11
2.819057921127354760e-12
7.628214032662228306e-12
1.914648127543383538e-11
1.125923887457247474e-08
1.771922192306263355e-11
5.073319151935318239e-13
9.653225996331116221e-10
1.271505557093322025e-11
6.942680371574416753e-12
6.174385308588270505e-11
5.628391632969687031e-13
2.105188202580765555e-12
4.947345484673792981e-12
1.289340682830708573e-11
1.600999172644834712e-12
2.240466666358909009e-11
1.080640554818046439e-08
1.066895682910740106e-09
2.280084801520310123e-11
2.052879741198943009e-11
1.749783928861603499e-10
5.091119366362750753e-12
2.868901116670485862e-09
1.844205690937350539e-11
8.503434761886197180e-11
2.828479291061558598e-11
2.360605851417507672e-12
6.162068078019444783e-11
1.486994208321767985e-11
4.589814292521587902e-11
1.328433613112522949e-10
6.871490876303454343e-11
7.283789127399131758e-10
1.225740620114379453e-09
3.073312981882736494e-08
6.892861281748707825e-11
5.202469011145183231e-11
7.277035918296093087e-11
1.541222986907453407e-12
4.441702810675102198e-13
8.946896695727346582e-11
1.343469918646533756e-10
3.015151713373076525e-12
2.230681611647966633e-10
8.059350929678910092e-12
5.553877149844232974e-11
5.087430476891086073e-12
5.941141675847028125e-12
5.376716324771713129e-13
1.410381447047859282e-11
2.586297669082693318e-11
5.171233666972918641e-12
6.146186337652181919e-11
1.273634669951562159e-10
1.484774976578950856e-11
2.174911726410266866e-12
1.768354629394508493e-10
3.508104722514671092e-13
6.724778719990887055e-12
2.350331084269297044e-12
9.810984247238252465e-10
2.524532805026069582e-10
3.931816677793520398e-12
4.993657397311945800e-12
1.270821729099091968e-11
6.989132883550297493e-11
2.380065415585885802e-11
5.636626929095278626e-11
1.135632490822935381e-10
2.611033389499084478e-09
1.275215488760750304e-09
7.411693481174097542e-11
2.001667755158198503e-11
3.670323212023873793e-10
6.662920215561030091e-12
6.378845883578052045e-14
1.100903656431340139e-12
9.016241919734824251e-11
2.336983037642959005e-12
5.259290780657011055e-10
1.631457052786444706e-10
2.096013987373801513e-11
3.577429324996828086e-11
1.162113482701399025e-13
2.442295324311949400e-11
1.099095207207634317e-12
1.646563330126582514e-09
1.299366864104811725e-10
8.519957309105485876e-12
3.203783592586884055e-12
2.637662754878533633e-09
2.674283239301189496e-09
1.265594486848931055e-11
6.019707844175103961e-13
4.829154409691227556e-09
1.669633042933327260e-10
2.946910215850806480e-10
1.077059882254038925e-12
1.828019159655358550e-11
9.761431029806089121e-13
1.128742210809718927e-09
5.455994271826025699e-13
5.719573079043804853e-11
1.030955594331917080e-12
1.398984227074517861e-11
2.961159650816114208e-10
4.917863338782524352e-11
1.238644881107475726e-10
1.213399936084158526e-10
1.600435062254490504e-11
2.351683014989447429e-10
1.646275823996568022e-11
1.631348944819421831e-09
2.947999136471146642e-11
1.827983294247492729e-12
3.264553072312992299e-10
6.092557569559176045e-10
7.283798564294841071e-11
2.040682943807436978e-12
9.773742926100226214e-10
1.601876443990679633e-11
1.390052569577582275e-11
1.671163207817016882e-09
2.948318238854552575e-12
3.296055095525218803e-10
9.579002088061505660e-13
7.046925434676942768e-13
1.346940905477822525e-07
1.048095610300947556e-09
1.161321473014398364e-11
6.827964842831546477e-13
9.364197785244332550e-12
6.178503486609088213e-09
4.454900337513834074e-11
1.714457048551665252e-11
1.572917143755070413e-11
4.394777250449344308e-11
1.225399176661007283e-13
3.549731689145296798e-11
8.164546295985619651e-12
1.828077619836498968e-12
4.276396511210256435e-12
4.397678401990567920e-11
7.488989896969888704e-13
3.224081979169568513e-07
3.246648783150618556e-11
6.042193967381592756e-10
1.476857569571166096e-08
9.768495040640701177e-12
1.646808991256909493e-12
3.192916209204810229e-10
5.674175365677491811e-11
5.347734408078785862e-12
7.079865122980311121e-13
3.213936006218887087e-09
1.060800075168219503e-13
5.055203824988474537e-11
9.544602885824815530e-10
6.670963781374439350e-10
8.989231581324474973e-11
1.305591919298354497e-11
1.862221310489076131e-08
2.041221185133945681e-11
5.401573719560071041e-12
2.177677135839495293e-11
3.450414953753977443e-11
7.021946392404831983e-12
2.808726341785305891e-12
2.525222327250109533e-13
5.858968421534882509e-09
2.095126676315839376e-11
7.134319357504637082e-09
1.805142915145552251e-07
1.003178443093055705e-11
6.504528252820884759e-12
5.983906425921503569e-11
4.380859217056887189e-11
6.881613334730474207e-12
1.517300347864125598e-11
6.775663363711714737e-11
8.814429763338849089e-13
1.309752306610789674e-11
2.744409246299012173e-13
6.577671350302405351e-13
1.160588010244711921e-12
8.573703379199937302e-12
3.273433080153154151e-09
3.191170216965133477e-09
8.548849995959617587e-12
2.156431283539816945e-12
1.011648230464512466e-11
1.747341507596367194e-11
7.712692290384737248e-11
1.296200386607937460e-11
1.614983924369539636e-09
5.907002109672987444e-10
1.248875243671510038e-12
2.322790570996602355e-11
9.022929105262367244e-12
1.082437091348698033e-12
3.251358557387895587e-11
1.684332881501937607e-11
1.475784050519735047e-09
1.657272545108404160e-13
5.126705483748938974e-12
3.366862983966711909e-07
4.101618784196903178e-12
7.273633428894754616e-08
2.257740435579469462e-12
1.044888828238832446e-11
3.844197529745407849e-11
3.437058193611619572e-09
6.853098383913236447e-12
7.165151718474538356e-13
5.818844538152401213e-12
5.745354886288467355e-11
2.098698471952875622e-11
9.855199122055235961e-12
1.494018125360041527e-12
6.129024371359648171e-11
4.614552628900980835e-10
8.460525682818520465e-12
8.352253610954818441e-11
2.607514870689442432e-09
8.450802368997756275e-08
1.558096967418931555e-12
3.378362476921803470e-12
1.524847192957423658e-10
9.650911181324772770e-09
4.648811890994863916e-10
7.290449168841084404e-13
9.140754125835925947e-12
4.170433443029253340e-11
4.511914117062004737e-14
1.400619962892146741e-12
1.004721826569632270e-11
1.376430913690995794e-11
9.735962903933970125e-12
3.045529606282570967e-09
1.109538327881409714e-08
7.434935778150020269e-09
1.595969190137935811e-11
9.494739022786191640e-11
5.353087417780955093e-10
4.492113070408976228e-10
1.877993068130287546e-13
1.071430513754911829e-10
6.081760095533184085e-10
8.068444523612328112e-11
6.115610240442492795e-10
5.042603223870401052e-09
6.143056896501519759e-11
9.253831208255736129e-12
8.444832055864992526e-10
2.462088866117539965e-11
1.022036014847182983e-11
4.457595056961416446e-11
1.219731607382534833e-11
1.182335219312991015e-11
6.735140917202286914e-11
7.010812069774274846e-12
1.670075015780536631e-11
2.564160838411204402e-14
3.155049277392407703e-10
1.900508396490696583e-12
7.160019105389991978e-12
4.197179048759380748e-09
1.430562959758852060e-11
7.083353868730934977e-12
4.048862753316256891e-13
1.244021118756988287e-11
3.528352089665620639e-12
4.763836460724979460e-12
4.268964522158302799e-12
2.275509988769464087e-11
1.237685474941851993e-11
4.913965345743065427e-10
5.110670775465564475e-10
5.148332281323941828e-12
9.155178785219542092e-13
4.911252394351750539e-12
3.715754093303047512e-11
9.111840622300082515e-12
9.774241138682526753e-11
1.353293692385459934e-11
1.070328396225728174e-12
4.340054791246439336e-12
1.042613304719219869e-11
8.585846443531774952e-12
2.325676456971237371e-11
7.437665761056422298e-11
6.430362969531144834e-13
1.253705798030801954e-12
3.270467230365170508e-10
6.775417726867516421e-11
1.864914667137895776e-09
5.621828089857894284e-12
9.478746676450100495e-10
3.709683168290345279e-12
9.806260838074454256e-12
1.278989270048214166e-08
6.885861325578446213e-10
7.497406029344233502e-10
1.314045335217006727e-12
1.079015543581363090e-08
1.048070571302295306e-11
8.038089291395600355e-12
2.156339343195590175e-13
1.749596995059832238e-10
3.045515770995488314e-14
3.535892412198649026e-11
8.584455457594231120e-08
1.359158480207511843e-10
4.170913614487403720e-10
6.241656080874236068e-10
9.173922038696602499e-12
5.914334560291889531e-12
3.538672133096554262e-11
4.410109777364112915e-11
1.509721709626321573e-12
8.112532173809583469e-11
5.262198315980626262e-11
3.788341862431821028e-10
9.213922159967413705e-12
1.040131175633618454e-10
1.457714428765993775e-13
2.051094103588946282e-12
5.790468798894110591e-12
7.634334381030963290e-14
5.834612307187292402e-13
1.724144091386214939e-11
3.441968585149446369e-11
3.533189019133686770e-11
8.633181391992650333e-10
1.607646134271778493e-11
2.731201931283067097e-10
3.119037250698397656e-09
7.068282070754605684e-11
6.440985331895854316e-12
1.804840565194920643e-12
2.271985377610974410e-10
1.648999048420307645e-09
2.753894931106087851e-13
1.371426042169332504e-03
1.900195778503643851e-09
6.624887270711976583e-13
4.804144859704706505e-10
1.088034697060979994e-11
2.782182849988407147e-13
5.810933873841295227e-13
5.035265260300292312e-11
3.679045349619380900e-12
4.730286162768493341e-10
1.307543223000307009e-11
2.315607705583033749e-10
1.119767039509111939e-11
2.086959771663288166e-10
1.716966195955405006e-12
3.467352815457458437e-13
5.561248618730918469e-13
6.097033433682952364e-10
5.184783592043773481e-12
1.704817884085052526e-11
2.942976765063498590e-11
1.699996809989556823e-10
1.007837424626956135e-10
4.926895350032545196e-11
3.430675535320837355e-11
1.263489451952537479e-10
4.781013258903232810e-12
1.365106080475700367e-13
8.553205019246057361e-12
1.811913397098408041e-10
3.596395681260133870e-10
4.771397721370362888e-10
2.000922648057179565e-12
6.920522314934896002e-12
3.577056151282675955e-10
1.716402464602140299e-09
2.071266942682559176e-11
6.456572082536027324e-11
3.895356537331196023e-10
4.205340242702249043e-11
3.456821273672971984e-09
3.079626397645141012e-12
1.896197920903119893e-10
1.672047916789765054e-11
4.842248824132866503e-10
9.820162261489628897e-13
1.439212082843255303e-10
2.361313922172314506e-11
2.887115676739049341e-12
3.311235563085296318e-13
7.183669891580590772e-12
1.767364683422090188e-12
3.093391862107885970e-11
8.575033044744273525e-11
4.546040193592615353e-12
3.837574702458823594e-11
4.665794486879981662e-11
1.650288378174380455e-10
6.259846807576963101e-11
1.040488631668876063e-13
2.266168641629207059e-10
2.962807776896170253e-11
2.814824111643798865e-12
8.175095149443034614e-12
1.475839589426541920e-10
1.002692069998478708e-12
1.157223730903489400e-12
1.825596531584983140e-12
9.073664486436427978e-09
2.041974811461955142e-09
1.433221180624499880e-10
3.326504111229866556e-13
1.435103813562932373e-09
9.935824949250382510e-13
3.938979697970523830e-11
1.080642953593669020e-11
1.307573146980267609e-11
4.535251341142298998e-11
1.567580093508880168e-11
3.860720770854086936e-12
1.324741843999888147e-10
4.690915433869236040e-10
3.316719468515749725e-11
3.460670291999257131e-11
5.141262415797598351e-10
2.568311952000357223e-10
7.172278829875589068e-12
1.354306528034143753e-10
8.423308162086584616e-10
3.761365441334874049e-09
8.503742848775530661e-11
2.140389428195721422e-11
1.427127166442332395e-10
3.563821807106570816e-11
2.583913971676565779e-09
1.809130956154092473e-09
3.703592987847059703e-10
1.126285089497747194e-11
1.297789237186819378e-10
1.324618192910520520e-10
1.469229252148984699e-12
1.081407879910400993e-11
1.382241651866344956e-12
8.351568742126502798e-11
2.601806031905795624e-13
3.518056939516567283e-12
3.858843800053080031e-12
4.448371185294952568e-11
1.521446790775371483e-08
8.231143544534802459e-11
3.390404901271182325e-10
1.430361124682422158e-11
1.972700475194599790e-10
1.468836496876235742e-09
1.831587881362395365e-09
7.826759795825921628e-10
2.578837587918769714e-09
1.032742869000458086e-08
5.053613430505699000e-11
4.482183027509911710e-11
2.845931476591623266e-11
9.999552184544735489e-13
5.788351395419333301e-11
2.770186857681267156e-11
1.168004165608138578e-10
1.793813098061036726e-09
1.008210959163591269e-09
1.391839532516314648e-09
4.010026755096873785e-10
2.820105704515185607e-09
5.758904811359322196e-11
4.178304369162333387e-09
1.025619145167411261e-08
8.180547350633560200e-10
1.799984883366079202e-10
5.821848003684237938e-10
5.964705118710611487e-11
2.245687108493044093e-10
2.973000290396043965e-09
1.046649789060438707e-08
2.829606861320943523e-11
8.186817196387252693e-11
2.440280200133315702e-10
4.842544698568929107e-10
9.554548263679407683e-10
1.606535127152142195e-09
1.955457046287634171e-10
1.229422952331304941e-10
2.404074439521508566e-10
5.286351564826041738e-11
8.408006929583322631e-11
3.239153945067130280e-10
2.468660387222598729e-09
3.381442681416046980e-09
3.849460195048948208e-10
7.636850873904421633e-11
4.152673760415837023e-09
1.550446403209004842e-11
9.742692069769631757e-11
1.528151043206360526e-11
3.696696074251271114e-11
1.990315030842015886e-11
1.091125662044944988e-10
9.353832292058328335e-11
3.483575840984576288e-12
1.001461674005055258e-11
1.203682661356231254e-12
3.359948430592396562e-10
3.374821602730726511e-11
7.998585301038918516e-12
2.330711268427876348e-08
2.290363732004863095e-10
1.870294497052782390e-08
1.047266895426446354e-08
2.323354692634893581e-06
2.670801579895965006e-09
1.044925923565642734e-09
8.760124292628290732e-10
8.195386101521318079e-13
1.417930750591267497e-08
2.347338678987398453e-08
6.001640961983412126e-09
1.453566600417843802e-09
2.201211657393287169e-07
5.598891350544477064e-10
