6.110956718430315959e-08
2.839634362317156047e-06
1.679030674495152198e-07
1.995910992036442622e-07
1.353217953692364972e-06
2.308372313564177603e-05
1.902245230667176656e-06
7.370595540123758838e-06
1.253843856829917058e-05
2.925145508925197646e-06
8.967422036221250892e-05
2.561827750469092280e-05
7.648409518878906965e-05
4.155383066972717643e-05
3.564841608749702573e-05
2.942117680504452437e-05
2.232568112958688289e-05
2.374587711528874934e-05
6.713916263834107667e-06
8.814186730887740850e-05
8.686447472427971661e-06
1.681931462371721864e-05
2.810363184835296124e-06
1.446588248654734343e-05
3.114452920272015035e-05
4.015759041067212820e-04
1.246089697815477848e-03
2.657949225977063179e-03
1.009911720757372677e-04
1.499847712693735957e-05
3.468970535323023796e-04
4.700433462858200073e-03
2.371067740023136139e-02
3.921576353604905307e-05
3.824695158982649446e-05
9.539019083604216576e-05
8.536242239642888308e-05
8.302610513055697083e-05
4.992883652448654175e-03
2.623964683152735233e-04
1.002127584069967270e-02
3.353764768689870834e-03
1.508892793208360672e-02
9.192615747451782227e-03
1.577419927343726158e-03
7.583405385958030820e-05
1.451745396479964256e-03
5.608400679193437099e-04
1.294042931476724334e-06
1.233230523212114349e-05
5.509428774530533701e-06
3.815889431280083954e-05
3.270063025411218405e-04
1.468064601795049384e-05
1.978954242076724768e-04
2.374834730289876461e-05
1.398355743731372058e-05
2.563416492193937302e-04
2.107115324179176241e-05
5.982125367154367268e-05
3.920731251128017902e-04
1.151778124039992690e-04
2.871131255233194679e-05
7.201688731583999470e-06
1.622359377506654710e-05
9.264779691875446588e-06
3.095839929301291704e-04
1.505489581177243963e-05
6.535702414112165570e-05
4.889152478426694870e-04
3.865574952214956284e-03
4.554862622171640396e-03
9.569985559210181236e-04
2.493232488632202148e-02
9.391824714839458466e-03
7.882877835072577000e-04
3.321598842740058899e-02
6.918730735778808594e-01
1.359489047899842262e-03
1.048508915118873119e-03
2.532390908527304418e-06
1.357357177766971290e-05
1.112749960157088935e-04
8.107546818791888654e-06
2.657253162396955304e-06
8.278006134787574410e-05
3.929494050680659711e-05
7.765831924189114943e-07
1.994864396692719311e-05
3.992530309915309772e-06
4.908742084808181971e-06
2.180636511184275150e-05
1.298664428759366274e-04
8.346692084160167724e-06
1.239604316651821136e-04
1.895334389701019973e-05
1.739781509968452156e-06
4.871533860750787426e-07
3.465808902092248900e-07
3.282823684003233211e-07
1.641611362401818042e-07
2.881735952087183250e-07
8.550831807951908559e-06
8.040709872147999704e-06
2.789060636132489890e-05
4.036912287119776011e-06
1.218029069605108816e-06
4.514802185440203175e-06
3.395638486836105585e-05
1.294048615818610415e-05
4.227943645673803985e-05
3.242879756726324558e-05
2.054459182545542717e-04
6.167282117530703545e-04
1.042400719597935677e-03
6.647322152275592089e-05
1.850159023888409138e-04
1.594633249624166638e-05
1.490876093157567084e-05
1.408988726325333118e-03
6.619506748393177986e-04
3.979387111030519009e-05
3.097892431469517760e-06
2.405299892416223884e-05
1.093620521714910865e-04
3.186150570400059223e-04
2.650656504556536674e-03
2.131413339157006703e-06
5.563771082961466163e-06
1.690027829681639560e-06
2.249786490438054898e-07
4.689577053795801476e-06
4.878079380432609469e-07
1.937656998052261770e-05
3.718956577358767390e-06
8.712340786587446928e-06
7.776426173222716898e-06
4.636124231183202937e-07
1.144224370364099741e-05
1.089003217202844098e-05
5.335462446964811534e-06
1.053143205353990197e-05
1.514383711764821783e-06
4.050900315633043647e-06
4.871410510531859472e-06
1.000960764940828085e-06
3.175819074385799468e-07
2.206185314435060718e-07
5.798253965849653468e-08
1.134954032977475435e-07
9.947249282049597241e-07
5.936627985647646710e-06
2.398048195573210251e-07
1.719037641123577487e-07
5.292479272611672059e-07
7.029017865534115117e-07
4.207937308819964528e-06
5.810223910884815268e-07
3.166071564919548109e-06
6.177533123263856396e-06
5.347613978301524185e-07
3.619914423325099051e-06
1.184704728984797839e-06
1.228394557983847335e-05
4.286007424525450915e-06
8.617796993348747492e-06
9.390381819684989750e-06
7.720554094703402370e-06
2.759957715170457959e-05
1.977611816528224153e-07
1.444938561689923517e-06
1.930357711898977868e-06
7.466903184649709146e-07
2.951398528239224106e-06
6.563540182469296269e-07
9.716950444271788001e-07
1.866589627752546221e-06
4.563377444810612360e-07
3.321893018437549472e-06
1.054751919582486153e-06
6.971285415602324065e-07
1.905549765979230870e-06
8.357683327631093562e-06
3.867149018788040848e-07
3.835860297840554267e-06
7.382293915725313127e-06
3.397761474843719043e-06
5.761499323853058740e-06
4.978234642294410150e-07
1.300684630223258864e-06
1.529295161617483245e-07
5.164283720660023391e-06
1.133233809014200233e-06
1.260361386812292039e-06
3.437673683492903365e-07
1.652097353144199587e-06
3.553206227024929831e-07
2.730585322296974482e-07
2.895380077916342998e-07
4.449724144706124207e-07
7.299061053345212713e-07
1.478903755014471244e-06
2.317346115887630731e-06
2.879928047150315251e-07
2.540641048653924372e-07
1.035972104546090122e-06
5.846453063895751256e-07
4.829561021324479952e-06
2.946109134427388199e-06
1.442826260245055892e-06
7.742363777651917189e-06
1.709416937956120819e-05
6.953139290999388322e-07
3.528055685819708742e-06
1.180738877337716985e-06
3.157095534334075637e-06
8.004593610166921280e-07
1.526750338598503731e-06
2.930123628175351769e-06
2.194301714553148486e-06
1.020966806208889466e-06
7.336320209105906542e-07
6.588770702364854515e-07
3.447631797826034017e-07
4.725860094367817510e-07
2.737162276389426552e-06
3.925886744582385290e-07
1.260368662769906223e-06
1.917715280796983279e-06
1.315731026352295885e-07
2.523262878639798146e-07
1.140146650868700817e-06
7.861727908675675280e-07
6.517423400964617031e-08
6.244408154998382088e-07
6.911851642144029029e-07
3.377047733010840602e-06
4.321131200413219631e-06
2.821275018050073413e-07
1.630678099218130228e-07
1.002431872620945796e-06
1.830968471949745435e-06
1.393449451825290453e-06
2.941614411611226387e-06
6.784734978282358497e-07
6.043048870196798816e-07
3.716478204296436161e-06
7.300188826775411144e-07
2.509827652374951867e-07
5.494476909007062204e-07
2.873324831398349488e-07
8.309691565955290571e-07
4.859510909227537923e-07
1.307043703491217457e-06
1.027310418066917919e-06
1.400300789100583643e-06
4.305234426738024922e-07
1.966860878610532382e-07
1.706292920289342874e-07
1.922722674407850718e-07
2.802400786094949581e-06
1.257102866247805650e-07
3.979890152550069615e-06
5.678835464095755015e-07
8.165366693901887629e-07
1.240925371348566841e-06
1.147541524915141053e-06
1.206650040330714546e-06
2.797231445583747700e-06
6.350324838422238827e-06
1.132313400376006030e-06
1.334535500063793734e-05
4.513288877205923200e-05
5.522853825823403895e-06
2.038713319052476436e-05
5.222966592555167153e-06
2.125091214111307636e-06
1.673679798841476440e-05
2.029107963608112186e-05
2.238551587652182207e-06
3.000389187945984304e-05
4.578955667966511101e-06
3.955205102101899683e-06
2.352821155682249810e-07
1.172919837699737400e-06
2.880146894312929362e-06
4.107418135390616953e-05
1.876741589512676001e-05
2.292656972713302821e-05
2.901648485931218602e-06
4.789158538187621161e-06
7.323259069380583242e-06
1.264398724742932245e-05
3.256396212236722931e-06
1.532190822217671666e-06
9.085197234526276588e-07
1.426240316959592747e-07
7.440580702677834779e-07
1.033993248711340129e-04
1.791227259673178196e-04
7.882565259933471680e-04
1.278497627936303616e-03
1.704873167909681797e-03
1.307050790637731552e-02
1.008152775466442108e-02
1.069283229298889637e-03
1.987652154639363289e-03
7.284351158887147903e-03
9.674283792264759541e-04
7.766451220959424973e-03
7.577011361718177795e-03
1.621589809656143188e-02
6.527613382786512375e-03
1.909930026158690453e-03
2.178886206820607185e-03
4.660628328565508127e-04
2.351623494178056717e-03
3.061653580516576767e-03
3.266369458287954330e-04
7.921208743937313557e-04
2.719435724429786205e-04
2.550814766436815262e-03
7.422353141009807587e-03
1.304054312640801072e-04
2.475259825587272644e-04
5.463828565552830696e-04
2.981884870678186417e-03
6.457944982685148716e-04
2.735879970714449883e-04
3.691083838930353522e-05
4.218048343318514526e-05
7.504082168452441692e-05
2.082816763504524715e-07
1.370997870253631845e-05
5.802021405543200672e-06
1.463713560951873660e-04
1.179879109258763492e-04
1.113879170588916168e-05
4.550721826035442064e-07
9.155282896244898438e-07
1.559198494760494214e-06
9.403914191352669150e-06
3.414799948586733080e-06
4.604577952704858035e-06
1.139649839387857355e-06
2.097304786730092019e-06
1.683265622887120117e-06
9.712234714243095368e-07
4.947468369209673256e-06
2.443201265123207122e-05
2.382948587182909250e-04
2.294612386322114617e-05
1.406922092428430915e-05
1.212703955388860777e-05
1.249914839718258008e-05
2.548059683249448426e-06
1.465315435780212283e-04
6.514818232972174883e-05
6.494950866908766329e-06
2.777298277578665875e-06
5.013321242586243898e-06
7.104951578185136896e-07
3.279958946222905070e-06
2.428642437735106796e-05
2.662501628947211429e-06
7.713246304774656892e-06
1.013668111227161717e-06
2.966017518701846711e-06
8.424671250395476818e-06
1.889413965727726463e-06
4.470227850106311962e-06
9.780855179997161031e-06
1.953042374225333333e-05
1.692657860985491425e-05
3.747050868696533144e-05
1.540250195830594748e-06
2.372147719142958522e-05
4.184037970844656229e-05
9.191102435579523444e-06
1.655383312026970088e-05
3.146048766211606562e-05
1.749425609887111932e-05
1.681198591541033238e-05
4.783511940331663936e-06
1.969672848645132035e-05
5.729306167268077843e-07
8.876821198100515176e-07
1.191664523503277451e-06
2.850466955806041369e-07
1.171549229184165597e-06
2.888748667828622274e-06
3.327620561321964487e-07
3.066763156311935745e-06
4.002667537861270830e-06
5.663994215865386650e-07
4.342145075497683138e-06
4.765756311826407909e-04
4.731303124572150409e-05
5.936969387221324723e-07
2.222525381512241438e-06
5.828666189700015821e-07
1.372360202367417514e-06
3.351158568420942174e-07
1.184363554784795269e-06
1.363238908425046247e-07
1.066270442606764846e-06
2.712650712055619806e-05
1.582465074534411542e-07
1.273137257840062375e-07
1.839389369706623256e-05
1.195392396766692400e-04
2.176289171984535642e-06
3.917130470654228702e-06
2.936059217972797342e-06
1.078327045433979947e-06
2.109320848830975592e-05
7.809956059645628557e-07
3.389823746147158090e-07
1.144920247497793753e-06
4.611542863131035119e-06
5.663032425218261778e-07
3.299293439340544865e-06
1.313888560616760515e-06
7.753144927846733481e-06
1.073659177563968115e-06
2.072236929961945862e-05
1.620743387320544571e-05
7.168038791860453784e-06
4.056258148921187967e-06
7.253868716361466795e-06
4.999720886189606972e-07
9.603680837244610302e-07
6.388309543581272010e-07
3.536131316650426015e-07
1.987177256523864344e-06
4.027688760288583580e-07
4.990565116713696625e-07
2.770422952380613424e-06
3.441853095864644274e-07
1.026416384775075130e-06
1.316393195338605437e-06
9.915794407788780518e-07
1.907641853904351592e-05
9.115972261497518048e-07
1.054216909324168228e-06
4.015249487565597519e-06
9.225249755218101200e-07
1.102047576750919688e-06
2.435868082102388144e-04
1.104888951886096038e-06
1.687474195932736620e-07
2.994580427184700966e-05
1.219066325575113297e-05
3.801155799010302871e-06
1.451132106922159437e-06
6.475712871178984642e-05
3.253397608204977587e-06
2.412125695627764799e-06
4.402785270940512419e-05
6.816055702074663714e-06
2.143243818863993511e-06
2.252805279567837715e-05
1.571222856000531465e-05
2.542103629821212962e-06
8.848856850818265229e-06
1.804138264560606331e-06
3.418181293568522960e-08
1.300360418099444360e-05
4.098855868051032303e-07
1.976004796233610250e-06
1.374380644847406074e-05
9.457846772420452908e-07
8.020128348107391503e-07
3.253775958000915125e-06
1.221631919179344550e-06
2.202143178919868660e-07
2.204167685704305768e-06
2.026619995376677252e-06
4.317176717449910939e-06
2.861526809283532202e-06
7.491146334359655157e-07
5.658112968376372010e-06
6.232283453755371738e-07
1.112082190957153216e-05
4.840837846131762490e-07
2.727665275870094774e-07
1.394640776197775267e-06
8.716500019545492250e-07
1.446204114472493529e-04
3.228866262361407280e-05
7.126130867618485354e-07
6.887022209411952645e-06
1.519766465207794681e-05
1.318353861279319972e-05
4.670191992772743106e-05
1.131891281147545669e-06
5.437489107862347737e-06
1.918438647408038378e-05
1.659751774241158273e-06
4.342468400864163414e-06
1.059588321368210018e-04
2.155208858312107623e-05
8.588457603764254600e-06
1.082270841834542807e-06
1.820207216951530427e-06
1.003327633952721953e-05
4.808019730262458324e-05
6.264961029955884442e-06
1.557110635985736735e-06
2.075988277283613570e-06
7.593800432914576959e-08
3.264176768880133750e-07
9.043698810273781419e-06
3.366964449469378451e-07
3.659170033643022180e-06
1.934725560204242356e-06
2.676741132745519280e-06
3.634883114500553347e-06
5.630941473100392614e-07
1.946120210050139576e-05
4.039521570575743681e-07
1.321134618592623156e-06
4.547741525584569899e-07
5.251492893876275048e-07
9.764172318682540208e-06
2.075329120998503640e-06
1.010162122838664800e-06
3.971114779233175796e-07
3.054302851523971185e-06
3.559137553565960843e-07
6.424065304599935189e-06
1.266240701625065412e-06
8.951691370384651236e-07
1.032031718750658911e-06
2.412322430700442055e-07
3.110539410045021214e-06
2.002507670795239392e-07
1.045801468535501044e-06
1.839634933276101947e-05
1.115270515583688393e-05
1.872593742291428498e-07
3.320483301649801433e-06
3.576463427634735126e-07
1.278629156331589911e-06
4.749963409267365932e-06
1.293020318371418398e-06
7.395086640826775692e-07
2.382704167303018039e-07
1.593022830093104858e-06
5.292431978887179866e-06
3.933096763830690179e-07
7.104014002834446728e-06
1.464676984141988214e-06
4.212450221530161798e-06
1.320708236107748235e-07
1.742058515219468973e-07
5.117736691317986697e-06
8.063713607953104656e-07
1.319877924288448412e-06
1.307208208345400635e-06
3.348315544826618861e-07
1.010132223200344015e-06
9.553830750519409776e-05
1.966141780940233730e-06
1.911554363687173463e-06
3.045358880626736209e-06
4.914875830763776321e-07
1.681964249655720778e-06
1.185978180728852749e-05
7.338593945860338863e-07
1.951387957888073288e-06
2.031645635724999011e-06
5.124886683915974572e-06
1.915466718571678939e-08
9.917065654008183628e-06
1.257040622704153066e-07
6.096610150052583776e-07
2.024415834966930561e-06
2.112352558469865471e-05
7.054637762848869897e-07
2.654869831530959345e-06
2.387814220128348097e-06
1.288396470044972375e-05
3.256567197240656242e-06
7.242173069244017825e-06
3.780035342515475350e-07
1.120537604037963320e-06
4.753706889459863305e-06
3.475502126093488187e-06
4.071731893873220542e-07
2.416692836959555279e-07
6.186471182445529848e-06
3.744571586139500141e-07
9.895757102640345693e-07
3.152970293740509078e-06
2.768010176623647567e-07
8.336815517395734787e-05
4.035896381537895650e-06
3.615565162817802047e-07
3.926737233996391296e-03
2.910335388150997460e-05
2.087034044961910695e-05
1.838622836203285260e-07
1.101160819416691083e-06
4.598425221047364175e-06
1.063954528035537805e-06
2.404195356575655751e-06
5.439765573100885376e-06
1.129216343542793766e-06
1.007787318485497963e-06
1.468740379095834214e-06
1.643447467358782887e-05
7.442042715410934761e-07
2.824712908022775082e-07
3.869194642902584746e-06
8.505626425403534085e-08
1.065598553395830095e-04
4.067548218245065073e-07
4.165744940110016614e-06
1.145757505582878366e-05
6.133952297204814386e-07
1.605287479833350517e-06
4.330891897552646697e-06
3.990290133515372872e-05
3.453302952038939111e-06
1.605787218750265311e-07
1.353973766526905820e-05
1.285714432697204757e-07
2.353945660615863744e-07
3.322272959849215113e-06
1.638737330722506158e-06
1.925566039062687196e-06
2.260657538499799557e-06
1.430712927685817704e-05
8.906288712751120329e-05
3.480636678432347253e-06
2.981689704029122368e-06
3.261650272179394960e-05
1.416153281752485782e-06
5.352343350750743411e-07
1.053168307407759130e-05
4.675739830872771563e-07
4.751256597046449315e-07
9.746083378558978438e-05
1.275080867344513535e-04
8.815337082523910794e-07
2.890917585318675265e-06
5.123575306242855731e-07
1.959195515155442990e-06
1.095641982828965411e-05
3.912688839591282886e-07
3.414703542148345150e-07
7.514086064475122839e-07
8.797134796623140574e-06
1.469870340997658786e-07
1.320601882071059663e-06
2.680837383195466828e-07
1.049992761181783862e-06
1.425433538315701298e-06
2.532453663661726750e-06
9.338588711216289084e-07
1.151356840978223772e-07
1.426017348649111227e-07
2.087965913233347237e-05
1.773946792127389926e-06
1.743438929224794265e-06
5.032779881730675697e-06
1.864842374743602704e-06
6.084407004891545512e-07
1.821358523557137232e-06
5.778808258583012503e-07
2.524830733818816952e-06
1.152740651377825998e-06
1.392460404758821824e-07
1.070043654181063175e-04
1.289730136022626539e-07
7.111792683645035140e-07
2.532957587391138077e-03
4.096854979707131861e-07
6.402515282388776541e-05
1.637823885403122404e-07
4.696319706454232801e-07
5.542162034544162452e-05
1.198048039441346191e-06
1.153602852355106734e-06
1.373065146026419825e-07
1.683906987182126613e-07
2.136855755452415906e-06
5.464398213916865643e-07
1.294933827011846006e-05
1.597139203113329131e-06
3.218882795863464708e-07
2.668530032678972930e-05
7.326916033889574464e-07
2.330873030587099493e-06
1.161814943770878017e-04
1.218238867295440286e-05
4.533222579539142316e-07
4.033675850223517045e-06
4.546516720438376069e-06
3.096384534728713334e-05
2.569600155766238458e-06
2.694568479455483612e-07
1.466488242840569001e-06
8.483458486807649024e-07
1.796442319346169825e-07
3.523713019148999592e-07
9.973018677555955946e-07
9.862533261184580624e-06
7.475802021872368641e-07
3.708268050104379654e-04
2.040253821178339422e-05
1.277314026992826257e-06
1.236324465025973041e-06
9.926050097419647500e-07
1.014374538499396294e-05
2.112263973685912788e-05
2.579004103608895093e-07
1.366200649499660358e-06
8.981363635029993020e-07
8.066913324000779539e-07
9.462962680117925629e-07
1.310716015723301098e-06
2.314677885806304403e-06
1.846166696850559674e-06
1.563988553243689239e-05
1.856407834566198289e-05
1.285338129264346207e-07
3.288961124781053513e-06
5.648211072184494697e-07
3.411938450881280005e-06
9.379064636050316039e-07
1.404971840202051681e-06
2.687973619686090387e-06
8.767685955035631196e-08
1.429188341717235744e-05
5.129157898409175687e-07
1.405111220265098382e-06
7.663464930374175310e-05
1.062375872606935445e-06
2.328828713871189393e-06
4.245914169587194920e-06
4.216113609345484292e-07
1.620836769689049106e-06
7.422564749504090287e-07
4.518228706729132682e-07
2.378125287805232801e-07
1.845426425006735371e-07
3.582018734960001893e-06
2.846419738489203155e-05
1.504913257122098003e-06
1.307256098925790866e-07
3.243200978886306984e-07
1.687558142293710262e-05
5.177753905627469067e-07
5.292772016218805220e-07
4.281831934349611402e-06
2.215562744822818786e-06
2.851236615697416710e-07
7.765765417389047798e-07
1.905548060676665045e-06
2.494275008757540490e-07
2.276209670526441187e-06
1.860167458289652131e-06
7.149141765694366768e-06
1.032848899740201887e-06
3.497213356240536086e-06
6.955881872272584587e-06
2.508363365905097453e-07
4.193109634798020124e-05
1.100522581509721931e-06
2.676069698281935416e-06
1.518729095550952479e-05
4.408190307003678754e-06
2.837225338225835003e-06
6.743845460732700303e-06
1.790422743397357408e-06
5.497430720424745232e-06
4.178676590527174994e-06
1.259977437939596712e-07
9.404716934113821480e-07
1.545586201245896518e-07
1.550114347992348485e-06
1.261911820620298386e-04
1.009239167615305632e-05
1.724773710520821624e-07
3.607204916988848709e-06
5.346706529962830245e-05
1.370310883430647664e-06
3.093045279456418939e-06
4.620446532044297783e-07
5.130527824803721160e-07
1.454530138289555907e-05
1.458197402826044708e-06
7.269366960827028379e-06
5.245419288257835433e-06
6.334540216812456492e-07
3.339536363000661368e-07
4.011879184417921351e-07
1.773263420545845293e-06
7.516307505284203216e-07
6.015425810801389161e-07
2.294738351338310167e-06
3.458739570305624511e-07
3.791395329244551249e-06
1.316109546678490005e-06
2.846175277682050364e-07
2.072857512303016847e-07
4.750647804030450061e-06
9.706086530059110373e-07
6.245069243959733285e-07
7.441808520525228232e-07
1.480172272749769036e-06
2.927224613813450560e-06
1.156036191218845488e-07
4.626376903615891933e-04
1.390688112223870121e-06
1.024105387159579550e-07
2.346145038245595060e-06
1.320399064752564300e-06
3.032249651369056664e-07
5.906226192564645316e-07
2.943624792806076584e-07
6.063033310965693090e-07
3.375131882421555929e-06
4.814797139260917902e-04
5.877208423044066876e-06
3.500623733998509124e-06
4.763945071317721158e-06
5.817975647914863657e-07
5.069807684776606038e-07
1.818034149891900597e-07
6.000646408210741356e-06
1.953863772996555781e-07
5.684882466994167771e-07
5.557389231398701668e-04
3.664752625809342135e-07
1.100321128433279227e-06
1.262186174244561698e-06
4.669835504955699435e-07
2.748272345343139023e-05
1.037027914208010770e-06
2.264769136672839522e-07
4.361553749276936287e-07
2.387009408266749233e-05
1.709694151941221207e-05
1.510459787823492661e-05
1.781334844963566866e-06
1.480876790083129890e-06
7.762385394016746432e-06
1.036990761349443346e-05
2.232175347671727650e-06
4.553103281068615615e-06
3.932290928787551820e-05
2.250443321827333421e-05
9.920982847688719630e-06
2.121078068739734590e-06
2.380628029641229659e-05
4.268619886715896428e-05
5.846093699801713228e-06
2.120445060427300632e-06
2.638586693137767725e-06
1.944707264556200244e-06
1.466518460802035406e-05
7.709293754487589467e-07
1.049200932357052807e-06
1.074495003194897436e-06
9.534861646898207255e-07
9.430155841982923448e-06
8.074093784671276808e-07
1.617589418856368866e-06
5.352736138775071595e-07
5.477329523273510858e-06
1.006938600767171010e-05
6.348066250438932911e-08
5.543778911487606820e-07
4.786156182490231004e-07
2.764767828011827078e-07
1.398147105646785349e-06
1.595198227732907981e-06
1.673083716013934463e-06
6.629311428696382791e-07
6.856852792225254234e-07
6.699358891637530178e-06
2.550560457166284323e-04
4.853582868236117065e-05
5.208459583627700340e-07
2.716494964261073619e-05
3.512550392770208418e-07
3.855970589938806370e-06
3.949831466343312059e-07
7.753433237667195499e-06
1.629740145290270448e-04
2.003356939894729294e-06
8.167575288098305464e-06
3.202249899914022535e-06
9.032894467964069918e-07
8.815530918582226150e-07
9.432957881472248118e-07
5.232384410192025825e-06
7.582110015391663183e-07
1.294596017942239996e-06
8.411220164816768374e-07
2.948596602436737157e-06
1.410984841641038656e-04
1.817092311284795869e-06
1.042785925164935179e-06
4.640266979549778625e-06
1.496105369369615801e-06
8.352117788490431849e-07
1.592548323969822377e-05
5.039642928750254214e-06
1.338874790235422552e-05
3.052860120078548789e-05
1.924285584209428634e-07
3.024561294751038076e-07
3.448156348895281553e-06
4.718220225186087191e-06
4.300302407500566915e-07
8.052597877394873649e-06
8.069236514529620763e-07
1.519069519417826086e-05
1.135445018007885665e-06
8.833418178255669773e-06
1.405302282364573330e-05
9.723216862767003477e-07
4.670293947128811851e-07
5.643868917104555294e-06
4.864010861638234928e-06
2.133699581463588402e-06
3.000005744979716837e-05
5.778960712632397190e-06
3.531856464178417809e-06
1.032279783430567477e-06
5.649805530083540361e-07
3.097499302384676412e-06
2.451029558869777247e-06
1.833268652262631804e-05
2.100103665725328028e-05
1.522981710877502337e-05
6.422013029805384576e-06
8.002880349522456527e-06
7.958409696584567428e-06
1.869350126071367413e-05
1.508459536125883460e-04
1.838451908042770810e-06
7.453382131643593311e-04
3.076583961956202984e-04
1.069028348865685984e-05
2.883196066250093281e-05
1.384799452353036031e-05
1.914688937176833861e-06
8.867560609360225499e-06
1.227003085659816861e-04
2.850092278094962239e-05
9.234920071321539581e-06
3.339542672620154917e-05
8.965532470028847456e-05
6.438711807277286425e-06
1.668205072746786755e-06
6.995610419835429639e-06
1.214262738358229399e-05
7.992141945578623563e-06
8.924240319174714386e-06
1.921668808790855110e-05
9.047685125551652163e-06
4.017218088847585022e-06
2.357302946620620787e-06
4.288808213459560648e-06
1.484366407566994894e-06
1.669796074565965682e-05
1.184981556434649974e-06
6.476207054220139980e-04
2.321501233382150531e-05
1.410291929460072424e-06
1.037724359775893390e-06
3.545084609868354164e-06
1.909841557790059596e-06
2.859112782971351407e-06
2.441899823679705150e-06
8.202137905755080283e-06
5.330561521077470388e-07
4.171055934421019629e-06
2.622398369567235932e-06
6.357644906529458240e-06
7.896074384916573763e-05
3.979592293035238981e-05
1.059551323123741895e-05
3.413256723433732986e-03
1.817915705032646656e-03
1.274305861443281174e-03
1.934874220751225948e-03
6.837009277660399675e-05
2.536154061090201139e-04
1.475650817155838013e-03
4.410825204104185104e-03
6.558229215443134308e-04
2.446606522426009178e-04
1.173503987956792116e-04
2.021267619056743570e-06
