1.030980456562247127e-07
4.364185315353097394e-06
8.020364248295663856e-07
6.287162932494538836e-07
1.995187517422891688e-07
1.168200014944886789e-06
1.327074642176739872e-06
9.296819371229503304e-06
8.578887900512199849e-06
2.428110747132450342e-06
3.381280475878156722e-05
1.557337818667292595e-04
2.680730249267071486e-04
1.229440531460568309e-04
2.853763871826231480e-04
1.018590919557027519e-04
1.750280935084447265e-04
5.366813638829626143e-05
8.902173249225597829e-06
1.092054008040577173e-04
4.110589543415699154e-06
1.058667976394644938e-06
2.939268313184584258e-07
3.827920522780914325e-07
1.827820051403250545e-05
4.352945779828587547e-06
5.319419869920238853e-05
7.604000711580738425e-05
2.463771352267940529e-06
3.127104719169437885e-05
5.668341145792510360e-06
4.735089896712452173e-04
2.681504702195525169e-05
3.762146434382884763e-07
4.476398203223652672e-07
1.526598566670145374e-06
4.165879545325879008e-06
4.108524080947972834e-06
2.922202475019730628e-05
6.694207695545628667e-05
3.563289996236562729e-03
5.073449574410915375e-05
6.859403220005333424e-05
1.942409835464786738e-05
7.080775685608386993e-05
2.724258365560672246e-06
1.694382634013891220e-03
1.315908157266676426e-03
7.077009058775729500e-07
5.714370558962400537e-07
9.338685913462541066e-07
1.034463593896361999e-06
3.131521225441247225e-05
8.332963261636905372e-06
2.173116990888956934e-05
2.032479824265465140e-04
3.597966042434563860e-06
1.827872438298072666e-05
1.136512582888826728e-05
4.504458629526197910e-04
2.684762148419395089e-05
7.118526809790637344e-06
1.985778681046213023e-06
9.685336408438161016e-07
2.480681905581150204e-05
7.229048151202732697e-06
6.682426464976742864e-05
2.374329415033571422e-05
8.946224625105969608e-06
3.697906549859908409e-06
4.512187540531158447e-01
2.330087227164767683e-05
3.235007403418421745e-03
2.511581778526306152e-02
3.079262375831604004e-02
5.500212428160011768e-04
9.257392375729978085e-04
1.885463111102581024e-02
1.161997788585722446e-03
2.591993543319404125e-04
1.081336108654795680e-06
6.619073701585875824e-06
4.109631481696851552e-05
1.230688440045923926e-06
9.134773790719918907e-06
7.275937969097867608e-05
1.027168764267116785e-05
4.075886863574851304e-06
7.750579243293032050e-06
1.729135533423686866e-06
1.350797683699056506e-04
5.693930688721593469e-06
1.357872497464995831e-05
3.342653599247569218e-06
2.787946257740259171e-03
1.546596286061685532e-05
3.895299869327573106e-06
2.570611172814096790e-07
1.218187577478602179e-07
2.923300144175300375e-07
1.105862907024857122e-06
1.187135723057508585e-07
5.521755497284175362e-07
4.801036084245424718e-07
1.146479826275026426e-05
1.452179367333883420e-05
2.514045036150491796e-06
8.638717190478928387e-07
4.872481440543197095e-05
7.832510959815408569e-07
3.186628703133465024e-07
6.024557023920351639e-06
8.228995284298434854e-06
3.693927137646824121e-04
6.383474101312458515e-05
9.002978003991302103e-06
7.185295771705568768e-07
1.322803882430889644e-06
4.178767539997352287e-06
1.724819776427466422e-05
6.112410483183339238e-05
8.288049684779252857e-06
6.897900675539858639e-06
5.430800956673920155e-05
1.874506560852751136e-04
1.438169128959998488e-04
6.953019328648224473e-05
1.211360086017521098e-06
8.082528779596032109e-07
1.899384528769587632e-06
2.050016291832434945e-06
1.107973639591364190e-05
2.462117663526441902e-06
5.098489509691717103e-06
4.086301942152203992e-06
9.424176823813468218e-06
1.370308309560641646e-04
7.108292265911586583e-07
5.509412403625901788e-06
1.203913143399404362e-06
3.654618694781675003e-06
1.011722451949026436e-05
6.199088034009037074e-07
1.401155714120250195e-06
2.832249492712435313e-07
1.262602040696947370e-07
4.299731699575204402e-07
6.658414974936022190e-08
9.270602419064744026e-08
2.380957084824331105e-07
1.182103943619949860e-07
6.542514711327385157e-06
1.094588697014842182e-06
2.614043751236749813e-06
6.628438313782680780e-07
6.364317414409015328e-06
9.967151299861143343e-07
6.792723183934867848e-07
2.277861995025887154e-06
1.172106863123190124e-06
6.310457933977886569e-07
1.368887183161859866e-06
3.846191418688249541e-07
5.064215997663268354e-07
6.371571430463518482e-07
2.709136879275320098e-07
4.365448091903090244e-07
3.929081060505268397e-07
1.600354494257771876e-06
2.540168395626096753e-07
4.290640845283633098e-06
4.792721938429167494e-06
2.243687276859418489e-06
3.836379164567915723e-06
5.899059942748863250e-07
3.739838803085149266e-07
9.165975143332616426e-07
2.274061444040853530e-06
5.873728241567732766e-06
2.345507255085976794e-06
1.577628722770896275e-06
8.163065103872213513e-06
7.500872015953063965e-06
2.906591817009029910e-06
1.883978029582067393e-06
1.310057996306568384e-05
1.631258419365622103e-05
1.369922210869845003e-05
8.000887646630872041e-06
2.699447577469982207e-05
8.897093266568845138e-07
7.954807870191871189e-07
7.124557669158093631e-06
4.214439286442939192e-06
1.959584096766775474e-06
2.195599336118903011e-06
3.601732032620930113e-06
9.941396683643688448e-07
7.647500751772895455e-06
7.799271770636551082e-06
2.487230631231795996e-06
1.931913629960035905e-06
2.844431719495332800e-06
6.447811756515875459e-06
1.717748659757489804e-06
9.609744893168681301e-07
1.366491773069355986e-07
2.933502400992438197e-07
1.446590204068343155e-06
3.034471092178137042e-07
2.669297145985183306e-06
1.514951236458728090e-06
4.933993977829231881e-07
9.955798532246262766e-07
8.544149636691145133e-07
6.011703703734383453e-07
5.613022722172900103e-07
3.049804035981651396e-07
1.516911652288399637e-06
1.573348072270164266e-06
7.448517180819180794e-07
1.118450313697394449e-06
1.126142592511314433e-06
6.682694220216944814e-07
1.138383254328800831e-06
4.712438510523497825e-07
4.961228796673822217e-07
8.336384667018137407e-07
9.796916629056795500e-07
8.185535875782079529e-07
2.448159648338332772e-07
2.849866120868682628e-07
4.186595674582349602e-07
3.034536575796664692e-06
4.245429465754568810e-07
4.213858062485087430e-07
1.740055154186848085e-06
2.747599864960648119e-06
9.489018992780984263e-08
1.870724588570737978e-07
5.452576488096383400e-07
2.840380375346285291e-07
1.253007553714269307e-06
1.077739852917147800e-06
2.272661845381662715e-07
2.617583504616050050e-06
2.515349706300185062e-06
1.816900550011268933e-07
3.301661877230799291e-07
8.398394584219204262e-07
6.069570304134686012e-07
3.217994390070089139e-06
2.763633119684527628e-06
3.746205493371235207e-06
2.765895260381512344e-06
3.289931669314682949e-07
1.072441250471456442e-06
4.248823870511841960e-07
2.678146415746596176e-07
7.168827664827404078e-07
2.423616649593896000e-07
6.312973823696665931e-07
3.062259111175080761e-06
3.875847198742121691e-07
1.320749106525909156e-06
4.494760560191934928e-06
4.025002908747410402e-06
2.110861032633692957e-06
1.362609964417060837e-05
1.363780597785080317e-06
6.556883818120695651e-07
1.697257062005519401e-06
8.387058187508955598e-06
5.005737193641834892e-07
2.634136308188317344e-06
8.962564379544346593e-07
3.268014268087426899e-07
2.144998006770038046e-06
3.188989694535848685e-06
5.422349431682960130e-07
6.459727501351153478e-06
3.212384763173758984e-05
7.030837423371849582e-06
1.002141175376891624e-06
1.098484062822535634e-06
1.969457571249222383e-06
1.581310129949997645e-06
1.577388866280671209e-05
4.848858452533022501e-07
1.909433649416314438e-06
6.813218078605132177e-07
3.103887991073861485e-07
1.145684677794633899e-06
3.735703728580119787e-07
2.984100149205914931e-07
1.004225964607030619e-06
2.441834290323185996e-08
2.343874001553558628e-07
7.081319836288457736e-06
5.743762358179083094e-06
1.031697611324489117e-03
3.116712672635912895e-03
4.230143385939300060e-04
5.609826371073722839e-02
4.570180550217628479e-03
1.832551970437634736e-05
4.321103915572166443e-05
3.019938711076974869e-03
1.463600317947566509e-03
3.160404507070779800e-03
4.954118281602859497e-03
5.598687753081321716e-02
2.850251458585262299e-02
2.228382974863052368e-02
5.624678306048735976e-05
7.302187383174896240e-03
8.246684446930885315e-04
3.097081556916236877e-03
1.189257763326168060e-02
2.767201745882630348e-03
5.463755223900079727e-03
6.674713920801877975e-03
3.762188181281089783e-02
5.927281919866800308e-03
1.189323067665100098e-01
1.961433514952659607e-02
6.906158756464719772e-03
2.559991116868332028e-05
4.226495730108581483e-05
5.674837666447274387e-06
6.770715117454528809e-04
7.761493179714307189e-05
3.580724069252028130e-06
1.221883030666504055e-05
8.915427315514534712e-06
8.795539542916230857e-06
6.765308626199839637e-06
3.416372692299773917e-06
3.347735628267400898e-06
4.100638193449412938e-07
2.708505235204938799e-06
1.087068994820583612e-05
2.569298885646276176e-06
1.296195819122658577e-06
4.644554394417355070e-07
4.554073598228569608e-07
5.629314046018407680e-07
1.879664495163524407e-07
1.189892941511061508e-06
2.305712996530928649e-06
1.515661551820812747e-05
6.329558459583495278e-07
7.306243787752464414e-06
6.613968707824824378e-06
2.179166500582141452e-07
3.636963128883508034e-06
1.504403007857035846e-05
4.764839559356914833e-06
2.595740170363569632e-06
1.250492346116516273e-06
1.570769427416962571e-06
1.618504143152676988e-06
3.381278474989812821e-06
6.736446721333777532e-06
5.896647417102940381e-05
1.764035346241143998e-06
9.527839210932143033e-06
1.224184870807221159e-06
1.293831928705913015e-06
8.602552270531305112e-07
3.545229901646962389e-06
1.525763195786566939e-06
2.148638259313884191e-06
4.025885573355481029e-06
1.051259732776088640e-05
1.346317048955825157e-06
2.899095079555991106e-06
5.251503534964285791e-05
4.627022917702561244e-06
8.000628440640866756e-06
1.046532779582776129e-04
2.371234813836053945e-06
2.902435517171397805e-05
5.961414444755064324e-06
2.914533297371235676e-06
2.948485189335769974e-07
8.061017808813630836e-08
6.565328021679306403e-06
8.328453873218677472e-07
7.595621696054877248e-07
6.410958235392172355e-07
5.549158572648593690e-07
3.566323414361249888e-07
8.404564368902356364e-07
5.528631277229578700e-07
3.626157422331743874e-06
9.227765985997393727e-05
3.991585344920167699e-06
1.173209625449089799e-06
3.244893207465793239e-07
1.367129129903332796e-07
5.091285970593162347e-07
3.219975894808158046e-07
1.088036128749081399e-06
1.356034715627174592e-07
7.156805281738343183e-07
1.645375277803395875e-06
4.981534971193468664e-07
4.205503500998020172e-07
2.169498429793748073e-06
1.021583739202469587e-05
3.702663207150180824e-06
2.643216794240288436e-05
5.870622885595366824e-07
1.550752926959830802e-06
1.839465426201059017e-06
1.155254665263782954e-07
9.154758231488813180e-07
1.707838578113296535e-06
7.773652214382309467e-06
8.688448360771872103e-07
2.086119593514013104e-06
2.830216487836878514e-07
3.208484145034162793e-07
4.599036458330374444e-07
1.780966044861997943e-06
7.100857146724592894e-06
5.252712981018703431e-06
1.053006126312538981e-04
3.116626203336636536e-06
1.294268827223277185e-06
6.736845080013154075e-06
1.534556645310658496e-06
9.058653063220845070e-07
2.210319325968157500e-05
9.461824106438143644e-07
6.039798563506337814e-07
4.156698309998319019e-07
1.420215448888484389e-05
4.934634034725604579e-07
2.187177187806810252e-06
2.262641601191717200e-06
2.363875211131016840e-07
6.672247309325030074e-06
8.460664844278653618e-07
1.421388105882215314e-06
1.068088658939814195e-05
8.079692861429066397e-07
1.569327723700553179e-04
2.977448616547917482e-07
1.719726157034529024e-07
1.210327695844171103e-06
1.023822096613002941e-05
3.230672518839128315e-06
8.337577241945837159e-07
1.211649487231625244e-05
5.791357125417562202e-06
1.361340196126548108e-06
3.722416067830636166e-06
4.599988460540771484e-05
3.820699134848837275e-07
3.877936194385256385e-07
5.873437203263165429e-06
9.227686678059399128e-05
3.719456344697391614e-06
2.654817308211931959e-07
7.784453970316462801e-08
4.984588031220482662e-06
5.697648362001928035e-07
2.348202087887329981e-06
1.960244844667613506e-05
3.019438736373558640e-06
7.966552857396891341e-07
1.702511212897661608e-06
1.777306238182063680e-06
7.227758487715618685e-06
1.287365734015111229e-07
4.788539058608876076e-07
1.943486495292745531e-05
2.225974185421364382e-06
7.584235959257057402e-07
2.867691364372149110e-05
5.517099452845286578e-06
2.519258032407378778e-06
4.834230935557570774e-07
5.498227437783498317e-06
2.319710574738564901e-07
2.180268347728997469e-05
1.004276236926671118e-05
1.700155553407967091e-03
2.793316582483384991e-07
8.873465048964135349e-06
9.392194328938785475e-07
8.275108029920374975e-07
3.633113374235108495e-05
4.512242810505995294e-07
6.204018063726834953e-06
9.456510383643035311e-07
1.491627699579112232e-06
1.945909389178268611e-06
4.312968542308226461e-07
1.342454083896882366e-06
7.244873813760932535e-06
7.116802407836075872e-06
1.624816468392964453e-05
5.642350970447296277e-06
2.903587301261723042e-05
9.894496542983688414e-06
4.449369498615851626e-06
2.151778971892781556e-05
1.997900653805118054e-07
2.055149650459497934e-07
1.879563342299661599e-06
3.994869928192201769e-07
8.206115467146446463e-07
4.269663804734591395e-06
2.308628381797461770e-06
1.737322577355371322e-06
2.918996244716254296e-07
1.550789420434739441e-05
1.262638761545531452e-06
2.234622343166847713e-06
8.896159897631150670e-07
3.246744029183901148e-07
3.689115999350178754e-07
7.177467864494246896e-07
4.958289082424016669e-06
1.311776372858730610e-06
2.957179958684719168e-06
1.823842239900841378e-06
1.213785617437679321e-05
5.801354063805774786e-07
8.295485827147786040e-07
1.683170012256596237e-05
1.994771764657343738e-06
3.587710807551047765e-06
3.323022212953219423e-07
2.703719133023696486e-07
1.311110963797545992e-06
4.620659638021606952e-06
3.479628674085688544e-07
1.038083496496255975e-06
1.258098905054794159e-06
2.309895705820963485e-07
2.018212398979812860e-06
2.197454341512639076e-05
2.770622131720301695e-07
1.303706653743574861e-07
3.651436202289914945e-07
1.104987404687562957e-05
4.722120081623870647e-07
6.068786660762270913e-06
7.058348273858428001e-06
9.757836778589989990e-07
3.202329025953076780e-06
6.782884156564250588e-07
6.426463414754834957e-07
3.462240556473261677e-07
8.691191055731906090e-07
2.430805352560128085e-06
5.449129503176664002e-07
4.165420364188321400e-07
1.456985955883283168e-05
1.387419956699886825e-06
3.146648452911904315e-07
6.011268283145909663e-07
1.724613298392796423e-06
7.874114658079633955e-07
2.363920401649011183e-07
2.818949951688409783e-06
2.947446546386345290e-06
6.955181106604868546e-07
5.571613201027503237e-06
2.006776469443138922e-07
1.263669309992110357e-05
7.525258070018026046e-07
3.972678825903130928e-07
2.481362116668606177e-06
1.697618131402123254e-06
2.730244261783809634e-07
2.252549456898123026e-04
4.901170314042246900e-07
4.006996095995418727e-05
8.228120123021653853e-07
8.800041541690006852e-05
2.883166871470166370e-06
1.510340780441765673e-06
9.430169143342936877e-07
2.388979373790789396e-05
1.216861164721194655e-06
1.000287056740489788e-06
6.901841970829991624e-06
1.765534875630692113e-06
2.275221959280315787e-06
4.470357453101314604e-07
3.841402303805807605e-06
2.556469326009391807e-06
5.191024570194713306e-07
6.371881227096309885e-07
5.019652962801046669e-05
5.976502143312245607e-05
5.094370294500549790e-07
1.028388965096382890e-07
2.581343096608179621e-06
3.264215592935215682e-06
2.566368675616104156e-05
2.120380031556123868e-06
8.052484190557152033e-07
7.501090522055164911e-07
3.562448398497508606e-07
7.501197387682623230e-07
4.460586296772817150e-06
7.930296419544902164e-07
8.698629017089842819e-07
7.512971023970749229e-06
4.063265279796723917e-08
3.348400350660085678e-04
1.447648742214369122e-06
7.480784006475005299e-06
3.865959570248378441e-06
2.134893975380691700e-06
2.663706436578650028e-05
6.050288448022911325e-06
1.809845798561582342e-06
2.020960891968570650e-06
9.691434570413548499e-07
3.552738417056389153e-05
5.121556796439108439e-07
1.178763341158628464e-06
2.046728468485525809e-06
9.356791679238085635e-07
1.747941314533818513e-05
6.736330760759301484e-06
7.945274774101562798e-06
6.781215233786497265e-07
4.849656306760152802e-06
9.599189070286229253e-06
3.100009780609980226e-05
1.370287350255239289e-06
4.133399045258556725e-07
8.928780630412802566e-07
9.508862603979650885e-07
4.463136633603426162e-07
1.386095573252532631e-05
1.353825246042106301e-05
8.628998330095782876e-06
1.151965761891915463e-06
1.677565887803211808e-05
1.231444571203610394e-06
4.685628596234892029e-08
1.438820618204772472e-06
2.325590457985526882e-06
1.411501443726592697e-06
3.627573823905549943e-05
2.488790471488755429e-07
1.452565783210957306e-07
6.994686145844752900e-07
1.251307139682467096e-06
6.639364437432959676e-05
2.589331415947526693e-06
8.647215281598619185e-07
4.379212725780234905e-07
5.105262516735820100e-06
7.593688451379421167e-07
1.045365206664428115e-05
6.795852982577343937e-07
6.103268333390587941e-06
1.650133526709396392e-06
9.210665439240983687e-07
8.406933375226799399e-06
8.826482940094138030e-07
7.966469297571165953e-07
1.064849698195757810e-06
3.043129254365339875e-06
3.276186907896772027e-05
1.209721318673473434e-07
1.525694869997096248e-06
1.445691759727196768e-05
6.546130748574796598e-07
9.381850759382359684e-06
1.121948002946737688e-06
1.851752813308848999e-06
2.302709162904648110e-06
1.072675445357162971e-06
2.383589162491261959e-06
1.921062903420533985e-06
2.420939324565551942e-07
6.344927214740891941e-07
7.508136604883475229e-06
4.496087342431565048e-07
1.977918145712465048e-06
3.974203991674585268e-06
6.448694330174475908e-05
6.121697424532612786e-07
2.503039286239072680e-05
1.906377656268887222e-05
1.543730104458518326e-05
2.864491762011311948e-06
1.240252231582417153e-06
6.893089903314830735e-07
1.661163514654617757e-05
5.605082151305396110e-06
1.796863671188475564e-07
1.585289828653912991e-05
3.314856439828872681e-05
4.074780690643819980e-07
5.798301003778760787e-07
3.038466047655674629e-06
8.837617997414781712e-07
2.800311449391301721e-06
1.347076704405480996e-05
1.100226018024841323e-05
1.084024279407458380e-05
1.009264087770134211e-05
9.890369483400718309e-07
1.328001957290325663e-07
2.661046746652573347e-04
5.515076964002219029e-07
4.985403734281135257e-07
4.115544015803607181e-06
3.279736347394646145e-06
1.236773186974460259e-05
6.970656613702885807e-06
1.271325163543224335e-04
9.667115108413781854e-08
2.601776031951885670e-05
1.534384068690997083e-06
3.122208624972699909e-07
2.478943679307121783e-05
4.584196631185477600e-07
1.675511339271906763e-05
1.087970645130553748e-06
2.895757234000484459e-06
1.175715055978798773e-06
9.334335260291481973e-08
1.621345177227340173e-06
1.145856813877799141e-07
7.107896180968964472e-06
5.324578844010829926e-03
1.322361072197963949e-06
1.761997623361821752e-06
2.007990218544364325e-07
5.269772827887209132e-06
6.307137141448038165e-07
2.700374466257926542e-07
6.334811928354611155e-07
3.849332301797403488e-07
4.994421374249213841e-07
4.246649041306227446e-05
9.445546311326324940e-06
3.272363073847373016e-06
7.754707098683866207e-07
2.147067107216571458e-06
5.557534223044058308e-06
3.184233491992927156e-06
5.902351745135092642e-07
1.981408058782108128e-05
4.657483998471434461e-07
1.996871333176386543e-06
2.928640014943084680e-06
7.673365303162427153e-07
1.312016593146836385e-06
4.503756372287170961e-07
1.915281302444782341e-07
1.288309817937260959e-06
1.050912374012114014e-06
1.011290805763565004e-06
8.810659892333205789e-06
5.644549219141481444e-07
3.085102653130888939e-04
6.808044417994096875e-06
5.942537768532929476e-07
2.369276080571580678e-05
2.798426748995552771e-06
2.678093005670234561e-05
7.220224915727158077e-07
4.857865860685706139e-07
1.556966367388668004e-06
9.850275091594085097e-06
1.309109904923388967e-07
2.005399011295594391e-07
6.880086402816232294e-07
6.171785116748651490e-06
5.145784143678611144e-06
5.204236913414206356e-06
6.182807737786788493e-06
5.796094774268567562e-05
2.561900771524960874e-07
7.132218343031127006e-06
3.294017687949235551e-06
3.370103149791248143e-05
3.114504806944751181e-06
5.747016984969377518e-06
9.567757842887658626e-06
1.352951403532642871e-05
5.309543666953686625e-06
6.429332302104739938e-07
9.629119404053199105e-07
1.106200943468138576e-05
7.083666559992707334e-07
1.159264186867403623e-07
1.084245511151493702e-07
4.054577118495217292e-07
1.136269247581367381e-06
4.149068900005659088e-06
3.039260263903997838e-06
6.967420176806626841e-06
6.777756311748817097e-07
6.945175755390664563e-06
3.183495664416113868e-06
1.164592504210304469e-06
1.031891883940261323e-06
9.511457506050646771e-07
3.270840579716605134e-06
3.380177417966478970e-07
8.253360283561050892e-04
1.028774568112567067e-05
3.208425880529830465e-07
2.382964112257468514e-06
2.364824496225992334e-07
2.133850784957758151e-07
1.109704157897795085e-06
2.740341926710243570e-07
1.525042989669600502e-06
1.694097250037884805e-06
4.410716883285203949e-06
8.915516218621633016e-07
4.585075430441065691e-07
8.601301487942691892e-06
1.784075266186846420e-06
1.069713903234514873e-06
9.079722076421603560e-07
5.391555077949305996e-07
4.758702516483026557e-07
1.677037886338439421e-07
2.351930561417248100e-05
1.596376023371703923e-06
4.920979790767887607e-06
3.923654276150045916e-06
3.264628105625888566e-07
4.250911661074496806e-05
3.438061867200303823e-06
1.984257664844335523e-07
3.275710241723572835e-06
3.777294296014588326e-06
5.593828245764598250e-05
7.010326612544304226e-07
5.013337727177713532e-07
1.977262945729307830e-05
1.433457964594708756e-05
1.724232606648001820e-05
4.027540398965356871e-06
1.299762698181439191e-05
2.502116785763064399e-06
6.889646329000242986e-07
1.987303221540059894e-05
5.772262284153839573e-06
4.173926413386652712e-07
2.903508402596344240e-06
6.321935870801098645e-06
2.617000518512213603e-07
2.470271965648862533e-06
1.008223648568673525e-06
1.363779233543027658e-06
1.686863470240496099e-06
2.229352048743749037e-06
1.123240690503735095e-05
8.655144938529701903e-07
1.451388834539102390e-05
2.681811679394741077e-07
3.797966883212211542e-06
2.690384235393139534e-06
2.397793195996200666e-06
2.600014852305321256e-07
4.140050293699459871e-07
8.774205753070418723e-07
1.261909233107871842e-06
5.130596036906354129e-07
1.144627503890660591e-06
7.103783445927547291e-06
4.632128707271476742e-07
1.789129555618274026e-07
9.869696668829419650e-07
2.989498316310346127e-04
3.651859742603846826e-06
6.668017249467084184e-06
3.021334123332053423e-06
2.638390242282184772e-06
2.602527899853157578e-07
1.970808398255030625e-06
1.158695042136059783e-07
2.749784755451400997e-07
6.468678748206002638e-06
7.609503427374875173e-06
1.947063026364048710e-07
3.728032424987759441e-06
2.946524546132422984e-06
5.927643542236182839e-06
5.366759523894870654e-06
1.089192119252402335e-05
2.270008536697787349e-07
9.197296435559110250e-07
1.026128029479878023e-05
1.091172180167632177e-06
9.034410322783514857e-05
2.578939074737718329e-06
4.486604439080110751e-07
1.589624116604682058e-05
7.201623475339147262e-07
2.590101985333603807e-06
4.134012215217808262e-06
1.067677203536732122e-05
1.772323448676615953e-04
8.807622862150310539e-07
1.394832764844977646e-07
7.604245979564439040e-07
2.145851112800301053e-06
7.805926998116774485e-07
1.467470383431646042e-06
2.076366172332200222e-06
2.787052721942018252e-07
3.188436039636144415e-06
7.777310884193866514e-07
6.318506166280712932e-06
1.535372939542867243e-05
1.357119572276133113e-06
6.379664228006731719e-07
1.314080236625159159e-06
5.616297585220308974e-06
1.759912629495374858e-05
4.326736302573408466e-07
1.883827167148410808e-06
8.943251827986387070e-07
5.028477971791289747e-07
2.088162602831289405e-07
8.052883799791743513e-07
4.925541361444629729e-05
2.179671719204634428e-05
2.280702210555318743e-05
5.563911690842360258e-05
2.374297764617949724e-05
8.412547686020843685e-06
2.002828477998264134e-05
1.353030907921493053e-03
3.736865764949470758e-04
8.982931467471644282e-05
2.965345978736877441e-03
1.034341767081059515e-05
1.559470692882314324e-04
1.330054132267832756e-03
4.828099190490320325e-05
2.568819763837382197e-05
9.397705434821546078e-05
6.481733871623873711e-04
4.803603587788529694e-06
4.699816145148361102e-06
2.760731440503150225e-04
8.505030564265325665e-05
4.994995379092870280e-06
1.281120376006583683e-06
3.037470719391421881e-07
1.487490237650490599e-07
3.954474152578768553e-07
6.294920353866473306e-07
5.069391590950544924e-07
1.476153101975796744e-06
2.981490524689434096e-06
1.411920152349921409e-06
2.872623554139863700e-05
2.511950469852308743e-06
1.792513899090408813e-06
6.811237108195200562e-05
4.724746531792334281e-07
1.564409285492729396e-05
2.146813216086229659e-08
3.388852064745151438e-06
2.465384909555723425e-07
4.249934306699287845e-07
8.504177912982413545e-07
2.884928278490406228e-07
1.132070934772855253e-07
2.491046302566246595e-07
9.437226253794506192e-06
9.581403901393059641e-07
4.914219607599079609e-05
1.871548593044281006e-03
2.835955092450603843e-05
2.257510823255870491e-05
2.653705189004540443e-03
1.412472408264875412e-02
8.977467223303392529e-05
4.204336801194585860e-05
7.729770004516467452e-06
7.926078069431241602e-07
1.821033656597137451e-04
1.012507709674537182e-04
1.222006540047004819e-05
2.968363105537719093e-06
1.438199251424521208e-04
5.515363682206952944e-06
