1.962885583239870613e-12
6.228175752909237417e-10
5.494136504254065745e-13
2.103467140052162065e-13
2.107114396160403302e-12
6.961051526865880135e-12
2.163149000200537131e-11
1.226479508231737015e-11
2.870333311311146218e-12
8.466882056579194682e-11
6.357515847099648454e-09
1.052776865684279528e-09
1.207378419465499064e-09
1.452254316802736867e-09
6.286454135029373447e-10
2.591817316321964881e-10
5.067159192240211496e-11
1.136409230606538756e-10
4.498992151047431776e-11
3.573812912271989717e-10
1.177583724976116741e-10
1.261043786754401097e-11
1.509318017789418320e-11
1.749547555440766899e-11
2.450974145862261366e-10
5.188674823131123048e-09
3.907856704898904354e-09
3.893378952568582463e-09
7.241370170163463627e-09
1.485763040376397726e-10
1.398744120528760959e-09
1.439120073110089493e-10
8.965379549863428110e-09
2.947773136696696383e-10
2.603576021442677302e-09
8.274476104297434631e-10
3.241612533955162689e-09
1.058498635964078005e-10
5.791993551440555166e-10
6.570838317898619607e-11
1.453564490994097014e-10
1.081212008813281500e-09
1.823307949067043410e-09
2.712917217262411640e-11
8.784695193497782384e-10
2.108055241478723474e-08
8.607059509557757337e-11
5.350414902793865224e-11
4.907623786520876052e-12
1.886222150693228627e-10
4.132172659598865039e-10
5.112046896904587356e-11
2.692088774125522832e-10
2.458057091203613709e-10
2.753225647467161252e-09
8.931861326944012802e-12
6.999095192306015178e-10
8.985833188646097369e-10
1.167587715400486559e-08
7.173288352202433771e-11
3.983040119948100255e-09
2.105549762321246021e-10
1.206835076317247513e-09
1.752342888849955926e-11
3.417329960675452583e-11
1.151879702732117039e-09
1.937003224483646591e-09
1.601623056401990652e-09
1.503254520862640220e-09
1.815151904338563327e-07
4.949300782755017281e-04
4.316506874602055177e-06
4.260916030034422874e-04
1.136416569352149963e-01
2.439743094146251678e-02
4.584710113704204559e-03
1.291920151561498642e-02
8.430088162422180176e-01
3.935086715500801802e-05
9.781236440176144242e-05
9.494765390583026488e-11
1.088954482142412417e-09
2.482696492833724733e-09
8.553907582253827968e-10
5.999579999471649217e-11
1.712818775700952756e-10
3.008143734106738520e-10
2.700448155021351049e-12
2.929148867902853226e-10
1.344105490970470829e-12
2.243320806893933650e-11
2.423268183338045390e-11
1.024467954913177437e-09
3.454474553632458367e-11
6.313764094878493438e-11
2.121989736703078222e-11
8.078489266427624216e-12
4.380543670856607008e-12
1.235377598829412449e-11
1.220502540179302375e-12
2.937330934038584473e-12
7.301968057982222149e-12
1.523319526075539443e-10
7.338077367968764975e-11
1.811101962845285129e-11
4.557773863184122476e-12
2.923649516928250591e-11
4.412211707105484493e-10
2.149813305152292742e-08
5.115333850946868210e-11
1.219691569964709288e-10
1.131741811377651175e-09
7.055438872027863795e-11
4.933560227016187127e-10
8.220675806747124170e-10
7.235377630365746882e-09
1.081985723239142771e-09
1.536744398400458067e-09
2.008051147583955753e-08
4.790068942384095863e-06
1.196484754473203793e-05
1.421729507455893327e-07
2.800514380396634806e-07
1.148767751146806404e-05
1.542907057228148915e-06
3.092492875111929607e-07
7.334328415709023830e-07
1.428705348471837056e-10
2.140678606599166756e-10
6.505315383598109236e-12
1.829108912942967180e-11
1.667397331317488351e-10
1.781270547729363329e-10
1.658456150188669653e-10
8.577854399005602204e-11
3.306775409050999315e-10
4.789839636032411363e-10
1.979611335967135233e-10
6.451568446141919821e-11
5.040559525326671064e-09
4.020562993645171446e-09
1.042291364328207237e-09
5.189513818670832279e-10
4.638176648308345307e-11
3.380623211923783344e-11
1.488840994934292894e-10
4.424089133231445814e-12
1.982776963449506269e-11
1.031346015534229110e-12
7.275046721728212207e-14
7.682850189372203431e-11
6.200906975395437115e-12
6.677722610981540186e-12
8.130179689203043125e-12
6.809666719398421719e-11
3.082106514451510293e-10
4.193577776701040705e-11
9.764201600037658579e-12
1.415127910686653223e-11
1.180427804114980717e-11
3.217393365617660095e-12
8.512363557089397403e-12
1.029569225013959866e-12
7.108290518698101579e-12
3.217333691130086493e-11
6.529522755815975188e-11
8.005537205368895570e-12
5.040523120419804215e-12
5.899122856867222708e-11
8.100614797001970402e-12
2.508876995044317937e-10
1.669423627115307340e-11
1.433820510238215107e-11
1.271082197829009885e-11
6.653681078327977616e-12
1.251170065989792857e-12
1.389868168472085941e-11
2.293325390700928779e-10
3.228164610624695285e-11
3.793416969433138775e-12
5.850229155279773607e-13
4.463671619825415604e-12
2.291357797945536845e-10
2.059148337951732799e-11
3.919654878448142199e-11
6.554978781991849246e-11
4.233164513367526638e-11
7.009314795247689744e-10
1.999589296225456891e-12
2.063008791575171585e-11
2.890394900419840374e-13
5.996342311576086104e-11
2.566624968114439298e-10
1.588775638827755188e-11
1.072454625106189496e-12
1.491378201490256572e-11
1.878459020276945779e-11
2.544358300438087639e-11
2.027448521568775419e-11
3.799593886050223190e-12
4.351632595933629943e-11
7.181621183155462163e-12
1.244041328285483416e-11
8.891356401141692345e-12
1.161123974746658405e-10
1.262571991400562865e-11
5.242734631843992688e-12
1.657057824289154269e-11
8.679166413338990083e-11
1.637106075702554620e-11
8.285083036296825298e-11
6.445050049208589371e-11
2.293333058178692596e-11
3.309146012764330180e-11
4.697766828321014998e-11
7.788190231616809456e-12
1.180189192900860107e-11
2.312276585481054525e-11
5.923395021006916394e-12
1.620256706580391892e-11
1.508529239024891666e-11
9.486487116683317566e-12
2.234731497074982087e-12
5.419463055406081864e-12
2.556846227796949478e-11
1.366270291347504440e-11
1.115691913855521022e-11
1.899252456694089375e-12
6.610683788571547481e-12
2.408236804418706356e-12
2.531499966249017852e-12
6.637874278014876950e-12
1.160924047866052078e-11
9.060050452924794939e-12
2.905443594047874001e-11
2.486854038669106259e-12
1.122455947633049789e-11
4.193505959149135265e-11
3.914714039043865057e-12
3.910512538785049230e-12
8.342721478926673484e-12
3.009054810876321540e-11
3.377536098025935019e-11
5.811433625990680696e-11
3.804496214593333647e-12
9.089388096350514701e-12
1.652411887875793184e-11
1.596706707823747351e-12
8.880018248502707934e-12
3.409146576149879593e-11
5.093911837478204419e-12
4.532862696304817973e-10
4.630312799847047245e-10
2.231639135638618932e-12
4.824707647288484225e-11
3.402875637520397234e-12
2.312964576811626927e-11
3.938035227774028257e-12
8.584266110445160081e-12
5.571608712590103707e-12
6.680333803493754274e-12
3.038889452577908656e-12
3.470365383950735350e-10
1.322600882980307091e-12
3.504558622469122753e-12
6.671471968616726755e-12
3.118178458494380578e-12
3.733195610283734922e-12
2.077511556883293586e-12
9.770293948885289126e-12
6.816341761861632875e-12
3.670786938303471914e-11
1.006653649326949562e-09
8.408972303197703724e-12
9.461447597614025540e-11
1.474055322248091215e-09
7.493090870003271675e-11
6.093641563564844432e-11
8.277375312948365149e-11
2.657361136693126014e-11
2.892887041028302519e-10
1.076893643703336068e-10
6.184566192501961268e-10
7.202283908158690906e-11
1.327489246999435935e-11
9.258699362746369843e-11
1.730121428067388223e-11
2.074174686172991500e-11
1.952469713684124031e-10
2.179978697558482281e-10
9.549559754074010698e-11
1.476955363566290202e-11
2.469505711033548323e-09
1.293934681623198912e-10
1.123109157757928855e-11
2.301956368577773304e-12
7.235460060955878347e-13
7.351325277682452253e-12
2.453504344135382098e-10
6.767419957753872950e-10
1.494109085342643084e-07
7.437241045238351944e-09
1.365715718293358805e-07
4.733063860840047710e-07
5.131580937955959598e-09
1.087383871833935700e-08
2.694931389157773083e-09
5.985838669175791438e-08
2.277577095810556784e-07
2.137409609304086189e-07
5.849873900842794683e-07
3.668769466003141133e-08
9.799222056017242721e-08
1.633874262552126311e-07
1.414917676356708398e-07
7.479761698903075740e-09
1.383752987749176100e-07
5.979117645438236650e-08
2.222174888544259375e-09
2.678759301488753408e-06
1.665956006036140025e-06
1.433250518267925600e-09
1.747761713133400008e-09
1.689896778067634386e-09
1.838792312858217315e-10
2.683931965563601807e-10
1.730542487088371217e-09
9.878861284562390210e-09
1.757249037837027572e-06
1.006038724549185304e-10
2.426974454738939357e-10
4.296451805441137139e-10
2.729660247835496989e-12
1.199858788714092128e-11
3.375534851635109135e-10
2.634117923783207971e-11
2.768505980021984669e-10
2.079449279435152675e-09
4.539320742208419190e-12
1.471606256991941919e-12
7.660553857924412569e-10
2.503107721096853311e-10
2.177435592942700282e-10
1.155048886397613828e-11
2.672549161142345753e-11
2.871221663203193941e-11
2.454532584128532591e-11
1.143337681475120604e-11
3.595318270530056814e-12
2.661748772780914152e-11
5.397575095211770702e-11
2.169429393072963563e-11
9.327335570574746271e-10
1.832213963881557106e-10
1.360025980723378325e-10
7.266012444495650868e-12
1.193143583932965157e-09
2.713220093042423287e-09
9.362300518178656716e-11
4.713203785589037409e-11
1.030329155327081025e-09
2.531530193805586748e-11
6.797173379702314833e-10
9.031822165161962346e-12
2.530033994807556752e-11
9.235654775674451145e-13
4.490605370194300505e-12
6.299037680346231127e-12
5.151176360462805803e-12
1.768991854042556433e-12
2.952312699866510570e-11
6.209219249875275182e-11
5.992566252249753589e-12
1.159100853492800454e-11
7.734059226383038776e-11
7.353959021599854040e-13
6.186801505131400702e-12
5.482839182668897138e-10
1.109505889940187728e-11
6.570646804426871768e-12
4.554563115544141283e-10
5.018604976037011056e-11
4.086125188207390124e-11
3.953517374588599864e-11
1.000939348766438641e-11
2.131441204089590258e-11
2.039933976946683991e-12
6.498395137971568758e-12
3.310640173462275904e-12
1.390580792876017213e-12
5.118906340473294847e-11
3.821754978455826901e-12
1.420254799183728878e-11
5.947285025564852390e-11
1.754586059776741536e-12
8.727173150813172242e-11
5.439025230202787498e-08
1.081803605029740822e-10
1.186327858865299234e-11
3.272022236489036118e-11
3.478174562601688002e-12
1.673357633014127543e-11
2.999891654531516849e-11
2.823485369118916566e-11
2.327181633163255547e-12
7.364039933399624260e-12
5.007077530372328056e-10
1.167282524978940916e-12
2.845692160646090541e-13
4.312034063147507368e-10
6.924157247567563900e-09
2.809351883070743128e-11
5.235012770499203327e-11
2.129697633523885969e-11
2.038655182168280788e-11
2.424434542014353156e-10
1.338454867771954326e-11
3.599704909151846266e-11
4.888003779512928304e-09
2.062423842819072206e-10
1.679429512124741564e-11
3.413551386000079901e-11
3.526128391009852869e-12
5.817507500033292089e-12
5.985757896287413615e-12
1.762328893928355456e-10
1.580440639470381825e-10
1.680048600238848167e-10
2.722638225982620952e-10
6.980470090844903552e-10
7.719921056581480201e-12
2.693627005473375746e-12
6.957089904169322381e-10
2.388102736394781545e-11
4.324691299517624543e-11
8.700845599562967436e-11
1.658130962178469558e-13
1.107244435027965324e-10
2.534595033854003532e-10
3.289610337603443568e-12
1.323019249710455369e-09
1.731083831835178444e-09
3.608827472967313099e-11
1.388625412573896156e-11
3.930857306322366185e-10
1.655819405199654426e-11
9.351806135038387424e-11
1.453441620530293577e-11
2.600453186119011662e-10
3.736303280654773573e-11
2.399499002270211179e-11
2.386038033819204429e-09
4.790392041376101417e-12
1.083316509414844475e-11
6.164868095182018948e-12
2.615111460713137603e-10
3.847401286449780855e-10
4.532055980499549719e-11
4.413000520564480667e-11
9.256527488954446881e-11
9.489985186572624798e-11
5.267725838864478760e-11
3.177208773852413515e-10
6.711551453486563901e-11
4.448774335030769578e-11
4.399775628462915256e-13
1.364457266790630730e-12
1.065445648373852805e-11
4.708960218285929145e-12
4.113086260471021660e-11
2.014510558367987869e-09
2.804966849068168955e-11
6.211844840592339878e-12
1.486476566836536506e-11
1.890765972609176337e-12
1.239180286161101208e-10
2.700562863611200015e-11
4.220563482038031111e-11
1.407742367121045390e-09
4.405109957361652562e-12
1.354265744685223538e-11
5.476850639674069043e-10
6.949470079259389976e-12
4.248525142802606069e-11
1.615954418887621813e-11
2.143901375872836468e-11
2.779810453004682991e-12
3.357758862621018636e-11
2.708514967864061873e-09
2.540538335260578151e-10
1.005353439387235426e-11
1.401332782452469061e-11
9.750546203779464349e-11
2.132258432319122932e-11
1.955474671078150095e-09
9.936659134401892857e-11
2.378647105671927164e-11
1.050341480457461785e-10
2.302000387185976216e-12
5.268690345117121865e-11
2.874708249223090206e-10
1.649606146125748296e-11
1.129755039519508841e-10
1.383315267888818312e-10
1.504108504413181890e-10
4.285632126954652676e-10
7.137548330149456888e-10
5.698823357658255873e-11
3.326396796898833941e-11
2.321717540443302141e-10
8.971712261995890003e-12
1.724795978784443573e-12
8.144353941252902018e-11
2.328759234060395755e-11
2.251210719575458263e-12
9.555823146656372558e-12
2.669582653894164714e-12
1.301871249692609922e-10
4.856847563017296920e-11
3.092800737736212113e-10
8.267425914872117421e-13
3.975840490166859809e-11
3.845227608545442877e-11
1.463807720869514384e-11
2.417326928905172423e-11
1.529739529493312489e-10
2.251752950765961714e-11
3.797094583202209606e-12
1.101213998461192389e-11
1.266126092858144148e-12
1.732423926537052239e-10
1.164119235036453759e-11
6.168053179322896540e-09
1.048858014329745458e-10
2.797961688727479412e-11
6.421951945917436788e-12
1.600025251180525743e-10
2.023609335655152108e-10
8.167606348197242738e-12
5.574803396690697355e-10
3.071015941547017292e-10
1.870459565012083658e-09
3.688341299046271615e-10
7.310444610775235219e-11
3.996246389359470186e-11
3.371968329557439858e-11
1.714236391725521003e-11
2.632754040818308106e-13
4.357544273331237505e-12
9.620383656372410996e-11
5.305768845109692933e-12
3.498783207600553169e-11
5.593244617463355439e-12
1.946167810240595486e-10
1.572528565696451608e-11
2.426620319614936072e-12
1.059239917999832414e-10
4.035331097052008431e-12
2.247430019863827511e-09
8.287269204210190310e-10
1.622851505955758000e-11
1.229357848159251532e-11
6.178968892101011079e-09
1.099108359881029173e-09
8.710688420565659840e-12
4.378638944479984474e-12
2.354644257351878878e-09
1.803989770066127818e-11
1.404659114717654589e-11
7.526217496445219979e-12
5.321802894198146561e-12
3.055681142144495155e-12
9.219231489332457841e-10
1.380728691102728334e-11
3.452882146870450697e-10
3.236553386409823929e-12
5.547720269283296091e-11
1.583089631607137449e-10
1.052438518278631108e-11
2.996174836011888942e-11
3.206638565789177164e-10
7.179429793724434461e-12
4.208275394823601800e-10
2.645203067003221165e-12
6.781547323697623142e-09
1.506553909402796876e-11
9.073504100842733067e-12
3.820447014302175148e-10
1.021129500400341783e-10
7.421754183445372632e-12
7.144841576017801899e-12
1.036341845672694717e-10
1.592294698871121739e-11
1.334058297858264908e-11
2.707929991352386878e-10
9.997797034699829055e-11
8.133786422170885544e-10
5.540322974700861991e-13
4.344829617614065498e-12
3.327237596550958187e-09
4.786253171573662257e-09
7.182320276716280816e-12
2.762073555984123630e-12
5.654227086537844116e-11
1.485785661170524463e-10
1.910932176385493619e-11
1.229418823689432116e-11
2.380290235748372396e-11
1.331655879316384627e-11
3.084096780042733243e-12
3.069950127443377141e-10
6.314956196851184700e-11
3.506693199706312214e-11
1.233717468462902644e-11
8.348627345000636524e-12
5.408565847790647307e-13
1.274317629196275448e-08
7.080078277127421771e-12
2.587722536251391148e-10
4.564729982892146154e-10
3.750719179684836035e-11
1.764561413652998567e-11
2.654632069720719301e-10
2.023184536570354908e-10
9.678317175465522837e-12
5.572810008597217646e-12
8.889957658908542726e-10
1.022757521577412343e-13
2.210139710134839675e-10
2.032917306715731343e-10
8.328861211825966393e-11
3.845997825768776579e-11
6.341458608227767968e-12
7.557440784289326530e-10
1.176057445873013307e-10
3.463995409958009475e-11
5.230272118184053909e-11
1.685347555957505961e-10
3.202395293389059816e-11
4.971007112886116630e-12
3.849246876103107340e-12
2.560136824758529883e-10
1.715296134296995234e-11
7.666196011335557614e-10
2.870494029139081249e-07
1.589821503611421605e-11
3.892888678080907994e-09
2.260744091930888544e-10
1.109713917979426867e-10
5.056580709705826848e-10
8.003785134658158995e-11
2.543971422408475291e-10
2.541815282558479439e-12
9.222175974266111353e-12
8.574050215474915415e-13
3.398672185697670933e-12
1.211450319400786402e-12
1.009040073718381336e-11
2.880218563650061014e-10
9.058037653275619050e-10
1.745960667709489655e-11
7.568955228201557084e-13
1.159933121774869846e-10
9.010765744665860666e-11
3.390865366270645609e-11
3.339664308987799757e-11
4.165860989502334633e-10
2.771552778946251294e-11
1.451285814614566849e-12
3.860658320808951771e-12
4.795603150697935746e-12
1.653290837566601112e-08
3.468565434872061815e-10
2.429144125432047829e-12
1.143269034997729250e-09
4.875981888217972848e-13
4.896095681661272181e-12
3.231963034977525240e-07
1.308144890153906115e-12
1.463351440023075156e-09
1.010183863642266644e-11
7.880716912378460393e-12
3.214298827103334588e-10
1.466192722787695857e-09
4.016504143167232144e-11
4.930253254264993501e-12
2.329384298296877098e-12
1.790532305756542542e-10
2.550608335649684477e-10
4.039412034029243870e-12
1.120763811618408212e-11
1.921956691020021424e-11
5.406617376024769328e-09
3.180317814654998188e-11
2.441684077147954213e-10
3.628619849038727807e-09
1.769499107240335434e-07
1.535101473021383001e-12
3.776826507789765586e-12
1.018695891530363440e-10
2.684138022956972236e-09
2.548473654329086457e-10
4.738521207359180920e-12
1.289467230908281081e-11
1.038274743958567115e-10
1.350962121034540719e-13
3.158000944081251760e-11
9.531031346099450019e-12
5.195281704839516124e-12
6.332698948563475483e-11
1.225725410058942089e-09
2.230565732119771383e-09
7.815638691788251435e-10
5.716448842063570623e-11
4.235846048916691586e-11
1.505486152408863632e-10
3.713180596331966399e-10
1.955977833043368030e-13
2.685708877514514370e-10
5.142745257424863325e-11
1.381692763674502444e-11
1.166563068366599509e-09
1.389275222640762308e-10
3.243495402815987916e-11
1.777926243728966682e-11
1.000930893724216730e-09
6.351190840608866850e-12
8.764267957206417492e-12
2.917656949374958231e-10
7.089973746987610070e-11
5.826308324685669504e-10
2.253222261550114069e-11
1.417470134323917108e-11
9.098047315525548129e-11
6.083438874177060640e-13
1.935155785615094715e-10
1.829554520035858722e-12
1.234940066874301579e-10
3.654625047033732699e-09
3.529674382635183960e-12
4.841660405929815170e-11
1.526614251678992673e-11
9.709378266664625556e-12
1.092465094082450960e-11
8.701654848064510617e-12
1.615529064691312300e-11
8.996186434684361188e-11
3.414181264094207080e-12
3.725472708104859976e-11
1.263146698349260078e-09
1.586952444454503564e-11
3.419703062390588855e-11
8.861710844298986700e-12
5.321926926926678902e-11
1.905316529549061499e-11
1.152065422227455116e-11
1.323810332187758121e-11
1.876568171688131059e-11
8.332098899721529506e-12
1.436538648452723166e-11
4.383655244355466607e-11
4.890808869006946225e-10
2.734264203940739435e-10
1.658985991116745939e-12
6.054021173262924549e-11
5.962458998753916717e-11
5.468120747864624320e-11
1.728438725479009008e-08
7.376523870894491353e-12
5.173387052082034643e-09
3.843255227953257247e-11
4.766403851469425135e-12
3.731216935420889058e-08
1.385705883372168046e-09
1.162205193194765229e-10
3.346702038761750764e-12
7.604999407995194360e-10
1.196063560693350070e-11
3.330870518639117428e-12
1.178973585425069359e-12
1.851337312619438791e-11
7.413333185171677719e-13
3.497568901167369404e-11
1.171370733743515302e-08
4.354559823838144439e-09
2.715005683381205293e-13
1.024637388824523043e-10
1.606955020438949333e-11
1.197905923761011238e-11
2.642743315850459851e-11
1.931249951625524375e-11
2.678112731580029049e-10
5.320762719307481348e-10
6.696910387349319649e-11
5.896774735170140502e-10
1.258176562934920639e-09
2.276072212648028170e-11
2.378773176700543779e-12
1.647972258872823503e-13
7.873909857458727402e-12
2.102541665077728439e-12
2.823447552147140271e-11
5.224259913561013491e-11
2.352276186334822938e-11
4.978533904576032398e-11
1.958772553878329603e-11
2.340469181308368896e-12
1.354759100041791342e-11
1.312507463824275078e-10
5.750173601160035730e-11
3.017750979661393274e-11
6.112297733923410803e-12
2.207543176035997590e-11
8.987136035365494990e-10
9.332640996811969458e-13
3.442223533056676388e-04
2.018840233874996670e-10
3.450712372093933666e-12
2.167320142798523364e-11
6.284604781026104092e-11
7.033799541075747008e-13
3.946420620848378746e-11
7.439417831767158873e-11
3.742648985866070532e-12
1.423240431758232560e-11
5.294684135570548733e-10
6.819064063412483279e-11
1.295366869324965364e-10
1.541446414954350530e-10
6.103735138845989283e-12
3.287258486250888012e-12
2.420947773848491913e-12
6.764978160989087996e-11
1.790773779264398513e-11
3.779060397945954719e-12
1.483777822830489868e-10
1.909282731915595832e-10
5.258771196281486482e-11
3.880142041001732878e-11
1.705643265514922291e-10
1.421936901557785404e-09
6.736406571450359593e-11
1.653922311606326190e-11
7.186750500265404185e-11
1.286804690581178079e-10
7.332526807957151505e-10
2.226618889267228951e-11
1.591994244765082556e-11
5.533907013188787971e-11
1.479222716538330928e-10
1.801294183256807457e-11
1.884656666839568118e-11
1.703984869871888463e-10
1.185937681391635579e-09
2.146212894904575563e-11
4.646451667866813295e-09
7.123491033156348351e-12
3.164524892129705336e-11
4.662159894253115056e-11
1.428202001108047625e-09
7.363239358515460964e-12
4.455771862588164822e-11
1.158212501600752731e-11
2.061403998887545441e-11
7.480606412091361790e-12
9.191252793583348790e-12
1.835959682894294787e-11
6.715636380327794086e-11
1.173308894486524423e-09
3.264533608715591839e-12
1.791208709134295418e-10
9.803862582868916320e-11
9.281694524077011010e-09
2.443862993917189641e-11
2.655848360243878714e-13
3.812670318348310161e-11
4.270191839017556390e-11
7.221362396947483830e-11
1.444884142887126188e-11
7.966932114022995393e-10
5.239008532553768305e-11
1.187398053145716226e-12
2.592343874285862881e-12
8.538046936124032982e-10
8.048080424316594872e-09
6.680198061381759089e-11
2.371551739710486828e-12
1.212533545791316669e-10
4.898486564292037215e-12
1.655999296024113221e-11
3.836814980312519552e-12
3.609096008161394309e-11
4.239121553784030993e-10
3.347891408544967362e-11
6.300147209481465893e-11
3.288527089528869851e-11
1.003097604979075186e-10
6.398444274413606081e-11
2.819455779956570041e-10
9.695195757331021014e-10
1.213192740712187856e-10
4.179276369420392712e-11
6.045827727341190894e-11
2.774779364611568155e-11
4.531583164268937480e-10
2.970353130127278973e-11
7.267713991385149619e-13
1.304247820854698148e-09
2.977101204448828753e-12
3.560061620500043489e-11
7.153930781100825698e-10
8.900456066607276284e-11
1.646225822327096466e-09
2.313880420601321930e-09
3.263221984295405775e-11
9.860680848239322671e-12
3.776410781308747744e-11
4.039868439775773368e-11
7.816812475081036382e-11
1.099664977133318899e-11
5.505930780747014808e-12
1.205941735360482880e-10
3.681397409138753574e-10
1.212751454815474972e-09
1.616772132839727760e-10
3.720878119506387804e-11
2.057478970182713418e-12
2.233519341698908534e-10
6.980150346613811507e-10
1.131150034749950350e-10
1.167549279479374036e-09
2.661253162283827578e-10
4.445587231671765949e-10
5.938881764838699340e-12
1.512127402458762759e-11
2.804677844137071219e-11
2.866153711936214599e-12
1.069452512658664034e-11
5.326281082851380688e-12
6.422175985454359193e-11
1.471565647115369302e-10
6.507320238213765151e-10
3.734609566041768858e-10
6.226189702696061090e-11
5.211096554269545322e-10
1.013779858671792766e-11
7.919922495602804702e-09
3.336845244561459367e-10
4.725874358513237894e-09
2.660875859927802622e-11
1.905899049692294511e-10
2.140232262248797923e-11
2.242556279563601151e-10
7.170634225284189256e-11
4.921971163973637431e-10
2.996703362886932176e-13
7.252019124104336356e-11
9.335749534544746098e-11
6.996171975082177141e-10
2.872072302206873928e-10
5.194001673203274549e-09
2.633863127599056497e-10
1.248037090340048394e-10
1.181284375872948544e-10
1.552378087188444056e-10
5.504781630527588732e-10
1.154710285722337915e-10
3.385238478426089159e-10
4.615922089001855966e-10
1.364979379525621539e-10
1.061155385784218197e-09
1.896572204840296649e-10
2.007200183840041063e-09
3.938324388830238831e-10
2.801198994983877810e-10
4.194788127964699243e-10
1.306889318986037551e-10
6.242828476388240233e-10
1.869518095887201525e-09
1.145302533367420494e-10
1.690260154063594200e-10
7.739781038296200677e-12
8.250103725182533765e-12
3.061448039520797693e-10
9.917269783166204888e-11
3.026381367732255967e-10
2.013759298202799641e-11
7.153999059816840145e-10
2.511558183648787690e-10
9.330204164825772750e-09
7.854639161308796247e-11
6.741053049097445182e-09
3.279208571349556678e-10
5.851560555547585807e-12
1.266073290651092975e-08
7.216881758864701624e-09
2.518167896425893559e-10
1.915987923872819465e-10
2.278342847716885444e-08
1.212440980946638547e-10
