4.756194396660085033e-11
5.250741508255885037e-10
8.333429779572298912e-11
1.016912335588537886e-11
3.417797711513514969e-10
3.201655052187390993e-10
9.598490752216193300e-11
2.453670600033319715e-10
3.113531654719281505e-10
5.698154795230614411e-11
7.966494131039780768e-11
9.577081350187199860e-10
3.208362464590663876e-09
9.062851025198881416e-10
3.849152108159614727e-10
9.675235057571285324e-10
1.640556163140516333e-10
3.556056005216134963e-10
6.954430364913832818e-10
4.402747957876762541e-11
3.096780470945859065e-11
3.860938513344791545e-10
9.924097099656137289e-10
4.341823012232737256e-10
5.100039501826358901e-09
1.256304366092919622e-10
1.041876446228329200e-10
2.916545477349430371e-11
1.815957800799239408e-10
3.807907114627973044e-11
1.541753009981494671e-11
3.933388337262755385e-10
4.632125585879443008e-11
5.268705957628405656e-11
9.413503310184978545e-11
2.905802820585279278e-10
2.062980480888043644e-10
5.127012009387144076e-11
7.644997829236999110e-11
2.440848356766167626e-10
9.065443951072893469e-10
4.979090056922430563e-11
3.995016123470307434e-11
5.100100029797882684e-12
5.615797410429834713e-11
1.617776329565501214e-10
2.240403557118852973e-10
2.209690486143500721e-10
6.499666690279459758e-12
3.524022740286625321e-11
8.342462831656405342e-11
1.830291473936540569e-10
1.239316149703739711e-10
5.159239702123841198e-10
4.964997510348290177e-11
2.531587439680293983e-10
1.026980514517994436e-10
6.726693507763670254e-11
6.207215297315826774e-10
4.263232267209815518e-10
2.396604026344562044e-09
1.856742710970582522e-11
3.945702098384629153e-11
5.079298787125097192e-11
1.351939948879277154e-10
1.203587646214643314e-10
6.492808513058889730e-10
5.208409259438440131e-10
5.433788974329445409e-10
7.215343322819478544e-10
1.778531986929010600e-05
8.737000456449095509e-09
5.791284638689830899e-05
4.594705253839492798e-02
1.941158785484731197e-03
6.088278605602681637e-04
4.601142336468910798e-06
4.584391135722398758e-03
1.476551432233463856e-07
1.116555310431976977e-07
2.126361531296083740e-09
1.073938923901174292e-10
5.096684851935151528e-09
2.374726193465903634e-09
9.488664964862891793e-09
4.950362342270864247e-10
4.780991158526148865e-10
7.874812468777747654e-10
6.145828734815950156e-09
9.257260930040089875e-11
7.321255823811156915e-10
2.734480974986297497e-10
4.862777958081210272e-10
1.022569473541068419e-09
4.734845293619116546e-10
1.707720770349752115e-11
6.286942966227115903e-09
4.187651267417713541e-11
1.543544805859831115e-11
2.333296403311813094e-11
4.210278237160025583e-10
5.228754651476208437e-10
1.945208577547319351e-10
6.187624718156925496e-11
3.427531314326159873e-10
1.543341843213141829e-11
3.432595041541475211e-10
5.481072662405495066e-08
1.751087808088414022e-08
8.726183664542475071e-11
7.337990215461331900e-10
1.741304878066785022e-09
4.349321944263628836e-11
1.933487592253868570e-09
3.034262563428313797e-10
4.538353692851160304e-09
9.276496237831111102e-10
1.824868478550456530e-09
2.537350773934576864e-09
5.422475357619305214e-09
7.220285480613597429e-10
1.631296098203449674e-09
3.253165514749412068e-10
4.745570159059298021e-09
1.455658593663144984e-09
1.875978039578285461e-09
4.094005134902545251e-09
2.499861151417093197e-10
1.054637044362038978e-09
2.414712006737484984e-11
3.526492153849147826e-10
1.056271112243045707e-10
2.774397656057914219e-10
3.530892245251493478e-11
1.586231423988948563e-10
2.998563342071491888e-10
3.301069417815938323e-10
1.202000027289429340e-10
1.804112831349513613e-10
1.897166451714227264e-11
1.018760509979843576e-11
3.196108655512119867e-10
1.294596808226744500e-11
3.316580343692976385e-11
9.288318725264588238e-11
8.358517350481875496e-11
1.447691012207430461e-11
9.230003567006761500e-11
1.666342584749624933e-11
6.299216009919561543e-11
3.562090900022241158e-10
4.802331865505493624e-10
5.195804897439870729e-11
7.602639351400597434e-11
2.779758090376560631e-10
6.305373445592010739e-10
1.243798952721419937e-10
2.265458827477306869e-11
6.635998001103260435e-11
1.057684356764454492e-10
3.461720493591613490e-11
1.258534942927269640e-10
2.518241171145518820e-11
1.165774005107422795e-10
2.654386710432277141e-10
1.062742449597919858e-09
1.473749733360563141e-10
3.231044598539511981e-11
1.127771001585564647e-10
2.459862825585079626e-12
3.712518625853533649e-10
5.658439689026906194e-11
3.496665457181080683e-11
5.485446472053290279e-11
5.242932477056427842e-11
6.241411901197757572e-12
2.170905122333977033e-11
8.969587572682513610e-11
1.694606677205001688e-10
1.341923239195352835e-10
2.528941292490038961e-11
1.791489873115281739e-11
1.341683319999731339e-09
1.179806113915660148e-10
1.220474832308582336e-10
6.563320442687370360e-10
2.034144797047332531e-10
3.705168394319002800e-10
2.271780506768461549e-11
8.736991685687200970e-11
1.077099520685464995e-11
5.766697189213410013e-11
1.396838616996021187e-10
6.663711943355465905e-11
2.256118729337952544e-11
2.508081520247174012e-09
2.109808994177342356e-10
2.953888522672087902e-10
2.069400345527938612e-10
2.722803094101777788e-09
2.469422166750945280e-10
4.451885735057281579e-11
6.951005049327108054e-11
1.252190240386141795e-09
4.118265450880898015e-10
1.189324888573040084e-10
1.429799161012379471e-11
9.899025349424661613e-11
1.072985367223111552e-09
1.021414966495548526e-10
1.500596868986292520e-10
9.499357550568632291e-11
4.094032057810892411e-11
1.039062377805599624e-10
1.756873535541103593e-10
2.529766326975213531e-11
6.410446479199194414e-11
2.800662202151471547e-10
8.576603316434727731e-11
1.054570042402502850e-10
6.490292331351454891e-11
5.783947973347913774e-11
1.127388252197825125e-10
2.530395060151846565e-10
1.482203942915205630e-10
9.691428215496955545e-11
1.023728116167355040e-10
4.783700102706234247e-10
2.649054413328411073e-11
3.305345927517855387e-11
1.832099749687898793e-11
2.124547412996058426e-11
2.699398204963898706e-10
9.365493935931112901e-10
8.979743615356028386e-10
9.464868472308651803e-11
2.820287337002014283e-10
1.959882922619726742e-09
2.378061358943028836e-10
1.808029559402513087e-10
2.445872115952596459e-10
3.945455628873162368e-10
1.045348474448815068e-09
3.091076006267456933e-10
2.649136743304580932e-10
9.863410088684076982e-10
8.183242972137350080e-11
2.318399638934209861e-11
1.536044902383792987e-10
4.183589585871061445e-10
1.818907802153546527e-10
6.947045716465538590e-10
1.183451114883382616e-09
9.720493160392251752e-11
9.516499810402478943e-10
4.396236499837335998e-11
1.506047786481445883e-10
9.011325019514515589e-11
3.177472729376518146e-10
7.105861732359386451e-11
5.806297803667703761e-11
1.343166983885923926e-11
4.269253839339626211e-10
1.622444539828293841e-11
1.869072258076087678e-11
1.791670804773826120e-11
9.267043729610513481e-12
3.099504680692533043e-11
8.649526928028450357e-11
1.008139335900715139e-10
2.089062534071928212e-10
2.252310143946445464e-10
1.405251581765298852e-09
2.062893883492122882e-10
3.366690537465188982e-10
1.707438496145741169e-10
2.139998872552340003e-10
4.160893574134405526e-10
7.899464415928036942e-11
1.579511105243014413e-10
2.213098593273343795e-10
1.764147716798447618e-09
6.126190221777960687e-09
6.854729672767234661e-09
5.713514106275852100e-10
1.755541267911553405e-09
1.813760697189081839e-09
2.858979719633225614e-10
1.855554931928793394e-09
1.404032556884260430e-09
3.605904241865687254e-09
9.666394767959829437e-11
3.631462464070978058e-09
3.169240980760434923e-10
1.607800281799853792e-10
2.202045906729566127e-10
2.084965533555305228e-11
8.591748146269395647e-11
1.834802969280513452e-11
5.525728138944252521e-11
3.226521050336828011e-09
3.587999586329715385e-08
7.491591347275061707e-09
2.829140477444980206e-09
5.536832325958584988e-09
5.460979446425540118e-10
4.361255356855053833e-09
5.467693853233868140e-09
1.901955570815516694e-08
1.160284424095436862e-09
3.928166947275713028e-08
4.115975116292247549e-09
6.500222138328126675e-09
8.557793051977569121e-08
1.189995391115417078e-08
4.134347086903744639e-09
5.364386979067603534e-08
3.184573049708205872e-09
2.465190789280313766e-07
1.956791919610623154e-07
8.412378349476057338e-09
4.833771605206038657e-09
1.015678763316429922e-09
2.830748968563057133e-09
8.433145848307788128e-10
1.182599851379251277e-10
1.346950551095460469e-08
4.876173687051732486e-09
1.854053124361598748e-07
1.216697142342182403e-11
1.675858674055064057e-09
1.194016774341832843e-09
1.779282554625893908e-10
3.097946343899593558e-10
5.166410854684500009e-09
1.937587867928414198e-10
7.284031017240621964e-12
1.057573917329079904e-09
8.342462831656405342e-11
5.659389276657655898e-11
1.806122007508292882e-08
2.870821080858121377e-10
4.265100772560259657e-11
1.957748407832582416e-10
4.317945306864245936e-11
1.271709959560496372e-10
2.010925731488200086e-10
7.822532899215417501e-11
2.556502926021053668e-11
4.601490022348997400e-11
8.377144117277524060e-11
1.059349968857148383e-10
2.079164479473760707e-10
3.328311515282678101e-10
1.903405211223230253e-10
1.579839453702547303e-10
5.047816609149435862e-10
1.359159340630355928e-09
2.210078370312729135e-10
3.675219850673983046e-10
8.282378116675204183e-10
3.036931539579512673e-10
1.133710694767309235e-10
3.408612003763522580e-10
9.705269921056469684e-10
7.958509962158188955e-10
1.121524539904328321e-10
9.764332675743503387e-10
7.571818172458222307e-10
1.638561841765806548e-09
3.680909466119430817e-10
9.750202728531220941e-11
1.850457426177953835e-10
4.024191743723370962e-11
4.645621110022091216e-10
3.906807655162936044e-10
1.626327544856920326e-10
1.623275736051255080e-09
5.639522737688196230e-10
1.553348893956751908e-09
1.765191104396990340e-09
2.926919373535952218e-09
1.597198151515044628e-09
1.173256380937459653e-09
1.722245263069410726e-10
3.054317909700898781e-10
3.615743537910276473e-10
1.667679772054952991e-09
1.228733920166646953e-10
1.177007189628875850e-11
4.762721467210795367e-11
3.134141002281154442e-10
2.223659867350846753e-10
2.427345997813024070e-11
6.377628286591274787e-11
1.635691304624486975e-10
4.327119640379351040e-08
1.595418241961965578e-11
1.071114308359710776e-09
1.209701494531145727e-08
8.148354907477894926e-11
7.654076816798749405e-10
9.648398746620046040e-11
1.702353480403928643e-09
1.942049993042260780e-10
5.093691246571552256e-09
1.319559878032450229e-10
1.048592948582616202e-10
1.208502742322536960e-11
4.569889711092400830e-07
1.833355411928749845e-10
1.127248433485661394e-10
1.048478015519549444e-08
8.684938185288260115e-11
6.783904549223507274e-10
5.279482406805868777e-10
3.140825377556666353e-10
3.950066052027523256e-09
1.484761757986063913e-10
8.186584743441471801e-11
1.667551652317911248e-10
3.977350893080711103e-09
9.702821185397780823e-11
4.056065205926273620e-10
1.388316395178890161e-08
4.898088157290203526e-09
1.032713203841240102e-08
1.960760442898390465e-10
1.568870922064036222e-09
1.795672055493469088e-09
1.873149635400750412e-09
8.899768422221399078e-11
1.385505876694281824e-10
1.227553197979958099e-10
5.647851283874238959e-11
8.682875751730989577e-09
1.104452380246145893e-11
7.856444661502592908e-11
1.510008507121796129e-10
6.487532733245870986e-11
3.849357499419170381e-10
6.218650594469465887e-10
8.051431188427216057e-10
1.996212917187989433e-10
5.337990049980589902e-09
2.053229530840638972e-10
6.792207241090864045e-09
8.920365834885757295e-11
2.761146866703256819e-10
7.862321904639202330e-11
5.344015507890986783e-11
1.066608912303479428e-09
6.418827275256333564e-11
1.958499057375107100e-10
7.352374958857765819e-11
6.133389351958840052e-10
6.650319184231534564e-10
1.523667636504910661e-09
2.008575944456580942e-10
3.061830788908537215e-10
4.025726973999610436e-11
1.612244671100881988e-09
4.968704891972208770e-10
6.520098905227200703e-10
1.140195382554054504e-09
8.234206372303987109e-11
5.069322739359449770e-10
6.943598473974077478e-11
6.996886403598523430e-10
2.956915545748728391e-10
3.545141513683347512e-09
5.204486286380927140e-10
4.012827015120734586e-10
1.331256771486266643e-10
3.875234855232889686e-11
4.319673152508585190e-08
1.419163786486876688e-09
3.341183926752755440e-11
1.395555671024339972e-09
3.786422286822244132e-09
8.059236611401843220e-10
2.207985572155735099e-09
5.743616138254026282e-10
6.606169777878534433e-11
1.605887922639936960e-10
9.073004014759078473e-10
3.359120620549660430e-11
1.537000970941448941e-09
1.375871327979893977e-08
2.811478054809413152e-07
5.861179319666121046e-10
4.248442431187271495e-10
1.914086805721026963e-10
4.582862700441836523e-10
9.282589807924068737e-09
5.348556042505947516e-10
5.528346114225257679e-10
1.728376775034234925e-09
3.890381905513606853e-10
6.010699160619026316e-10
1.142988273472589356e-10
8.996290823404251569e-09
4.103968900825982757e-11
2.797656273312298936e-10
1.660426518501623150e-10
3.287127237072695607e-10
1.358857417699255166e-07
5.319877427467645248e-09
4.489844052102398564e-10
2.018619160715218186e-10
1.568507129734442174e-11
1.796599397030362866e-10
6.053022666430152299e-11
2.693035204559546258e-11
1.289835738216282834e-10
8.975513665632206539e-10
1.843558812553158788e-11
5.949982728736813442e-10
5.098085065213808775e-09
8.102103876694854989e-09
4.120746452396240045e-11
1.037868055386859112e-10
3.527413638959586706e-10
4.575113204952074852e-11
1.095565971276357686e-09
3.282240590429807980e-10
1.088992437892066789e-10
1.036175945046124980e-08
6.110597028374797901e-10
1.420466934180797391e-12
8.631523051860767737e-09
6.844428496188825761e-11
9.509454335088207699e-11
5.710590680885196946e-11
1.150438944108600481e-08
6.747680747487549979e-10
1.818498546191094078e-10
7.011524694178206119e-11
2.734935833359486423e-09
3.772914425326234777e-08
1.481214734200264616e-10
1.035665664339546765e-09
3.140150139913089333e-09
3.502981793523929355e-10
2.020733996799251031e-10
3.333527956783655100e-06
7.397518153595683543e-10
4.181553367454959869e-11
1.303609442615538683e-10
6.831053500633288422e-09
4.289485780462065634e-11
3.780205662384794607e-11
1.682395223134847129e-09
6.190547185980221911e-09
1.559814499785261432e-10
4.425077249070596963e-10
2.833988048678293126e-07
6.093185955791113884e-10
4.877470649589099594e-11
1.246295400214592064e-09
1.318752052004157349e-10
5.934240321359141035e-10
1.347407305729575455e-07
1.035799501725165328e-10
8.573005499945551833e-11
3.897749900616531704e-10
9.811060852626951601e-10
5.867778485324492976e-10
1.936047433481746793e-10
4.505033152080173409e-11
6.833812959960994249e-10
5.147274967365333964e-11
4.443373224916058462e-09
8.734659523446097751e-11
1.274607530632465568e-09
2.100569856944289882e-10
5.827069937680562361e-10
1.198445964689653920e-08
4.529790154084167852e-10
7.470269958176345426e-10
1.635689983459087671e-08
3.054956110304374306e-08
4.351830007465196104e-10
7.208451613394117885e-10
3.862436148693859650e-09
6.783604233895346169e-11
5.651471998713297751e-11
7.926408973624177179e-10
2.475403215740357155e-09
1.437549662641757209e-10
5.284368498337244091e-10
5.915571366088556715e-10
5.876506392610281182e-09
4.733840056059257506e-11
6.632436377884687317e-09
1.003847005520697167e-10
3.437648388171510305e-09
1.043594863303631826e-10
4.715782764286302609e-10
1.004114213998263949e-08
1.700115426217507775e-08
3.542733051364876928e-10
3.654710423184326373e-10
3.562498629428034747e-10
1.114022762926936139e-09
1.869441490498502390e-09
4.222848459800587761e-10
8.810275287096658303e-10
3.452799990366628435e-10
4.243453644026118354e-10
3.235821166569508023e-09
1.246502234764079731e-09
5.446468831493689322e-10
2.553069977651034606e-09
2.076027127984048093e-09
9.640028358903762751e-11
4.062309599817126582e-08
9.289257557609786886e-11
5.957738746786844786e-10
1.404477867339437580e-08
1.082063683099931950e-08
1.996716791907715560e-09
9.909836284904827153e-10
1.532635546253047210e-10
5.424352286786948696e-11
2.351430855584979440e-11
6.603908087043919295e-09
1.497586082921387174e-10
7.014618330636324117e-10
1.728052978489102998e-10
1.853739245438745797e-10
8.738786604067794173e-12
2.317576353050299076e-08
3.812169246941721212e-09
1.522525300279298222e-10
1.465074017659162564e-08
1.508635993907603279e-09
1.430698115534312365e-09
4.234156081306394981e-10
6.511126082742180188e-10
2.427246625913426215e-09
5.048049978029212070e-09
1.431748608560212688e-10
8.972997345146893622e-10
2.354424424311218900e-07
7.461697371091702280e-10
1.933209148319292581e-07
1.501175156404244149e-10
8.371238147120152462e-10
9.111585097532071131e-11
7.185431138978515264e-10
8.616937208216768340e-08
4.383458873657986032e-11
1.775946195659017235e-10
3.264289880067217098e-11
1.016663198072365049e-09
2.736693094362863121e-10
2.339576865573178566e-10
3.366015105532582652e-11
1.061299520488390158e-10
9.077794071998823711e-11
8.694737152481479825e-10
5.323409713042792646e-09
1.983895964174919868e-10
2.431273458114446839e-07
1.198059207396795500e-09
3.391045222400634884e-10
1.016240078199892594e-10
2.090844442026451588e-10
2.063517712258544634e-08
1.814791983356656146e-09
6.977432409627226662e-09
8.354505420804514415e-10
1.142835687195642436e-10
3.792660407953007962e-09
6.510539329873665793e-11
1.321166509526960908e-10
1.655498316210923804e-08
6.477282599171019228e-11
3.931275749380347406e-09
7.371468019323756948e-12
8.278271956818628041e-10
4.480649629101662867e-09
2.252361908094968612e-10
2.894079290452489239e-12
1.053844789211666466e-09
4.434690115129313881e-11
3.407857884774045942e-10
2.027470031862321775e-07
8.498018955194197588e-11
9.675964023070360298e-12
5.737732858279720460e-11
1.444939501382691560e-09
1.144131178687501915e-10
9.335674455712705821e-10
3.306479356979252771e-08
5.524056212458106074e-10
4.720739077423985464e-11
8.099870080213733559e-11
2.274559880721671590e-11
6.557229426107369363e-09
2.755509775909104064e-08
8.539158269371682763e-11
2.178115909856614962e-09
9.913262211114215461e-09
1.989116163447768315e-11
3.821230554201804352e-10
1.429372620265212390e-09
1.708595070981644426e-10
4.225999272744473956e-10
2.901527074161691644e-10
1.391149417884207651e-09
1.630285950682264229e-08
2.794916298398675281e-09
2.084565020599171703e-10
1.059580340134758103e-10
5.762075261372956447e-09
1.576491368004973026e-11
1.011352779300978000e-08
4.574737810791873471e-11
1.129378535136282835e-11
5.140608383413791671e-09
1.094852120075984203e-08
4.266551278941932424e-10
1.766996771124240695e-09
8.176585519770185329e-10
7.640241737882913498e-12
9.292930314153124982e-10
3.524026181978001659e-09
5.102452682592684141e-09
1.817757500077732402e-09
3.569470552466924573e-10
1.667357640844358002e-10
1.079145128812797338e-08
1.895412299335319517e-11
1.349170775100105857e-10
1.567187046802587247e-09
2.612292604453614331e-10
3.731717157506864169e-09
7.538598911782656842e-11
1.991979775572971789e-10
4.880348902780440312e-10
1.306066477191336617e-09
3.973083551045419881e-08
1.402910287939818090e-10
4.090851657423399956e-09
2.959581735240135458e-08
2.910434393488259275e-10
2.938627119419834344e-09
5.952468518088949168e-10
5.166267760814413634e-11
5.724214990898701672e-10
9.690157565245272053e-10
9.966460545740574162e-09
7.994221284945979278e-09
2.350259542538424284e-08
4.107074236259222744e-09
1.921351133749027440e-10
1.138323671434626760e-10
1.228847024137280641e-09
9.131462697098413628e-09
1.745734445890434472e-09
4.388662697141221258e-11
3.708992141193689918e-11
4.197769354341573944e-10
3.153863836757864192e-10
6.882783054606989026e-08
1.838639795970209434e-10
3.907836276795251251e-10
4.114365736995750922e-09
3.449600605165414891e-10
1.501654134372643057e-09
1.026903184708771732e-08
1.368810481627846798e-10
1.610203359536654943e-10
1.005540997689458038e-10
2.462484660625818833e-10
8.640425180894695245e-11
1.217919765039710001e-09
3.476502072330411863e-11
6.360902360391662569e-10
3.399750703181325662e-09
1.235760862527968129e-07
2.808448229529858509e-08
4.939610387388881918e-10
1.029750618108948856e-09
5.981273809574361167e-10
3.397488512746349443e-09
3.071815857236259717e-10
2.949774202676280765e-09
2.046384617315766263e-09
3.120091918162870570e-08
9.767853192954589758e-10
5.179580653269511004e-10
2.625912642884031811e-08
2.271434984546516489e-10
3.210925969554523363e-10
2.429626222433256544e-10
6.795209950283265243e-10
3.111122914845054765e-09
3.098765688491766923e-11
1.469364734052458488e-11
1.314405251306993705e-10
6.797785945256151763e-11
1.447545555643969806e-10
2.854382508132857765e-09
5.490627744131337806e-11
4.407005960160859104e-08
1.437130858761292984e-09
4.164956921015594560e-11
7.956130865238719707e-09
2.460035659623827087e-07
1.938123828093551992e-10
1.901051538411024922e-09
3.754206581024766010e-12
9.468166232109069824e-01
1.685075967650107032e-10
2.627884299055693873e-10
1.326425405068221153e-07
6.901735183362234238e-09
6.226864024405642795e-10
1.183873221677345100e-09
8.457323730226562475e-10
3.350681676561606537e-10
5.588851603732791773e-10
1.534999349850352246e-10
4.359101524187281029e-09
1.117481485124471874e-08
2.061802462094419752e-08
7.499922349829546420e-10
2.090266293386378038e-10
2.019705236389057745e-10
1.262131094081908600e-10
2.356860540064786846e-10
3.860771258246131765e-09
4.862226177237971569e-08
5.721311202577794575e-10
2.859988634806853725e-10
5.032346414579613736e-11
4.205707426763183321e-08
1.615017786171790704e-09
1.454212750218175643e-09
2.634669704626446674e-10
1.438548613563739309e-09
7.217894282263159766e-09
1.051180809064078403e-09
1.211046263271953194e-10
1.171051311477100398e-10
2.377445573742420493e-09
3.796305492187457276e-10
2.284751554615382929e-11
1.991955400626466144e-08
2.974293478175127348e-09
1.620130141155584624e-09
2.692582157237666252e-08
2.400807330715792887e-10
3.922687868973540049e-11
1.926275389196874244e-10
1.002819827178313972e-09
4.604875147862230733e-09
5.699187302643515807e-11
4.232605932408262106e-10
8.534262185833085823e-10
2.051796649249482130e-10
1.053910569925875507e-10
3.153413086209866378e-10
1.880591238290207912e-10
1.242265623702110133e-09
6.121004592074541506e-09
2.489673467387376604e-10
2.046513625231227707e-09
7.589386341599890784e-10
1.170105790038178384e-08
1.717413294910485888e-10
2.563152814993863160e-11
2.900337470190805789e-10
3.622358413224446849e-09
4.642195516879610295e-09
1.449834918787473725e-08
9.007575840769277420e-08
1.648763237049877262e-09
2.336374982370159614e-10
3.293484651667455410e-10
4.449564272590578184e-09
1.351869798327243188e-07
4.647076945474282184e-09
1.021661089062320116e-09
2.462652651247232427e-11
8.245573113185855618e-10
3.910563539655242948e-11
5.390207724609297202e-10
8.172870713529789555e-11
3.525002867377224902e-08
4.490830818326685403e-09
1.315818742853025469e-08
2.086674388834808269e-09
9.037377957099579362e-09
1.140573786528875644e-07
7.006795699204815264e-10
7.413281655210823828e-10
4.459341507168090857e-10
2.579892723064691751e-11
8.651557248384733612e-11
2.956007660870341169e-10
1.177752983494428918e-05
1.575725008251538384e-07
2.016711686536609704e-09
1.409654060147147447e-09
2.610112126433250523e-09
1.042274599960535397e-09
3.420810856802347644e-10
5.294053528892561644e-10
6.823722031867873739e-09
1.431117863104347521e-10
9.177479609601135735e-11
1.402244154125042996e-10
1.319072850947122788e-08
5.841227057601372508e-09
1.821032213911166764e-10
2.532084819595326053e-10
4.108587958739917667e-08
1.995617360250889760e-08
1.188164566734428718e-09
1.450223413579365683e-10
1.202572676856084044e-11
5.712900638665807662e-11
3.434086695563998148e-11
1.078392496828284308e-11
3.792403197033777928e-11
3.306185880624923357e-10
1.606276917032189999e-10
1.446814057448619906e-10
1.946251354523198529e-10
6.639324506840793561e-12
1.713018789317732882e-11
1.505943460211600637e-11
4.926371532931739239e-10
6.704252430989043887e-11
1.598574883576731054e-10
3.457749364610407383e-10
1.593497278573607900e-10
2.774896090684819683e-09
3.001252579792890174e-10
1.621041967325709265e-09
2.034494100966455221e-10
1.573209895688876259e-09
1.083293899029058593e-09
2.392256170935525006e-09
1.916726510842181597e-08
1.264719773352851462e-09
2.009286781401442568e-08
3.074190901841689083e-09
8.143780760860863666e-09
1.088199863552574698e-09
7.064556939440080896e-09
3.108853452449267252e-11
2.402493204378686187e-10
9.656210275821308642e-10
3.076219001751923088e-10
6.761614271960647571e-12
3.834591533191655799e-10
1.978815722392113230e-11
2.249030545131702752e-10
1.334755223014738590e-10
1.607153438110131560e-10
1.901419473260279602e-11
1.354606871117880473e-09
1.044192232679819199e-10
2.413641508880459696e-09
1.559353340896407758e-10
2.615872241040761992e-10
4.311211654339786037e-08
8.622826064286215342e-11
1.054484166651548094e-09
1.724903900268692780e-11
6.960066550876220504e-11
2.282634845029996029e-11
1.570531760197724225e-10
1.205600841380771726e-09
5.030660332749903318e-10
3.538973114558530142e-09
4.616243221011728792e-10
6.394805796006153287e-10
3.611499765909798043e-09
2.634312767924029686e-10
6.370980409897697427e-10
1.753570066931331439e-09
1.273025795889282108e-09
1.127991144933560008e-09
4.266864905844158784e-08
1.199133153884091030e-10
2.038090529676850338e-10
6.687448927955585987e-10
1.084262280653947030e-11
5.463949293016412412e-10
2.041359747906312805e-09
2.485545380626064116e-10
1.418028541810834042e-11
4.497096917077669787e-09
2.866039072735304671e-10
