1.325684593211917672e-07
1.384120332659222186e-05
1.323920287177315913e-06
2.840793911218497669e-07
1.478320996284310240e-06
2.219742054876405746e-05
1.001722466753562912e-06
1.664674755375017412e-06
5.977455202810233459e-06
1.508373230763027095e-07
1.354219307359016966e-06
8.649147275718860328e-06
1.397727942276105750e-06
9.221517416335700545e-07
7.601279321534093469e-07
1.760544137141550891e-06
6.372906682372558862e-07
2.490280905931285815e-07
2.661242604062863393e-07
1.665545028117776383e-06
3.757767217393848114e-07
6.215400958353711758e-07
3.846700565190985799e-05
1.894740790930882213e-07
7.752653800707776099e-06
3.654990678114700131e-06
1.408969365002121776e-05
1.492915203016309533e-06
3.076523569234268507e-07
1.117765350500121713e-06
1.954794868197495816e-07
9.586241503711789846e-06
4.184445515420520678e-06
1.528958673588931561e-04
2.536971987865399569e-05
5.418747605290263891e-06
1.600523683009669185e-04
3.413391823414713144e-06
2.331418181711342186e-05
6.403917041097884066e-07
2.773639380393433385e-06
5.382501058193156496e-07
7.381611908385821152e-07
2.897637614296399988e-06
1.928906840475974604e-06
2.597294269435224123e-06
3.184243269060971215e-07
5.706162369278899860e-07
1.474684996338737619e-08
1.215241695717850234e-06
2.511899538149009459e-06
1.121848072216380388e-06
1.012094230645743664e-06
8.060681011556880549e-07
1.016555529531615321e-06
2.040727764551775181e-07
9.689717472838310641e-08
9.019570512691643671e-08
4.768218104800325818e-07
1.287777990910399240e-07
3.276306415500584990e-06
9.382308689964702353e-07
2.914077867899322882e-07
2.456432923736429075e-07
5.199056474225471902e-08
6.452192451433802489e-07
1.494691673542547505e-06
1.007483731996217102e-07
1.803629317009836086e-07
2.017500810325145721e-05
4.077049961779266596e-04
5.694919964298605919e-04
3.270810469985008240e-03
6.492159366607666016e-01
2.550608515739440918e-01
3.354310290887951851e-03
3.108547069132328033e-03
1.191955246031284332e-02
3.831714624539017677e-03
3.338073656777851284e-05
2.853090563803561963e-07
2.920362476288573816e-07
3.060204392113519134e-07
1.273683892577537335e-06
2.437569037283537909e-06
1.416071768289839383e-06
6.569440103021406685e-08
8.804013305052649230e-06
3.779603048315038905e-06
2.117029453074792400e-06
4.989528079590854759e-08
5.798273861046254751e-08
1.178431929815815238e-07
1.831956410569546279e-06
1.773819235495466273e-06
3.855313934764126316e-08
1.735445835038262885e-06
1.123180410900204151e-07
4.687916188572671672e-08
5.281294193082430866e-07
1.337929120381886605e-06
2.067805979777403991e-07
1.635307569358701585e-07
1.322774437539919745e-06
1.003530059051627177e-07
1.041643926669166831e-07
2.829180445473866712e-08
2.074370713671669364e-04
1.488953898842737544e-06
1.787898554539424367e-06
5.484541361511219293e-06
4.904063462163321674e-05
4.421672565513290465e-05
1.224934239871799946e-04
1.128805670305155218e-04
6.719839875586330891e-04
5.623375727736856788e-06
4.030690433864947408e-06
1.904037926578894258e-04
4.994012997485697269e-04
2.206916979048401117e-04
1.797925215214490891e-04
1.372293013446324039e-06
1.670251003815792501e-05
2.551936631789430976e-05
2.402030368102714419e-04
1.256461953744292259e-03
3.860562856061733328e-07
1.199415464725461788e-07
1.579173556365276454e-07
1.016600634784481372e-07
4.296355271549145982e-08
1.085739882000780199e-06
9.182311799804665498e-08
7.519964384528066148e-08
1.454207705364751746e-07
1.037977810369739018e-07
1.824418234264157945e-07
2.493341639819846023e-07
1.522864749858854339e-07
6.041717881544172997e-08
2.682667457065690542e-07
2.826370248953935516e-08
4.855332846886994957e-08
3.541437308740569279e-06
3.873695675338240108e-07
6.201410087669501081e-07
2.961872723972192034e-06
4.654210101762146223e-07
2.671457082215056289e-07
9.821900448514497839e-07
7.407340945064788684e-06
9.988325189169700025e-08
1.550580321918459958e-07
6.815831454787257826e-08
1.890569336637781817e-07
1.037343054122175090e-06
1.113311611788958544e-07
1.709667287741467590e-07
1.031309651011724782e-07
1.515244747452015872e-07
3.242482193854812067e-07
6.445249027819954790e-07
5.937312721471244004e-07
2.772669915884762304e-07
2.306511959204726736e-07
7.027962851680058520e-07
4.542417286756972317e-07
3.330283107061404735e-07
1.096954846957487462e-07
1.568163980891768006e-07
2.390291058418370085e-07
4.311435475301550468e-08
9.170204862130049150e-07
5.372057287900133815e-08
6.306812849743437255e-08
3.549155991322550108e-08
5.334014829827538051e-08
1.668537805699088494e-07
1.913411296072808909e-07
5.634928257336468960e-08
1.971435722225578502e-06
1.086520910575927701e-06
1.106343461287906393e-06
7.441919365192006808e-07
1.107315711124101654e-06
1.974074166355421767e-07
2.243481048935791478e-06
5.874832709196198266e-07
1.170422729046549648e-05
6.109984269642154686e-07
6.983536422922043130e-06
1.175599848579622630e-07
8.530773953907555551e-08
1.047999091952078743e-07
2.157837343474966474e-06
4.452961661627341527e-07
2.854443152955354890e-07
1.153068396320122702e-07
6.144172743915987667e-07
8.813027108089954709e-08
1.006481625154265203e-06
1.839210653997724876e-06
6.422473575184994843e-07
1.169507655163215532e-07
2.581835758519446244e-07
4.844932277592306491e-07
3.090768814217881300e-07
1.276638954550435301e-06
2.678717692106147297e-07
2.978952693410974462e-07
5.600114150183799211e-07
1.897192589694896014e-07
3.030762627531657927e-07
2.157313616635292419e-07
5.624504524348594714e-07
8.461945526505587623e-07
3.317562402571638813e-07
3.694653116781410063e-07
3.272454307534644613e-07
2.764284374734415906e-07
5.390802471083588898e-07
4.483010513922636164e-07
2.274252750567029580e-07
8.638331649990504957e-08
5.861234058102127165e-07
6.343330483105091844e-08
6.185031793393136468e-07
8.798834016943146707e-08
9.194044281457536272e-08
1.341809685584394174e-08
1.139848890829853190e-07
1.226836872092462727e-07
3.334087068651570007e-07
6.531319058922235854e-07
1.812352081742574228e-07
2.881223792883247370e-07
1.533387489871529397e-06
3.133378640995942988e-07
1.530101343405476655e-07
2.494511761597095756e-07
4.893919935966550838e-07
1.172207021227222867e-06
1.814629939644873957e-07
1.529440396552672610e-07
1.123766992350283545e-06
2.070549101063079434e-07
5.564428988691361155e-07
1.339005706313400879e-07
7.889533293337080977e-08
7.918108479998409166e-08
6.700471431031473912e-07
9.649787102716800291e-08
2.587763958672439912e-07
1.217843987433298025e-06
6.573438326995528769e-08
9.733015104984588106e-08
1.455925655591272516e-07
1.706792005506940768e-07
8.904759596362055163e-08
2.753725425463926513e-07
1.833085150337865343e-08
9.291032938563148491e-07
8.166355769390065689e-08
1.951246701992204180e-07
2.136343709935317747e-06
7.188110657807555981e-07
4.497518375501385890e-07
2.283191093965797336e-07
2.252936504021363362e-08
2.660932807430071989e-07
1.280899368794052862e-07
1.121157083616708405e-06
1.076679936318214459e-07
7.091643539069991675e-08
5.667134317377531261e-08
2.500077584954851773e-07
1.105209364027359698e-07
6.414591524617208051e-08
1.801569737835961860e-07
3.147049483231967315e-07
2.025861704169074073e-06
3.560010782166500576e-06
6.481085392806562595e-07
6.383667141562909819e-07
1.230428779308567755e-06
2.881778868868423160e-07
4.643959528038976714e-07
1.181768197966448497e-06
4.467411258701758925e-07
4.544986893506575143e-07
3.930566094823007006e-08
4.956285124535497744e-07
6.867180246672432986e-08
3.137077442261215765e-07
3.084779223172517959e-07
4.161560127613483928e-07
1.598013739112502662e-07
3.457584227817278588e-07
7.079788133523834404e-07
1.407018771715229377e-06
1.985759445233270526e-04
1.463756198063492775e-04
6.443123565986752510e-04
1.215204756590537727e-04
4.065430857735918835e-06
9.248440619558095932e-05
8.243261836469173431e-04
1.771207607816904783e-04
4.448653780855238438e-04
8.504651486873626709e-04
1.141172178904525936e-04
7.826961518730968237e-05
1.245431485585868359e-04
2.517978427931666374e-03
7.434733561240136623e-05
5.820805090479552746e-04
4.988721921108663082e-04
4.033261211588978767e-04
3.619564813561737537e-04
1.948245699168182909e-05
2.894228236982598901e-05
9.406242497789207846e-06
1.402100338054879103e-06
2.661251755853299983e-06
1.771508323145098984e-06
3.718226798810064793e-05
8.989425259642302990e-04
1.552952562633436173e-05
4.131299647269770503e-06
9.547834451950620860e-07
5.041112217440968379e-06
2.357312212097895099e-07
4.550633718736207811e-07
6.621991701649676543e-07
1.411074322277272586e-06
2.411719890460517490e-08
8.338323027601290960e-07
3.846770084692252567e-07
4.411002052506773907e-08
1.099785080782567093e-07
3.883749570832151221e-07
1.227396211334053078e-07
1.692506970130125410e-07
2.892506074658740545e-07
4.422469146447838284e-07
7.214003971967031248e-08
3.412953901715809479e-07
3.028419257589121116e-07
1.244721943294280209e-07
3.806728443578322185e-07
7.002742563599895220e-08
2.821598066304886743e-08
2.349311358784689219e-07
9.909635991789400578e-07
1.588542318131658249e-06
3.882958935719216242e-06
2.324068873349460773e-06
4.336748986588645494e-07
2.155170761852787109e-07
1.997240360651630908e-06
4.842858061238075607e-07
1.180700834879644390e-07
2.886580205085920170e-06
2.277986368426354602e-07
7.167150783971010242e-07
1.198586403461376904e-07
3.589061634556856006e-06
1.542301561130443588e-06
4.000644935331365559e-07
1.647919702918443363e-07
6.847012201660618302e-08
3.802999515301053179e-08
1.770068536188773578e-07
7.266310717568558175e-07
1.002181662101975235e-07
4.823111154905745934e-08
4.039552550239022821e-06
2.272273462722296244e-07
1.669325655484499293e-07
6.353202479658648372e-07
1.768056677065033000e-06
3.852760073641547933e-06
3.144220670492359204e-07
1.379077758656421793e-07
6.104049248278897721e-07
2.344152676414523739e-07
9.834432148636551574e-07
9.880044444798841141e-07
3.709821214670228073e-07
1.573152758282958530e-06
6.206000762176699936e-07
2.178175918743363582e-06
9.447254711858477094e-08
3.353675310791004449e-06
5.977831733616767451e-06
4.022977373097091913e-05
9.316804607806261629e-06
7.175837026807130314e-07
1.851323190749099012e-06
1.847280827860231511e-06
3.057788831029029097e-07
3.280722751242137747e-07
2.378807221248280257e-05
5.491258434631163254e-07
5.123165465192869306e-06
1.235866147908382118e-05
2.265403509227326140e-07
6.442277111773364595e-08
2.993238695125910453e-06
2.914785291068255901e-04
8.859497029334306717e-07
2.109827073581982404e-05
1.300445404694983154e-07
2.792335465073847445e-07
1.039842572936322540e-05
1.535854426037985831e-05
7.379197768386802636e-07
1.003207671601558104e-05
9.538905487715965137e-07
1.079896628652932122e-05
6.244281394174322486e-07
2.119034121506047086e-07
1.567441785255141440e-07
3.386197420240932843e-07
5.072501707559240458e-08
4.221219569444656372e-06
1.997643153117678594e-07
8.537537723896093667e-06
1.215844463331450243e-06
1.004317596198234241e-06
1.554053312702308176e-07
3.982447651651455089e-06
1.748117455235842499e-07
1.331055386799562257e-06
3.946631295548286289e-06
1.611883071461761574e-08
1.552113104708041647e-07
4.649268419143481879e-07
9.854861673375125974e-07
4.516206502103159437e-07
1.650181957302265801e-06
9.038398047778173350e-07
2.287158167746383697e-06
1.833393810102279531e-07
4.960915021001710556e-07
1.368224366160575300e-05
1.047409554644218588e-07
4.394054485601373017e-05
4.740408598991052713e-08
2.434431678466353333e-07
1.337945104751270264e-05
2.876850339816883206e-05
1.688909776476066327e-07
5.554954327635641675e-07
7.850426868571958039e-07
2.888574044845881872e-06
6.510594630526611581e-06
2.467745980538893491e-05
9.933371075021568686e-06
8.612622082182497252e-07
1.887614962470252067e-05
1.161268937721615657e-05
1.680419700278434902e-06
1.391284513374557719e-06
1.833378178162092809e-07
8.708790488753948011e-08
1.784149617378716357e-06
2.958730419777566567e-06
2.527265451135463081e-06
3.920066228602081537e-04
2.208333853559452109e-07
5.050521849625511095e-07
9.297193628299282864e-07
1.052943503054848406e-06
2.118162456099526025e-06
1.214359457435421064e-07
1.663057105361076538e-07
1.454478297091554850e-05
2.234264968592469813e-07
3.159389279971946962e-06
1.525383140688063577e-06
6.312517086826119339e-08
4.924865493194374721e-08
8.815990781840810087e-07
5.646020184713052004e-08
1.661943969111234765e-07
4.348869879322592169e-06
1.349413923890097067e-05
7.780658961564768106e-06
2.457212076478754170e-06
1.064965726982336491e-05
3.967040902352891862e-05
2.782668616418959573e-06
1.129459906223928556e-05
3.662372023427451495e-07
4.965184416505508125e-05
2.174652564690404688e-07
2.150196536376824952e-07
2.405027089480427094e-06
9.240576446245540865e-07
5.169550149730639532e-06
9.083408940568915568e-07
2.434791497307742247e-07
9.004001526591309812e-07
4.681483005697373301e-06
9.384170311932393815e-07
1.951929107235628180e-06
6.098114226915640756e-07
1.696377154303263524e-07
2.894286126320366748e-07
1.271517469092486863e-08
6.167078936414327472e-07
3.504789276576047996e-07
1.297850417358858977e-06
3.072596427955431864e-06
1.086442125597386621e-06
1.116378371079917997e-06
1.712271568976575509e-07
6.637415481236530468e-06
8.651465321918294649e-08
1.076984972314676270e-07
8.731734624234377407e-08
2.412816115793248173e-07
6.565275725733954459e-06
2.280723094827408204e-07
1.186991084978217259e-06
2.186763367717503570e-06
3.557358354555617552e-07
2.761423161246057134e-07
6.377733825502218679e-07
1.175083070847904310e-07
2.233885538771573920e-07
1.399662096446263604e-06
1.500319086744639208e-07
2.545452737479081406e-08
2.533758447498257738e-07
1.372448110714685754e-07
6.510325079034373630e-07
1.444581903342623264e-05
2.602861059131100774e-06
3.381184114914503880e-06
2.326357389392796904e-06
4.205767254461534321e-07
4.683155054863163969e-07
2.748118049566983245e-06
1.772282303136307746e-06
1.660232307187925471e-08
2.455385867961012991e-07
4.278448614059016109e-05
1.914600389341103437e-08
3.398607759663718753e-07
1.732347072902484797e-06
4.170394277025479823e-06
3.913462023774627596e-06
7.043236394110863330e-08
7.985521369846537709e-05
7.053706667647929862e-07
1.238306481354811694e-06
4.175664969352510525e-07
2.567102228567819111e-07
1.489198098170163576e-06
8.784275996731594205e-05
4.402080321597168222e-06
1.200618271468556486e-07
2.533202518861799035e-07
1.431035116183920763e-06
2.351870080019580200e-06
1.621395131223835051e-05
9.460324008614406921e-07
3.918806214642245322e-06
1.286088036067667417e-07
1.289573106078023557e-06
3.544548832223881618e-08
3.895466306857997552e-06
1.040055650491922279e-07
3.936808752769138664e-06
4.976853688276605681e-06
5.595493803411955014e-06
1.377120781853591325e-07
2.083326506863159011e-07
1.246388023901090492e-06
4.099468071672163205e-07
1.498498841101536527e-05
1.631065824767574668e-04
6.513286621157021727e-07
9.081806524591229390e-07
5.305346348905004561e-06
8.295567567984107882e-06
2.539876788887340808e-07
9.533935241279323236e-08
9.792527634999714792e-06
2.171371988879400305e-07
4.964809932062053122e-07
8.712462658877484500e-06
2.654623010300838359e-08
9.449102435610257089e-06
5.971548944216920063e-07
1.864799941131423111e-07
2.228167653083801270e-02
1.098210414056666195e-04
2.025539060923620127e-06
1.141924258263316005e-06
2.600296795662870863e-07
4.980126959708286449e-07
8.618628157819330227e-07
4.563593734019377735e-07
7.063623002068197820e-07
7.228080448840046301e-06
7.302103455231190310e-08
1.837518766478751786e-06
2.947926532215205953e-06
3.662811991489434149e-07
3.477325662970542908e-07
3.924176780856214464e-06
2.542530523896857630e-07
7.265466265380382538e-04
2.046374675046536140e-06
5.310454071150161326e-06
1.646096097829286009e-05
6.963478426769142970e-06
9.181173510341977817e-08
5.797955964226275682e-07
1.007560204016044736e-04
2.107184826627417351e-07
2.241826848603523104e-07
2.314031553396489471e-05
1.683214350123307668e-07
9.168053338726167567e-07
3.346657706515543396e-07
1.052852098837320227e-06
2.417350799532869132e-07
6.396906428562942892e-06
1.029036752697720658e-06
2.513661740977113368e-07
5.401980729402566794e-07
5.751138360210461542e-06
2.173311258957255632e-05
5.225597874414233956e-07
3.623558768595103174e-07
8.471134833598625846e-07
6.484080586233176291e-06
3.540783666267088847e-07
2.566708280937746167e-05
9.498035069555044174e-04
9.230521413883252535e-08
4.498067482927581295e-07
2.163911432262466406e-07
4.165302470937604085e-06
6.676602311017632019e-07
3.322970769659150392e-07
4.558071850624401122e-06
9.013542268121454981e-08
4.666050017476663925e-07
2.432235213234434923e-08
8.850761190615230589e-08
2.535276450998935616e-07
1.947641067090444267e-06
1.456853533454705030e-05
1.272185841116879601e-06
6.537627683655955479e-08
1.759515981802906026e-07
1.058405246112670284e-06
2.234697404901453410e-07
6.037874118192121387e-05
1.371729126731224824e-06
2.538306716814986430e-06
1.747929127304814756e-05
1.095050379262829665e-07
1.857229449342412408e-06
2.046308281933306716e-06
2.619630201650124945e-08
3.713153517992395791e-08
2.456156380503671244e-07
2.302953362232074142e-05
3.270354511641926365e-07
5.398256917032995261e-07
1.311207015533000231e-04
5.338269559729269531e-08
1.181091211037710309e-04
3.609789587244449649e-07
2.268885509693063796e-06
3.094836574746295810e-05
2.202525593020254746e-06
7.244398148031905293e-07
2.187472603054629872e-08
2.734542761118063936e-07
2.277102311154521885e-07
2.138375748472753912e-06
2.313161076017422602e-06
1.165551708481871174e-07
5.929371837964936276e-08
8.281864575110375881e-05
5.208192305872216821e-06
1.292411440090290853e-07
1.230640191351994872e-04
2.378149292781017721e-05
2.176386033170274459e-06
7.189964890130795538e-08
4.095130918813083554e-07
7.310463115572929382e-05
6.181113803904736415e-06
3.677603785945393611e-07
3.268007162660069298e-07
2.820689132931875065e-06
2.859975900548761274e-08
9.828539049294704455e-08
7.490837106161052361e-07
1.622519812372047454e-05
7.421419013553531840e-06
5.554549716180190444e-06
7.661273230041842908e-06
1.806950422178488225e-05
2.083338586089666933e-07
3.731928472916479222e-07
2.099485072903917171e-06
1.611129482625983655e-05
4.128668606995233858e-08
3.445029278736910783e-06
1.443457335881248582e-06
1.666833668423350900e-06
1.107077605411177501e-05
4.238780093146488070e-06
7.292795771718374453e-07
1.359896089070389280e-07
9.787140697881113738e-06
9.607368838260299526e-07
7.722398720488854451e-08
4.830004036193713546e-05
1.378734566515049664e-07
2.853542184766411083e-07
3.953582108806585893e-06
1.651932137747280649e-07
6.525096068799030036e-06
6.691489318200183334e-08
1.515971121079928707e-06
2.385597781540127471e-07
1.892808256798161892e-07
1.236336538568139076e-05
3.710817253477216582e-08
3.835531288132187910e-07
2.281408342241775244e-07
2.343846432495411136e-07
4.034695564314461080e-07
1.505676436863723211e-06
6.584780294360825792e-07
8.378801226172072347e-07
5.299502845446113497e-07
8.248349331552162766e-05
2.850448481694911607e-06
8.133238793561758939e-08
1.995649370201135753e-07
4.287330284569179639e-06
8.651795724290423095e-06
6.545591872963996138e-07
9.593539118668559240e-08
2.577922714408487082e-06
6.473057823086492135e-08
2.660788425146165537e-07
1.344361777455560514e-07
3.491263669275213033e-06
1.809737284474977059e-07
6.852146583469220786e-08
5.766144681729201693e-07
5.671083158631518018e-07
8.651840630591323134e-07
1.102864644053624943e-05
6.474330348282819614e-06
2.697398144846374635e-07
2.870462230930570513e-05
1.163801698567112908e-06
1.246665487997233868e-05
2.097897049679886550e-05
8.662623258715029806e-07
3.135900442430283874e-06
2.491181021468946710e-07
2.214463393102050759e-06
2.514050538593437523e-05
5.398313760451856069e-07
1.749139642015506979e-07
3.497823968245938886e-07
3.985089733760105446e-07
2.702115307329222560e-05
2.272611527587287128e-05
2.610774117783876136e-06
2.656993956406950019e-06
1.407943727826932445e-06
1.487697045376989990e-05
2.569296668752940604e-07
3.395431349417776801e-06
9.202892101711768191e-07
1.543268126624752767e-06
2.946169843198731542e-06
1.000656993710435927e-06
8.235258974309545010e-06
2.021315140154911205e-06
2.718431233006413095e-06
1.245384453341102926e-07
2.538328317314153537e-06
1.510714810137869790e-06
3.247719959631467646e-08
4.352153268882830162e-07
1.312239419348770753e-07
4.593247012962820008e-06
2.124628281308105215e-06
3.351798568473896012e-06
2.015429743096319726e-07
2.477360567354480736e-06
2.947985421997145750e-06
1.477047533171571558e-07
1.288170551561051980e-06
7.962722747834050097e-07
6.886452320031821728e-05
1.391018577123759314e-05
8.440672161214024527e-08
2.366057038307189941e-02
5.187472197576425970e-06
3.849795504606845498e-08
2.763698148555704392e-06
1.446249029868340585e-06
5.443297723672912980e-08
9.820958979389615706e-08
6.736788691341644153e-07
9.420615043609359418e-08
2.136435341526521370e-06
1.473176070021509076e-07
3.968607131810131250e-07
1.011275116979959421e-06
2.814039135046186857e-06
1.763310564228959265e-07
8.830732554088172037e-07
8.757579195162179531e-08
9.774422551345196553e-07
2.431604343655635603e-06
2.974715926029602997e-06
4.203054686513496563e-06
1.204551978162271553e-07
6.265977390285115689e-07
3.749565848920610733e-07
4.216285276470443932e-07
7.641899173904675990e-06
5.955871884566477092e-08
3.490223150492965942e-07
4.617308491106086876e-07
9.527891961624845862e-06
2.438432966300752014e-05
3.251538373660878278e-06
3.181314127687073778e-07
4.504627213464118540e-07
2.271929815833573230e-06
1.086939664673991501e-04
1.029001032293308526e-05
1.206296474265400320e-06
3.403836501547630178e-07
7.573283369310956914e-07
2.567698402344831266e-06
7.220804576490991167e-08
4.947138586430810392e-05
1.669432379003410460e-07
1.016115561469632667e-06
4.045433854571456322e-07
2.456206857459619641e-06
7.949839346110820770e-05
5.567725906985288020e-07
2.583801119726558682e-07
1.472787744205561467e-06
1.195260210806736723e-07
8.264183293249516282e-07
1.231259284395491704e-05
1.262525728407126735e-07
2.671812808330287226e-06
1.465950845158658922e-06
2.252009636549701099e-07
1.594974150975758675e-06
1.215704248380689023e-08
2.505182692402740940e-07
1.640240839151374530e-06
3.675689583815255901e-07
2.515839128136576619e-07
7.361642929026857018e-06
8.800768682704074308e-07
6.415179143459681654e-08
6.545853921124944463e-07
5.875690840184688568e-05
4.562003141472814605e-06
1.020415038510691375e-05
7.415804930133162998e-07
8.949243238021153957e-06
8.555721819902828429e-08
1.032798309097415768e-06
1.478930016673984937e-06
1.948990075106848963e-06
8.419617188337724656e-06
7.681150236749090254e-06
4.013054422102868557e-06
9.159074579656589776e-06
3.048698272323235869e-05
7.849491225897509139e-07
1.368227572129399050e-06
1.966270247066859156e-06
8.077451951749026193e-08
1.409330536716879578e-07
2.677033762665814720e-06
4.218422873236704618e-06
2.265009563416242599e-03
1.050542323355330154e-06
5.535597210837295279e-06
2.200526751039433293e-06
3.584037131076911464e-06
1.216999498865334317e-05
9.541567123960703611e-06
5.204066837904974818e-06
4.497402983361098450e-07
5.473610144690610468e-06
3.466439011390320957e-07
1.691499207367996860e-08
2.370413312746677548e-06
4.067662757734069601e-07
8.641977728984784335e-07
1.970618086488684639e-06
4.920504125038860366e-06
3.934108826797455549e-05
2.945624828498694114e-06
1.349841795672546141e-06
4.622930589448515093e-07
3.443940101988118840e-07
6.326330037609295687e-08
8.055447437982365955e-07
3.661233859020285308e-05
1.086455085896886885e-05
5.603439603873994201e-06
9.923249308485537767e-06
9.005024185171350837e-05
8.959400474850554019e-07
1.185243377221922856e-06
2.289972798052986036e-07
3.327306785649852827e-08
7.179056638051406480e-08
1.911357003336888738e-06
8.554902137802855577e-07
5.029606654716189951e-06
1.477117280046513770e-06
4.341278327046893537e-06
6.027474682923639193e-06
4.547180481040413724e-07
5.174997568246908486e-07
2.921635484653961612e-07
1.678280932537745684e-05
9.181422910842229612e-07
3.535771156748523936e-06
2.402506652288138866e-05
5.881276592845097184e-06
7.586495030409423634e-06
3.106306394329294562e-05
6.397520337486639619e-05
1.160433612312772311e-06
5.728161909246409778e-07
1.058220505001372658e-06
2.296798840006886167e-07
5.921042500744988502e-08
7.566040039819199592e-06
5.522841547644929960e-06
2.332647852654190501e-07
7.251676379382843152e-07
7.712062597420299426e-07
1.261441980204836000e-06
1.003234046947909519e-06
1.217019644172978587e-06
1.426972630724776536e-06
8.778798132880183402e-07
3.394684711111040087e-07
2.504363692423794419e-05
1.415884071320760995e-06
7.385044682450825348e-06
1.284091553088728688e-07
1.018642933559021913e-06
2.609341436254908331e-07
1.532430019324237946e-06
1.862341150626889430e-06
3.617962818225350929e-08
5.292851028571021743e-07
9.214053875439276453e-07
1.989028760362998582e-06
2.004092675633728504e-05
2.728397703322116286e-07
3.981608188041718677e-06
5.737454102927586064e-06
1.397824689775006846e-05
7.084283424774184823e-06
2.978967386297881603e-04
3.124422391920234077e-06
3.028878927580080926e-05
8.826602424960583448e-06
1.332791839558922220e-06
3.252814931329339743e-04
1.025864039547741413e-04
1.000794873107224703e-05
7.747516974632162601e-06
1.918796624522656202e-05
1.409766355209285393e-05
