1.306235536402411412e-10
2.562383416560010119e-09
1.053512763138364505e-10
3.962566386128685281e-11
1.591085874164122060e-10
6.294007537377410699e-10
4.298055245044452022e-10
6.706102340103825554e-09
9.767468611698859604e-09
1.000755034397116106e-08
6.070051483675342752e-08
2.324284622545746970e-07
5.480237419419609068e-08
7.721783212844002264e-09
7.343670205273156171e-08
8.806387796767012333e-08
2.785360564416805573e-08
7.049039130180290158e-09
6.848183353724834888e-09
1.364284685223537963e-08
1.283733208623516475e-08
4.658385677203114028e-08
3.929501346533470496e-08
6.897815207906887736e-09
1.691202982101458474e-07
2.019007609987966134e-07
5.889099696787525318e-08
3.988391128473267599e-08
3.724814590100322675e-08
3.730811770630282354e-10
1.178640207655234917e-08
1.580065145390108228e-07
4.312502142056473531e-07
4.507989004309820302e-08
2.174384450270849811e-09
4.393686836579036026e-08
1.259014794641188928e-07
2.481594094660977134e-07
3.006573123798261804e-08
3.280302696140324770e-09
7.176359417826461140e-08
1.757669232382852442e-09
2.467880655387943989e-08
5.440107475607192100e-09
3.165046535968940589e-08
1.281741077718834276e-07
1.362531953930101736e-08
1.296682228257850511e-08
1.325495407877852472e-10
1.068601029885485332e-08
2.057179315784196660e-08
4.247209528518425259e-11
2.770408435992521845e-08
4.650821594509579882e-08
1.859727376540831756e-07
7.493850873174778826e-09
1.744600552910924307e-08
5.033436778489885910e-09
1.201745192247472005e-07
1.131145932475874361e-08
9.598030459301298833e-08
1.651203440644621878e-08
3.039581697450444153e-09
1.488199696808578665e-08
3.159851047485062736e-09
5.501588962175674169e-09
2.205352167550245213e-08
3.557294903089314175e-08
4.545735787786497895e-09
4.718241797263544868e-09
2.711675479076802731e-04
6.263780960580334067e-06
9.166632080450654030e-04
4.398505017161369324e-02
8.811308741569519043e-01
6.904647307237610221e-05
4.296506631362717599e-06
1.727985218167304993e-03
5.699274479411542416e-04
8.715278454474173486e-06
1.321725040526189332e-08
3.742238163795263972e-07
1.993638392150387517e-07
1.833019354080533958e-07
1.756550638276621612e-08
9.779665077758181724e-08
4.745699655472890299e-08
3.750804111746219860e-10
5.340353492755411935e-09
1.474878108531640919e-09
5.576333172996328358e-09
9.238874554284848273e-09
1.653674353008227627e-08
3.439675655414475841e-09
5.177462369942986697e-08
6.351983383723336374e-09
2.070428273270863428e-09
2.866363368880797680e-09
7.286485304014433950e-10
3.586732466587250201e-09
3.932551173591036786e-09
3.153208805173335350e-10
3.711253970806183133e-09
5.534719349498118390e-10
9.949666646136279269e-10
4.749586834940089375e-11
5.303938954703824038e-10
1.149647310683121759e-08
7.895813780578464502e-09
8.425719566496070456e-10
1.686595751948516408e-08
7.560134740458579472e-09
5.819598136724835058e-09
6.047266083442082163e-07
2.034208392842629110e-07
4.813141458726022393e-07
1.206101387651870027e-07
1.022644191550625692e-08
1.334332466740306700e-07
8.025058946259377990e-07
4.797935844180756249e-07
4.500034123111618101e-08
2.979392510482625767e-09
3.496991141105354473e-08
3.367043177604500670e-07
1.302534883507178165e-06
1.234473711519967765e-05
2.004322752213738568e-08
4.460602998079821191e-09
3.407734927574068706e-10
1.107227309837810481e-09
7.136198743040722547e-09
2.641584950779929386e-09
7.473539120894656662e-09
3.687939509333659771e-09
5.041702522134983155e-08
8.746055435437938286e-09
1.495126800143964374e-09
2.933017242412461201e-07
1.278248760172573384e-07
5.914841505472168137e-09
4.262050268266648345e-08
3.760699307520098955e-09
2.993370884496471263e-09
2.639238161350476730e-09
2.722220782125361893e-10
9.731518924027682260e-10
5.706370376223901530e-10
3.691257369209388628e-11
1.030811269675524500e-10
1.593957188461558871e-09
9.880112283866537837e-10
1.399412807856492691e-09
4.187893920537533177e-10
1.937237176230510727e-10
1.291091789035192505e-09
1.682816908044060256e-08
1.084100142989541382e-09
2.977387447700152734e-09
4.048364488085098856e-08
5.305021422152833566e-10
1.056682963351818216e-09
5.515434220448867109e-10
6.269245567125381058e-09
1.862807019747947379e-09
3.405449700011331515e-09
6.706870170347656313e-09
2.956415334764983527e-09
9.342199902562242642e-09
2.515477826037226805e-10
8.055708100584979547e-09
5.658012391940303587e-10
2.966305645557554271e-09
1.830240181632802887e-09
4.329997749241698557e-10
2.125380760276129877e-09
2.186924641378595879e-09
2.134924459440412647e-09
1.732512910912475945e-09
1.576204611275500156e-09
4.243907725243190043e-10
8.032565723681273084e-10
4.017771360054211982e-08
1.848381114832875483e-09
1.990702180876269267e-08
3.674930226793549082e-08
5.411864734128357668e-09
6.452361134279271937e-08
1.549316008819801027e-09
5.246299839001267173e-09
5.169721317699327301e-10
1.649201486486617796e-08
1.319386822018486782e-09
8.810164153771893325e-09
7.942042579145436321e-10
1.494186108175199479e-09
7.272600854868471743e-10
2.983435720693705662e-09
2.276137944789979883e-09
8.655458572093266412e-10
1.138040683912322493e-08
2.235393870009261263e-09
1.373262925596918649e-08
1.056995380110947735e-09
5.961467985926560686e-10
7.362768172924916144e-09
4.112836737846237156e-09
4.652205731758840557e-08
1.784780678804054332e-08
7.702366744410937827e-09
2.339079685498290928e-08
5.412094594703376060e-08
5.963290750088390269e-09
2.082319241480945493e-07
2.598093828964920249e-08
3.927131952963236472e-09
1.278291961170907598e-08
7.799048518108975259e-09
2.657905717740050022e-08
1.721350706418434129e-08
2.005791266412870755e-08
4.987668944522738457e-09
9.010627244343538678e-10
2.166038459705532659e-10
1.691943363191228400e-09
1.083218137409858173e-08
4.451313539988177581e-09
8.186323841030684889e-10
3.606955012447343734e-10
2.600724080537020200e-10
4.261656028070603952e-10
9.652602050991276883e-10
4.492947791590040651e-09
1.080877276571357015e-09
1.624844436776129442e-08
4.736681269434939168e-09
9.870360528907440312e-09
1.698993279397598144e-09
1.429923623952333855e-09
3.812160309646372980e-10
7.372309873687754589e-09
8.390425243476329342e-09
5.532916791395336986e-09
1.255381221199058928e-08
7.432891524494777968e-10
4.447475443480897184e-10
1.798146853637661025e-09
1.477693967188997703e-09
1.177331898638556140e-09
1.919319592147417097e-09
4.422807953208263143e-10
3.496644396250303544e-08
8.611918400625029335e-10
8.960889807951843977e-10
2.894243955608999386e-09
1.016795803110426277e-08
1.761804258038068838e-09
5.023574889406745569e-10
7.586478112386885186e-10
5.420922599697064470e-10
1.564559037880997039e-09
8.052584710149801595e-10
3.452487717936492118e-08
1.181197778477027782e-10
1.018718998047063451e-09
2.799392939678568837e-09
1.514324221574270268e-09
2.690948575079232796e-09
3.212022869902853017e-10
8.787373495522388112e-09
1.692027296051890062e-09
2.121172792968195608e-09
4.306725287506196764e-08
7.831644777134272317e-10
5.325017937707343663e-08
3.757725153263891116e-08
6.232868443589723029e-09
1.068079313881753478e-08
7.310666516602282172e-10
4.607113857080236130e-10
2.180668534634833122e-09
2.851644198553771048e-10
4.781048890123429373e-09
2.367855356233405928e-10
2.337052773526693272e-10
1.103608732178074092e-10
5.049695106507101627e-10
1.709231867152993800e-09
8.713835875084896543e-09
1.084755951730187462e-09
3.475931009688792983e-08
8.866599121581941745e-10
3.045909480192676710e-08
4.455639057709959161e-08
1.118302517255642670e-08
1.129845328406986482e-09
9.273608964077695305e-11
1.398958449083664846e-10
2.325067027797445007e-09
8.486383151762311172e-09
1.056100245477864519e-06
2.379611250944435596e-04
9.139545909420121461e-06
5.813056759507162496e-06
2.383865648880600929e-04
3.033065240742871538e-06
8.423860435868846253e-07
5.100683119962923229e-05
3.135458973702043295e-05
3.561278572306036949e-05
1.278676209039986134e-04
1.065473588823806494e-05
1.081497066479641944e-05
2.391962539149972145e-07
8.872306352714076638e-05
1.124450818679179065e-06
2.489172038622200489e-05
1.384491770295426250e-04
2.331037649128120393e-05
1.162568696599919349e-05
1.279993853131600190e-06
3.569102045730687678e-05
7.392579277620825451e-07
1.480631794947839808e-06
8.737156065308226971e-08
4.006965426128772378e-08
5.417202373791951686e-06
7.590129413870272401e-09
1.707366408254529233e-07
7.036894622558520496e-09
6.565252785861730445e-09
1.370446796045143856e-07
2.036485043099833803e-11
2.948991051354710180e-10
5.699074545617577314e-09
2.409515920120952615e-09
1.697669205213969690e-08
7.698742621187193436e-08
5.899233879169685224e-10
5.713221007397351059e-10
7.858522721448935044e-09
2.012262356743121927e-09
8.591213851438794791e-10
6.957429632414857679e-10
1.603312038689352903e-09
8.966771214424795744e-10
5.758007959322242186e-10
2.480550209682519380e-09
1.644084535179501927e-09
1.048667708225536899e-09
7.735065032932197937e-09
6.888388082160190606e-09
2.280575905899695499e-08
1.086750689438531481e-08
9.782099574806579767e-10
5.881946041341734599e-09
1.529897630803134234e-08
9.973478931613044551e-09
3.326366071476627440e-09
5.066549402243936129e-10
1.415620509703785501e-08
4.230895356283070896e-10
1.016324135960644526e-09
1.971938168310316541e-09
1.939293836628053214e-09
1.936355298326475349e-09
1.401116167532023837e-10
1.282946859859634969e-09
1.091773782491145539e-09
2.636514895293373684e-10
6.323693235721350447e-10
1.475829236596837291e-09
1.568819518737996077e-10
1.887492162566672960e-09
3.145545601768162669e-09
5.939586045222711164e-10
8.314335886439039314e-10
2.651190378344381315e-09
2.420658784529905461e-09
2.929483322589021554e-09
3.701307482728566356e-09
1.058076515292327713e-09
6.693936516199983089e-09
9.801279787780003971e-10
1.123805826175328093e-09
7.224915110626284331e-10
1.481604700037664202e-10
4.160753519499849062e-09
8.842854226642771209e-10
2.161568840586269857e-10
8.127608031038846548e-10
2.732051807008417654e-10
6.233519256326758295e-10
4.164713851562140690e-10
1.754298789569119776e-10
3.831027051148794271e-09
3.670350281481660204e-07
1.088630252610300886e-08
7.990604844465565293e-10
7.271245383577706889e-09
3.910133328233200700e-10
1.021961293368178758e-09
1.272678851194086747e-09
3.649446966846880969e-09
3.650823254819357544e-10
4.747990445252980862e-08
5.802515690156440087e-10
9.142264723038806551e-10
1.603320254339735129e-10
1.057142995364301896e-08
1.178974798676790670e-05
5.996821372811211859e-10
5.264221503153976300e-09
1.189915499466565052e-09
3.453880514925344869e-10
4.249864016259152777e-09
4.961926869384569727e-09
1.394859516778979014e-08
2.491742634447291493e-08
2.796772591295848542e-09
2.235607254874594219e-09
7.441119387330275003e-10
7.893155573590604490e-11
2.232154877601644216e-10
1.671427163341121513e-10
2.227058182313612633e-08
1.383189029979803308e-08
1.880836597578650071e-09
8.654785332851133717e-09
7.905627796844783006e-08
1.653831294134988639e-09
3.203975279530979492e-11
3.765860068227766533e-09
7.543825009115323610e-10
3.758130195929965112e-10
6.866140989103541870e-09
6.528359797197680336e-11
4.494919103592565079e-09
5.019705207054414586e-10
6.048742062780831930e-11
2.138332533263564983e-08
1.599034327171011682e-08
1.047330444592375898e-09
4.189795177467203757e-10
8.384038463482568204e-10
1.259515380880316116e-09
1.628473578207945138e-09
5.149831672213167622e-10
2.533920167024916736e-07
1.535834903698685139e-09
1.078652944741520514e-09
3.949529592262024380e-10
3.251826030670201817e-10
3.098608314378026307e-10
3.110997293109818429e-10
4.440707002117960656e-08
5.547792780724591921e-10
4.813813792026166993e-10
4.226306526966538968e-10
3.262412007210002685e-10
1.364328094943800807e-09
6.476261193988364084e-10
2.886564542947667178e-09
3.873015241850907842e-09
4.480562310060776099e-10
6.996607182507830203e-10
1.766881502218708988e-10
5.220812671069552380e-10
9.186207905464982559e-10
8.857112265836519782e-11
5.526599178296009995e-09
1.520787717979033005e-09
1.542357686012962859e-09
9.752589846812043106e-10
3.621983823975938321e-10
8.079311442088510375e-09
6.896337390038809190e-10
1.505446808880428478e-11
3.740511012040315109e-09
1.613466249494877047e-09
5.420198734285008868e-10
3.230456568914519266e-09
1.121608222964809443e-10
1.934731042041448745e-09
4.364085093300218432e-09
4.998552682877743791e-10
4.338528980518674416e-10
2.256543174539160646e-09
3.687434713128823205e-08
8.118083982822099642e-09
4.912016904334848277e-10
1.050864639751125651e-08
1.406066818532281104e-09
2.884814165327043156e-09
3.476209897712578822e-08
1.715109027022876376e-10
1.053991671717824374e-09
1.272899785575987153e-09
3.984355206876344369e-11
1.063237764498126126e-08
3.339142740088618666e-09
2.110172703240209557e-09
9.319486293790646414e-10
2.312405156246200022e-09
4.114177887259984345e-09
5.981627970719216592e-10
2.315791647333753644e-08
2.564369694368906494e-08
5.105235123536999708e-10
9.933686762053639541e-09
7.954565339751695774e-10
5.242605793931431890e-10
1.713756248022946238e-09
1.800506965743409182e-10
7.557549586145739795e-10
2.304809454400924551e-09
6.322182360962713688e-11
3.665694414678455360e-09
1.665680482432208009e-09
7.140501523394959804e-09
9.492820418621761291e-11
4.927848129554490697e-10
1.317727882366170888e-08
2.834665280282422373e-10
1.319004461208805878e-09
5.913609046892531751e-10
2.716660507662282953e-10
1.421878836893597509e-09
4.248421170416349923e-09
1.183033115914611244e-10
2.833208689878574660e-08
4.392335828384830165e-09
5.247448031653334510e-10
3.406896709190476713e-10
3.913647739217651633e-10
3.427832739877345603e-10
1.229454316131750602e-09
3.626659195177239781e-09
6.867473256733092057e-10
2.215600591881639048e-09
6.598281476755119002e-09
1.973639029984042281e-09
1.538984273352639320e-09
3.201221787652031026e-10
3.378495261330272115e-10
1.593157827883828759e-09
2.229802786857248975e-09
3.762009870289517721e-10
3.106597479263228934e-10
5.166815419954673416e-09
9.461963157431085847e-11
1.897174917164790031e-10
1.953717410074773397e-09
2.866784365451735539e-09
1.050146969383547457e-09
8.098840487136271804e-10
2.368695239951534859e-10
8.091861070091965757e-10
1.818038497525265029e-09
1.047771980289269322e-09
7.876574947829340090e-09
2.170137625157053662e-09
3.375626178581114800e-08
1.122062442959759210e-09
8.017775332547216749e-11
5.680785286621414798e-10
1.576818009496605555e-09
5.599501418096508587e-10
1.792732629013471524e-09
1.273038230387157910e-09
2.960472533786173699e-09
1.325301424159874841e-09
3.618478183753381927e-09
3.599051889846549557e-10
2.303124375657716882e-07
1.567049823236743578e-09
5.630819810420462090e-09
1.132954841054356621e-09
8.902087955675597186e-09
1.649284736560119313e-10
3.498016987180108117e-09
4.392821661980406134e-09
5.526419766255230570e-09
1.956677320169575296e-10
2.849541491656282233e-09
4.224662009111312955e-10
2.903821183508625836e-09
1.109870306770233128e-09
2.302998902692365846e-09
1.920732045634920837e-10
4.680432708070725312e-10
3.083844846152317132e-10
1.827972662127308467e-09
2.278756072726650928e-10
1.699473006766538674e-09
2.085803307849687371e-09
5.549785520031491615e-09
1.370067115313844397e-10
4.739996173341864960e-10
2.150026193703524768e-05
1.599958565634551633e-08
7.693494175065040963e-10
2.306281415842548199e-10
1.594042342567547621e-09
8.689665653704992110e-10
4.171733791746845554e-10
1.149701028824168247e-10
6.608278368958053761e-10
4.980461043579964553e-10
1.202464017246995809e-09
1.968230378679436399e-08
1.879484345934656631e-09
6.184322498548056046e-11
3.055670161344892222e-10
4.095567884832007621e-09
1.132185317720413309e-10
6.485625902996616787e-08
2.589790604190511658e-09
1.318858466881067670e-09
8.888040525789620006e-09
1.423181128501482817e-09
1.284546424784593910e-08
1.884733613621847326e-08
8.762815473239982111e-10
4.407750553436784458e-10
2.878850269283361740e-09
4.815900567223252438e-09
1.420135398166877394e-10
8.638832982299504692e-10
4.565509914566945326e-10
2.224085582369639269e-09
1.214231826196510156e-09
8.953064956074285874e-10
4.369665518311194319e-09
1.088797940695940270e-09
3.165924467030123424e-10
8.002699614095831748e-10
5.521036072764218261e-09
4.267278086445003282e-09
1.267497107271253753e-09
2.952982025572481461e-10
8.603450396549305879e-09
4.011916909796298114e-10
7.486864461725417641e-09
1.734093046934503946e-07
3.125683711857618619e-09
5.634655408925937081e-09
3.360891009940303320e-10
3.695614925192103328e-09
3.335489218159182201e-09
8.471097157070062167e-10
5.619833043368771541e-09
1.003346183914288758e-09
6.358623072522107122e-10
2.729796388933891649e-10
4.593977975808627434e-10
1.300138774418257981e-09
7.451529948632185096e-10
5.424304339030072697e-10
1.359646950582771296e-09
2.876638260929098578e-09
5.199913277742496120e-10
2.072877869352396374e-09
2.712269853155646615e-10
1.603845056763475441e-08
3.356626532280415631e-09
7.249265077113875577e-10
2.807745591582033740e-09
1.216577255602757646e-10
4.256838215255243085e-10
2.193169645892112385e-09
1.046861619613537187e-08
2.685825783999007399e-09
1.150863848664585021e-10
1.968770035887246195e-09
1.444297043073916598e-10
4.584133073137763859e-09
1.533261524855333846e-06
7.352936315374591913e-11
3.012623395193259057e-08
1.135370616967001922e-10
2.405465826527120043e-09
8.817594654431104573e-09
8.355706349050251447e-09
1.985077241473121035e-10
1.047012268551306136e-10
3.965923422999395598e-11
7.984830574514489854e-10
5.666327962394746010e-10
1.479115163682820366e-09
4.346472071148355099e-10
5.504322692084784308e-11
9.587852289882903278e-09
6.982399547439399612e-09
2.196648640762077775e-09
7.675708246779322508e-08
1.920631476082235167e-08
7.005446778229895699e-10
5.979688966206708756e-10
1.466467780542046739e-10
7.728550599495065399e-08
2.100575215990829747e-07
1.247339037613315327e-10
7.030588999867859457e-09
1.923750714283301022e-09
2.278599531280178780e-10
3.516504865075376074e-10
1.137981486820649479e-09
1.020767137482891940e-09
2.362806894584679185e-10
6.247031780759471076e-09
1.850198394492963416e-08
2.279891830880842463e-09
1.158778517584835299e-09
1.262220883369025159e-09
4.527864749803711675e-10
7.172979366032450343e-08
3.262343450938232081e-10
2.376362218114991265e-09
1.730660059706679021e-09
1.528750459556249552e-09
1.935199556157840561e-09
2.593121939398201903e-09
1.609356981013831955e-09
4.202242553930091162e-09
2.989861469515631143e-09
3.170317619538565168e-10
7.680998198589250592e-11
1.821666728574200533e-08
1.821275630309315829e-10
8.624053471351089684e-09
3.850960883511334032e-09
4.130105146771256841e-10
3.468937137540706317e-08
7.860178480312285387e-11
5.137296366086729904e-09
3.589385733082650631e-10
5.685524939735842054e-09
4.004757414577397867e-08
4.716303042551217573e-11
5.256774460171698138e-10
8.595601314054235331e-11
7.143548530486043546e-10
6.781331052252426161e-10
3.315083485500025517e-10
7.239868704544960565e-10
9.397816747025444784e-09
4.918513929474954693e-10
4.003495313043003989e-09
7.734529128278211374e-10
1.235299640356402051e-10
2.316042468919476960e-09
2.274410659808268065e-09
7.249776334816715462e-10
1.682302519512290928e-09
2.155295941719259645e-09
1.395370397005990526e-08
1.066043586739340299e-09
4.126241126556351446e-09
5.936414138041357091e-10
3.014087202046766834e-09
3.012954996606254099e-09
5.744362208126574387e-10
1.497631879621152962e-10
6.158088483587675910e-10
9.149207502723299967e-10
8.845742804908240942e-09
5.265858415981483631e-09
2.008252586449543742e-08
8.515183225199507433e-08
3.210356980254402970e-10
7.351664277344127640e-10
1.022614970480617558e-08
9.502607589695344359e-10
3.118904856602711106e-10
8.605776646852802969e-10
7.800446510941583256e-09
5.956591886402406999e-10
2.269815863042978776e-10
1.144424444099456650e-09
8.456986777538588740e-10
5.095062594051569249e-09
3.448530794258886090e-09
4.026926205824565841e-07
3.467863773920498716e-09
1.088633280743600551e-10
1.165247898171628549e-09
6.332975255318729069e-10
4.382475493613924300e-10
4.705226763768166620e-10
2.564787826564440820e-10
3.277294435832800445e-09
2.575883506494847097e-09
3.592353525760927369e-09
5.850806061857838358e-09
1.686486328367209353e-08
1.058724552471801417e-09
3.990791586083730635e-10
6.548865338906750821e-10
1.083835576842773207e-09
1.549090716812528967e-10
7.894589981738420192e-10
8.837377940551505162e-09
4.255855945434205978e-10
1.994836518193210395e-09
1.161180165354380733e-07
1.061323945394931911e-10
1.059829668470513298e-09
1.014606620941549409e-08
2.427144041305950850e-10
1.211220235219911956e-09
2.133360432754471958e-10
1.051269182816838565e-09
2.306926027983990934e-08
2.768931750551928417e-10
7.010220736265182495e-02
3.565844008956986499e-10
8.653444072415084065e-10
1.154988105156462552e-08
2.421814393471777294e-08
3.498735468010494287e-10
7.341585672726580469e-11
9.211350016080643854e-10
9.832150371646974918e-11
5.552207582582013856e-10
2.312207847410263639e-08
4.181662127678009711e-09
4.694998279042295053e-10
7.229951304310588966e-09
2.149453948163682071e-09
2.033823109925947392e-10
7.347090991149940464e-11
4.994694879911776297e-09
2.889902761538110099e-09
2.275517108074609496e-09
2.094997508805818143e-09
8.177698518352372048e-09
2.162547252382296392e-09
1.287489226342586335e-09
6.131998797620497044e-10
1.569903873566147467e-09
3.203312282096248964e-09
1.005831307132609709e-09
3.448412666529065973e-09
6.101574356875971716e-09
6.191669843502722870e-09
1.033378937975726330e-09
1.315231146215012359e-09
3.962779826505169467e-10
1.195539223175501320e-09
4.520333440893864463e-09
7.048204686554981890e-09
1.008996530771355538e-08
3.473901166728410317e-09
2.076463223588120854e-09
3.953511296117540041e-09
1.195860743763432765e-09
3.732669728861992553e-10
3.477147458852414275e-10
2.902370344060045682e-09
1.796092718997499560e-10
2.500081919265539909e-09
1.905560598203237532e-09
9.200467943060175458e-09
7.882808295001098031e-10
5.684113180137728705e-10
9.273883883054168109e-09
5.033897299000500425e-09
8.429513198571214616e-10
5.075796449816039058e-10
4.188327018539439450e-09
2.029182377683014238e-09
4.803030417832587773e-09
2.191395537254337000e-10
1.859008225135738712e-10
4.814465492941621960e-10
1.489320555769779730e-09
9.987860538629433904e-11
4.760420058147474265e-09
1.095127899475301092e-08
2.327454007300389094e-09
6.498952070943531112e-11
3.647976365428462486e-10
1.110974245932538906e-08
4.076870396829690435e-09
3.404099002679572550e-09
1.748797440193072816e-09
3.363804790268432043e-09
5.005781553157895303e-11
1.732483156935415991e-09
2.137764631982008723e-09
2.341295768371054464e-10
2.608934224213044217e-08
2.730457804300812086e-10
3.116843005912528497e-09
1.696345464097248623e-08
5.044816564492293764e-09
3.920971991533406253e-09
5.217131615609105211e-09
5.633613131550418984e-09
2.436877144518234672e-09
2.953809974393095672e-10
8.108515525684367731e-10
8.005462959204123763e-10
5.148778541297360789e-07
2.498589779520443699e-09
3.529002368107825305e-10
9.135558087791650905e-09
3.197311970737359843e-09
1.877034083719308910e-09
5.714193118677712846e-09
9.705215520128263051e-10
3.552426619535253849e-08
1.444662167671140196e-08
8.282901031719802631e-10
2.780537744495603647e-10
2.032258628048566607e-08
6.902851623635797296e-10
1.753268502602267631e-10
4.548014465033389797e-10
8.494864811581237518e-10
1.490775725088155923e-09
2.946221044908270414e-09
1.889081246986279439e-08
1.288228523854684227e-09
7.936182266909952432e-10
1.454866921379860401e-10
2.423476752611009033e-09
8.736169121448256192e-09
2.466055093464092351e-08
8.120174754822073737e-09
2.496599904588947538e-08
1.989286246839583328e-08
1.549880557227822919e-09
1.992285003638016860e-09
1.631436319371459831e-09
1.653455816708060411e-09
6.112920392098430966e-09
2.384275665789914456e-09
2.524810227555462916e-08
5.145827763897159457e-09
6.124625695491658917e-09
5.043421680284154718e-09
1.990717279909404169e-08
1.058176408719191386e-07
1.545772043698434572e-08
2.770530045381747186e-06
1.288685211875417735e-06
1.597137639919310459e-07
4.825585264711662603e-08
4.306429346456752683e-08
4.351500937360697208e-09
2.694159917382421554e-08
1.379117122723982902e-07
1.113717118528256833e-07
2.397655851638091917e-09
1.834211182938361162e-08
1.015534465409473341e-07
3.519441094113062718e-08
1.896922841027048889e-09
2.817371047569849907e-08
6.352646741980549905e-10
3.130200099121793755e-09
1.417003669956784506e-08
4.709015399839699967e-10
1.474265043377442908e-09
2.144471267229164368e-08
1.714818842479814975e-09
3.030788064961598138e-09
6.240918892785884964e-10
1.699282492495512997e-08
6.073965863606645144e-08
2.748366689786507777e-08
4.785838392251662299e-09
3.613131460689089636e-10
2.521157860257972061e-08
1.395475957011171886e-09
2.062958248671975525e-09
3.628658706844589688e-09
4.516151619338160117e-10
5.399870550704122252e-10
1.199228183423883820e-08
1.431294283094075581e-08
7.196971907319493766e-09
1.927818686908722157e-07
2.659651556768949376e-07
8.112252913861084380e-08
5.089982550998684019e-07
6.472390623457613401e-08
2.774652102743857540e-06
4.528836328177021642e-08
1.168554391028919781e-07
9.987500106944935396e-07
9.502793218985061685e-09
3.483582258922979236e-05
1.905227975385059835e-07
2.346762784100064891e-07
3.444792184836842353e-08
2.650613168952986598e-06
7.557670045343911625e-09
