2.348318484113320892e-10
6.698908538993464390e-09
2.061058684832417498e-10
5.507003880689254061e-11
1.521336945309315070e-09
1.131489124617246489e-09
4.150964572069426595e-10
9.566937242411199804e-10
3.733556575014063128e-09
2.927865283552932851e-09
8.295783260336975218e-08
3.258898573221813422e-07
1.005118477337418881e-07
9.916433185708228848e-08
1.057501108903124987e-07
1.891499010753250332e-07
1.413401520267143496e-07
2.950194222250956955e-08
8.789017158505885163e-08
1.360629031665894217e-08
2.894953787802023726e-08
2.705217809761961689e-07
1.867847743142192485e-07
4.466694747407018440e-08
2.127581410604761913e-06
6.546066089185842429e-08
8.945313112462827121e-08
9.663553512950784352e-09
6.225886028943250494e-09
9.995440919396969548e-09
3.744760501689370358e-09
3.798919578912318684e-08
1.461982090944502488e-08
2.057662040755303678e-09
2.032373991323055407e-10
2.882820737681868195e-08
1.491363299521708541e-08
7.811721047801256645e-09
6.231350990759665365e-09
6.756923909279066720e-09
9.307331794161655125e-08
5.433059335757661756e-09
3.692553462997238967e-08
2.102291674077605421e-09
1.114298253668266625e-08
1.432234331133486194e-08
2.458579650976844277e-08
1.780748704049983644e-08
2.031753931763802257e-10
2.137276577940383504e-09
7.363952114758376410e-09
4.867651073880985280e-11
1.035307395369500227e-08
1.401575389081699541e-08
3.377590429565202612e-09
3.962254968570277924e-09
2.629381379293249665e-09
2.995457215604346857e-09
3.592343489344784757e-08
2.780897467857812444e-08
2.554315159386533196e-08
1.443722918992307314e-09
1.688536643840166107e-09
1.809784544448689303e-09
7.156416348408356498e-09
1.886974576592592712e-09
3.148488803006443959e-09
5.573933314906298619e-09
1.759994816552534758e-09
4.624406968467553725e-10
1.458369952160865068e-04
1.603363415370040457e-07
4.395597055554389954e-02
4.382027685642242432e-02
7.115775942802429199e-01
5.554674426093697548e-04
7.258470759552437812e-06
5.326984915882349014e-03
4.148424523009452969e-06
3.080908470565191237e-07
3.993500996557486360e-08
1.480425595445922227e-07
1.979060897383533302e-07
1.643856535338272806e-07
6.337235625153425644e-09
1.489720631298041553e-07
6.267291752237724722e-08
2.986836555862737441e-09
8.102329474013458821e-08
2.337457516432550619e-08
1.941919869352659589e-08
6.954441289508395130e-08
2.607932287901348900e-07
1.146719412759011902e-07
1.765675676779210335e-07
4.047323898248578189e-08
6.332055590974050574e-08
1.781753522500650888e-09
3.122490044304981893e-10
5.954825965659438225e-09
2.854651182104817053e-09
2.094159734511436000e-09
6.849320555168958435e-10
6.607273062009255682e-10
1.059630605482198007e-08
2.102139351478626850e-09
5.730630969758010451e-10
1.448766173695048565e-08
1.865987142579683677e-09
1.516862330186441454e-10
7.965702764067827957e-09
2.722322367532115095e-09
7.444402316814091591e-10
6.056777834828608320e-08
2.293025325172948214e-08
2.054518972727237269e-07
1.179440767273831625e-09
7.964999770848635308e-10
1.429472451519586684e-08
7.947616609271790367e-08
2.436196666621981421e-08
1.706064267636975273e-08
6.594003676418935811e-10
1.519730830068510841e-08
5.027368743526494654e-08
8.141878993228601757e-08
2.454790148931351723e-07
3.367775391893701453e-08
3.267298964715337206e-08
4.263448705188466192e-09
1.710579677904888740e-09
3.519831892617730773e-08
5.605590303048302303e-08
5.150262083475354302e-08
1.553815920374290727e-08
1.439031365180198918e-07
1.852505349120292522e-08
4.012334020586649785e-09
8.609099211298598675e-08
5.096240762725301465e-09
4.096249117679917617e-09
3.493839528800890548e-08
6.273866315353870959e-09
2.010210886638219563e-09
7.450329686520262840e-09
3.833943440501030864e-10
2.124672437986419027e-09
9.971971859368267133e-11
3.410674173642824769e-11
1.633563007086280550e-10
4.909359030413895653e-10
1.185804010539470710e-09
3.806953086105124839e-10
3.894401190418506076e-10
1.803271282296847744e-10
4.654786556201884196e-10
4.183195567719621977e-09
2.751921468480134081e-10
1.485426448510906994e-09
1.558238160725977650e-08
5.742335426606182125e-11
5.884223663876753108e-10
6.125420726199592991e-10
4.135563891338733811e-09
2.645373031739950420e-09
3.518252800205345920e-09
1.035337060528718212e-08
2.402285037561568970e-09
4.067605807733798429e-09
1.573690344702782795e-10
6.318864986809558104e-09
6.697116194942509537e-10
1.723617693016876729e-09
1.097047697129482913e-08
3.210370858042210784e-10
2.158146716890740890e-10
1.383065106885794648e-09
2.194241899289295361e-09
3.686464467023142788e-09
1.394359405715306366e-09
1.097681390227478460e-09
6.719008127653580686e-10
2.287420919344640424e-08
8.282289298833234170e-10
9.270316070342232706e-09
1.660441228956699433e-09
1.049448528078755771e-09
3.891343691719839626e-09
7.457491291162909874e-10
1.524491421989182527e-09
1.465696869429322646e-10
1.543003169679479925e-09
8.339371415644336594e-10
1.359577672666034687e-09
4.282297294544434862e-10
3.457714115029375535e-09
4.801162245549051022e-10
1.096875590356205521e-09
7.215238961855163780e-10
4.021495636497007808e-10
1.076988276338397554e-09
3.057974706788257890e-10
1.001075777828930313e-09
1.816542138932675243e-09
3.853084518112837031e-10
2.591392878059650684e-09
9.522843624765187087e-10
5.314303663794817112e-09
1.687922512871864456e-08
2.810083055138079544e-09
1.005797845010647507e-08
3.472294807238540670e-08
3.576453133646850802e-09
5.923335155699760435e-09
3.256919400840274648e-09
3.681601912219889527e-09
1.027930718322522807e-08
4.317944224396796926e-09
3.854174313033809085e-09
7.231620302583507964e-10
1.558079776309284625e-09
1.125088910924887386e-09
1.818639461248494626e-09
3.202658693801652134e-10
5.860757990028275799e-10
4.276944576275809595e-09
2.097056556182863574e-10
1.949816974544660297e-09
9.757167296342572627e-11
1.645452246679113273e-10
1.208806249541893862e-10
3.218218191936017547e-10
1.836938601229576307e-09
6.282424580561496441e-10
7.159912218668296191e-09
2.286822065045157615e-09
2.317240843652257354e-09
2.203199622741180974e-09
2.552648092901677046e-09
2.846906599351939349e-10
1.271607796837770366e-08
5.045666107150736934e-09
1.445602837435444599e-08
6.317551815016031469e-09
3.707765761085113354e-10
6.796174178980152192e-10
1.538779770271503367e-09
5.201522546016690285e-10
2.458020231799196154e-09
1.542747041227698901e-09
7.114196454161003658e-10
9.557621361011570116e-09
8.663059714031362546e-10
1.719769104902013623e-09
8.812248153411417206e-10
1.818278749787793913e-09
3.556194505538456951e-10
1.229804480473717376e-09
1.208463218382860305e-09
4.029573064112668135e-10
4.142240717097678271e-10
2.527015818820643744e-10
3.622236510736343007e-09
2.016327244058757628e-10
5.437928995988272618e-10
2.840457591357647971e-10
9.814524887241660167e-11
8.801648854195320837e-10
1.024592743981145304e-09
1.213765443708325620e-08
9.749661522562291793e-09
2.695523448892345186e-08
2.894414024012803566e-07
2.688687494867281202e-09
7.900370491142894025e-08
4.116976981549669290e-08
1.812773575693427119e-08
3.493319766789682035e-08
7.260190226787699430e-09
3.378911150875296698e-09
1.156170181815241449e-08
1.404971139429278537e-09
1.677872418781589658e-08
1.017618322940450071e-09
5.861786611660591007e-10
7.731908446828583692e-10
1.070139621361931859e-08
1.726224141407328716e-08
1.118150265710937674e-07
1.390174997339954643e-08
3.326806563563877717e-08
6.046697809125589629e-09
1.988676601172301162e-08
3.211715338125031849e-08
3.782822499687199524e-09
7.724453077173620841e-09
1.644711727921688293e-10
1.903625257426710959e-09
8.322198041810224822e-09
2.622826400511257816e-08
1.639214843862646376e-07
1.418940883013419807e-06
1.848084281164119602e-07
7.052169053167745005e-07
5.280198820400983095e-07
2.378722818718870258e-08
1.099182611596916104e-07
4.506891400524182245e-06
4.510806093094288372e-07
2.938909631211572560e-07
2.921521399912307970e-06
1.172411089100933168e-06
1.036132289300439879e-06
1.443797941647062544e-06
3.876642722389078699e-07
7.896059059930848889e-07
4.102680861706176074e-07
6.800729011047224049e-07
8.408374014834407717e-07
1.239620814885711297e-06
1.325647218664016691e-07
2.850274256616103230e-07
9.906819542493394692e-08
3.864022914967790712e-07
5.475580167058069492e-08
1.040849362254903099e-08
3.636777989868278382e-07
1.419162742877233541e-08
1.060002574604368419e-08
1.350598743954378733e-09
2.727167291993737308e-08
2.214171956893551396e-07
4.479539517099340173e-10
6.680199726716296027e-10
2.374027374685283576e-08
3.917006807796497014e-08
5.428740124102660047e-09
1.007862238111556508e-08
1.308789882026317741e-10
6.706984967408402554e-10
7.230740450836492528e-09
5.472946540407974680e-09
4.552349608388794877e-09
3.497871770008487147e-09
1.437005736626417729e-09
5.998460061995558590e-10
5.585327755852631526e-10
1.764344115251503808e-09
8.842757082128116508e-10
2.513878438747951805e-09
6.646878603078221204e-09
9.028044978265370446e-09
8.419442565354984254e-08
2.832259227147915226e-08
4.068962111691831751e-10
2.189968650867513134e-09
1.793596382526629895e-08
9.641369480561934324e-09
1.362745138955290258e-09
8.016958208401092634e-10
2.184307845709554385e-09
9.427547631446486776e-10
3.105575796524817633e-09
5.307526862452505156e-09
1.976888697186041099e-08
9.456420535514098447e-09
2.010253075113155319e-09
8.306450638428941602e-09
1.950833450337086106e-08
4.653750274030699075e-09
7.829415693549890420e-08
2.012556166164358729e-08
7.846798766308893391e-09
8.727195854874025827e-09
8.260352046818297822e-08
1.064577670462085734e-08
1.119338222110854986e-08
8.639332094162455178e-08
2.543386479203491035e-08
4.586613044921250548e-08
5.931036994866190071e-08
2.160452226007691934e-07
4.015879540020250715e-07
1.707122265770522063e-08
2.211507421634451021e-08
1.675556138280853702e-09
3.778847235125226689e-10
2.398472709330690122e-08
3.593547681646214187e-09
9.626825031583408077e-11
5.190729512882796826e-10
1.369482582891379252e-10
4.364592853800530747e-10
1.018579248723838759e-10
3.435826900766159042e-10
2.028161638634173869e-09
8.084927394236274267e-09
6.287651510561431678e-10
2.394205667055615550e-10
2.480646354996451919e-09
1.565974155903759879e-10
1.343501698780613651e-10
2.052659292539615876e-10
1.002591010212938727e-09
3.568996209679653475e-10
4.320308555350038660e-09
2.548186106565708542e-10
2.795524645105018635e-10
4.279730736467257657e-11
9.697953551324189903e-09
7.390789136252351454e-08
4.270462039546174537e-10
7.464592832739924688e-10
8.964655684451372508e-10
2.773632157282435173e-10
5.233596889198111057e-10
3.839309314912497939e-09
5.627474042313451719e-09
8.551621633046124771e-10
3.219280397814827666e-10
7.331112938935291368e-10
1.381462166882840847e-09
3.406662452132280805e-11
1.747683803232646937e-10
7.292565995520305933e-10
1.742220412381811911e-08
4.795819297243042456e-09
4.489864036116841817e-10
5.347185361159745298e-09
1.118603965011288892e-08
2.961304534920827791e-09
1.437944815302349966e-11
4.386215834983886452e-10
2.869279258632673191e-10
8.192494599379429587e-11
4.147191479120238000e-09
2.835070719853227672e-11
9.458201999379411973e-10
1.445455144466478714e-10
6.752548520339018978e-11
7.275879343460189830e-10
2.558824263587666792e-09
7.303882498810310153e-10
3.252020042143755063e-10
5.621184073767437894e-10
1.859386089542169884e-09
3.457850950017160585e-10
5.525661039840201738e-10
1.183187876563351892e-07
3.299852169291739301e-09
1.107892805274346415e-10
3.070862730769619020e-10
3.784264290818128984e-10
2.050917907725491318e-10
2.232845852656595298e-10
1.524229742422278377e-09
1.357592815942609832e-09
3.945548887607230881e-10
1.298656737702685859e-10
5.167702932240558766e-10
3.480301324909618188e-10
1.322378095913734342e-09
1.171014729628438999e-09
1.591879961182485204e-09
3.307359594528769264e-11
2.772457818878137914e-10
1.998709808770371410e-10
2.026567802460021994e-10
8.139418583574808963e-10
3.598058795351022354e-10
2.301612456179213950e-09
3.497523104467603616e-10
2.623615324992556452e-09
2.055918109367116386e-11
1.204415039923745212e-10
3.162543649182225636e-08
1.501496982303507366e-10
6.985003287579560904e-12
8.992621092218655576e-10
1.283157330389528283e-10
4.638169293080807165e-10
2.968218726362437110e-10
7.087633258073822162e-11
9.304749193361772086e-10
1.849880110205148753e-10
2.708874513590586730e-10
1.780156161368395829e-10
7.711818961197991484e-10
5.952875881121144630e-08
1.316847288990175002e-07
6.021501075537116776e-10
5.532402980179540464e-09
1.191080428730728613e-10
3.040619978023073600e-10
9.053243843482050579e-08
1.184372599993821495e-10
4.270347964130394303e-10
2.351874250905439112e-09
6.615012704269673804e-11
4.966101974090975091e-10
8.304134602177271063e-10
5.067172903494565617e-09
1.908885549628536182e-10
2.710657531768134731e-10
4.529603081504518514e-10
2.690702105567766012e-10
2.934898768458538143e-09
4.238847495230402274e-09
1.989801517998657232e-10
1.757012313419181737e-10
5.353292809040510747e-11
2.404204613171145866e-10
2.445449120980214275e-10
1.074681385548892365e-10
2.635279494622722041e-10
1.198988019979196906e-09
2.093123070701086164e-11
1.192977272523876309e-09
1.436690655332029110e-09
8.306509924338456585e-10
3.199518774921195075e-11
1.505396779455381306e-10
1.726658149792115182e-09
1.305207469881608517e-10
7.537730994933156126e-10
1.395617954536021443e-09
6.864906559878036774e-11
4.365375561032891483e-10
9.992006111403384239e-10
2.297583651111878567e-11
6.186078316261500731e-09
4.330264202767608595e-10
1.499627921841550915e-10
5.261258442801342028e-11
1.414292016832519039e-10
1.941673766214790930e-10
3.939630843774466484e-10
1.752066935978291440e-09
1.649456460306453209e-09
1.363366419759870496e-09
2.672392029889891774e-10
1.050958875481455834e-09
6.009900910264320828e-10
9.809959095052889211e-11
1.353656631231103802e-10
3.398540782129089166e-09
1.878767835750139170e-10
1.312126657326828649e-10
1.853602688006716903e-10
7.843173888133492255e-10
3.498815820401901533e-11
7.372460281152015682e-11
9.909217890680110941e-10
9.820465551868551302e-10
1.341131539156492636e-09
2.356205786036014160e-10
1.452691855696741641e-09
9.816981672017277560e-10
1.793242360159652549e-10
2.741673832407087730e-10
1.133965144006765513e-09
3.926210467852797592e-10
5.675292413798160851e-08
3.988001318067091461e-10
9.000510059475885782e-11
6.042198408273691257e-10
5.192086205418888767e-10
5.085877274879635479e-10
6.879171121632055019e-10
2.574527813159477319e-10
8.699603815109924199e-10
4.137321873987076515e-10
1.619640088712515080e-09
5.013314069435281795e-11
2.517132813295575033e-08
7.515465472174298611e-10
7.052428085962958448e-10
3.207153209672242156e-09
1.197744681213919193e-09
2.519594255456780729e-10
4.312873613798728911e-09
1.622729062233929653e-09
2.439216051364212490e-10
1.298788021575347784e-10
1.998747972686842900e-10
6.937645596893915467e-11
2.926718867257704915e-10
5.576376027605078889e-10
8.530910006188108241e-11
1.759000722856285392e-10
2.535193721620032647e-10
5.940789526981404833e-10
4.938916497998491195e-10
1.129024582158244527e-10
5.559872007232513624e-10
7.021838666076973823e-10
1.037701569117643885e-08
6.629158333382179080e-11
3.347873367420817203e-10
3.266266332957457053e-07
3.617329369376420800e-08
5.986516282696641156e-10
5.193750429732801877e-10
1.095286750185664459e-09
4.260463370986400378e-10
2.816746280664972346e-10
3.775783505299834530e-11
8.715880794873953619e-10
3.430104256185728673e-10
4.395461772332964756e-10
2.637387863657636444e-09
2.648820052186806606e-10
9.020015984129159392e-11
1.711923519609470645e-10
1.957657369544563153e-09
5.149517617875076780e-11
5.981740258675927180e-08
2.821709532696559108e-10
2.196414022881398864e-10
6.943768671163752515e-09
8.049426125644743024e-10
1.516247016830618577e-09
5.897204058413763050e-09
3.156097258538714811e-11
1.086715023523865398e-10
3.407372717312284749e-10
1.235355040485330846e-09
6.612149022755531291e-11
1.941340282973769149e-10
3.681480953421356617e-10
3.926382829977370648e-10
1.334028165711487190e-10
1.344053535135003585e-09
4.037091105857371076e-09
3.428527739490760951e-10
6.892409976089197698e-10
1.756352285831042082e-10
2.468473869754461703e-09
1.805502414242710074e-09
6.032318533577551989e-10
9.477628404308546806e-11
1.955395845243401709e-09
1.685867973000299003e-10
7.795330492221808072e-10
6.369715777054807404e-08
1.402042593134922299e-09
1.523741466336048234e-09
6.242419081647909707e-11
7.396691592553850114e-10
3.433835438215737668e-10
5.604943176251708792e-10
4.820056798138239174e-09
4.551331533875213609e-10
6.185497114508109462e-10
5.521297308241912560e-11
1.788808129399299673e-10
1.305073826785019264e-09
2.865139236973845982e-10
4.928188968023050620e-10
1.817445638430115196e-10
4.035212608499705311e-09
3.704217488298411354e-10
5.545500170178740973e-10
4.570801237502308823e-10
7.900065490673569002e-09
1.379213743213369980e-09
2.005989263587082405e-10
7.698034432124245541e-10
2.275070132284895408e-10
2.891602735033416138e-09
1.266287186219017258e-09
5.228042443405911399e-09
6.674850672183652023e-10
4.094604516557964757e-11
1.339786726006764184e-09
1.288582435199359111e-10
5.960038573782355797e-10
1.705466701196201029e-07
5.217836232529471374e-11
4.103646755737599960e-09
3.782883728487007602e-11
4.865323144365163444e-10
3.510336687995163629e-09
9.555702895625017845e-10
2.964194514842866113e-11
6.371288496787030908e-10
6.750407958305837397e-12
2.008956612176149292e-10
1.482692080223557696e-09
5.641958011892711511e-10
8.041196181141074817e-11
1.503629165622299979e-10
3.571645479372165255e-10
7.969725990264464599e-10
6.505234129150494482e-10
1.325725520473497454e-07
1.528477344692191764e-09
2.242410285235862943e-10
2.227915352204234978e-10
8.463311301776244022e-11
4.804269870817279298e-09
1.517596004418919620e-08
8.699665293709912817e-11
4.465823710830818527e-09
6.204322389180561004e-09
7.951122399374455085e-11
1.928993909050547018e-10
1.439238617173543844e-09
4.116870733206212662e-10
3.810684753857707108e-11
2.309632624042379234e-10
8.556663710912459919e-10
4.459660640776519358e-09
3.990025254640983121e-10
1.378176878175096931e-10
2.503202645165458762e-10
2.448564728751989605e-08
1.188878717695018850e-10
2.312560587469647544e-09
3.108584500921551808e-10
6.855185169518662747e-11
6.104298733156099388e-10
7.874040974797935633e-09
9.460980887610048740e-10
1.479781963631410235e-09
4.967485311979658036e-10
6.504929407624704396e-12
2.417078759364699181e-10
1.289486117883598126e-08
1.347214700908594409e-10
1.137118621485910808e-09
8.918947802527554813e-10
2.289636119590099383e-10
3.298827877529220132e-08
6.165998961416008228e-11
1.362524315595692315e-09
1.123214438125685888e-10
1.567271035174400140e-10
1.414177397407456738e-08
1.580885769514317474e-11
3.166228390583114560e-10
6.327409429740527003e-11
4.282869336957872974e-10
5.499441790846049116e-09
1.911351910077740968e-10
8.781794180734436850e-10
5.019228921376850394e-10
3.218236788171680018e-10
1.010533434708804634e-09
2.691847023061910704e-10
3.175685756029444917e-11
2.343857052888864700e-10
1.177523412110303980e-09
1.756982059841760702e-10
5.759965837626168650e-10
9.187141047917180003e-10
3.198234788115428273e-09
7.982809968609672069e-10
5.395868196700348562e-10
3.595993502969463407e-10
7.015064640292223430e-10
7.965607617954617581e-10
7.897209969298657484e-11
1.246480973993158159e-10
9.238099174524450063e-10
2.318473191209591278e-10
2.276191013450556966e-09
3.017544547567752034e-10
1.828468709774710987e-09
2.884518623957887939e-09
1.023502393948660938e-10
5.277814296711369479e-10
1.303665619900584716e-09
3.646767887666158003e-10
5.843153044748916614e-11
2.594215398055155219e-10
9.481556650925426766e-10
1.473050847966561605e-10
2.153471428956166278e-10
3.415981941756740525e-10
4.538155684574718407e-10
6.845363165197682065e-10
2.806456844695048858e-09
1.610095523574273102e-08
2.414954070051322788e-10
1.657352172168558013e-10
5.089438870342632981e-10
2.313296360023642251e-10
4.306096104689238757e-11
2.532450027459276498e-09
4.349341373166559777e-11
1.588322362522376352e-09
1.988569531263806311e-09
1.251699188742350088e-09
2.652194908137062157e-08
1.716829345355108671e-09
7.504635801680592522e-10
7.555503445111355632e-11
2.239166352335786314e-10
1.707873731326969846e-09
2.824470518580923795e-11
6.350683867673012628e-11
1.972371821423735128e-09
5.739940189819492389e-10
5.980616002432270761e-10
4.001697462285846996e-08
3.032474965580789217e-11
1.980480446306387421e-09
3.123228342616357622e-10
9.728791383611934407e-11
1.875434529896580216e-10
1.977607105851930669e-10
5.234265798570447714e-10
1.178847020000262091e-09
4.627986535665762347e-11
1.945433914661407471e-01
2.640924978702940962e-10
1.110749200949889826e-10
2.658667774824152730e-08
3.133116655007484042e-09
8.619712166257897934e-10
1.171666513810620813e-10
4.688011645548328943e-10
1.027406423825816262e-10
4.926121177639686266e-10
1.175033070843767291e-09
2.742381433051832573e-09
2.008554433885478829e-10
1.342872146814499956e-09
7.675309832144705524e-10
3.477857238309844945e-11
2.551998196098637095e-11
1.261369564353742589e-09
5.108792833219411023e-10
2.068017757039797289e-09
8.671077744715205426e-10
1.009131334051005524e-09
3.436587125982271118e-10
2.292550871363374654e-10
2.021893097392535310e-09
5.327677188304846823e-10
1.294858331668535811e-09
7.906905685750587054e-10
5.467448271900821055e-09
2.094558970711091206e-09
1.021375317655781600e-09
6.527208218365387893e-10
1.959378631566366380e-10
2.946344557219759963e-10
3.705114826058064637e-10
3.008676918714314752e-10
1.319888420781012428e-09
1.083634071363803741e-08
1.012758210627850985e-09
1.087256507048550702e-09
3.041223106681201216e-10
3.533825315704675063e-11
2.113270114456611282e-10
5.628264521106984830e-10
9.699410163932498108e-10
6.473174080090515758e-11
5.360856758507281938e-10
2.646008745443850785e-09
1.614941846916906343e-09
1.414005995625799983e-10
2.085998179746084702e-10
4.623022242800089998e-10
1.578778108246581269e-09
1.644840375014666733e-10
2.756218586696945749e-10
3.773533929773975615e-09
5.906871103356081676e-10
8.607099033497433993e-09
2.364891060757656760e-10
2.005855342934736996e-10
2.758806239011590833e-10
1.697076812412490199e-09
1.754835166067891805e-10
4.020498656220894418e-10
1.806005123228260345e-09
9.751943697011711265e-10
6.000402952288652614e-11
4.089549532348968341e-10
2.018971878570141598e-09
1.076741806826930770e-09
8.705413612197787643e-10
1.770208424289876348e-10
7.973740001609996852e-10
2.726462111635186147e-10
2.650260289005501591e-10
1.136955862790500760e-09
1.270607508097043592e-10
2.713442359691953243e-09
1.629116563872656798e-10
1.200280763669070438e-09
8.700653530979707284e-09
2.556838740730427162e-09
1.809580818523670587e-09
3.545297388996004884e-10
1.296316276544473567e-09
3.222353717191595024e-09
9.679298335063535319e-11
3.831918671259870735e-10
1.899631008051017034e-10
2.185678340538288467e-06
1.045359709905824275e-08
2.649244434937969572e-10
1.019164530546845526e-09
1.814793204601983234e-09
7.625928777343915499e-10
1.025652562880452479e-09
8.366679016269529257e-10
2.555718658925343334e-08
5.894940646733459744e-10
1.335102445265690108e-10
1.308110980646759458e-10
7.619633812794290861e-10
2.576016344679743497e-10
1.101624000354739508e-10
1.033334084965531474e-09
4.042962853390008604e-09
1.943878391585940335e-10
6.879302127948960788e-10
6.528241280889801601e-10
1.845784636245184629e-10
9.384848453919403255e-10
7.224378040238121912e-11
1.676869199052077875e-10
1.431435386889390315e-10
2.806065824145775878e-09
1.258958826078071525e-09
2.095438267346594330e-09
1.991404818824094036e-09
5.329577890123005091e-10
3.013144733721162538e-10
5.906600764049585450e-10
2.116900821302891700e-10
2.874424254173391091e-09
4.766580463666514333e-10
2.915265806535671800e-09
3.119896119230247677e-09
2.618056438308258294e-09
2.614977345771762884e-09
1.648563952016957046e-08
6.153821452414831583e-09
4.018200883137978963e-09
9.482299390128900995e-08
6.118630579976525041e-08
1.078378062402407522e-07
6.259331719604688260e-09
5.726234064695745474e-08
1.191093002006482493e-08
9.805048328814791603e-09
3.697238515343315157e-09
1.397400595237741072e-08
2.379179964151489912e-09
6.887446168946098624e-09
7.980214178360256483e-08
1.108027092300289951e-08
1.424579898490208052e-10
4.489375815541762904e-10
2.124582315632395080e-10
1.653500114606742954e-10
1.014283546041383488e-09
3.442320872792947739e-10
9.636267478407845033e-11
1.341579403124626424e-09
6.259447959955366514e-10
1.173742769644547934e-09
2.731938564259905888e-10
2.857331260486262181e-09
5.538550240657968970e-08
5.387530865874623487e-09
8.224359526742830440e-10
6.192650281455769345e-10
1.232193014288895938e-08
3.406339932343627197e-10
3.405833115532885813e-10
8.361605297046992291e-10
6.201054114640669468e-10
1.704238861144347084e-09
7.456794626214957589e-10
7.008501334837546892e-09
6.219797121786996286e-09
3.387449964975530747e-08
3.648823820867619361e-08
3.884414070398634067e-07
3.684561278305409360e-08
2.011789632661020732e-07
2.454876812407746911e-05
1.646147573808320885e-08
1.746692390725002042e-08
9.479369822429362102e-08
1.233626867325199328e-09
1.465471228812020854e-07
1.178173860694187169e-07
3.487951927283461373e-09
1.235025948176371458e-08
1.177864419332763646e-06
7.846810423650651956e-10
