1.065568300262498269e-09
1.690441742141501891e-08
8.419955843663728956e-10
7.513586974816632846e-10
1.677033178992815010e-09
7.143988511870702496e-08
1.787684311693737982e-08
2.765999429499288453e-09
2.223646511367860512e-08
1.049258990803991765e-08
2.123151432442682562e-07
3.087237985255342210e-07
6.896469813000294380e-07
1.499284110195731046e-07
1.808566452154991566e-07
8.100799675503367325e-08
1.424135120942082722e-07
3.276885252034844598e-08
2.233261220396798308e-08
4.989101398678030819e-08
8.159982911593033350e-08
3.744835908037202898e-07
1.643886236024627578e-07
2.802504894816593151e-08
1.190395323646953329e-05
1.905736013441128307e-07
2.306868054802180268e-06
2.102751039956274326e-07
1.007740664249467955e-07
1.029478298164576699e-07
2.930465825556893833e-07
5.096843551655183546e-07
7.623704277648357674e-06
3.571350930542394053e-07
3.835827300235905568e-08
3.548759650584543124e-07
9.057297347681014799e-07
1.752048603975708829e-07
1.044521582116431091e-06
6.808635788502215291e-08
6.338692060126049910e-07
4.303022365093056578e-07
6.926566129550337791e-07
3.933783432330528740e-07
1.272842837352072820e-06
9.693981439795607002e-08
1.467674053401424317e-07
1.650078729653614573e-06
1.242970282255839720e-09
6.389987561306043062e-08
1.911828775291724014e-07
2.981042523941823674e-09
2.449892519962304505e-07
1.701429539480159292e-07
2.613505330373300239e-06
4.180055412916772184e-08
1.062059240553026029e-07
1.087818830569631245e-07
1.219333171320613474e-06
6.022721663612173870e-07
3.802816536335740238e-06
8.102174575697063119e-08
2.439826971567526925e-07
4.093814354177993664e-08
3.708589702000608668e-08
7.681167346618167358e-08
1.927166294990456663e-06
1.845170459091605153e-06
1.118366071750642732e-06
5.584640661027151509e-08
1.483940612524747849e-02
1.354224991700903047e-06
2.617107145488262177e-02
2.939504384994506836e-01
5.966321229934692383e-01
1.757196732796728611e-04
9.838010009843856096e-05
3.728435188531875610e-02
4.660514605347998440e-05
6.485981884907232597e-06
5.850477080571181432e-08
7.391363396891392767e-07
4.680895472120027989e-06
3.903390108916937606e-07
1.501214796917338390e-08
9.810819392441771924e-07
7.534823680543922819e-07
5.582370121715030109e-09
2.889404093764369463e-08
5.409844572312749733e-09
1.249569603345435098e-08
1.781968528291599796e-08
2.736728887953177036e-08
8.396229844720437541e-08
5.605822366305801552e-07
3.806557202779004001e-08
2.473985105666542950e-08
3.827303807213411346e-09
2.343335303578442108e-09
1.361098123098258839e-09
9.398789302395016421e-09
1.550573336395189017e-09
3.615802990353245150e-09
7.015000580423702559e-09
1.148011019580508218e-08
4.346467630256256598e-09
1.226857171410244973e-09
1.283621884340391262e-07
1.400488258695986588e-07
3.251946933957583497e-09
2.169494273118743877e-08
1.373533962123474339e-07
1.393051984877047289e-08
5.166197638573066797e-07
1.584133570986523409e-07
1.336613422608934343e-06
1.287023394525022013e-07
2.280540911669959314e-07
1.567213558928415296e-07
5.775202680524671450e-06
1.711167897155974060e-06
1.415441715835186187e-06
2.211448268951698992e-08
9.765816457729670219e-07
1.365781258755305316e-06
1.677131763244688045e-06
4.086795161128975451e-05
1.559674167594948813e-08
1.901702795237270038e-08
6.345737713076005093e-09
2.215795991133973075e-09
5.110045719902700512e-08
5.085494336753981770e-08
2.411144635061646113e-07
9.745013684892001038e-09
5.617055194306885824e-07
8.830578934748700703e-08
1.443861119554412653e-08
3.409139708310249262e-07
1.444494159841269720e-07
1.899363866186831729e-07
2.319022911478896276e-07
1.194196386222756701e-07
4.052466362480799944e-09
5.116401968763284458e-09
5.422362003848490986e-10
4.964352928737980619e-09
2.614344074558516695e-09
4.237155903918932154e-10
3.232959178145478063e-10
8.470889545364457263e-10
5.293787186388954069e-09
3.167461848363473109e-09
3.153723282522946647e-09
2.532957177336925270e-09
9.760452890361648315e-09
2.070517091112833441e-08
1.178118713696107989e-09
6.777148620074058272e-09
5.762375909768024940e-09
1.168801166961941362e-09
1.082010148145684525e-09
7.043998162536979635e-10
2.786125552489693291e-09
8.854372346434047358e-09
4.786169682802210446e-09
6.345024061715776043e-09
2.847266644678825287e-09
6.007863984081041053e-09
6.510844641205437711e-10
1.901971202755703416e-08
1.788136749780733226e-09
2.379320518386407457e-09
6.056277701560475180e-09
1.118451886661375738e-09
2.632834172899833902e-09
1.329862442389639909e-09
7.760278641910645092e-09
3.469287523927278016e-09
4.769419970074295634e-09
4.663168962082409053e-09
2.796480602640372126e-09
1.809716287937135348e-08
2.801071374847197148e-09
8.991990263496063562e-09
9.086383201406533772e-09
7.242209942859290095e-09
5.217027876369684236e-08
3.610165721923408455e-09
6.131805729836514729e-09
8.738267887054007588e-10
2.931111131587726959e-09
9.128926059531750070e-09
8.451205957271668012e-09
4.786863794237206093e-09
6.109624806072133651e-09
5.606186181950079117e-09
2.411760791076744681e-09
4.602076941750965489e-09
2.514919161811235426e-09
3.119468772183608962e-08
2.184374459091031895e-09
5.335083042012911392e-09
2.304894053395400988e-09
7.363866849630085198e-09
6.465998403371031600e-09
1.290351492322372451e-09
5.115591950044517944e-09
8.696389386386726983e-09
2.362601891903182150e-09
4.537433184736983094e-08
1.448221631505930418e-08
8.038259835529970587e-09
1.218297462912687479e-08
9.043314541656854999e-09
8.060382583607861307e-09
1.492159817928495613e-08
1.024020779283318916e-08
8.912404148020414141e-09
1.741997834869835060e-08
3.143695082030717458e-08
8.606556356482997217e-09
1.713064134989394915e-09
1.625550916095619414e-09
9.896751196336595058e-10
2.755788930386415814e-09
2.440841528894566181e-09
1.663052695555222726e-09
8.774627691110481464e-10
7.114372424510406745e-10
4.567924649645505042e-10
1.241326152978672326e-09
3.578124241343516587e-09
4.638967876502420040e-09
4.796615105107093768e-09
1.164222163119177367e-09
2.414191069277649149e-09
1.722020526173650978e-09
2.104514340572904985e-09
1.256241111136091604e-09
6.642657535138596359e-09
6.409967223675039349e-09
1.499231849777515890e-08
2.445288238561715843e-08
5.305026640201049304e-09
2.368440332745080923e-09
1.592530551874915545e-08
9.647065368767471227e-10
2.246975272512941046e-09
2.914270380571792884e-09
6.470400326641367883e-10
2.602305748666822183e-08
2.321639414049059269e-08
2.998326475989188111e-09
2.290785783287674349e-09
3.906595935632140026e-09
7.487538589145970036e-09
1.580591657557306462e-09
1.286782791432017348e-09
8.647623173096974369e-10
2.605522908538659976e-09
7.411391500511399499e-10
2.729664849709934060e-08
4.361946082109824374e-10
3.318718189149194586e-09
1.002876537370411825e-08
4.721404156526887164e-09
3.334835296797677984e-09
3.855460395385534866e-09
2.237042551200829621e-08
6.025019594346758822e-09
1.912918357049875340e-08
1.812451273508486338e-07
2.863752790460694087e-09
1.666861138005515386e-08
2.806843291125460382e-08
3.037805385019964888e-08
1.403469251926026118e-08
6.837444832541450523e-09
6.016647624562665442e-09
2.674781107714352402e-08
1.404079696953886014e-08
3.911168278136756271e-08
6.205245206558629434e-09
6.841198718632313103e-10
8.348859381612783181e-09
7.798055534635750519e-09
9.993893002047116170e-08
1.338061537126122857e-07
1.107930245325405849e-07
1.132716676011114032e-07
3.774022871994020534e-09
2.233312201838089095e-08
3.449435226343666727e-08
3.115792512886628174e-09
3.723379604636534168e-09
4.156333610616513852e-11
1.632613710889074810e-09
8.612763835458281392e-09
7.900536047600326128e-08
7.385494313894014340e-07
2.477059069860843010e-06
1.599932033968798351e-06
1.056264409271534532e-05
1.867659761956019793e-06
6.010540687384491321e-07
1.129239350916577678e-07
2.901757943618576974e-05
2.501451263015042059e-06
4.273611921234987676e-06
2.849297061402467079e-06
6.400243728421628475e-05
6.039914660505019128e-05
9.889356078929267824e-06
1.169417259916372132e-06
3.376770791874150746e-06
5.630025952996220440e-06
4.897218241239897907e-05
1.133586738433223218e-05
2.219685848103836179e-05
4.038729912281269208e-06
1.603013333806302398e-05
1.975572376977652311e-05
2.341248091397574171e-06
3.739976818906143308e-06
3.667805117402167525e-07
1.177399535663425922e-04
1.481763263200264191e-07
9.125906785811821464e-07
3.868419540253853484e-08
4.606683035035530338e-07
3.033212863101653056e-07
1.876515831611413887e-09
4.640525297361364210e-09
1.453105369364493527e-08
2.594306991454686795e-08
2.620010874920808419e-08
1.351409082417376339e-07
1.825137485589323205e-09
2.822882760877831743e-10
1.525774884214570193e-08
2.390388864625947463e-08
8.716798838293016161e-09
2.011468769325119865e-09
2.148086153397343878e-09
8.414079433194388002e-10
7.307770499842547451e-10
1.398869131641333752e-09
1.548566497255876584e-09
4.939728626141004497e-09
1.383026138057630305e-08
1.975376084928370801e-09
3.069922982490425056e-08
1.064725818622491715e-08
5.912991762890840164e-10
2.432262835583287597e-09
7.703446414097925299e-08
6.894605064644565573e-08
1.463273591184588440e-08
3.880322285709780772e-09
1.338004818052240807e-08
2.351461469984883479e-09
8.200959911164318328e-09
4.574390288780705305e-08
9.667660805234845611e-08
8.651587002361793566e-09
6.507011818257524283e-09
1.161931173498942371e-08
1.623122791727382719e-08
3.861863273613153069e-09
3.446423235686779663e-08
1.528437110209779348e-08
4.894813443456769164e-09
2.026770573593239533e-08
5.353708942834600748e-08
4.337747050442430918e-09
6.383394701714451003e-09
7.395770467155671213e-07
8.646247096066872473e-08
4.983090917676236131e-08
4.572071929942467250e-07
2.976169533042138937e-08
3.009252509400539566e-07
3.246401902856632660e-08
2.675816901387406688e-08
8.762301995091092977e-10
3.854606078768085808e-10
6.122912399320057375e-09
2.141283372836255694e-09
2.410877719682957832e-09
7.221037101601268660e-09
8.397613715516172306e-10
1.864794985095841184e-09
8.873048962243501592e-10
3.484580179957674773e-09
2.280076927263507969e-08
8.232658501583500765e-07
5.844521311360040272e-08
4.047985946442622662e-09
1.246862701975715026e-08
9.744691720214859743e-10
2.433292678460929892e-09
1.266978189029543955e-09
9.041107418283900188e-09
6.449010769848939617e-10
1.819792316837265389e-08
3.304355011835014011e-09
8.562491271568717366e-10
5.562141858206359757e-10
1.522251125152251916e-07
2.065593349698247039e-07
1.937320304179479535e-09
4.926283381223584001e-09
1.250582415401879643e-09
1.105596503236938588e-09
1.079273559412285977e-08
9.957441982066939090e-09
1.179747322055391123e-08
6.076920300301935640e-09
7.747219754605794151e-09
4.455477764508941618e-09
8.552309971321392368e-09
1.130434301721550128e-09
1.914348235487750571e-09
1.542935224030372865e-09
2.457895043050939421e-08
3.368012713167445327e-08
1.914636671429548187e-09
4.936453734671886195e-08
6.950337194666644791e-08
9.028854108805717260e-09
9.251252541808696606e-10
5.321291851601017697e-09
1.450012110382203900e-09
1.077487543632571487e-09
1.134019633752814116e-08
4.196042957538281826e-10
6.049500456128953374e-09
4.387648466774862754e-09
3.011721094736685700e-09
1.770492752406482850e-09
1.511653380248390022e-08
1.634929880367508304e-08
1.374190428116150997e-09
3.358318512169944370e-09
3.315902441514140264e-09
9.808545975431570696e-09
2.184528558046849867e-09
2.984436378028476611e-07
1.247769176870860974e-08
6.562297927281690590e-10
2.916540786657151330e-08
1.473901001247668319e-08
3.682395277593286664e-09
1.215806011423126165e-09
3.018715943881034036e-08
1.066701571517114644e-08
3.062085252025781301e-09
3.952509874949328150e-09
1.882015432386197062e-08
3.263211700854640185e-09
5.013423898247992838e-09
3.196685360862261405e-09
3.800156633815277019e-09
7.171720106668999506e-09
1.362914003877335745e-09
1.598997489971054620e-09
1.207507205336355582e-09
9.142477885859534581e-10
1.079655920221966880e-09
2.634598317285963276e-08
4.431898403822742694e-09
2.984900104863186243e-09
6.430132537538213455e-10
1.122521076091231862e-09
4.417570309556140273e-08
2.638907536933743359e-09
3.240676338389647526e-10
1.341592614778619463e-08
5.834539074101030565e-09
4.468515779620929607e-09
1.245229874768938316e-08
1.568147944830400320e-09
4.992763980027348225e-09
1.760640166992288869e-08
9.499300901438800793e-09
2.475195604034752250e-10
1.994199472221680480e-08
9.664451994240152999e-08
1.195311796209352906e-07
1.443541064460873713e-09
1.506501234871393535e-08
4.935189146237917157e-09
3.568480400062412627e-09
1.799971585114690242e-07
1.781009340007244646e-09
5.867203167753132220e-09
8.323753242223119742e-09
1.327156273767116090e-09
5.362474908565673104e-09
3.269310822062720945e-09
7.001433210973573296e-09
4.308442047573635136e-09
4.264928410435686601e-09
1.157796436501712378e-08
2.650332397990950994e-09
1.281102584016480250e-07
2.205319837855768128e-08
6.248703332545346711e-09
4.571030221001137761e-09
9.232214437382424421e-10
1.252334458357040603e-09
1.735536381275437634e-09
7.072593066759225167e-10
1.394375170882256043e-09
1.287836681740373024e-08
1.590213738467127769e-09
1.967360674370866036e-08
1.377720382222946682e-09
9.015690416447341704e-09
4.371215889253932119e-10
1.194060850195910461e-09
2.941399346312323360e-09
1.130652016456679121e-09
3.897925093809817554e-09
5.341914910417244755e-09
2.269627374928973040e-09
1.349553802043601536e-08
3.040135609921890136e-08
2.505050888945703491e-10
3.867777564892094233e-08
6.699635957119198792e-09
2.339601623546627707e-09
4.233490447091980968e-09
7.827306802710154443e-09
1.098683188871518723e-08
4.728361702177608095e-09
6.047435885392360433e-09
1.217542511255942372e-08
7.450499328598425564e-09
8.507227811094253411e-09
4.635456907209345445e-09
4.875841952411974489e-09
1.860308129764121077e-09
1.665169890863182900e-09
6.253642226283773198e-08
2.533300236251534443e-09
7.428997972347417544e-10
2.087527484206930239e-09
2.753714589687206171e-08
9.703794434656742851e-10
1.680196426434577006e-09
2.865916837180293442e-09
5.658460366930739838e-09
2.304116231144348603e-09
1.248008918430798531e-09
6.778169581167503566e-09
5.959211790695917443e-09
1.844258079586325039e-09
6.765485505155766077e-09
1.550245043446807358e-09
1.981183217480975145e-09
1.094956729730256484e-07
5.130796676411364388e-09
1.070306288042388587e-09
2.774988239195863571e-09
1.222191237104652828e-08
1.830408602465638523e-09
5.666398461556809707e-09
1.657846193658940592e-09
4.147737264759143727e-09
2.691909806173953257e-09
3.138914195233155624e-08
6.651960648973442858e-10
2.997837782459100708e-07
1.170045837994848625e-09
5.182363427280733958e-09
1.383321635017864537e-08
4.616186988215531528e-09
3.208694865364236648e-09
1.222487266971938880e-08
9.509779630434422870e-09
8.946211771387879708e-09
1.576647257195418206e-09
3.313343910349431098e-08
4.432132716392089833e-10
1.156013507142006347e-08
4.136194942105930750e-09
2.321554060102926087e-09
1.937227933623830722e-09
8.793329620004897151e-09
1.124744120062359798e-08
1.751178935194275255e-08
1.516822556446584258e-09
9.128839018046619458e-09
1.159274232165330432e-09
4.338527404001979448e-08
1.026965956718584039e-09
1.525011894543126800e-09
2.760485585895366967e-06
5.729740237825353688e-08
6.119934781168012705e-09
1.604848587355434120e-09
2.082270356140725198e-09
3.310758334151842064e-09
5.324794383199105141e-09
1.041635222520653770e-09
2.362800177735380203e-09
2.991637160221216618e-09
1.766145119042050737e-09
2.677205479528765864e-08
4.925240659758856054e-09
2.086237849141525658e-09
1.674840266474575401e-09
1.162290264034027132e-08
3.010071636389000105e-10
1.102407054531795438e-06
2.464127346613054215e-09
3.339895693343919447e-09
5.219516197030316107e-08
2.216308736535665957e-08
1.121958703720338235e-08
2.021932665741132951e-08
2.757902572980697187e-09
3.216924726601178008e-09
1.122268500353129639e-09
2.699330359234863863e-08
6.396212448578353360e-10
9.185708194081598776e-09
8.385214300687948707e-09
3.316035446232490358e-09
4.402200826092439456e-09
3.646212887176147888e-09
4.083146620814659400e-08
6.937308061338853804e-09
2.245802299682964076e-08
1.548749573032637272e-09
2.128957277136578341e-08
4.007354892365810883e-09
1.960175577409017933e-09
1.531924809228257800e-08
7.384035605184635642e-09
9.152614777185874573e-10
1.758173695520781621e-08
7.032436997178592719e-07
1.221550416374839187e-08
7.198155405063744183e-09
3.059522413195736590e-09
3.002000203977672754e-09
3.084906774475371094e-09
5.597136087942544691e-09
4.160011712883715518e-08
5.783251655344656683e-09
5.550592874214999028e-09
3.521614666546213357e-10
6.617968395516982127e-10
3.004864579381205658e-09
2.548002697722040466e-09
2.528913078947425674e-08
1.870648080881665010e-09
8.836656739674708660e-09
6.332350199755865106e-10
1.906653146477310656e-08
3.278158855479773592e-09
7.725606820940811303e-08
1.186503006955774708e-09
1.172024810536242967e-09
5.483436371633843009e-09
2.959785305733930727e-09
5.067279484904929632e-09
1.633059021344251960e-09
9.226463149047958723e-09
4.550370302780493148e-09
1.462533538720833803e-09
4.219007365691140876e-08
8.092389536251687332e-10
8.006509233382530510e-09
8.210359396798594389e-07
6.778967942544511516e-10
7.645320465599070303e-08
9.503645648223368880e-10
1.056504572716221446e-08
5.391922996977882576e-08
7.078385433345601996e-09
9.198362072027066461e-10
3.669781367676705486e-09
3.725892927519680597e-10
2.606566740226412549e-09
1.415486128308884872e-08
8.017710939611788490e-09
1.650982794920707875e-09
1.215043399227511145e-09
2.903092877204471733e-08
2.673351762183528990e-09
6.316337675116301398e-08
6.602202518024569144e-08
4.664733932457920673e-09
2.617217775835456450e-09
3.319515995414690224e-09
7.710494465129613673e-10
5.885890530521464825e-08
1.955590711588683916e-08
1.057917531355201390e-09
2.454718384115039953e-08
6.781363470764745216e-09
5.071704722858783043e-10
1.988770259586658540e-09
1.553427608769197832e-08
2.956033640089117398e-09
5.991176998954017563e-10
4.851351764756373086e-09
4.852927659726447018e-08
9.396894995461479994e-08
3.051568597811638028e-08
2.741664673067134572e-09
1.036941732479590428e-08
1.713556230242829770e-07
5.425537796810431246e-10
7.850211147797381273e-09
4.449949297935518189e-09
1.356014078801592859e-09
2.450067704273806157e-09
6.339220703921455424e-08
2.573685797813141107e-08
1.271665794888576784e-08
8.376949800492639042e-09
2.627139061850414237e-10
2.226548501127467716e-09
1.698674090278018411e-08
3.999634845541777395e-09
6.978554623060517770e-09
5.196923780204087961e-09
3.420677519017090162e-09
4.725091073964904353e-08
2.121261777343619315e-10
8.503480586341538583e-09
5.340750619531320353e-10
1.944153504851442449e-09
1.071597353075048886e-07
5.351212251092363203e-10
2.346895788818414985e-09
1.168754315550302181e-09
7.222277442764379884e-09
5.503312916488312112e-09
1.388237191868313403e-09
4.991687951871881523e-09
8.128995254708115681e-09
1.120055159731236927e-09
1.151146555855575571e-08
6.823583031945190669e-09
2.441310487100167848e-10
1.779664637879818656e-09
4.059026448288705069e-09
3.400239201312160731e-09
8.633603165719705430e-09
7.178587679845804814e-08
1.716145625607623515e-08
4.784554530345985768e-09
3.362433220743810125e-09
1.882053846102849093e-09
8.709569954135076841e-09
3.736358067385481263e-08
8.939281537223564555e-10
3.237982382220394584e-10
1.134094929078344194e-09
6.324712753524863729e-09
2.591858816458625370e-08
8.688381569754710654e-09
1.116732217809612848e-08
2.285186866402000305e-07
3.261712233637581448e-09
7.280879898985403997e-09
5.169147243577754125e-08
1.399785265476793938e-08
9.705151349237439717e-09
1.459947163162667039e-09
5.880165243610235848e-09
3.193991515715310925e-09
3.273154414173973237e-09
2.124257991731326456e-10
3.924407909750016188e-09
9.120694421937969310e-09
2.371614726826010155e-08
4.825578869827040762e-08
1.365542701137201220e-08
1.791629289371599043e-09
1.669425664374557527e-08
9.576654136367324099e-09
5.948703751812445262e-10
1.025760631989669491e-08
1.293517959410905860e-09
6.013447073627276040e-09
1.309045760677918224e-08
3.210502441675089358e-08
9.639787634796448401e-09
1.707910257664480014e-08
4.138846598777945474e-09
3.239687407230462668e-10
1.070604938036012754e-08
5.568959515755977918e-09
2.232249524114493511e-10
1.901820506633455921e-10
4.982119161667242224e-09
1.340318411813257171e-09
4.741899761739887253e-09
8.862038924917214899e-08
4.550176901929603446e-10
5.312562834092204866e-08
2.799294129829377198e-08
1.295344942420229017e-09
6.735678237390629874e-09
3.919829794085671892e-09
1.756149359266601095e-08
3.257144243207221734e-08
8.492389569347835732e-10
3.016523644328117371e-02
4.165829903257645128e-09
1.131271187837512571e-09
3.015614069568073319e-08
8.505524284885268571e-09
1.904903568217264365e-09
7.453441419613682228e-09
1.907074054230406546e-09
8.573031173852996289e-10
7.329437945458039394e-09
1.158419404845290046e-08
3.657289582292833074e-08
4.124393715443375186e-09
1.507677005463392561e-08
2.447228197866024857e-09
5.998860297395935959e-10
3.675348636544839565e-10
1.754492018335440662e-08
2.782646779664332826e-09
5.184745965891579544e-09
1.053529956607235363e-07
5.617789344825041553e-09
1.369326430022965724e-09
3.078382437848858899e-09
8.205575774411499879e-09
5.905972599862252537e-09
6.471340796565527853e-09
1.533496885031127022e-09
1.071287147880184421e-08
3.886507116135362594e-09
2.369525731182875461e-08
1.537304683552065399e-08
4.563137423474472598e-09
1.124857806900081414e-08
3.916414303972715061e-09
6.536691632419433517e-09
9.536789136177503678e-09
2.357273487518796173e-08
9.796262467887117964e-09
4.855360113964479751e-09
2.317206870827703824e-08
1.129886850748107463e-09
6.823088316565417699e-09
5.268001146419010183e-09
1.037121766245263643e-08
4.487080984549862706e-10
1.034934271615384205e-08
4.544506992942842771e-09
1.881552513793849357e-08
1.332475019211187828e-09
4.380998064323904373e-10
2.385041053543091039e-09
7.147072267343901331e-09
7.270361201960895414e-09
9.460907612890423479e-10
1.950096795155786822e-08
1.297469509609072702e-08
2.772434193332173891e-08
5.156116866800175558e-09
8.038546495114928803e-10
1.444298458608272995e-09
4.119708130190247175e-09
4.444062451369745759e-09
1.006129757286089443e-08
7.057072703986477791e-09
2.279519017989173335e-09
4.653632201812030189e-10
5.816757631116331595e-10
1.751927314330714580e-08
8.164973053226276534e-08
7.437153115574801632e-09
1.530221616086180347e-09
4.121352858987847867e-08
5.408727354883069438e-10
6.818675624131742552e-10
1.551632489160681416e-09
1.171750430017937106e-08
6.075741509903309634e-08
5.048130358176194932e-09
2.921956898660482693e-09
1.982915520670758269e-08
5.527128976723361120e-09
7.036240035063201503e-09
5.432603256139145742e-09
8.147731378471689823e-09
1.033910290715311930e-08
1.218199319197310615e-09
3.442880203152753893e-09
4.352631588488975467e-09
1.496505092291045003e-06
2.375512764274390065e-08
3.132566872565689664e-09
6.285436615627304491e-09
7.888772302067081910e-09
2.512852370628593235e-09
6.451437162269257897e-09
3.297668582646906543e-09
3.827643411113967886e-07
1.011735584199868754e-08
3.770634027233654706e-09
1.608569055733255482e-09
8.400389717166945047e-09
3.778647172936189236e-09
1.897951351637061634e-09
4.016139421025854972e-09
1.996093290657086072e-09
8.821652741630714445e-09
5.066564057187861181e-09
3.909811141511454480e-08
3.104995149882938676e-09
2.999104520284845421e-09
8.698076703339552296e-10
4.434443479084393402e-09
5.601280328448865475e-09
5.550626980266315513e-08
9.232308251228005247e-09
1.183745901300881087e-08
8.626278358292438497e-09
3.791584379797541260e-09
7.405795976467288710e-10
4.536383713116265426e-09
5.112675172114222732e-09
7.227003440135604251e-09
3.581818397435654333e-09
6.352146897370403167e-08
2.988838332385057583e-08
1.758324685852130642e-08
3.581595109380941722e-08
2.188062921959499363e-07
2.730910750869952608e-07
1.471443233924674132e-08
3.398746912353090011e-06
7.097035563674580771e-07
1.574812671378822415e-07
1.019238453636717168e-07
4.543720422134356340e-08
7.614216812612539798e-09
2.317697322951062233e-08
1.972308041331416462e-07
2.945695598555175820e-08
2.901253903786482624e-09
2.981816180636087665e-07
1.876560844493724289e-07
1.493731538459996955e-08
6.958338794049723219e-09
1.168057384148823985e-08
8.473345913806440421e-10
8.185801370075296290e-09
2.604773818859484891e-08
5.277605463760437488e-09
2.856541003737333995e-09
6.990958034691630019e-09
3.979674811915856480e-09
1.175156949528854966e-08
3.416973815006940640e-09
1.832299290072114673e-08
1.156790432332854834e-07
6.714321543199730513e-09
1.907315017035671190e-08
1.510672809068580591e-09
2.389983144723828445e-08
2.911520136095191447e-09
2.577138058512673524e-09
1.266374738406739198e-08
3.224511546662256478e-09
4.312577406295758919e-09
2.893743245024893440e-09
8.416829011537174665e-09
5.389257040633310680e-09
5.399425617724773474e-08
1.360505734737671446e-06
5.150902779860189185e-07
1.102990196955033753e-07
4.199636691737396177e-07
1.779344165697693825e-05
4.947170850755355787e-08
3.150533984808134846e-07
1.308289597545808647e-06
3.624622735287630348e-08
7.627493232575943694e-06
6.315915925370063633e-06
2.277209318890527356e-07
8.459419120754319010e-08
1.473939164498005994e-06
5.348745890643158418e-09
