6.937375474080909044e-06
1.011751519399695098e-04
8.627752322354353964e-06
1.865827016445109621e-06
4.659177193389041349e-06
2.204884549428243190e-05
5.678654633811675012e-05
8.376003825105726719e-05
2.079799887724220753e-04
3.879658834193833172e-05
9.651056643633637577e-06
2.420548298687208444e-05
4.974141484126448631e-05
1.467637048335745931e-05
4.933615855406969786e-05
3.303811899968422949e-05
5.611305368802277371e-06
4.940362487104721367e-05
1.666473508521448821e-05
2.124880484188906848e-05
9.748537195264361799e-06
1.979917033168021590e-05
2.828232209139969200e-05
3.173886216245591640e-05
5.642136093229055405e-04
3.138212377962190658e-06
3.088457106059649959e-06
7.690740631005610339e-07
7.147553446884558070e-07
5.391185368353035301e-06
2.236550699308281764e-06
2.040874278463888913e-06
1.490574732088134624e-06
2.913649768743198365e-05
1.996717219299171120e-05
1.099675428122282028e-04
1.182460327981971204e-04
1.777221586962696165e-05
1.765675619935791474e-06
1.512576545792398974e-05
2.816774667735444382e-06
7.488886240025749430e-07
6.368922640831442550e-06
9.418036825081799179e-06
7.276722499227616936e-06
6.470634980360046029e-05
4.002081368525978178e-06
3.887989078066311777e-05
3.125544026261195540e-05
2.311468233529012650e-05
1.668395416345447302e-04
3.073564585065469146e-05
2.745076471910579130e-06
5.630146915791556239e-06
1.261070792679674923e-05
6.797393143642693758e-05
5.482396318257087842e-06
1.959260089279268868e-06
7.976820779731497169e-05
4.029448518849676475e-06
4.251562859280966222e-05
3.203224332537502050e-05
3.122811904177069664e-05
1.088264980353415012e-04
1.745380359352566302e-05
2.840601700881961733e-05
4.916917532682418823e-05
6.114664574852213264e-05
1.076800981536507607e-05
7.177735678851604462e-04
9.089699597097933292e-05
2.951156602648552507e-05
1.860102784121409059e-04
7.098965346813201904e-03
4.569962620735168457e-03
6.384329753927886486e-04
2.858102670870721340e-04
2.525370800867676735e-03
3.043985634576529264e-05
1.943881361512467265e-04
1.406822848366573453e-04
8.334326594194862992e-06
7.175590144470334053e-04
1.026346362777985632e-04
6.755268550477921963e-04
6.980555917834863067e-05
8.209306542994454503e-05
1.313705706706969067e-05
6.241345545276999474e-05
6.255459084059111774e-06
1.563743353472091258e-05
3.388333880138816312e-06
8.418644029006827623e-06
1.726239133859053254e-05
3.386949538253247738e-05
1.454835228287265636e-06
3.665750773507170379e-05
2.059650068986229599e-05
1.746375119182630442e-06
1.088518820324679837e-05
6.753248453605920076e-05
2.543157315813004971e-04
5.001284989702980965e-06
4.045082459924742579e-05
2.458084782119840384e-05
1.023936965793836862e-05
7.885866216383874416e-05
5.049835890531539917e-04
4.729248030344024301e-05
6.074965494917705655e-05
5.029965450376039371e-06
1.233000512002035975e-05
3.440978616708889604e-05
1.549147127661854029e-04
2.025841240538284183e-05
1.433715715393191203e-05
8.349490351974964142e-03
6.019607099005952477e-05
1.650679951126221567e-05
6.138558092061430216e-06
1.863863531070819590e-06
3.416215122342691757e-06
3.129646756860893220e-06
3.301128526800312102e-05
6.643954111495986581e-05
9.397562280355487019e-06
2.167899947380647063e-05
9.995919754146598279e-06
6.887393737997626886e-06
4.742121291201328859e-06
1.608069942449219525e-05
2.681468913579010405e-06
1.575651731400284916e-05
7.460895631083985791e-06
1.743418943078722805e-05
1.345919190498534590e-05
5.030886313761584461e-06
3.659346475615166128e-06
8.971523493528366089e-05
8.726784699319978245e-07
1.193415300804190338e-06
1.154631991084897891e-05
5.431681529444176704e-06
3.107867598828306654e-07
6.370186383719556034e-06
9.964130185835529119e-06
1.091511990125582088e-06
3.353521378812729381e-06
1.760423947416711599e-05
8.926900591177400202e-06
6.447990745073184371e-05
1.037544789141975343e-04
5.640045401378301904e-06
6.007153842801926658e-06
2.299775042047258466e-05
3.505879067233763635e-05
4.481167707126587629e-05
1.742813765304163098e-05
2.423688556518754922e-06
7.640265721420291811e-06
4.942472060065483674e-06
1.462286127207335085e-05
1.378842353005893528e-05
3.585686135920695961e-05
6.371575000230222940e-05
2.033647979260422289e-05
1.035134664562065154e-05
1.544302358524873853e-05
7.675591405131854117e-06
2.325221430510282516e-06
1.646565397095400840e-05
1.067948005584185012e-06
1.719177134873461910e-06
4.486899342737160623e-06
4.503909440245479345e-05
1.288803832721896470e-05
2.391468569840071723e-06
6.930034942342899740e-06
5.247383342066314071e-06
4.215337412460939959e-06
3.785460876315482892e-06
6.711134574288735166e-06
1.022907745209522545e-04
1.014613008010201156e-05
2.308027796971146017e-05
7.396197906928136945e-05
7.038378680590540171e-05
3.261393794673494995e-05
8.762156539887655526e-06
2.697989839361980557e-05
6.558797849720576778e-06
5.051976404502056539e-05
7.305938197532668710e-05
1.446820715500507504e-05
5.671101916959742084e-06
6.519743328681215644e-05
3.325826764921657741e-05
3.843729791697114706e-05
6.633083830820396543e-05
6.323528214124962687e-05
2.788184247037861496e-05
2.144814243365544826e-05
1.477154546591918916e-05
1.546096464153379202e-04
1.123028141591930762e-05
1.163899833045434207e-05
7.925224963400978595e-06
2.971830326714552939e-05
3.219105929019860923e-05
1.593896558915730566e-05
6.500015842902939767e-06
7.907256986072752625e-06
2.032705560850445181e-05
2.962791768368333578e-05
2.932413008238654584e-05
1.304406305280281231e-05
5.985666211927309632e-05
1.308139871980529279e-05
1.845492442953400314e-05
4.960720980307087302e-05
2.724385922192595899e-05
2.090152338496409357e-05
1.791691829566843808e-05
4.024826557724736631e-05
2.010923526540864259e-05
9.409215999767184258e-05
3.288986044935882092e-05
1.022941869450733066e-04
2.624205990287009627e-06
1.941710797837004066e-05
2.240052890556398779e-05
3.259845107095316052e-05
1.627149504201952368e-05
1.331922539975494146e-04
1.313344400841742754e-04
1.926066615851595998e-04
1.072005670721409842e-05
5.501700070453807712e-05
1.970656376215629280e-05
2.315340316272340715e-05
4.477212132769636810e-05
3.344669312355108559e-05
1.977267675101757050e-05
3.435479811741970479e-05
1.089912329916842282e-04
2.284872425661887974e-05
4.101002559764310718e-06
3.213860327377915382e-05
3.937002111342735589e-05
7.041964272502809763e-05
7.358220318565145135e-05
4.099719717487460002e-06
2.063143438135739416e-05
2.524792580516077578e-05
3.773089702008292079e-05
3.077533256146125495e-05
1.170341056422330439e-05
2.547685835452284664e-05
3.699052831507287920e-05
3.621996438596397638e-05
3.729122690856456757e-04
2.618305188661906868e-05
2.716193193919025362e-05
3.111919068032875657e-05
8.158018317772075534e-06
5.638082711811875924e-06
3.333321956233703531e-06
1.185895052913110703e-05
3.180393150614690967e-06
1.673828228376805782e-04
3.993813152192160487e-05
1.627426681807264686e-04
1.476193428970873356e-04
7.635542715433984995e-05
2.057553210761398077e-04
6.763084093108773232e-05
2.049535396508872509e-05
6.352445052471011877e-05
6.377924819389590994e-06
2.524520459701307118e-05
2.369310241192579269e-04
2.241435577161610126e-04
4.720463766716420650e-04
2.260675828438252211e-04
1.356600259896367788e-04
1.252374058822169900e-04
6.204461678862571716e-04
1.066917975549586117e-04
6.628581468248739839e-05
1.437881874153390527e-04
3.304538258817046881e-04
5.515163866220973432e-05
2.012499462580308318e-04
2.192077372455969453e-04
1.824368664529174566e-04
7.781277963658794761e-05
3.729850141098722816e-05
1.621409610379487276e-04
9.170216799248009920e-06
5.245899956207722425e-05
2.908009082602802664e-05
2.484881406417116523e-05
3.719105734489858150e-05
1.041124414769001305e-05
2.857428080460522324e-05
2.678117380128242075e-05
5.868096195627003908e-05
9.276976015826221555e-06
5.048508683103136718e-05
1.553546462673693895e-05
1.645997836021706462e-04
9.334858077636454254e-06
4.590246589941671118e-06
1.278735871892422438e-04
2.575885155238211155e-04
3.868886778946034610e-06
1.731552474666386843e-04
2.598329501779517159e-06
6.722725811414420605e-05
5.775743047706782818e-04
9.272827810491435230e-06
2.227707227575592697e-05
4.965366315445862710e-06
4.256221927789738402e-06
1.237764422512555029e-06
7.999545346137892921e-07
4.359736067272024229e-06
6.870942888781428337e-05
2.428545121802017093e-04
8.067381713772192597e-06
2.033070268225856125e-05
4.087498746230266988e-05
1.589443127159029245e-05
2.103683527820976451e-06
2.529694756958633661e-04
8.434624760411679745e-05
2.538209628255572170e-06
4.893817458651028574e-05
2.145501457562204450e-05
1.524329400126589462e-05
1.950527512235566974e-04
1.038357440847903490e-04
5.465005961013957858e-05
6.420904537662863731e-05
9.595336450729519129e-05
1.113968464778736234e-04
1.030464627547189593e-04
6.164180376799777150e-05
1.408711159456288442e-05
1.478631656937068328e-05
2.523083639971446246e-05
1.011834956443635747e-05
8.954953045758884400e-06
2.495872831786982715e-05
1.265153841814026237e-04
1.014972585835494101e-04
9.114146450883708894e-06
1.711167897155974060e-05
6.899364507262362167e-06
5.869392225577030331e-06
6.717092765029519796e-05
8.009068551473319530e-06
8.750757842790335417e-06
8.026145951589569449e-05
1.716053520794957876e-04
8.839115616865456104e-04
5.687223165296018124e-05
3.123668138869106770e-04
1.370017707813531160e-04
3.740176616702228785e-04
6.590515113202854991e-05
3.447485505603253841e-05
5.272165799397043884e-05
5.444795169751159847e-05
7.652046042494475842e-05
5.001497265766374767e-05
1.923658965097274631e-05
5.114068044349551201e-04
1.364373929391149431e-05
8.115584205370396376e-05
5.989354758639819920e-05
8.524613804183900356e-05
2.064478903776034713e-04
8.434254414169117808e-05
3.767512680497020483e-05
8.032525656744837761e-04
3.440517757553607225e-04
1.688884658506140113e-04
6.430832581827417016e-05
2.264071554236579686e-06
7.195575562946032733e-06
4.488324520934838802e-06
8.906508810468949378e-06
1.174796693703683559e-06
3.360833943588659167e-06
9.880555808194912970e-06
8.096636884147301316e-05
1.172384236269863322e-05
1.353055471554398537e-03
8.484093996230512857e-05
8.466526196571066976e-06
2.161388874810654670e-05
2.043524364125914872e-05
8.694823009136598557e-06
1.270746997761307284e-05
2.026188012678176165e-04
3.951185790356248617e-04
1.551500099594704807e-05
2.767423211480490863e-05
5.218697478994727135e-04
2.030625619227066636e-04
2.680728903214912862e-05
3.110404359176754951e-04
4.225206339469878003e-06
9.068278450286015868e-05
1.198117242893204093e-04
2.639286321937106550e-05
2.225681440904736519e-03
1.252637321158545092e-05
2.166194826713763177e-05
1.037221300066448748e-04
1.841223420342430472e-04
3.160561163895181380e-06
1.274587157240603119e-05
2.191147214034572244e-04
2.153228415409103036e-04
1.706476905383169651e-04
3.232800809200853109e-04
1.481626241002231836e-04
1.174170683952979743e-04
7.214709330582991242e-05
4.817240551346912980e-06
8.161933692463207990e-06
6.349322575260885060e-06
1.185834116768091917e-05
3.272034227848052979e-04
1.632755584068945609e-06
1.331303519691573456e-05
4.686680040322244167e-05
1.294475077884271741e-05
9.138713357970118523e-05
1.468803500756621361e-03
4.334210243541747332e-04
8.764165977481752634e-05
1.260722092411015183e-05
2.637172838149126619e-05
3.060707822442054749e-04
3.860433571389876306e-05
1.536203490104526281e-04
1.321585295954719186e-04
1.153835000877734274e-05
3.188503251294605434e-05
4.196735972072929144e-05
6.209321873029693961e-05
8.762110519455745816e-05
4.382954648463055491e-05
5.903402416151948273e-05
4.596276630763895810e-05
4.001440247520804405e-04
2.686095285753253847e-05
3.392500002519227564e-05
5.837213830091059208e-04
6.946892244741320610e-05
1.072026789188385010e-04
5.588728527072817087e-05
9.893827518681064248e-05
1.903691736515611410e-05
2.282702917000278831e-05
3.430297147133387625e-05
3.969399840570986271e-04
4.907527472823858261e-04
4.610857286024838686e-05
3.391833524801768363e-05
8.450763743894640356e-06
2.021223372139502317e-05
4.601840628311038017e-04
3.981900226790457964e-04
1.313181428486132063e-06
1.709933858364820480e-04
7.177879069786285982e-06
1.201641644001938403e-04
7.371368701569736004e-05
1.072604027285706252e-05
3.145103692077100277e-04
4.127368811168707907e-06
9.565373147779610008e-06
1.154996516561368480e-05
7.888348045526072383e-05
3.522071929182857275e-04
1.013005804270505905e-02
1.325858524069190025e-03
6.598980689886957407e-05
2.783802920021116734e-04
2.365868022025097162e-05
1.079790410585701466e-03
2.653989940881729126e-04
8.927505696192383766e-04
6.237805355340242386e-04
1.569061350892297924e-05
2.367023625993169844e-05
1.080934598576277494e-04
9.814558143261820078e-05
1.749621696944814175e-05
2.774751374090556055e-05
1.610954132047481835e-05
7.132287282729521394e-05
3.053427790291607380e-04
1.067669072654098272e-04
1.262836394744226709e-05
7.818784069968387485e-05
3.512930561555549502e-05
1.773783424141583964e-06
7.098091828083852306e-06
8.763334335526451468e-06
6.739017408108338714e-05
1.103940448956564069e-04
3.507507426547817886e-05
2.944767766166478395e-04
5.396275446400977671e-05
1.339512091362848878e-04
5.537312063097488135e-06
1.868699428086983971e-06
1.213441373693058267e-05
5.769062227045651525e-06
7.353285327553749084e-04
5.029032763559371233e-05
1.224237439600983635e-05
1.828163658501580358e-04
5.813339157612062991e-06
3.026688318641390651e-06
2.924656146205961704e-04
1.344273368886206299e-05
1.447399699827656150e-04
2.346854489587713033e-05
2.041695006482768804e-05
1.646395048737758771e-06
2.360943108214996755e-05
2.411902642052154988e-05
1.905378157971426845e-04
6.533623090945184231e-04
3.444261528784409165e-05
1.514257310191169381e-04
1.985292328754439950e-05
2.280039916513487697e-05
1.019015508063603193e-05
2.929711714386940002e-03
4.911396899842657149e-05
6.150545232230797410e-05
7.169214950408786535e-05
3.181291103828698397e-04
5.101955139252822846e-06
2.964757641166215762e-06
7.663534051971510053e-05
6.628751725656911731e-05
5.309443440637551248e-05
4.084171087015420198e-05
3.747224435210227966e-02
5.308061372488737106e-05
5.623117431241553277e-06
1.179845276055857539e-05
2.377412238274700940e-05
1.034214583341963589e-04
2.398194931447505951e-02
1.288101543650554959e-06
4.311408338253386319e-05
1.290555956074967980e-04
4.112538954359479249e-05
2.800926085910759866e-05
7.936218025861307979e-05
1.401062127115437761e-05
1.791370777937117964e-05
1.328918733634054661e-05
6.630999501794576645e-03
1.863082616182509810e-05
1.876925125543493778e-05
2.030599716817960143e-05
2.744871198956388980e-05
8.460042066872119904e-03
2.525541276554577053e-05
2.686512925720307976e-05
2.515194239094853401e-03
4.889814590569585562e-05
5.074783257441595197e-05
1.135388738475739956e-03
1.546095700177829713e-05
1.090377554646693170e-05
1.711164622975047678e-05
5.872919246030505747e-06
3.767398011405020952e-04
4.950170023221289739e-06
4.163729045103536919e-06
5.461717955768108368e-05
3.946666765841655433e-05
7.773315701342653483e-06
1.475460157962515950e-04
3.770348484977148473e-05
4.622374763130210340e-05
5.727298776037059724e-05
2.154154644813388586e-04
1.302020158618688583e-02
3.140276821795850992e-04
4.802268904313677922e-06
5.129380588186904788e-05
1.693518424872308969e-04
4.268620104994624853e-04
2.089391055051237345e-04
3.356775550855672918e-06
7.643279241165146232e-05
6.458126154029741883e-05
8.820261427899822593e-05
2.953392140625510365e-05
1.892607845366001129e-02
1.613584936421830207e-05
2.105199928337242454e-05
1.505011750850826502e-04
2.282282912347000092e-05
8.041784167289733887e-05
1.326790061284555122e-05
5.359272472560405731e-05
2.135053044185042381e-03
7.600532262586057186e-05
4.247514152666553855e-05
3.006199040100909770e-05
3.061338020415860228e-06
2.935224983957596123e-05
4.075651759194443002e-06
1.335961715085431933e-04
2.878593932109652087e-06
1.392587273585377261e-05
2.654729087225859985e-06
4.982765858585480601e-06
8.283557690447196364e-06
5.232442053966224194e-04
4.000259650638327003e-05
1.450113195460289717e-04
1.215780721395276487e-04
8.638302097097039223e-05
8.008148142835125327e-05
2.403106736892368644e-05
7.287991320481523871e-05
2.475028304615989327e-05
1.446262758690863848e-04
4.375266144052147865e-05
7.556196651421487331e-04
5.881267861695960164e-05
3.651542647276073694e-05
9.793475037440657616e-04
2.829122422554064542e-05
4.143497426412068307e-05
2.427991857985034585e-04
4.042440923512913287e-05
5.019739619456231594e-04
3.763067070394754410e-05
1.548283944430295378e-05
1.343649182672379538e-05
2.075497286568861455e-05
2.200133167207241058e-05
1.570965832797810435e-05
6.070564268156886101e-05
3.353040301590226591e-05
2.402059544692747295e-05
9.126571967499330640e-05
6.363559077726677060e-05
1.570974127389490604e-04
2.083427971228957176e-03
4.626590816769748926e-05
1.113581747631542385e-04
1.700813845673110336e-05
1.593090419191867113e-04
2.282138215377926826e-03
1.763748732628300786e-04
7.867987005738541484e-05
7.164501766965258867e-06
5.338608025340363383e-05
5.039816096541471779e-05
1.806975205909111537e-06
8.688569505466148257e-05
2.996510193042922765e-05
9.069191037269774824e-06
3.030677326023578644e-04
1.121901004808023572e-05
7.925323188828770071e-06
1.629864447750151157e-03
2.557703555794432759e-05
4.248714958521304652e-06
5.278723619994707406e-06
4.399275894684251398e-06
3.961129550589248538e-06
1.036893881973810494e-04
6.252489129110472277e-06
3.460345033090561628e-05
6.313769063126528636e-06
1.069434074452146888e-04
6.840919377282261848e-05
2.093054536089766771e-05
1.227644970640540123e-03
2.212543222412932664e-05
1.068604706233600155e-05
6.449239299399778247e-05
4.089680260221939534e-06
1.207405875902622938e-04
2.260255423607304692e-04
1.771432835084851831e-05
3.998518222942948341e-04
1.073706778697669506e-03
2.999924254254437983e-05
1.589856925420463085e-03
1.698683190625160933e-04
4.322134773246943951e-04
1.623520984139759094e-05
8.368087947019375861e-06
1.101500703953206539e-03
8.509797771694138646e-05
4.985556188330519944e-06
9.704818694444838911e-06
1.900355891848448664e-05
2.728074032347649336e-04
2.017080305449781008e-06
9.012751397676765919e-04
1.771953247953206301e-05
3.684271405290928669e-06
2.952492504846304655e-04
6.618853512918576598e-05
1.524169420008547604e-05
2.042182022705674171e-04
1.096430234611034393e-03
1.151737819782283623e-06
5.230783426668494940e-05
8.294039871543645859e-04
3.449899668339639902e-05
4.378371886559762061e-05
1.501992574048927054e-05
6.584863967873388901e-06
4.840436449740082026e-04
5.215747023612493649e-06
9.981091716326773167e-05
7.442517926392611116e-06
1.702299632597714663e-04
4.233911167830228806e-04
2.528570803406182677e-05
2.526002617742051370e-06
1.149128424003720284e-03
6.519559519801987335e-06
1.741655869409441948e-03
8.940822226577438414e-06
6.342547567328438163e-05
1.552824396640062332e-04
1.904453383758664131e-04
1.406476803822442889e-04
1.243785663973540068e-05
5.374524698709137738e-05
4.444391379365697503e-05
6.210263381944969296e-05
6.114798452472314239e-05
1.259984710486605763e-04
2.654902637004852295e-04
6.489629158750176430e-04
1.631705708859954029e-05
6.947491783648729324e-06
1.311935375269968063e-05
8.459702075924724340e-05
1.911147119244560599e-04
8.708229142939671874e-05
3.630516175689990632e-06
3.278686199337244034e-05
7.928070408524945378e-05
3.588934487197548151e-04
2.297417267982382327e-06
5.831560702063143253e-05
3.145692971884272993e-05
7.076422662066761404e-06
8.564713061787188053e-05
5.763071239925920963e-04
3.949829624616540968e-05
1.153539051301777363e-05
4.922477455693297088e-05
3.738190207513980567e-05
1.573804547660984099e-05
3.133202262688428164e-04
1.206331489811418578e-05
1.591853470017667860e-05
1.339266891591250896e-04
9.144009673036634922e-04
7.616822404088452458e-05
1.503841485828161240e-05
6.726009451085701585e-05
3.047334757866337895e-05
3.488116897642612457e-03
7.029262633295729756e-05
3.523420600686222315e-04
1.445802045054733753e-04
4.278446431271731853e-04
1.191634510178118944e-04
4.554727638605982065e-05
1.348182675428688526e-03
4.050952156831044704e-06
1.335317210759967566e-04
5.694902938557788730e-05
3.433156052778940648e-06
1.140331034548580647e-03
4.384100247989408672e-05
7.791417374392040074e-06
1.079262256098445505e-05
1.405438961228355765e-04
1.417472667526453733e-04
3.147369017824530602e-03
9.140073234448209405e-05
1.113084377720952034e-03
8.832803723635151982e-05
5.169134965399280190e-06
1.518666067568119615e-05
8.155059185810387135e-05
2.804400901368353516e-05
4.438977703102864325e-05
1.860434394984622486e-06
6.060765385627746582e-01
3.065529017476364970e-05
1.762566398610942997e-06
1.256303046829998493e-03
2.310094423592090607e-04
3.655077598523348570e-04
1.148638111772015691e-04
1.558789699629414827e-05
3.671602371468907222e-06
1.939888607012107968e-04
3.826207539532333612e-04
5.631272142636589706e-05
8.941278065321967006e-05
7.628762396052479744e-04
2.845877024810761213e-04
1.003405668598134071e-05
3.232648305129259825e-05
2.805072290357202291e-04
4.067010740982368588e-05
2.182803473260719329e-05
1.809142704587429762e-04
1.355371641693636775e-04
7.857264427002519369e-05
4.086097305844305083e-06
3.569658845663070679e-03
1.407832860422786325e-05
2.466256410116329789e-05
9.455338840780314058e-06
1.087717711925506592e-03
3.932333856937475502e-05
1.530779991298913956e-05
1.357994333375245333e-04
1.097853237297385931e-04
2.462146039761137217e-05
1.246453321073204279e-04
1.131723474827595055e-04
1.763189560733735561e-03
5.783111919299699366e-05
6.020353612257167697e-05
3.747695882339030504e-05
1.627644633117597550e-05
1.537552634545136243e-05
1.896215719170868397e-03
6.305354327196255326e-05
3.837221447611227632e-05
5.110333586344495416e-05
9.830135968513786793e-05
1.477396144764497876e-04
2.606989583000540733e-04
5.845171472174115479e-06
4.298404383007436991e-04
9.969971142709255219e-05
1.564208650961518288e-05
4.493164597079157829e-04
9.357564181300404016e-07
5.267984306556172669e-05
9.426689757674466819e-06
6.396195385605096817e-05
5.415484702098183334e-05
1.473972770327236503e-05
6.329172265395754948e-06
2.092872164212167263e-04
7.555461488664150238e-04
9.195419806928839535e-06
4.357818106655031443e-04
2.172929453081451356e-05
8.079393410298507661e-06
4.885183898295508698e-06
5.982476286590099335e-03
5.950611550360918045e-03
7.577423093607649207e-05
3.787472378462553024e-04
9.095804125536233187e-05
3.624377539381384850e-03
4.596655344357714057e-06
2.025012690864969045e-05
3.046926167371566407e-06
5.870693712495267391e-04
1.497012563049793243e-04
2.508382603991776705e-04
3.302602272015064955e-05
1.195616903714835644e-03
1.884480589069426060e-04
8.816742338240146637e-04
6.750293541699647903e-04
9.700113878352567554e-05
4.856052692048251629e-05
1.052420884661842138e-05
5.839680670760571957e-05
8.474794775247573853e-02
4.564624745398759842e-03
2.002757173613645136e-05
4.518278583418577909e-04
1.130016171373426914e-04
8.901579712983220816e-05
5.252728442428633571e-05
4.307882045395672321e-05
6.067739450372755527e-04
5.963075091131031513e-05
2.150869931938359514e-06
1.052322477335110307e-05
1.709237694740295410e-04
2.188419894082471728e-04
3.903778997482731938e-05
8.045013964874669909e-05
1.716491417028009892e-03
3.688347991555929184e-03
2.592529053799808025e-04
5.691875685442937538e-06
1.203656120196683332e-05
8.240819624916184694e-06
3.774340257223229855e-06
1.456137283639691304e-06
4.009847998531768098e-06
1.118384352594148368e-05
1.611301377124618739e-05
5.261120895738713443e-05
1.210289192385971546e-04
1.047512796503724530e-06
3.513388037390541285e-06
7.286413392648682930e-07
9.865462743618991226e-06
4.194049324723891914e-06
4.628504029824398458e-06
1.832691850722767413e-06
4.724485734186600894e-06
2.910691910074092448e-05
9.118580237554851919e-06
4.497386726143304259e-06
6.731665962433908135e-06
3.812457362073473632e-05
1.500201688031665981e-05
3.011409899045247585e-05
7.209419709397479892e-05
1.382670234306715429e-05
2.470084873493760824e-04
1.024832235998474061e-04
8.362443622900173068e-05
3.599171031964942813e-05
2.195857086917385459e-05
1.761753228493034840e-04
1.354603409708943218e-05
3.818078766926191747e-05
1.632475323276594281e-04
3.969015267557551851e-07
5.628933649859391153e-06
5.440811492007924244e-06
6.028825282555771992e-06
1.409405922458972782e-05
5.728148153139045462e-06
3.487320100248325616e-06
2.972093934658914804e-04
5.517444151337258518e-06
6.647471309406682849e-05
2.302959728694986552e-05
4.170395914115943015e-05
6.927356123924255371e-03
4.454618101590313017e-05
7.949618884595111012e-05
1.015446468954905868e-05
2.407369902357459068e-04
9.467845302424393594e-06
2.650485657795798033e-05
1.945767580764368176e-04
2.699100296013057232e-04
7.357960566878318787e-05
4.213555075693875551e-05
5.819899160997010767e-05
9.866023174254223704e-05
3.574732909328304231e-05
4.492667358135804534e-06
8.507196980644948781e-06
5.812970994156785309e-05
4.463990990188904107e-05
1.296562404604628682e-04
2.751289321167860180e-05
5.433702426671516150e-06
8.343209628947079182e-06
1.700842290119908284e-06
4.862677087658084929e-06
4.109198562218807638e-05
1.942194285220466554e-05
6.423075774364406243e-06
7.457797619281336665e-05
1.750098999764304608e-05
