9.699316376366114471e-18
1.196469401622247096e-15
1.036939653087735598e-16
1.861131397389813167e-17
2.188928681201919612e-17
2.945086123758156038e-14
4.706543865374440173e-16
4.060238033103385352e-15
2.262027743663973939e-15
2.745012367638775125e-14
4.021700575102156450e-15
1.759554246825566909e-14
6.791297989331692916e-15
6.393794321031195937e-15
6.031253631694514714e-16
1.671073502792737916e-15
2.420606922708319099e-15
2.897395045393745929e-16
1.399293929001571872e-16
6.447629617576311131e-15
2.630870933845933494e-17
5.179269644514614981e-17
2.964203048572754758e-17
7.806068447614288724e-15
1.950577540606830348e-15
5.506706773888015837e-16
1.211401042412046936e-13
1.704923162826506300e-15
1.491223605907163164e-16
3.302529907531215336e-12
4.012384059715306400e-15
5.074760310732435650e-15
1.083935390988437220e-13
2.009390782020323285e-13
3.784051197386339993e-12
1.466762231420656870e-14
4.818741976622686884e-13
3.949964507766242500e-16
7.347715372339053141e-14
7.898479911566322342e-14
4.153448926751037579e-15
7.815383268935244265e-14
5.653430604516881952e-14
1.299031411952644710e-13
7.369719424836235905e-15
2.173712700451451568e-14
5.466044639617717929e-15
8.711986278328760769e-15
8.027656819418105185e-17
9.888208363198518680e-17
6.100090940526687634e-16
1.629402552282260136e-14
2.500836723037108689e-13
2.589463152501700685e-15
5.916252053149093082e-14
1.538026861393952758e-15
4.227716775566294632e-15
9.555952966314000541e-15
2.859165219171047947e-15
6.352025008819718252e-16
2.895095729989194400e-13
2.506007825298778302e-13
6.707726415327089353e-14
2.672324150566852616e-15
3.324985747497189283e-16
3.087354116392167225e-14
2.644061456325702553e-13
4.783858110536144681e-14
9.448987951668832985e-14
1.107374695413776422e-11
5.735002403528532966e-11
7.358661423262358170e-12
1.902710877743629680e-09
2.672553528100252151e-04
4.460524962723866338e-07
1.850896040878069471e-07
9.995731711387634277e-01
1.588369050296023488e-04
1.063912478116435523e-07
1.242766957051943955e-12
2.435294897530182294e-16
7.654468396538845372e-16
2.015888778334525705e-14
1.436552801356832249e-14
7.491060282662203446e-15
2.183594356220709687e-14
2.306343025156661238e-15
7.092818981013545979e-17
1.832779736895932821e-14
6.739237650327549109e-17
2.972525809024018301e-17
2.771619652451546905e-16
1.038896074202766417e-15
3.981400018021217721e-16
2.501926744325941830e-15
4.192588757526662297e-17
2.558044529966111346e-16
8.202809468624901613e-16
4.523821917992742504e-16
4.378418852603640219e-17
8.531260258208149452e-17
9.867451026732663999e-16
1.073074056912384777e-13
3.119144618155336723e-14
3.333827024461070467e-15
8.465027723919549274e-14
2.068148598891703820e-16
8.868544225002720355e-15
2.551226916357174357e-13
1.539827700026627499e-13
3.930456491958028709e-15
1.733517470466506422e-14
7.881650891563684452e-15
2.249628536568886589e-14
7.368509861787556764e-15
3.691720594587583060e-13
1.608522343099494378e-14
4.377273147898250172e-14
5.079452483625068737e-13
1.434324464755221129e-10
4.279717413790962155e-10
6.075301286351253438e-12
3.868399046593916021e-15
3.297677775854625064e-15
1.062964142704500570e-13
4.830906785713295903e-10
9.401503013595213787e-12
3.743774453789680372e-17
1.813662182100579581e-16
3.593629261210485085e-17
1.328174131074344629e-17
2.242351148446921841e-17
4.492469522845716611e-17
1.745992719944433526e-16
4.513890853732879858e-17
7.346971051401076286e-18
1.701998093361841184e-16
4.664009047136881414e-15
9.439791503202256233e-16
1.414007897147003933e-15
9.798849828334538214e-15
5.251570391658771930e-16
2.424190824987270450e-16
3.421932109381792177e-16
2.240729777831622360e-14
9.754827154373479914e-14
2.934614467189487937e-16
4.886308079583444233e-16
3.630556919860567389e-17
6.135256175076439955e-17
2.218267692268211834e-15
7.128115135093208293e-15
2.003846595626706042e-15
2.135206443702928166e-17
7.193042751599092177e-15
1.006533740496905541e-14
3.644003501723780403e-16
8.893474310464545736e-16
1.744848272553574560e-15
7.145881790128210152e-18
6.068105652949385169e-17
1.220662886057316456e-16
4.397836421174955012e-17
1.396898612470965316e-17
1.252263303039210249e-16
5.933420135146560948e-17
4.189374995410771274e-17
1.508605218293188939e-17
6.633060085155752434e-17
1.526033748363558721e-16
2.027228516619187376e-14
5.595793464115486875e-16
3.722117144817367997e-16
3.644420665450303146e-16
2.744170358655689227e-17
2.939811808414281120e-17
6.138791875886736617e-17
9.908117078530342958e-15
2.992528492073428604e-16
2.199753166697788532e-16
1.184614785096174038e-17
9.860748613839718331e-17
1.644837186647127997e-14
7.630765767696709879e-16
8.406692416611379840e-16
3.870908381700156886e-15
1.748219463683646675e-15
2.259845575033610048e-15
2.388073604814143101e-16
3.335455445302166859e-15
1.247152120947020589e-17
2.430218787895964882e-16
6.798348268068164085e-15
1.915389912623534992e-16
2.917779687362808717e-17
2.997728586155300363e-15
8.719766275949291517e-15
1.300887282315902563e-15
1.668379090987521986e-15
1.489655033237746208e-15
1.069697050901129761e-15
1.554957144185434900e-16
1.100339225465495174e-17
1.938759154591587113e-16
1.323941507436914890e-15
4.104932361839968950e-16
4.463566177881888718e-17
9.298436527382090457e-17
2.021297168406039138e-15
1.333281475048492043e-16
4.857800444589771907e-15
1.214351034762393825e-16
2.797281839077596019e-16
6.689420201628175485e-17
3.933049524507370139e-16
9.623289544521875655e-17
5.366395766175340986e-16
1.349935466280491672e-15
1.214721744025715590e-16
4.601800406391683834e-15
4.306579142845695825e-16
8.924196195461459209e-16
3.915637438787577911e-17
3.222502172417707417e-16
3.117547378714611130e-16
6.279815582415187157e-17
2.016751963141292961e-16
1.336398503354828664e-15
1.117258294996593547e-16
7.657677460268857094e-17
4.718909884659862916e-17
9.896591077700580066e-16
5.088094091629876033e-16
3.476827520599955331e-16
5.046243120148327112e-17
1.277122032592674356e-17
4.309123947456602963e-17
8.511890202891219705e-16
1.058170269212868619e-16
1.095088729614539333e-16
3.141746845319870474e-16
5.398467609931941000e-16
3.822805804142058797e-15
7.251304801145235955e-17
1.102129836572378514e-15
3.443999964635726871e-15
2.272994385111193772e-16
1.188848063860648918e-16
3.282074992214837424e-17
3.381923302211623352e-16
8.240315028738137964e-17
1.163784221308540243e-14
4.316904093307899482e-14
5.170938943129470928e-17
2.456841298125963559e-15
4.341496157037233233e-17
5.279070163324330045e-15
1.114253445616208917e-16
5.281603135943755225e-17
5.786583665017577772e-17
9.963634000173553955e-17
5.971587654816798985e-18
1.086978746486604031e-13
3.830699224768182817e-17
3.171078008096510793e-16
1.369463493242084346e-15
1.194216823378142691e-15
1.147656798696113090e-15
1.658795707282727629e-16
3.340061014899294706e-17
2.299102521349082474e-17
3.949088622759222350e-17
2.255331895276369491e-16
2.126176112955686763e-17
2.771069875129219661e-16
2.234676626280658954e-15
6.202896388126126134e-15
2.539104674742158178e-17
3.987462523992292367e-17
2.373343172465798784e-16
2.852159515543426036e-16
1.797801409695112818e-13
4.380555569975450037e-14
7.786027817488841429e-14
1.137579435964391865e-15
6.862288244157549455e-15
1.795619850928470949e-15
2.811338615535077150e-16
4.099178001161149498e-14
3.034384148705967024e-15
1.527981029463693075e-14
3.646951970473613419e-16
1.959475706421031499e-14
2.414050464180097187e-15
1.185321177486959622e-15
4.294469615724613525e-17
4.241360319059523873e-18
1.229069264542341760e-15
3.094995031202758817e-14
2.106239919345657963e-14
3.677671773887059015e-13
5.411331105431571586e-13
3.550349250702744541e-12
5.415497564276172682e-11
1.718232218832216329e-12
6.953708984493156553e-13
1.064907190206909604e-11
1.312003544001738575e-11
5.243104127944375747e-12
6.978899125265058956e-10
3.145892227274238451e-11
3.365622396663686677e-13
5.430717724477784891e-13
8.820197278439339400e-15
7.867810678137410196e-13
5.444693056599805153e-15
3.295128384560308543e-13
8.000968594254476152e-13
2.367365201441651301e-13
1.835479858380839602e-11
1.225557415968081543e-12
1.065576595601740173e-13
2.788717520796346605e-11
2.490433566022885042e-15
3.307463623727219248e-13
1.346174470588093128e-14
3.497840255287099076e-12
5.204795622271163325e-11
6.468784397029025968e-10
5.348352799728521914e-15
5.955428207873869617e-13
1.311072236019616977e-12
4.482838186488195820e-14
5.453738860256712728e-14
3.099098018141677180e-12
3.976575318353657226e-15
6.595270424898051070e-15
2.276486291141743834e-13
3.933976422073638679e-14
1.246991052338144263e-16
4.158011012323631350e-13
5.873823996638272149e-12
4.347722269010256824e-12
7.646425268133250075e-13
1.518680268889661955e-14
3.589915027030730899e-14
1.624629691031071604e-14
3.810575918933127582e-15
1.434882282978257317e-14
9.674498615414028890e-15
1.515396152746567582e-14
5.184925839368803580e-16
1.261344290327164400e-15
2.061737697681511640e-15
1.526015777500791537e-13
4.122498783315498017e-13
2.257627915722756201e-14
1.349836312603686084e-13
2.095571793484874226e-15
1.499421217240469884e-15
2.645827079563595197e-13
1.521267107510576588e-13
4.138797120236022142e-14
6.693199054892684519e-13
5.968024062137991526e-14
4.234560378263635752e-15
2.958048163070870189e-16
1.205674574528180568e-14
6.131167944086737473e-15
8.420818702710095027e-15
1.774701228801547209e-14
5.584238770044635744e-15
2.043373811626801595e-14
9.592292373817104534e-15
1.120689912398331600e-13
2.026182880915581544e-16
9.927894503755342820e-17
6.689969758721936444e-13
1.745687258687829944e-15
4.029010045920487434e-15
4.769122596837149786e-12
8.495096038294361329e-14
1.942120763661443414e-15
1.038436982345354587e-14
5.657156765979324663e-16
6.025645850067217618e-15
8.556225230839489869e-17
3.844388733033690404e-16
1.803589239822051839e-16
1.563999485595170573e-16
1.214167011560646908e-14
2.514977669158558480e-16
1.034305155628648110e-15
6.906825765919772601e-16
1.992237506158773424e-16
9.396426592676388259e-16
2.112196268583277359e-12
6.047120676378955895e-14
2.424346930512471458e-17
3.221345376874664259e-17
1.632840797981508250e-17
9.274453583573972993e-17
3.565389563252108486e-18
4.330199516847719045e-17
7.671272339072288614e-17
5.363998265887917291e-17
3.836521649838270072e-16
4.223535404039618679e-18
4.060928652814250775e-18
9.710395236443955698e-16
2.681986848319245498e-14
5.469751983713841794e-17
7.279522380294032886e-16
2.416102421347155431e-17
5.882290605942110812e-15
1.575178891130828845e-15
5.321585407159873350e-17
1.976409504399244746e-16
2.252486976304338313e-15
1.007432611860531804e-14
1.366113689693930402e-15
8.663455466058821527e-18
7.439511551558201236e-16
1.980417029030941654e-16
8.700756315514063255e-16
2.973501220402340831e-17
2.489170428140292067e-15
8.498393262272314463e-16
1.156257147726059628e-14
7.230860739814923277e-14
4.565237593948741519e-16
1.772737123509498017e-16
1.526791498744216498e-15
1.988001282631317855e-16
2.237139645625343953e-13
3.297300422676623273e-15
4.307525203787933442e-19
1.187837818252370555e-15
1.285358203777415848e-16
5.434027641244452630e-15
5.455522690467806603e-16
5.135613037017536307e-17
9.659889838172733972e-16
2.251833913902005248e-15
4.007593717821668908e-16
1.296690763457849539e-15
1.665784523190963658e-15
1.156980196225659580e-15
8.917764039018246866e-16
2.366651744531387820e-17
7.197513179736463561e-16
1.227287721320205471e-13
7.378597515969587128e-14
1.875407442884069855e-16
1.196185883812933321e-16
1.402830979770628220e-14
1.403008697870874013e-16
3.080981548716794222e-15
4.066653354766771016e-16
3.182253993736644526e-14
1.476788814527190200e-15
1.085465204488979003e-15
1.697755739433429861e-14
1.017144352820570710e-14
2.300324220791708993e-15
1.206578581029049560e-18
6.406385465792131112e-17
4.331476194022578288e-15
2.929566845655566851e-18
2.979601445809347895e-15
1.145474841823986012e-14
9.867935159001579035e-17
1.473225545441438371e-17
3.473910815585644352e-16
1.584689482941718536e-15
8.157655730393550964e-16
1.040232030449043661e-16
1.745672965006845028e-16
9.928358624870878973e-15
2.477101267433102355e-16
3.885567769160050249e-16
9.320921016966955859e-16
7.021318150608952310e-17
4.287286114587407016e-16
1.512085895049138573e-16
4.229471086679176695e-17
2.749577307447703347e-17
2.150559901871202523e-15
1.565893546556437754e-14
2.304179703009373754e-15
6.446323069255171373e-16
2.533205765243911819e-15
4.700461110021970229e-16
1.180240091534177091e-16
3.034264462950519992e-14
1.084152806346547269e-16
5.076696628049858981e-15
8.259764361044974793e-17
6.113645585265124575e-17
4.521508194557758179e-17
2.674527071504424237e-15
3.257245293392151478e-15
1.907669646707653432e-14
5.456438015446433282e-16
6.792564197708719689e-16
3.096922920542356968e-16
1.937230757753649613e-14
2.245143835926353970e-15
3.195205212203457504e-16
2.846344369662729247e-16
5.960731322867346773e-18
1.592346564004765743e-18
8.312583482751180843e-17
7.053613928700982680e-17
1.108449615566291853e-16
5.864053563071252098e-15
1.430232336795627225e-17
2.180752497155200465e-17
2.653580846691331848e-16
3.278774541570750843e-15
2.641057001345033987e-17
2.217682736608793934e-16
4.637852802074566628e-17
6.434207851131474708e-17
1.928256078394531797e-16
6.114981567981181421e-15
1.383582658970086677e-16
5.244080568997124784e-17
4.026180797057980461e-16
3.833946669678616999e-16
4.424459129928300701e-16
1.756721351750919802e-17
3.487932916631847260e-16
7.432679383805648049e-15
3.469009538845696148e-17
1.734983706997516277e-17
7.037165607656488235e-17
4.190430147000143916e-17
2.735883067709091957e-16
7.423690026424345501e-13
5.326398936580441928e-17
1.583033400545663660e-12
1.067537053358160251e-14
1.400891591958771092e-15
1.186591779847400276e-16
2.130661234467715048e-14
4.745717484823726458e-17
4.672760857900070087e-19
5.027966895386212987e-18
7.896031075788339116e-16
1.935167040063514335e-17
7.825635213627724074e-13
8.664294088233607388e-15
7.954288413713713791e-16
4.612868307980769959e-17
4.264869619248893472e-18
2.302069849816881699e-16
1.454596445430009124e-17
6.908911055156794281e-15
1.140812666603179936e-15
9.936116017299629873e-17
2.143653281246074663e-17
8.716574655804037314e-15
1.735812045662926879e-16
2.901220193243987146e-17
1.477401484045851076e-17
5.756247974105053056e-16
9.717806774732430826e-16
8.353777739000811664e-14
9.285427292452346480e-17
9.117693037206942019e-15
6.428786178524557144e-17
2.125317764177652737e-16
2.064742236041985950e-17
1.472800030499451292e-15
2.140972719753035322e-17
5.621725377795677280e-16
5.278707633222905204e-15
3.312528275123242678e-16
2.824203391642644866e-17
9.627075781796102377e-16
4.343268639653811861e-17
1.842433540802379532e-13
2.787630692737021318e-16
7.686798788632265289e-13
9.753538647854116672e-15
2.226429245144256143e-17
3.772047354777844849e-15
1.036984761297946034e-13
1.710225483197199813e-15
2.936336988097068361e-17
2.741881649162428505e-15
1.173366617690555457e-17
1.378941368405386340e-15
2.459709563443603433e-16
1.373417998905239056e-16
3.321032380034557446e-15
1.744367409302440333e-17
2.392968164847517374e-18
2.443589764127701569e-13
3.351604340199806908e-14
6.351443732459664988e-16
1.883234986846210151e-17
9.757222394141725624e-15
3.214558591559238182e-16
3.881671417602680467e-16
9.992371578142626221e-17
2.091002242640339388e-17
1.208574984746168743e-15
9.774610657059876325e-17
5.084094904978753659e-17
3.240017754975742280e-16
8.078224686369186915e-16
5.118109233511424199e-17
1.166784179073654480e-15
1.742326655469598508e-16
1.257249165886875630e-11
1.934341480724961911e-16
1.196537137788247838e-16
1.053149097606214529e-15
2.157626909508381964e-15
4.466274367207387331e-17
1.022906633257446990e-15
1.278258903009122337e-15
7.820101983605279566e-16
2.508355724395601970e-17
6.834899264401492203e-14
1.907491107051623252e-18
1.109562762442771813e-15
2.769612872580823858e-15
6.894431026923482017e-15
7.068840192960825983e-15
9.109687808231780432e-17
1.050276978288664648e-14
7.077177114744176434e-15
2.706351528700866793e-16
3.956739924311329648e-14
1.408656448865369670e-15
1.443619427829185425e-15
1.275666823371846567e-16
1.944514081723690041e-16
2.183373788841244667e-14
2.588769260464332002e-17
8.685875640696699707e-14
2.592343440604993887e-12
2.940417304622669936e-17
3.521290238765024082e-15
4.384805811898182665e-16
7.520838572955875628e-15
3.748892650373464482e-16
4.390781629341061754e-16
1.368481120311726570e-16
7.126713637191095411e-19
6.228123570394200961e-15
6.164581382152669892e-17
1.794015947720730629e-17
7.611658094070081952e-18
3.362022660162577591e-17
7.513730441869106991e-14
3.682827256861181259e-15
1.552858057575795834e-17
1.079468465994047223e-17
1.207201282594179480e-16
8.287005602373163134e-16
1.755517181919834507e-15
1.734078883903946572e-15
2.777443734529837227e-14
4.121957459381984370e-16
3.259667331165265946e-16
1.692370902171806018e-16
5.623763021429415906e-16
2.350460355049575206e-14
3.072434337769398090e-17
1.539992090328146042e-17
2.643727217124716006e-14
1.242844495189089442e-17
3.178489546384985921e-16
3.586592394605458978e-12
1.704304537607435042e-16
2.916026117403755502e-14
1.240638358173296214e-15
7.153795427048504968e-17
3.926125612498717471e-15
2.797678038738674218e-15
6.443176341856121647e-16
4.203363777621900546e-18
1.640758934764335354e-16
9.288044657346586770e-18
2.429541955631549493e-16
1.675035975859552736e-16
5.937048744883259566e-15
2.396717417222195626e-15
8.259871600710053108e-14
8.712775448337805760e-17
5.052025946428130229e-15
5.526991624787980228e-13
7.433339425759466490e-13
3.238558012805157701e-17
5.141356648318859510e-17
3.135857636995848137e-15
3.654672864252667130e-13
2.129993941911868111e-15
8.843704242670659150e-17
1.037268076878143652e-16
1.737839366082620843e-16
5.348242543170313496e-18
5.641357880977357852e-17
6.248965054289409436e-17
3.195680874142899997e-16
2.870258894384532244e-14
1.899917092954613723e-14
7.442808203788914972e-15
1.763263065288414588e-14
8.751052602526431575e-16
3.645546954572355348e-16
1.828801519604210911e-15
4.511138658398793425e-16
6.255663397453741344e-18
9.906859631650364348e-17
1.988648029344237955e-14
6.400501763182265928e-16
1.040086799238698623e-13
2.961788597038474136e-14
1.612305721637524118e-15
3.219513295894951186e-18
2.894448461292220554e-14
2.412998343380488939e-17
6.530597553551053917e-17
2.812423188284477078e-15
2.029841169892658564e-17
6.680247311265444243e-15
4.648801099964522485e-16
1.624962696740328712e-16
1.900788652799646956e-16
2.693885718346345653e-18
5.907512706012502113e-14
8.074000109544756092e-17
3.420300512167143581e-16
1.268731213838192318e-13
3.974829159932892486e-16
4.993468335322953904e-17
5.343170122761628071e-16
1.258080086737519893e-17
3.683555969893615974e-16
3.953218570121577106e-17
8.851669661097299785e-17
1.068485793786556112e-15
1.032944304554655470e-16
4.483838701805492599e-14
1.307125743499901530e-14
3.078254579082668205e-16
1.112130172245458801e-16
3.869459584783437609e-16
8.440625615269571180e-16
1.181014729634220751e-16
5.232391183452770418e-17
9.099898357292786864e-16
4.769547234782399101e-17
1.537544132023356612e-17
2.425708072754039716e-16
3.923159620754788132e-16
2.659904741735973251e-16
8.481579790618214609e-17
8.117881048423959147e-18
1.325891641979290306e-16
3.428609111286320217e-16
2.993566305957162134e-17
1.664403817135291785e-14
1.832005607015657514e-16
4.194378744608491527e-14
1.059686159079944318e-14
6.696751007088865438e-16
8.098345636393857599e-15
8.296150699467312595e-15
1.435375798254645563e-13
4.427143694975504799e-16
3.877496140742757804e-17
1.571696897503344027e-16
9.084251011779039767e-17
1.055685534458045081e-18
7.314895468788107531e-18
9.387455636953515912e-19
2.408769001995729811e-16
1.528318995609647540e-14
2.115329472254291222e-15
5.255535696992004132e-17
1.028399747799509534e-15
2.029386333052317706e-15
5.379967457451841420e-15
2.240889983525683670e-16
6.619391805653485408e-15
1.732485403171924419e-15
1.550982865596917722e-15
5.482458444069611761e-15
1.654949099852767724e-13
1.652669912068625326e-15
1.322200219455596862e-15
3.870638813464693205e-17
1.206533168813420399e-17
1.396275977080284401e-16
6.767107929424359526e-18
5.440063598026586775e-15
6.272250519405022187e-17
5.663458161711304624e-17
2.040191085327493561e-15
3.432967095799943592e-16
1.352713840226604184e-15
1.354758260123920845e-16
7.595574830990964310e-14
1.538026861393952758e-15
9.571051963873518885e-16
3.814604407630269034e-15
2.034966744927506647e-16
1.329401534754475313e-16
1.755769928610361309e-17
1.108073077737969925e-09
1.384344976975912522e-13
9.618953298314750173e-18
3.821477021206053613e-16
7.024000598073788272e-16
1.977909447547599402e-17
1.102965689346473548e-17
4.341715551805461898e-15
1.084115616306206885e-16
9.842455931492136850e-15
2.380442632052769906e-16
1.079198240646304929e-14
3.026175552414125600e-16
1.899238661915510391e-15
3.839856362303328599e-18
3.286925645501297382e-16
1.015189170491225250e-17
2.717628184206781700e-16
8.919291345301264776e-17
4.868590284452864656e-18
2.474192768050467901e-16
8.771975375114796861e-16
4.591119744443280734e-16
6.292306221422974688e-14
1.357628874634500370e-17
6.091295816270519969e-14
2.258663646434835078e-16
6.309398208098043596e-17
2.243079298996540020e-16
9.804346225129271369e-15
2.097508364912181733e-14
3.549216279761287923e-17
3.501023546133866455e-16
1.128011775308680915e-16
3.239030908652631817e-15
3.640660906426007593e-13
1.575875416911267897e-16
1.754664495027657284e-14
6.451375891836086396e-13
4.268600832468773167e-16
1.888000796283414995e-13
2.642893990814501951e-15
5.138594195945177419e-16
9.023917384341707988e-16
1.763235452014334098e-15
7.117999682348640227e-17
8.254004669352543559e-16
8.138163517043759385e-17
3.603361868297784009e-17
1.785658941992107390e-17
2.146167189006741721e-15
9.441839205352243504e-17
1.064478586792214423e-15
7.272892547536755070e-15
1.922746095985418071e-17
9.003045433730177960e-16
4.208550696370975562e-16
1.170225991575703922e-14
5.575700254419838769e-16
2.667908473100635811e-19
2.651302956720483320e-17
4.057419954487870295e-15
3.839876482644548339e-15
1.033871157122298687e-15
4.156048470866161026e-15
7.221743086588264856e-16
2.606783806639664977e-18
3.924746484041909860e-16
7.731770952645877770e-15
1.311651796290919103e-13
1.212260255693082753e-14
6.724728240638878961e-17
3.340394070901133057e-16
8.977760937771820559e-18
1.915302165304155367e-16
6.300766810016624267e-16
1.152610247371656238e-15
4.758046115545461804e-16
3.897742808985646748e-15
2.561647861063290343e-16
4.598446579437030432e-16
9.987541663928484192e-15
1.357438484127270265e-15
4.982114388060602042e-15
4.904518123279109215e-15
4.890874447436981967e-17
5.378692566987105291e-16
5.775342531955888342e-15
2.482945625362567577e-14
1.219936152964395948e-13
2.393372325294810784e-16
3.269204723628002355e-17
1.869087677125046316e-15
6.476560325674802278e-18
2.473031803517137476e-16
5.542790059803693811e-15
6.869038757933987327e-13
6.824331427241663375e-15
4.840855550479949629e-15
1.383645359260518196e-17
8.886818219685903037e-18
2.774763044658366817e-15
5.597608232204979214e-16
4.114526862852196020e-16
1.675585488484083964e-16
4.645215950297207404e-18
1.702498954531464492e-15
3.494178990524459674e-16
2.690201786770279489e-16
2.676708651182191991e-17
4.470007267875716634e-17
3.988571442321480956e-18
2.977111698340012286e-16
1.848129752669369977e-15
1.288570131537580474e-14
3.082803940102811849e-15
1.231823868626371948e-16
1.342114705199374310e-16
1.104355104621378868e-17
1.275165005981435148e-17
1.327439594690397540e-17
2.983873734411510777e-18
3.181885222061189606e-17
6.757978916030040546e-17
2.077155179629197601e-15
2.991776697393181209e-15
1.322472540548139119e-15
9.270607048141813605e-15
2.242995125097406624e-15
1.289036550229986054e-15
4.885187084417312369e-17
2.184494244023872656e-14
8.036612181132069682e-15
1.236066286082254315e-14
3.708324134419661855e-14
1.163917374887848619e-14
4.234122356350786872e-16
1.792425799798658126e-13
1.707761252595400240e-15
1.584920752582472114e-13
6.290151899000751782e-16
4.838070590852672215e-14
2.305639352535729728e-15
5.057322019930837742e-14
6.617567323154879247e-17
2.015168673274417462e-15
1.872348753971975373e-15
1.799512893763390519e-17
7.119031342008616363e-17
1.601369652785744244e-16
5.156010781527501936e-16
3.122056571844209199e-17
3.737455323305367274e-16
4.290232889271345523e-15
1.335944811332455580e-15
1.342320110689083478e-15
1.448070374208769960e-15
2.616457838420811061e-14
1.636211240281515433e-13
9.938130632225115023e-16
2.025604119184590442e-15
6.157862822694167189e-16
1.311251725689271952e-13
3.505771451676846506e-14
1.137779123981707066e-15
5.602866295104178690e-15
5.191355415008504757e-17
1.889655066452479220e-16
5.975234006585020130e-14
8.499787160866139821e-16
8.119318172167874076e-15
7.577975180412914458e-15
4.509762229859505187e-16
9.106430887140248842e-15
2.694423243548849101e-12
1.681243848566243981e-14
2.486514175169349944e-14
2.132839549098168933e-15
1.253869356916543208e-16
4.084274151522349072e-13
2.207289039046766987e-12
1.001299127704850800e-13
5.383251827704819970e-15
6.746343833238539062e-15
5.021860138561089204e-15
