1.803507018069164068e-17
2.224621582867097880e-14
3.664301852211341659e-16
2.714427094497874989e-17
2.198244653958287827e-16
1.575494156793796896e-13
5.579387388839236739e-15
1.713734507763613885e-14
9.247796450872255297e-15
2.483212440740952681e-14
2.399417546499805522e-15
1.833538763119967399e-15
1.243928615305258181e-14
3.310417871359334907e-14
5.035557402472020088e-16
5.891748999347625956e-15
1.310131164627525557e-15
9.034083897291127728e-16
8.111239913070791407e-16
2.380236485409231890e-15
1.791268219161951981e-17
2.771725895529423216e-17
1.190346518083900979e-16
3.750472493875035840e-14
5.044038002219048550e-15
5.116436343440596956e-16
7.327808065199503673e-13
6.132414861288390528e-14
8.529089736280810307e-16
2.144667256287480228e-11
6.981614434118472642e-15
6.154229686625156681e-15
7.542183566057458766e-13
4.928391679134835890e-13
1.765184352853221839e-12
5.268836311255603588e-14
5.027405493860173658e-14
1.011966249831592040e-15
1.695104289139298670e-13
2.256653522901552744e-13
2.833782098137383604e-14
1.976010636584382696e-13
2.551520464095374807e-13
1.071132548977060672e-12
2.410919533945513754e-14
2.074181619645884544e-13
1.722224657807122639e-14
2.591205414570908055e-14
1.493621370892382876e-16
9.088347210172402360e-17
1.078095806089629776e-15
1.590627450717349567e-13
8.787099194974834493e-13
2.230079566717673052e-15
1.687758412844894695e-13
2.393101221812130204e-15
4.747354971564336432e-15
3.187065225580343678e-15
1.341614638123139053e-15
2.204417644789419956e-15
5.439958379593878846e-13
1.561138913454274135e-13
3.073771434863176166e-14
9.039421793045605922e-17
3.205193583536157824e-16
1.945845760453583650e-14
3.087233973238928675e-13
3.379904388593930886e-14
8.866981449215036171e-14
5.492651689378846847e-13
2.686052248679349219e-11
1.172205561783545846e-11
7.272274449299231946e-11
6.010253491695038974e-05
1.207546205250764615e-07
1.779168101734285301e-08
9.997568726539611816e-01
1.827101223170757294e-04
1.091086221371995180e-09
1.471727796055477544e-12
7.022018938023907235e-17
1.982256149317667554e-15
1.864329511895492647e-14
6.389235695588191700e-16
3.382882090568356016e-15
4.226246495776450618e-14
4.131360425069013562e-15
3.317688757179940498e-17
3.019181516665352116e-14
8.325472941928227142e-17
1.355570750008794931e-16
1.947135648695442101e-16
9.079515568208296195e-16
8.484243576888431376e-16
1.132683373771025195e-14
2.698805457757566040e-17
5.533093967777355428e-16
1.592203300458574621e-16
1.071424746650622318e-16
1.107097456506175921e-17
3.316827827598395307e-17
7.739061047585540313e-16
1.830176093141344662e-13
2.236180025058740611e-14
7.211528059826791126e-14
8.799359353141300577e-13
2.417461677616927068e-15
7.553754442692767190e-14
3.704804865667377101e-11
1.341923750938778248e-12
6.781335611322561463e-15
4.260872186220669711e-14
4.939277136709226135e-14
2.694478890225351919e-14
8.714589379982262685e-14
1.285720314936344977e-11
1.085839792104408008e-13
7.894568652229080885e-14
9.495834674133618591e-12
1.044495046009785710e-09
7.224494613655707553e-11
1.869799592935095234e-10
4.469982936854306754e-14
3.457819900093243859e-14
1.197618068084216336e-12
1.625241607960958845e-10
5.542442806788505649e-12
4.262225321353908455e-16
1.702648588195552885e-16
1.958831353899676372e-17
1.163264624828914853e-16
1.045531743546446407e-16
3.005949530599325980e-17
2.151520463703168501e-16
4.721235585670117009e-17
2.071394091655892378e-17
8.912839601221147177e-16
3.580565498534761613e-16
3.514111528657925480e-16
2.621898373392672794e-15
2.244853938900156186e-15
3.370900227194292701e-16
3.403173903020355654e-17
3.596405755802245877e-15
2.551401091742118259e-15
1.595546137160737399e-14
1.131585830829620436e-15
2.960443413427027741e-16
7.472021073120515308e-17
8.584576350026377361e-17
1.877965217686981825e-15
2.837108057708072339e-14
2.827873492758869144e-15
7.198804640283230352e-17
4.378277728973693772e-14
6.991266289849140669e-14
1.024778046675286960e-15
1.822771280294470733e-15
1.630845367028789430e-15
3.068898636959101428e-17
6.633494189541220263e-17
2.799867407149089771e-16
4.726443514806750871e-17
1.019669246863261452e-16
9.500193819717654416e-17
3.400684023202122036e-16
4.442641155362257288e-17
2.064806590693642576e-17
1.040030780714731960e-15
5.671353435222000763e-17
8.262961407495047345e-15
1.555475104832680904e-15
1.744695436046154362e-16
9.987619590959631588e-16
5.384544108814754413e-17
5.486243318150188996e-17
2.790195018810384708e-17
3.000236015437409906e-15
5.157174922434384565e-16
7.212882592564392840e-16
3.309951971474609520e-17
1.168463554240484138e-16
8.215741184158104060e-14
8.419342324283030782e-16
1.061572247343595468e-14
8.594905996227482359e-15
5.983206534794461781e-15
6.739917394267720685e-15
1.772779078110166707e-16
3.752545268200261838e-15
9.187724192656155573e-18
8.592443565570695701e-16
1.182080387079117306e-14
7.827061418058157711e-16
7.720716563879278312e-17
1.874784778376631378e-14
1.273223588599227060e-14
1.298498437646408623e-15
1.146226795322911017e-15
1.385372868398064561e-14
3.886283300242243319e-15
7.659292778569050646e-16
6.683890002924890964e-17
1.914953875944156239e-15
6.013662874962411031e-15
5.804099512273408652e-16
6.033694277722689175e-17
7.193428363348329697e-16
7.275505644179034587e-15
5.653233944642353185e-16
1.101235475659196380e-15
1.663023619299388266e-15
3.435589456865083702e-16
1.650050462679241402e-15
2.437639908244655824e-15
2.085492127882327654e-16
4.985974740717713516e-16
6.935079608666623856e-16
3.104661095911117035e-16
1.488537754428670423e-14
6.394307834755468857e-16
5.197387811605282473e-15
2.597715053352970486e-16
1.610026461855581202e-15
1.760299635819150693e-15
4.027888627237881944e-16
3.406864452041322242e-16
2.866440385155015133e-15
2.634650189715790269e-16
1.150988999840831905e-16
1.140238563553398732e-16
2.878471852896052029e-15
4.223913227056208400e-16
3.689858953812372036e-16
1.516656431892963574e-16
9.473594999940399258e-17
2.117097838820141786e-16
7.876937153212214271e-15
3.024400224296239790e-16
4.045381181087663331e-16
9.444912876159592546e-16
8.800705144498886627e-16
1.498673858895283734e-14
1.013085815629625411e-16
1.063603008834637653e-14
2.215242725855329914e-14
3.808294806266612547e-16
1.932152429951901579e-16
3.633579437818836152e-17
9.157466951552925387e-16
9.842039773617238972e-17
4.418931922310111171e-15
5.148317753014830522e-13
2.056702801494134070e-16
7.420474486068660835e-15
9.066497068855691624e-17
8.619433529281125134e-15
5.043188639931189300e-16
1.171212573201018368e-16
4.229846957549520791e-16
1.278508460091207135e-15
2.433799950552727458e-17
3.015275475051065746e-13
1.410942220213094603e-16
1.127991446517946812e-15
2.759037877992590732e-15
4.427925718144057332e-15
3.562107697702024747e-15
7.630043142713583554e-16
2.046091463898507814e-16
8.251298663783862087e-17
9.721408782340629738e-16
2.981354168735453856e-15
3.537487520419776033e-16
2.253889451106754621e-15
2.160576913505431879e-15
7.072782707813821124e-15
1.166157586450923111e-15
1.390712055877787318e-15
4.721564935902811122e-15
8.264032904173324035e-15
1.751556663381545476e-13
2.704591447176031560e-14
6.572701909644818041e-13
6.838251566696840547e-15
4.187736396939418029e-15
3.769103152956483627e-14
1.518926797828960319e-15
1.406762567898603780e-14
4.867913594463514626e-15
2.032402193861016643e-14
1.853305971010041006e-15
6.740483212276486558e-15
1.846939883136714498e-15
9.441094875149843788e-16
2.751542589321455835e-16
3.251804565852643142e-18
1.142991447101754810e-15
7.381755932423308963e-14
5.994427095543444772e-14
3.439041518465794922e-14
2.756989244106361481e-13
3.056916969990802757e-13
1.447709140067754419e-12
5.778775895304288923e-14
2.517819665866921630e-13
7.602222345561016059e-13
1.245494376037048490e-12
2.607488335491792153e-13
1.147413206115110995e-10
2.487677425166978651e-11
8.452077606595567727e-14
9.573202961691423818e-14
4.871668660925282390e-14
6.560928558253797949e-13
1.442700926477006543e-15
1.712104138746738807e-14
2.845991061632517638e-14
4.263365851217386371e-15
4.408272791939227275e-12
1.457608041427818635e-13
1.280161821817435430e-13
7.402903984266018256e-11
6.086058780964236081e-15
1.694910488000966886e-13
1.737471081451110594e-14
1.320617877206831103e-12
3.427749462048268470e-08
8.173300614089384908e-08
3.541260167050364061e-13
9.968000383442365830e-12
6.071922478700919612e-12
9.603347847844667662e-13
3.248155596487917185e-13
2.533211487798503470e-12
1.058038764700829429e-14
4.259182186084307931e-14
3.300773012120811201e-13
3.707762992032764826e-13
6.627174662010213140e-16
2.090121559985766431e-14
6.001597829818905439e-11
6.582215675288161094e-12
1.053016831717434876e-12
1.202987786019489927e-14
3.661341842637602303e-15
3.129955934935853799e-15
6.816972828512391641e-15
2.628539408160678048e-14
9.619047603522026119e-15
2.985914128255350020e-14
2.097811692704549418e-16
4.868802555541658014e-16
7.840269308683812423e-16
7.803125855155527285e-15
2.392355248365812814e-13
2.205890973897874086e-14
1.736895403978838681e-13
2.434638235237823398e-15
1.081300025849974387e-15
1.281500404924640346e-13
1.554426888854959499e-13
5.079434323238679605e-14
1.160288662024888673e-12
4.247305428911087033e-14
2.133709875451472726e-13
9.897125767248534343e-16
7.956149133340594676e-15
1.966684634428523398e-14
1.446173062758567690e-14
5.116438990418557126e-15
2.847944361960533417e-15
6.836194885997612380e-14
2.524757712737881604e-14
3.903163396331600643e-14
1.180767634241638910e-16
3.957461014047239075e-17
2.011792696408193359e-13
7.028163129734832718e-15
6.219628253449713956e-15
6.622096534319998895e-12
1.699562257422015943e-13
5.616072809301294114e-15
5.287235984452335127e-15
1.139386898394714135e-15
1.192055618813223344e-15
3.981643804691349349e-17
3.466898653331799626e-15
5.045805971738205088e-16
2.085022818689989568e-16
4.361657926109027694e-14
3.552484503448709438e-16
6.146484523234581766e-16
4.345745311052024232e-15
1.808350888474601092e-16
8.862221441688822223e-16
2.810917297535464598e-12
8.628451550257362768e-14
3.138273613189433817e-17
6.343212689794721325e-17
1.827238995279432943e-17
4.110652547386344652e-17
2.150336652441319361e-18
6.619743139038138731e-17
7.866839011703505714e-17
2.063436614163132252e-17
1.690218035587461205e-15
3.737539083614194394e-18
1.780265558962139139e-18
1.087012034881431125e-14
3.635394597661066596e-14
1.753916878602120017e-17
1.435509510875699127e-15
2.144022534671518335e-17
5.811034065133461202e-16
4.876798123047264982e-15
4.821871040737808398e-17
2.237440441847990532e-16
3.295515088982048021e-16
2.681927217199758795e-14
9.556318884547214398e-16
8.099640061555939781e-17
1.880502928396955709e-15
1.254549630252306818e-16
1.319918100937456963e-15
1.965187376639309334e-15
6.837625609348819619e-15
3.278875391431033308e-16
2.812244252574369607e-14
9.543760096444864338e-14
2.256391745251621435e-16
9.342031592641595185e-17
6.638130503787355481e-16
1.981551920831364408e-16
2.224253631754810612e-13
1.929631686370652383e-14
5.226028675617135040e-18
5.159282763923626891e-15
9.043043520639608098e-17
5.805427765813821802e-16
1.052944406800554607e-16
2.328175934646851269e-17
6.758841380858802636e-15
4.339466679330501730e-15
3.812830138303567292e-16
5.640118380607949192e-15
2.533526155456210759e-15
4.361004715475928859e-16
4.726772917979004188e-15
1.193907232835921244e-16
3.369677389551143309e-17
4.297244310371361401e-16
1.554142150259410493e-13
7.732451014223404567e-16
4.743931370270652956e-16
1.496291832841015190e-14
5.536870742105374544e-17
1.089170444237624533e-14
1.593279667576298023e-15
7.715383914435117174e-14
3.496876419884550197e-15
6.058491034904660809e-16
1.128189948689135857e-14
4.264579480024212332e-14
2.259166254609912099e-15
8.067439781465628658e-19
1.064327917497999115e-17
1.694754362888128973e-14
3.168440890129242736e-18
4.874417536949006771e-15
1.279704576491848614e-14
2.360442331283523756e-16
3.491980675328538748e-17
3.602704425146926862e-17
1.259388173614599000e-15
5.604876833683605179e-16
6.033072899646539341e-17
1.214764228021976314e-16
5.999319219033606709e-15
1.088804314246173861e-15
2.182903431445634354e-15
3.166331341339216100e-15
5.884577436081019812e-17
1.167688810261322072e-15
8.977669120723827173e-17
3.052565922677017395e-16
2.624447545517214213e-17
1.483288098331472446e-15
1.439768646644377925e-14
3.110431020820342285e-14
1.475184242957514936e-16
7.508946230376425252e-15
9.131339161503682425e-16
3.786580322570360507e-16
2.117607779124168477e-15
6.497778732614094017e-16
4.818529456056220781e-15
1.911917262828249572e-15
4.629585098764874614e-16
1.884049164179533845e-16
7.569398971821964667e-15
5.404428498419124732e-15
9.764558758256131933e-16
2.953414628151593150e-17
6.343893492526076969e-16
1.095406896365351730e-16
7.789597553141749953e-14
4.213806535808688495e-16
8.830601701767819191e-16
9.104487158284537036e-16
3.999101451519280998e-18
1.279482971497023207e-17
2.262294307579452827e-17
2.500351759352416363e-17
3.567557190047303695e-17
4.069001435975678344e-15
2.313876794269892101e-17
8.953864847928021163e-17
3.306054561126055670e-16
7.460892357212794285e-15
2.374991875775514977e-17
4.478839174537618817e-15
1.040697104476645475e-16
4.344116665217801225e-17
2.153917269158877652e-17
4.911598895201681539e-15
4.288843067023578827e-16
2.773356069993418221e-16
1.999677631809218385e-16
2.096691623980703615e-16
7.984633898444691135e-16
2.096594645325687898e-17
3.530275564269497700e-16
3.145240009194347208e-15
1.101974511905675757e-16
1.889799492187430979e-17
7.094528267031325556e-17
6.898476204816662339e-18
3.107352013705425541e-15
1.010633503967239832e-11
3.151001275838664743e-17
4.142575225993955224e-14
6.413756770015611661e-15
1.257851867606516513e-15
2.394717572433728223e-15
3.377977219232337902e-14
1.503412674715948563e-17
3.701484090170597877e-19
6.394084959211222569e-17
4.114296522830102054e-15
5.937587222918419336e-18
1.867776549743793701e-12
3.648421083475572591e-13
4.689040988310614125e-15
2.091003566129319473e-17
2.078478231857919017e-17
9.340825232436247849e-16
2.143793736514086167e-17
7.208183465531262796e-15
2.324211820453701144e-15
8.086211280619508908e-17
2.593545401321213184e-17
6.520978012127323642e-14
3.551046665020745263e-17
3.527379373334378035e-17
1.734290827429217359e-16
6.171365057268992770e-16
5.063644273849143840e-15
4.541180460642356420e-14
1.403662766124831943e-16
1.982914082159447332e-15
1.261320335176624864e-16
8.222077350592568810e-17
1.689152772542280715e-17
6.330407033939893999e-15
6.125111632044089624e-17
9.743196984373072504e-17
6.267617646230235189e-16
5.264009070489201331e-16
6.459345539074716198e-17
9.556784075041846460e-14
1.123871901778975523e-16
6.108848236291430922e-13
3.091070981668013820e-16
1.626759599422655800e-12
1.952328145950568174e-15
3.291644148413095869e-17
8.792556052271589817e-15
2.441316835917039380e-14
1.239390361004635410e-15
1.461305343418957208e-16
1.349656368924371380e-14
5.342070700465871591e-17
1.028702562078152947e-15
2.819190875653920531e-16
8.490913431952466957e-16
7.042252675779460749e-15
1.226591057896912491e-17
6.049916695741895388e-18
5.518831377136768079e-13
2.995718788729702722e-15
3.766684577430541060e-16
1.124454518171621122e-17
5.064243549659326257e-15
3.059794025392852763e-16
8.316906394806831970e-16
1.834047684337479424e-17
9.542185081031092329e-16
5.294842657956033965e-16
1.106076533650550723e-16
1.101974511905675757e-16
6.418651773417794262e-15
3.341020610584305222e-16
1.719704357594681771e-17
4.476770296563950188e-16
2.014184295258254856e-17
1.308051583714942012e-11
9.729046901942495391e-17
9.451395457532946122e-17
5.975493982172356156e-16
6.714297358118709314e-14
1.282469424380584659e-16
2.130295909157564269e-15
5.344641842507482418e-16
2.598866065249170673e-15
2.204928670354410316e-17
7.341429710244068430e-14
1.802557745598198214e-17
7.189422956299000925e-16
1.106436279131161465e-14
1.712472343968910252e-15
1.232281827577216826e-14
6.013312547429382573e-17
1.061147036804073809e-14
2.872259586205946902e-14
1.189802193536171684e-15
5.078598217016444885e-15
1.616948626858780158e-14
1.632233336391984008e-15
2.255729206668190961e-16
5.620230894039365474e-15
4.910999195875025494e-15
2.582103839088379705e-17
1.059279210570765462e-13
5.864513735742704625e-12
5.036073430825355169e-17
1.660691610540655089e-14
5.412162544502266935e-16
4.461786283727021615e-15
9.400019071163930560e-16
3.046084995664888925e-17
4.431472298033770291e-16
4.282787333593769458e-19
8.195500315443925848e-15
1.102702033798028396e-16
7.631639799819157910e-17
3.006591753626912150e-17
5.407371977615502829e-17
9.941065982552177438e-14
5.348478584121189178e-15
1.351888803666198894e-16
2.152003669529797478e-17
2.987749902761934265e-17
6.602751419888201051e-15
4.313604645868459805e-15
7.792859286439213131e-16
2.648553949671349911e-14
3.938622207206915384e-16
1.097256008993877270e-15
1.496633420052819168e-15
2.006317443673406040e-16
5.668958158396063610e-15
1.562724436311756834e-16
1.461449636805010958e-17
1.714754504838697513e-14
5.450322834613951259e-17
2.823862262358027998e-16
3.652203105913853776e-12
5.447623578839068219e-16
2.639329252655982228e-15
5.108908338121874362e-16
5.288019807565900576e-16
4.164900981604505170e-14
6.311620478444504058e-16
3.437490251738281556e-16
3.790364574611117103e-17
2.002990060028574733e-17
3.962748021650433006e-17
5.161051686354849091e-16
2.853748959634058930e-17
3.584694678273507920e-15
3.977228380755990292e-16
5.317721293147080475e-14
2.046949250193725304e-17
7.660966452145354100e-14
1.775702252338612341e-13
2.093665816887621545e-13
4.295242533288983074e-17
1.911580911338850810e-16
1.919048856727657154e-15
1.378788440841924312e-13
8.565705911799429643e-16
3.733166689614300345e-17
1.383948497793961729e-15
3.142048600807329818e-16
1.329203888218911893e-17
2.786845863771831005e-16
5.742870147494355450e-17
1.967106568009330367e-16
7.475279211821908576e-15
2.223399822543978277e-14
3.221584147521561366e-15
4.296478063191451480e-14
4.930577515417861392e-15
5.982401800555010992e-17
1.495445668102531826e-16
1.098592584632997193e-14
2.079358352029675439e-17
2.292589433554737943e-16
1.835040806645333450e-14
1.657392676614939686e-16
6.836338542785466710e-14
4.407477665170980718e-14
2.166417036270160829e-14
5.071678841266271458e-18
1.830988770432258328e-14
7.285940507754056330e-17
2.491612265308548605e-16
2.337558095087113527e-15
1.085870761217146401e-17
8.487193051489889256e-15
9.760090659459365499e-16
1.591043791763122289e-16
1.675254219192368727e-16
1.594925196166823237e-18
1.042783074516398512e-13
2.218234102117897281e-16
5.287855628757921051e-17
6.363587608249066108e-12
3.577889403817030058e-16
7.009734975055249753e-17
2.315936520317263443e-15
1.994383014144388965e-16
1.277874005943934062e-16
4.203577024783816717e-17
1.814002451117359394e-16
6.070844481044772745e-16
7.270722369716550748e-18
1.989233498517380128e-14
4.851840297256417023e-15
1.359460457651484686e-15
1.654662815157392184e-17
3.825999515399901535e-17
4.661039137865571023e-16
1.437487041639962299e-16
2.354803474134974269e-16
2.091556222040178402e-15
1.447380254114994519e-16
4.237772836742881392e-18
1.740029607995763252e-16
1.066767905090405984e-15
4.720517791421767993e-16
8.161583316290850747e-16
2.113643003186528309e-17
3.105774414841164406e-16
6.127194406652049143e-16
5.345517992212298584e-16
1.957242207594063997e-15
6.469752132925123329e-17
2.552060667827815710e-13
2.179982438327027899e-15
6.283944206288561828e-16
4.190197451167665399e-15
8.049314922483805611e-16
7.984230816640916495e-14
8.991897421353127300e-16
2.172376300836365996e-17
9.545602064879875380e-17
5.265234091889167863e-16
1.347279625080058478e-18
6.728270558894076047e-18
1.282428871851054246e-18
2.193596587130009455e-15
1.673834681970021165e-14
6.194478998212786525e-16
3.239142664062110181e-16
6.161767115185417480e-16
2.077077464356287019e-15
1.283111025368350189e-15
4.565223300267756603e-16
1.427318914033986856e-15
3.165618774872338420e-15
8.893993329902975808e-15
2.342950095071097590e-15
1.370267967018903854e-13
2.768018438936736044e-16
5.346558783946237306e-16
5.273412724390500166e-17
4.591645831312864460e-17
2.603420561406557046e-15
9.007852114095274600e-18
1.752373630894336985e-15
3.014930065073691691e-17
1.079823872416036756e-16
1.894000742518587807e-16
2.629119752784489332e-15
1.477493334181068964e-16
1.862610892633425512e-16
7.339424444444738599e-15
5.309387590088929590e-15
1.727457839113496520e-15
2.587638220016841295e-15
1.037676373228499827e-16
5.042458074014182466e-16
2.959728952716547314e-18
2.522482667188796768e-09
1.962547725514133395e-14
3.597209547055798355e-18
1.064860506007197507e-16
9.836115042848991158e-16
1.497843697785547555e-16
1.000160622250116822e-16
1.209456746044260469e-15
4.582634194847466755e-17
1.084157313620617846e-13
1.716769553868568131e-15
1.139943886085004882e-14
1.781905752237713386e-15
2.714408982551182528e-15
3.335019969451243417e-18
2.694270456592856317e-16
1.209524667498718424e-17
4.038858762696009201e-16
2.144013477043810879e-18
1.495724527230635702e-17
4.458383752377901091e-15
9.629175364714108974e-16
1.052467130204556411e-15
1.175226501401796519e-13
2.792676229775798769e-17
7.072270252880732272e-15
1.814633199495488229e-15
4.637342597072743921e-17
1.124129055687806008e-16
3.549274248578615639e-16
1.540519149962130130e-13
1.070741793249674036e-17
1.869572841715365819e-16
2.327741830261383441e-16
2.450637205303799436e-15
3.804641606104663953e-13
6.012375384882584495e-16
3.125089773005525207e-14
3.608827863280095194e-12
1.736323944730644095e-15
4.296443334840614053e-15
1.545164956271230516e-14
1.165081536970554929e-15
8.783994582053922251e-14
2.387347538759668555e-15
1.614848064558928298e-16
8.922602714729437057e-16
1.256872882807947753e-16
1.705521882771317082e-16
3.848615295091591354e-17
1.084067833060069902e-14
6.598391953066919981e-16
1.709835212766752394e-15
2.602225482621275954e-14
9.814591439350891854e-18
1.219337808890455510e-15
5.659729099161017567e-16
9.605366327357974660e-16
3.759107232442640903e-15
2.786065795231065935e-19
1.061562569992173088e-17
4.733649724367877676e-14
4.795936546254106828e-15
4.636637177446358699e-16
3.634012748110915930e-15
1.913076453886346684e-16
2.210520742167513804e-17
8.612785194147905732e-17
2.695310083656492564e-15
1.164398980880998469e-12
1.336273214476435545e-13
6.340551153455770703e-17
1.185000416697746259e-16
7.873053454209494100e-17
7.491171958662343005e-17
4.608687737164926957e-16
1.425300222762443045e-15
2.023705706591556741e-15
2.303706423350095414e-15
4.249318921517917071e-16
6.162660734944770766e-16
4.331164909414462333e-15
2.853523132709387053e-15
8.362112543201793979e-16
9.619300019340307900e-16
7.262105132967218326e-17
3.032971535977963267e-17
3.017163651250931878e-16
2.839782479535733067e-14
3.163105086016748668e-13
6.145710546879028149e-16
1.459773272575610992e-16
1.255981830617215831e-15
1.335619021285117895e-16
3.780419428428506354e-15
1.497650812501589990e-14
9.235448777261678899e-13
2.189396870722580546e-14
1.905583404558566091e-14
2.837725809424416741e-17
8.581068277048539971e-18
1.997560001795479351e-14
2.142585721947513726e-15
2.207430329224566688e-15
5.495588407664119077e-16
1.297536519238238058e-17
6.039571918753025570e-15
1.766077353431490683e-15
1.828419084228525594e-15
1.688625296009267900e-16
6.145780956492768662e-16
8.867898282971100146e-17
1.240085669175212783e-15
7.866666878726755879e-15
9.761179901477887166e-14
3.634304127444771410e-15
2.459439042296074091e-16
2.568470711453423733e-15
5.527669515843579686e-17
2.709998700370511100e-17
1.334483335391307090e-16
7.708797222124634204e-17
3.526871762370956294e-15
1.328556354691793132e-15
4.098797513961242867e-14
1.366959812080766404e-14
1.711679605833574952e-14
5.406142723697777985e-14
1.342337072523852246e-14
5.805142845106189137e-15
6.782160515534068745e-16
4.485255482994388032e-13
6.769488669709083917e-14
1.144431720749442341e-14
8.676266085791417559e-13
8.319199143588459910e-14
3.857656974756836984e-16
4.640236220439242221e-13
1.885378653329258802e-13
1.066769014703566887e-13
5.821150814897229752e-16
6.166217574521057343e-14
2.437558618492707829e-13
1.382636003301532246e-13
1.683396455746748697e-16
6.668030555067195470e-15
1.734715217405571365e-15
3.676931907548291328e-16
9.171484288038799990e-16
9.165224714558590710e-16
3.666315408345642742e-16
9.715473198962745228e-17
5.477818715221907924e-16
5.540045673054589878e-15
3.033944962122815669e-16
2.260441886228477075e-15
4.858007544145375584e-15
1.310216820834316648e-14
9.238413853362992256e-12
2.599669264241404563e-15
1.881450122990222830e-15
9.891695650781923838e-15
5.144008591480286885e-13
5.392322534130376821e-14
6.181452478516962640e-15
3.405972877866536574e-13
5.342964717271918903e-18
1.071556076462116137e-15
6.342835463671661622e-14
1.421700120978375455e-15
1.738532684784563354e-13
3.921079159605565800e-14
5.438552067732211476e-15
8.211119094771526794e-14
1.563063012355314640e-10
4.326974976237574211e-13
9.888819364062273465e-13
2.234568290766705129e-14
1.562815428826115627e-14
1.290754916144498665e-11
2.655960729125439457e-10
1.319341445989163919e-12
5.772551897207864324e-14
1.763453613820228916e-13
1.334784270315598782e-15
