3.067686542963702882e-25
2.135801142296266324e-22
1.138674987405931011e-25
5.927952279809647074e-27
7.658714030310920281e-26
3.036857947534517578e-23
5.381226497878710346e-25
3.336393923718836099e-22
2.143874029255936071e-22
3.052086635941657815e-21
1.627643614438019334e-20
1.090991128116062697e-19
7.950799463342181037e-21
4.320977858578559273e-21
1.583830547343663390e-21
2.772539574680298303e-21
1.061862657547475401e-20
1.742977189142024908e-22
3.784106692440610681e-22
6.458606027974866427e-21
6.518765402321606659e-25
1.431913178342041026e-23
2.600526674626654500e-23
1.230373323153235310e-20
1.408306597794836391e-21
3.268221296352556303e-21
7.534507087584231772e-20
1.968246177259560602e-21
8.001237563547780705e-23
9.547791027764995629e-20
4.611779907608181806e-21
4.648872172615222749e-21
1.712955597772014756e-19
1.115678834329719315e-20
6.219861831470315761e-20
2.042909123013666442e-20
2.548822899226556336e-19
7.235417076557740036e-22
1.307039778706920577e-21
1.796387328487843255e-20
4.695514980964269986e-21
2.024476566285658623e-20
5.619733896009997941e-20
2.712264805602570161e-20
2.606498212839658241e-21
1.178616454511207640e-20
9.904861795308123012e-21
1.469852692583063819e-21
9.491914607884590604e-25
3.192582876757490369e-23
2.740320778749742420e-22
1.004860058261055050e-21
1.174394430960683221e-18
4.336433776791726612e-21
9.208398822434488374e-20
2.113715258382387096e-21
5.177852720314463443e-20
1.858940762048891913e-20
4.423345498349831179e-21
3.735602172355241856e-21
5.605993676403062025e-18
1.834819981516389559e-18
2.796397798069736096e-20
7.406381334343742685e-21
1.051490648732402224e-21
6.444774178728044657e-21
1.486664185336795110e-19
1.840307678645825340e-19
4.747372549152353183e-19
3.854069186383367859e-19
1.695601565241972725e-14
2.624834136648296996e-16
4.026647071331268535e-11
1.586200824021943845e-06
4.717161772305189515e-08
8.183271421602356099e-11
9.999837875366210938e-01
1.465279638068750501e-05
4.036547300838994046e-13
3.553085830666810987e-17
1.426096591343484418e-23
1.629362790999453245e-22
1.689386249440052635e-19
1.476123493069072202e-21
1.863647209707991234e-21
2.311663173647699530e-20
6.937585607908550660e-22
6.521352373052665814e-25
1.094458662781536454e-20
6.928745190842537078e-24
1.729260570385350581e-23
2.203423157372476337e-21
2.572576537582881589e-21
1.555485172053713026e-21
1.303077571455888070e-20
6.601956089866749965e-23
4.938493934269340846e-22
1.124758509752842809e-22
6.819194499212684726e-23
7.058805634919411559e-23
2.989786932864341892e-23
1.460171753688868111e-23
6.374142001703965892e-20
3.765446913479640450e-21
1.661468192908049039e-21
2.387995361800001710e-18
1.248265255201322169e-23
3.428919608618825826e-23
4.528972569007860132e-19
1.370184618133169806e-20
5.007010984617727377e-22
7.589919302896048217e-21
6.338298201849479655e-22
5.868459109048380595e-21
2.892107118586096298e-20
1.257976404817615199e-19
1.753248405514782359e-20
2.082222719355613885e-22
1.643981762779739958e-18
1.136077540669791584e-15
5.107692528205209220e-15
2.714349339520295005e-17
9.208178214011355335e-22
7.903293931463635134e-21
1.824462439476306823e-18
3.745544964407678673e-15
1.418364445675083916e-17
5.352039433246438130e-23
1.649116372937166722e-22
4.905593464697921761e-24
5.311784650113915119e-24
1.584204480034512633e-22
6.566942656360696400e-23
1.064762293140546724e-21
9.692289024900027402e-23
7.357773568143098534e-22
1.903255751676069951e-21
5.841118931878299053e-22
2.366543335726646783e-22
4.910899806996650557e-21
1.073744412344332070e-20
1.622527721463383892e-22
3.129687880308432945e-22
4.168698976712179466e-22
1.252904220543145264e-20
4.457836264174521510e-20
5.841027171577803745e-23
1.145808533312328180e-24
1.450438487087031152e-25
1.206162469255896113e-26
1.290254743464426185e-23
2.054551876937612663e-22
5.916759080656469232e-23
6.641402088425814476e-26
5.166601206058538290e-22
9.057058212990955887e-21
3.376159833971175545e-22
2.709788958709558050e-23
5.605637388347095591e-23
1.815265381159211433e-24
9.964535967344471671e-24
1.627939275718763825e-23
1.025436149177040836e-24
1.263234127536162434e-24
2.333587030580356155e-24
3.568803185345783913e-24
3.263295500554506124e-24
2.950470539221624535e-24
1.479543968710561542e-23
5.031264528925965489e-24
8.323439482535918327e-21
5.684122658643253975e-24
2.754414346801367555e-24
3.790837632337190860e-23
1.597322341531210633e-24
4.533143832350494132e-24
9.134454713242946335e-24
2.426198486748848753e-21
1.674566911117160041e-24
6.491224394575691237e-24
3.107377832890865209e-25
2.670474418889967963e-24
1.449309096614812514e-19
9.815553274506241823e-24
2.739695092145044564e-21
4.338170936857444665e-21
1.490006738181590932e-21
2.257337319514390838e-21
3.553886614488959801e-24
2.022837901499300293e-22
1.663467909351636574e-26
3.454430739204949171e-22
1.192982255305780926e-21
8.404311407324612190e-23
7.424046399935135386e-25
3.713575648646758699e-23
1.945441760967882626e-21
5.544917817839148047e-23
9.612094687452707696e-23
2.535763008688091440e-24
6.772173214333974173e-22
8.988692623936371791e-23
9.856075481485634758e-24
5.563984664804430424e-24
7.190155393259779262e-22
6.344391111045917080e-23
3.254332265734158683e-24
7.151881755404628300e-23
1.468103466100939505e-22
1.934752840852544476e-23
3.385652418124753441e-22
1.664080622547102392e-22
1.909384178545904046e-23
5.296773100404102397e-23
1.062331591810507325e-22
1.309244124288815859e-23
1.126557617487726057e-22
1.086416840533225587e-22
1.393252525326788636e-23
6.969947837684337448e-22
3.595960715972757823e-22
1.749458596557065576e-22
2.215987985564986431e-24
6.872045813279776854e-24
7.480483343196251210e-23
8.406166492629329921e-24
1.896086823583136583e-23
1.068578486655643891e-22
3.877652682146804213e-25
5.519587277235752422e-25
4.895480267892988390e-24
4.203141779793832360e-22
1.036970849667355314e-22
8.076764999879812906e-24
1.501313532023221628e-23
1.320745834616073994e-24
1.138471535248093854e-24
6.417634006196429230e-23
6.763749410489225911e-24
3.105649340039912820e-24
2.413292873800726803e-22
9.886091323384932168e-23
1.849460789572377965e-22
7.607270487833001625e-24
1.546839357506686605e-22
3.181835120240397216e-23
2.432942089440679540e-24
1.236752382492255156e-23
1.388709751474937656e-24
1.113033638564106702e-22
4.231952005571680498e-24
5.620050066412100729e-22
3.600040598551655234e-20
1.898025370371626697e-24
3.126823999678118584e-22
8.805459168315256053e-23
1.281729990667358601e-21
6.520360183249124087e-24
1.114179549747944322e-24
3.094381053654509582e-23
4.513974749011895111e-23
2.359923003989739906e-25
2.932166570923244448e-19
1.593117417083543182e-24
3.788799215758099766e-23
7.165344771157492176e-23
3.213660609056271628e-23
2.590201936881377063e-22
3.582933508399135558e-25
1.809831667801003843e-23
5.855052842371316508e-25
8.922013303952788129e-22
1.027422944276216077e-21
4.339008713449676621e-24
1.109460742373954179e-21
1.833873473638127221e-20
1.610098378553623696e-21
4.258043974442318074e-22
3.238360601305210519e-22
3.892046593210874144e-23
1.183246929185335661e-21
6.743693987649980805e-20
7.030411590067052680e-20
2.136430776992022630e-20
1.554963135461073970e-21
7.923848036826192411e-22
2.653964364781815511e-22
4.835662444285798985e-23
3.811288309830920247e-20
1.533461664949331434e-22
8.839257680296622358e-21
2.606745549132437616e-22
1.342197996083203806e-19
1.764534089438589341e-20
7.649151775934345527e-22
5.128814674035143198e-24
2.184261398952508939e-26
1.263307728258619554e-22
1.695454911702836208e-19
1.213426266483099089e-19
1.233528021988450633e-18
2.401194889629663511e-18
1.271917577614613216e-18
6.548603885822904241e-16
1.231464640629952419e-17
3.896912489222669082e-19
2.490256847156819214e-17
3.834290842987888063e-17
1.083056097203199963e-16
6.321162777239708319e-12
1.977675183380679484e-15
8.162929304583597034e-18
3.777696220811806228e-18
2.872000296599492866e-19
8.538147529424388471e-18
1.080471200181978145e-19
3.425541859400524586e-18
3.444699982772712122e-18
2.231670478640302921e-19
3.080213713350108198e-15
2.584858350528181287e-17
2.093177231342986319e-18
1.062019226629861562e-15
1.220594303478753919e-19
6.929608387941014365e-19
9.783947215239763688e-20
9.730878279818687795e-18
2.032652227399134271e-16
1.000770358917197830e-14
1.117637834703760000e-21
3.297604108803632316e-19
8.244352000999641760e-19
1.962301018555227452e-21
1.040613001534099000e-21
5.418800635830780480e-17
1.650540361534399275e-20
4.143623501313613774e-19
4.617895415435499729e-18
6.153991112847245362e-20
2.120204888883503788e-24
4.042495953914575174e-20
5.484176441953602746e-19
9.682848037550796243e-19
2.453563261233043810e-20
4.712773376926107677e-23
1.267449916965077494e-21
4.723934875210771147e-22
1.292954777684726142e-23
7.348825234905250717e-22
2.344036692338584393e-22
3.174915080918504698e-21
3.414613458330461733e-23
2.038346502999161912e-21
3.024708290525538060e-22
1.469550658568382591e-20
3.437660520663521002e-20
3.041420069241365498e-19
3.051950078439165540e-19
1.208427429864507879e-20
4.422145722954524163e-22
3.225469564992004115e-19
5.298478594961996154e-20
3.859643478983180285e-20
1.486498975396483249e-20
3.870275464040871631e-19
1.090624389836669070e-20
4.116265790479290683e-23
2.496605774043889664e-21
6.077543080635094544e-19
6.850228388198275199e-21
1.137532316034388088e-19
2.954767988691548815e-20
1.633734442556279913e-19
3.717379722733996774e-20
4.795041933878018477e-18
7.193337595042568406e-22
1.543762421323090153e-22
4.140591936067395212e-18
6.335790548084769033e-20
5.751798321435946555e-19
8.716154977448452410e-17
1.056325788795773376e-16
7.349898469438295593e-20
3.128389968092161539e-20
2.272146073911399136e-20
4.138972678319534375e-22
3.175637079551120987e-24
5.370942282340412301e-21
6.745307514910277724e-22
2.399849226555238366e-25
5.728403961385424179e-22
5.439533573966310991e-24
3.083068393843187662e-24
6.496528931960668886e-23
9.120452826605725986e-25
2.044699382884636732e-23
8.247713843954816261e-20
1.318044325225881274e-22
8.365471525111693585e-25
1.241724947486793173e-24
2.663180413745068182e-24
5.721213320684935508e-24
1.155539354445358954e-25
2.508774302183443878e-24
2.014227145508623704e-24
2.534958666387605465e-25
1.123699164220439617e-22
5.285280550724106140e-26
2.652369765292306284e-26
5.377499950516882495e-22
3.839545425111069916e-17
2.098095484292874490e-24
1.489324076886874394e-22
9.693319277242246044e-24
9.239812419834931756e-22
3.868277267503478793e-22
7.131798776707330737e-24
2.439867420441524280e-23
3.514107751140556626e-22
1.237994380878653221e-22
9.812595046111663029e-24
4.083887546827127908e-24
4.127946611675079249e-24
1.459224450070833459e-24
1.376663569350895978e-23
5.512162814218651717e-24
1.941897566692905664e-21
1.182316325752664538e-23
5.846758845588522364e-22
4.435172807860275666e-21
1.942866117490561539e-23
3.727907407332258529e-25
1.982752938031566020e-21
1.050731269925792037e-24
2.071235818077381172e-21
9.659475566686454195e-23
9.693451929133839615e-27
2.106438855879726417e-21
9.649595083848561023e-25
1.137707977056407806e-23
1.057144926021987799e-22
2.017664606903124263e-24
3.223078661631524243e-22
2.098345521645393342e-22
5.327351242356641345e-23
4.052881763377868650e-23
9.323827873289397208e-23
3.843360370060040332e-22
6.296177724810785500e-21
9.201673550976828751e-24
9.258749215191379397e-24
1.945650454435903207e-20
9.831381661284418315e-21
1.715692320587730222e-23
3.139886968288726780e-23
9.325468830190001748e-22
3.099766804269679735e-24
1.340507423491975465e-22
5.840893380768278262e-23
2.617487184088906254e-22
2.515985145611715260e-21
1.836124559544201210e-23
2.852627460081623866e-21
6.920748160747513384e-22
1.539263768461668185e-22
9.683108606811711301e-26
2.173258545772785106e-25
6.289069242395853787e-22
3.349268224411047112e-25
1.720410970978400226e-23
4.261537681619360891e-22
1.806947040128882169e-24
1.740762793472197110e-24
1.253661793489371219e-24
1.124629767653110740e-22
3.775468097548588843e-23
7.813227969297526982e-25
6.687756072906570181e-24
5.836556109915402787e-21
4.335566913320197346e-24
2.010244305127298599e-23
1.722848361848915900e-22
3.225767612356105845e-25
4.923897104514620914e-22
2.984225305710352714e-24
1.628155660265065948e-24
5.054750988834271216e-25
7.530218309588922044e-22
9.217320417705270267e-21
1.402522533322591510e-20
2.157640125368585859e-23
6.059821214628834342e-23
3.253998853672567022e-23
3.653116402237534089e-23
1.705762422240556557e-20
5.025107469560715492e-24
4.456996588005229782e-23
9.710719340000886945e-23
5.549080814329703001e-25
9.529105258046008900e-24
1.979956356702797873e-21
2.574206059155804046e-21
1.530061687069603357e-21
7.760152520125738934e-24
8.957954185447891933e-23
2.133104973494401950e-23
1.282244720767184629e-19
6.359902640797458879e-22
6.469893201268062467e-23
1.499934571606459091e-22
2.989886861819510763e-25
1.016470264277089917e-25
1.202860709193425870e-23
2.941052674000836909e-25
3.261825211738593887e-25
4.205256558108548848e-23
9.893584091895663698e-26
6.559978750061586352e-24
1.451956871766258583e-23
2.164162572483359745e-21
4.902841030391992499e-25
2.868283105254218681e-23
9.917205299107342489e-25
4.576372621095700358e-24
1.494632669016904879e-24
2.240847223587140478e-21
3.784451645537245725e-23
4.933198468784773238e-24
1.991118688024577256e-23
1.178137630930095685e-24
3.232459479972050427e-23
4.250231687682688089e-25
3.240968259913509096e-22
5.727027178224760052e-22
1.427564848842565711e-25
1.703911945145702764e-24
5.078664735251889903e-23
2.023229428943779586e-24
1.471809345307050566e-23
3.903860806368114514e-19
6.429855847922540997e-25
4.900927514633341590e-20
7.487196233955319932e-22
1.743143417911973079e-22
2.689736035612749408e-24
6.554804295839879647e-23
4.908211694042350300e-25
1.434627526689985252e-27
4.382890974847245302e-25
2.954718279094922856e-23
1.329252417579911623e-24
1.319359151629702578e-19
7.829322053106051868e-22
1.904860837493592281e-21
2.070797100579121106e-25
1.926714491209381437e-26
5.215646566025083020e-24
2.844775898304105642e-25
4.564506212483349496e-21
1.767233589126739920e-22
4.203730901117851411e-24
3.490934330960965227e-25
8.300355973566860398e-21
2.371459769323473800e-22
2.229282658400676143e-24
1.361781491437152655e-25
1.653153826158960278e-22
5.647359373877239162e-24
1.631834641333792889e-19
1.295556677608416605e-23
9.252363386163615307e-23
2.419097383338824477e-24
1.505666624270412216e-23
1.401460085634121582e-25
8.220437396648456990e-23
2.006428072169156171e-24
3.094062353848800293e-23
4.775334148786841063e-23
1.423585647082165937e-23
8.660176154236422228e-25
7.592935119398885594e-20
3.107591318373340646e-25
8.814584465899556757e-19
1.392726512875187265e-23
1.193643466652069163e-19
7.324113315079424884e-22
2.137860138284222372e-25
2.070698635355361872e-21
1.407963507672115117e-20
3.906877178229029166e-23
6.889841726440657659e-24
1.002776443107538412e-22
7.654861677384080046e-25
3.307650861558458477e-23
2.038322168217957654e-22
2.128073934185264425e-23
6.209806417148968018e-21
1.813769331104363072e-25
1.381913098478876435e-25
5.160133648223813238e-17
1.033737224250965346e-20
2.864694734768549343e-24
1.143961119679913723e-24
8.397201435540291420e-22
1.133605427032715412e-23
3.384049515874216763e-23
5.987891595391811501e-25
1.277218166195402158e-24
5.250503568413631259e-23
3.285667004180895103e-24
5.691673635228029500e-24
7.304554108468757864e-22
2.633178889671200533e-23
3.850782699208392414e-24
6.510844548579895632e-23
9.377359185456789848e-25
1.406704805545556957e-16
7.302373381382364899e-24
3.180328829784922955e-24
1.359950888430628458e-22
1.190840693585610373e-21
9.540485759895179827e-25
3.732423807591895707e-22
1.097647695468676087e-22
1.441768890947510259e-22
3.369734234520874737e-25
1.691460861229394677e-21
3.867044844902393979e-26
1.767704602196029282e-23
2.964666761742846080e-22
7.620929488189158609e-22
2.548391046727215083e-22
4.690620584985691224e-24
3.772608892023543183e-20
1.513424774661560504e-21
2.099497447893633272e-23
9.883494645720434268e-22
2.570260290503858896e-22
1.727652714088329115e-22
6.473272286955576671e-24
9.543839602033726959e-24
3.396311254240610082e-22
5.213217367475068067e-25
1.261633076268853766e-20
2.816077500177168944e-17
7.292992247497476627e-24
3.673831409981207484e-21
2.051363364267581751e-23
1.331050634690832876e-21
1.541149114470710194e-23
6.349399825591436850e-24
3.380294853509726835e-23
4.220501369057654766e-26
5.032936992931124556e-23
2.253032499243712535e-24
1.253575709043088976e-24
1.038054176571277225e-24
3.751674553811403207e-25
1.558336077499858312e-21
2.980337452070625271e-22
5.803157036075673331e-24
4.415716463189623130e-25
1.656896032409756766e-24
1.485511038815398111e-22
2.455781300809165005e-21
2.139560411608442743e-22
2.439962885232830506e-21
5.035359490107749657e-22
8.462181138926358307e-24
4.688956482906127499e-24
3.087718649993375005e-23
8.776196952375531414e-20
4.957971541107971804e-23
4.448516313552581275e-25
4.023937320805606209e-22
5.038791346645518621e-25
3.029208521108770471e-24
1.443186812368820192e-17
3.220064345226584235e-24
9.070266445604095101e-21
6.295351809531124447e-24
1.114873135977337266e-23
4.308715148335530722e-21
3.675090911613370593e-22
9.334824594308178113e-23
2.857860635531393412e-25
1.246788744245020001e-25
2.866848325039802705e-24
2.839628521732970648e-23
9.889934180398625805e-24
2.656069739874541765e-23
7.915988836508528932e-23
1.559936619478566569e-20
4.552118698134227739e-24
1.243371509244129309e-21
1.176425676352383750e-18
2.565475440824532466e-18
1.377723975901216693e-24
3.435359474618597556e-24
2.399378124739097167e-21
4.535970096937403934e-21
9.429098647409627274e-22
2.599226079652216618e-24
5.551439614932536031e-22
3.531603108296548226e-23
2.266348076893390604e-26
1.261939212360242143e-23
5.632213244496995735e-24
7.230277016671500967e-24
4.905748002549254558e-22
1.739126719936140250e-20
6.110475172421651446e-22
1.094178398803484429e-21
5.311019549699159364e-22
7.930250652814019604e-24
3.569552208775291264e-24
2.715120598199795473e-21
1.676023370215327622e-25
5.869953123250447806e-23
2.256284657211576678e-23
1.832255354576273192e-23
4.361068653306104940e-21
1.452794919726641935e-21
1.076417365916388876e-22
7.235902581001858308e-25
4.175877232296456167e-22
3.577349704392948355e-24
8.879354254219159675e-25
2.781372847821954204e-22
3.306182613920138499e-26
2.101862579105230701e-22
3.325259735798711380e-24
6.453547608881430492e-24
1.566344385150383046e-23
2.906642438055579933e-26
1.222970622126382575e-20
5.798775702608075831e-24
2.381329286994784400e-24
7.045829331956246136e-18
5.018058208511660530e-24
4.762324491396207702e-24
5.921362715127158013e-24
3.013717659512945462e-24
2.170336210549393867e-23
1.012593000601977000e-24
2.665019840160817276e-24
2.506497649610976038e-24
1.296638097441100145e-25
1.441566185249304668e-21
4.810606076234317449e-22
8.420485580236539639e-23
6.726052410234268878e-25
9.484932991658158344e-24
2.579590463974269891e-23
3.926657707655264993e-24
4.945669275012572756e-25
4.201232105314473334e-23
1.515000110956625139e-23
4.605900868069480661e-24
1.035133056193680027e-22
9.556809264176465614e-24
3.716367585162516904e-23
4.022461709150735993e-23
5.277644623680599628e-26
8.124104542802125824e-24
2.049454951965671079e-23
5.844854843019071878e-25
4.867089021919121235e-22
6.688491784308301927e-25
8.722694522614689450e-20
1.135670538664839186e-22
1.166742397103519756e-23
4.520214891207682985e-22
1.177011393937234277e-22
4.315722757528790014e-21
2.010113827533575044e-23
3.491029783130496970e-24
1.797624479166206556e-24
3.837291600007302671e-24
4.120312028160301941e-26
9.142468948394312900e-25
2.026200944714230697e-26
1.227849629637511010e-22
1.732392952762075759e-20
4.630180334347064336e-22
6.967229770103744139e-24
6.332709106558770682e-24
2.482443505673750641e-23
1.413828573644285540e-22
8.666492169074074259e-24
2.027373435185763155e-21
2.756212791893090418e-23
1.044601722084611623e-22
1.653644939404114671e-23
1.744529727988017380e-19
1.981775419463139592e-23
3.177892708980464687e-23
1.609101119529905018e-24
2.106643433150429645e-25
2.223050578363339628e-23
3.256367526869628893e-25
1.191617790997012729e-21
4.411187415517522996e-25
7.458361233014667196e-26
4.778376943070459549e-23
8.433375567427850972e-23
6.285037216537088152e-23
3.205565673434300954e-24
1.041450986385609934e-21
4.693864759681194530e-22
1.564100265201646520e-22
1.328391277294249736e-23
4.326513156710975794e-24
6.801135895370365324e-24
1.426633222602427162e-26
4.983541357361787050e-12
5.034747485506591954e-21
1.569411160805520251e-25
2.637169736990713631e-23
8.689901774208688829e-23
5.086800065482588550e-26
1.935961543392285426e-25
7.747433715750860560e-24
1.042181181283031470e-23
1.518219090065904411e-20
1.771338013483943119e-21
4.786409124807419892e-21
3.566408203637532921e-24
3.386929489266997633e-23
2.590049753779846351e-25
1.208398039431534240e-23
8.936880703137237553e-26
2.678035098463877706e-23
3.080821077035632728e-25
3.014911994923450074e-25
5.620690747684885026e-23
3.224111627655256845e-22
7.644626995999742639e-23
7.489738259336304120e-22
7.060714520537865364e-24
3.287728097355567681e-21
9.035343964604969898e-23
1.751540408374552878e-24
3.940659988722937953e-23
3.018461017027166988e-22
5.121725042240402646e-21
4.907650123685446092e-25
4.220666955892041314e-24
6.819816121605998883e-24
9.258294989082153139e-23
3.701785752600238310e-20
8.466798341804616889e-24
2.922325908521669383e-21
4.336855673800810748e-17
5.018098834848279413e-23
4.917104469384365211e-21
1.356039905389159934e-22
2.488538639457940789e-24
8.425345064386896940e-21
3.314119268545781103e-22
3.882968618571862307e-24
9.843305401151917018e-23
2.934979480410573221e-24
2.086594996700019448e-23
5.429082744693943027e-25
1.313652881716922462e-21
1.714160431595881539e-24
9.995225496456827826e-23
1.042810603932976453e-21
5.958617302464944472e-23
1.019073110340828580e-22
3.399070058598349005e-23
4.605980111356220646e-20
1.849926533050820450e-22
4.453146387805844185e-27
2.146792508921653041e-25
2.245723923837893322e-22
1.467969044202689845e-22
9.212038709954889714e-23
4.170466933907637347e-21
4.294762609681097378e-23
7.934690855026669222e-26
2.244361024629161085e-23
8.039424616029974609e-22
2.592597814230745406e-19
1.757881990194143122e-21
2.015995180012450297e-24
2.282140835557643694e-23
5.360308864900643692e-25
1.644755423635360133e-23
8.091876419380226608e-24
9.264473189919663059e-24
3.400148526119094754e-22
1.375807813040912225e-23
8.343777376901572628e-23
1.385530365925580151e-23
1.396435137317248494e-22
1.461682769421164646e-22
1.174472776435360644e-22
1.464635507343843102e-22
3.968836374624202323e-25
9.711152858511351152e-25
3.757166019676482027e-22
2.622264273295435031e-22
1.730623658668264582e-19
7.493649747248751985e-23
5.120662585440589262e-24
4.216261609498488887e-22
5.237735657447402877e-25
1.925475678834964333e-23
3.275322811547973105e-21
1.050433299459851348e-19
7.039455000607730078e-20
4.835683522649186490e-22
8.682171568426247090e-25
8.129179580828252051e-26
2.990553011466620121e-22
1.850928954380302895e-22
7.171278898430926715e-23
1.625426122646910725e-23
3.638702276612767869e-26
1.378423833574806144e-23
7.364986533607204960e-23
3.268855565763902964e-22
1.636831473614596114e-23
3.852180087415900915e-23
1.946574434276869732e-24
2.062631453437758684e-23
3.329083644373461609e-22
5.321971210983034044e-22
5.400442297560116555e-22
1.857166004241342302e-23
3.910233812935180780e-22
4.976061620500409525e-25
1.512631713860880095e-24
7.185842848463117035e-24
3.475098342719106026e-24
1.496265674199584792e-22
1.545146903766189238e-22
4.727617343549570144e-20
1.566506606506932695e-22
7.324141587854268005e-22
6.767473370387284637e-22
3.116001888287542919e-21
3.766712968337115411e-20
1.227629505890518139e-22
2.171186360166177838e-18
3.396057213261225053e-19
2.200308184209296300e-20
3.059115045819265974e-21
1.863029974643487554e-20
1.383929767148886718e-23
2.915713431551681882e-20
2.875022728931643533e-21
2.845458707380868721e-18
1.895892511364962543e-22
6.511152191711157343e-20
1.086222086552944623e-22
6.863776701903098812e-21
1.722065527841010776e-23
3.464660132065777977e-21
1.015115616060388226e-22
4.202415869988847985e-24
7.798348218523454060e-23
5.561271219948741710e-23
5.114456932243577651e-23
6.502100715698812784e-25
4.910126811661955350e-23
1.727455057099916938e-22
3.073336958384726947e-22
4.837786815149122961e-22
1.534421298463314691e-22
1.283076554270683267e-19
7.379875365590246604e-20
1.937122500125737874e-24
3.041720180707357393e-20
9.561266801607507463e-22
5.211619783882526570e-20
8.683320079222311775e-20
3.517917002679687848e-22
2.371206324091844393e-22
8.656740664994184722e-25
2.973975951513178196e-23
4.454842177318634990e-21
4.525116582571913231e-21
1.061049322516659834e-19
2.720317085748347107e-19
6.296925337756994316e-20
2.308596304591431146e-20
8.097895041335697913e-17
1.296361426460045227e-17
1.411778102765691689e-18
2.507803368079221150e-20
1.123339191212169165e-22
3.821076798138475956e-17
7.687550591782842157e-17
1.127674070551800016e-17
7.411246836556173736e-20
7.043007818886827759e-18
1.846063512752389365e-22
