4.490575966631382698e-10
1.297804264055457679e-08
9.935660072457608294e-10
7.610905794486200193e-10
2.973764701152958878e-08
1.667800830773558118e-07
2.887282635199994729e-09
6.438216360038495623e-08
7.580575811516609974e-08
2.104830372218202683e-07
2.070422766564661288e-08
1.438622945215684013e-07
5.274782566289104579e-08
7.475087926422929741e-08
2.076961003183441790e-08
5.539499969842154314e-09
1.412032446523880935e-08
1.388794004242299707e-07
2.497659323807965848e-08
3.377890891442802968e-07
3.151373162424420116e-09
9.707278536552621517e-08
1.094924151345821883e-08
1.354992065216720221e-07
2.738867124207899906e-07
4.963888386555481702e-06
3.316922447993420064e-05
4.400887064548442140e-06
5.054845587437739596e-06
4.328895101934904233e-06
2.395763374352100072e-07
2.376653583269217052e-06
2.744428638834506273e-05
2.012278628171770833e-06
1.403659280185820535e-05
5.716749456041725352e-07
2.201617917307885364e-06
1.314669191287975991e-07
4.504703247221186757e-05
1.708484433038393036e-06
4.782437372341519222e-06
3.435122198425233364e-05
1.767517642292659730e-05
1.059854412233107723e-06
3.721134635270573199e-05
3.022622331627644598e-05
1.218565216731803957e-06
3.672601280868548201e-07
4.467326419899109169e-08
5.306096682033967227e-07
2.756536332526593469e-07
1.106954812257754384e-07
5.804671309306286275e-05
1.136459331974037923e-06
1.387183601764263585e-06
4.645001183689601021e-08
1.880940345699855243e-07
1.954928734448913019e-07
2.637725913245958509e-07
3.387727360859571490e-07
1.790226269804406911e-05
1.583452217346348334e-06
6.258695179894857574e-07
1.247225327460910194e-07
4.589353252981709375e-08
5.059887939751206432e-07
2.296210368513129652e-06
1.194886039002085454e-07
1.860130737441068050e-06
2.439103354845428839e-06
6.734727776347426698e-06
4.720463184639811516e-04
7.201052994787460193e-06
3.912336193025112152e-03
2.450553874950855970e-04
2.346726614632643759e-05
8.036685585975646973e-01
1.874245554208755493e-01
1.788848167052492499e-04
1.024581524688983336e-05
1.187567488791785308e-09
2.108477481499448913e-08
6.670646257589396555e-08
1.177728758960938649e-08
3.732626652208637097e-08
9.234732942786649801e-07
1.313372877120855264e-08
8.687191410672312486e-09
7.531474466304644011e-08
5.589747686940427229e-08
1.260679671766240517e-09
1.282209893815888790e-08
1.185759668231867181e-08
3.832327308828098467e-07
2.870519821840389341e-08
4.086712357409538754e-10
5.540039094142912290e-09
2.088579753589669963e-09
7.168478033392489124e-10
4.775183359839729746e-09
1.967169094285736719e-09
1.948278427477134755e-09
1.136819264502264559e-06
1.645561980012644199e-07
1.130510781877092086e-06
1.195681704757589614e-07
6.679287789523868923e-09
4.694412858441410208e-09
5.745383759858668782e-07
1.711644870283635100e-08
3.638034513642196544e-07
4.730803482289047679e-07
8.276851559685383108e-08
1.750369960973330308e-06
2.254120190627872944e-04
4.401613296067807823e-06
1.505033395687860320e-07
1.571119057075520686e-08
5.401819862527190708e-07
9.319063974544405937e-05
1.220663471031002700e-04
1.821838509385997895e-06
3.803415538072840718e-08
6.992031131858311710e-08
8.611827070126309991e-06
1.556419306325551588e-06
3.526369982864707708e-05
1.345077738079680785e-08
5.943571412814208088e-09
1.010867278772309419e-09
2.646337593503744756e-09
1.313087327758921674e-08
5.091559618364271955e-09
1.026338214416000483e-08
2.819000366471868801e-09
1.074141753321100623e-08
2.900363726965338174e-09
6.351916770341858864e-09
3.092690690209565219e-07
2.891345829425517877e-08
2.683689359628260718e-08
1.748249367494736362e-08
2.292364520428691321e-09
2.256744124906617799e-08
2.970153900605509989e-08
5.934440938659690801e-09
2.716069680275268183e-08
3.233301182348213842e-09
4.691734223349897093e-10
6.587355660947480374e-10
2.487574146670112896e-09
4.720219592968533107e-08
6.117412687522971737e-10
9.990446248053785894e-10
2.363990780906988221e-09
6.231673399526016510e-09
1.308007258060683853e-09
1.190330234379644025e-08
3.628204847672122924e-09
6.828112519841056383e-10
4.627858374295357180e-10
3.200644194123469788e-10
3.465219777787353905e-10
3.954266636352343767e-10
5.834039917829159094e-09
8.862531819531227484e-10
2.054070691315246222e-09
1.045345476846648580e-09
4.253524199526736993e-09
1.862208165448464570e-09
1.096922552790147165e-08
7.873712348782646586e-09
2.294695988780404150e-09
5.637799116442465674e-09
1.179186859268099852e-09
2.151160916064043249e-10
2.170280177793415533e-09
1.715485176134734502e-08
2.104856289264489533e-09
2.565241352670000197e-09
2.983539248990751958e-10
2.268944365724223644e-09
1.795609350097038259e-08
2.847441171738296362e-09
3.741384979605300032e-09
1.090826007299483535e-08
3.013026494969039959e-09
1.250359193960548509e-08
6.840144006758919204e-10
5.348074427757865124e-09
2.691570577528779040e-10
3.432436557204709970e-09
1.219332368407322065e-08
2.201973492432784951e-09
2.954730904392022239e-10
6.463559465430535056e-09
2.248870867305186039e-09
1.041882025099027942e-09
4.277849463552030329e-10
5.889314813600776688e-09
8.386076832955779992e-10
1.453584697053145192e-09
5.120726065399594518e-10
1.180589581650792752e-08
2.177503066747021876e-09
1.043692021696074335e-09
1.196886256771279022e-09
2.393226061769837543e-09
3.117250013673356079e-09
1.028477636388913652e-09
1.414841488411866521e-08
1.377323921580853039e-09
1.591531351152752904e-09
1.351916134595398944e-09
8.072613688625551731e-10
1.884446820810126155e-09
3.899857936584538720e-10
2.669984233705235965e-09
8.115036420619503588e-10
3.468353937385870722e-10
1.231280494229380906e-10
1.643054470257254707e-09
7.100848797847447713e-09
8.364112180636595895e-10
3.442468088366013035e-09
2.026418588485512373e-09
5.440337624840196895e-10
3.566501760587925673e-09
1.535871319013892844e-09
1.473099753290796343e-09
8.710332455308389399e-10
1.579836705900561356e-08
3.409091675621311879e-09
2.268268212146651308e-10
3.672378789953967271e-10
1.449136144415774652e-09
1.077697597828830567e-09
1.944647554097400644e-09
3.407386872655848720e-10
7.026046411340303166e-10
3.584066377015915350e-10
1.099131452519941377e-09
1.372990943160345978e-09
8.933405126754223602e-10
1.260124338209323014e-09
3.513620061568190067e-09
1.447094888362698839e-09
1.903199958741552678e-10
1.233613100559693976e-09
3.573965123848665826e-09
1.530155002704702838e-09
3.010862315022677649e-08
1.077519318215536259e-08
1.065950883116784098e-09
3.128782122274742505e-09
1.486704370723401780e-10
1.084611844781591117e-09
2.537029031302040494e-09
2.804514842580374534e-09
2.003081256418681733e-09
4.674218789801898311e-10
3.878597720774479285e-10
2.303071067188966481e-09
3.333454623444254139e-10
2.402707144355531454e-09
4.569226774719936657e-09
2.604038096265526292e-09
2.671726395675477761e-09
2.636327156579909570e-09
3.188471930926084497e-09
9.675913403839331295e-09
1.877412536543943133e-08
1.814445909076312091e-07
5.164316974060056964e-09
9.613368767702468176e-09
1.142712164892145665e-07
6.874392255440398003e-08
4.167303302438085666e-08
6.078108327756126528e-08
2.648192243270841573e-08
4.379015905442429357e-08
1.586606934722567530e-08
1.111651393159718282e-08
8.794589945182451629e-09
3.668000303491680825e-08
2.516595820623024338e-08
7.188156736503970023e-09
1.537082461311456427e-08
1.548447414734255290e-07
1.739269173128832335e-08
2.001004872909106780e-08
1.052616327434918730e-09
3.930956893327675061e-09
1.181730127086666471e-07
5.201087893702549536e-10
1.256967752105708769e-09
1.077020972406472765e-10
1.059161536254293878e-09
4.005561038411542540e-07
1.487407871536561288e-06
1.862321852286186186e-07
4.605419974268443184e-07
2.067861714749597013e-06
6.874776590848341584e-05
1.133305545408802573e-06
6.239199137780815363e-06
8.916629667510278523e-06
1.410174154443666339e-04
2.278379014342135633e-07
3.070972525165416300e-06
9.505897651251871139e-06
1.441768858967407141e-06
2.790283815556904301e-06
7.233743417600635439e-07
9.667019185144454241e-06
4.305109086999436840e-07
6.378789976224652492e-07
1.542829181744309608e-06
1.800981834776393953e-07
2.352713181608123705e-06
1.780157532493831241e-07
8.482833635525821592e-08
1.812599748518550768e-06
2.446604874251079309e-08
7.283483682840596884e-08
8.440355259153875522e-08
3.291723714937688783e-06
2.584779402241110802e-03
8.401283412240445614e-05
8.342345267919881735e-07
6.471738061009091325e-07
2.981428906423388980e-06
7.852135297525819624e-08
5.340513453688799927e-08
2.663707618921762332e-07
3.340185372735504643e-08
1.012266537259165489e-08
5.988704998571847682e-08
3.201659826146396881e-09
2.348422289966123344e-10
5.523445167909812881e-08
3.554708598585420987e-07
1.057747525123886589e-07
1.950262173977534985e-07
4.840169598452348509e-09
7.743351737588000105e-09
1.404771321489306501e-08
1.388282711012323034e-09
1.721220854733473971e-08
1.410952865654735433e-08
2.067937714400613913e-07
8.917066196545420098e-09
1.431319862632562945e-08
1.584525364251021529e-07
2.328846004928664115e-09
7.220038611421841779e-08
1.426787861191769480e-07
1.362856067999018705e-07
2.449144531624369847e-08
2.047636060709123740e-09
3.147512472878588596e-08
2.994229930664005224e-07
1.996303780060770805e-07
3.919048594980267808e-06
1.710867891802081431e-08
3.851979712976572046e-08
1.083003575708119115e-09
1.910643554481339379e-08
7.188091899479331914e-08
1.396345972182189143e-08
1.153582207535919224e-08
2.757615646942213061e-08
3.137322934776420880e-08
1.460625131954884637e-08
5.889523322366585489e-07
5.719301032769408266e-09
1.392647996922846687e-09
1.912006126758569735e-07
6.068100333322945517e-08
4.143794640754094871e-08
7.962381687320885248e-08
1.927237605059417547e-07
4.691407795576196804e-08
4.586572686093859375e-07
6.689886333788308548e-08
2.102994223207588220e-09
4.108511753031507396e-09
1.818483919002744642e-09
3.430865591624865374e-09
5.610755415830226411e-09
9.097354904952226207e-07
9.777710197056421748e-09
7.052106676397329466e-10
9.463979599999561287e-10
1.396553628296715033e-08
4.307320011776027968e-08
5.601233965535357129e-07
3.456429169546026969e-07
2.867940773754185102e-09
5.112618328695361924e-09
1.113753977932674388e-09
2.110500441077078904e-09
2.014355765522779507e-10
4.667065067742726114e-10
5.392968294160027654e-10
1.034072294459065233e-08
4.598983238679466012e-08
7.650986094676071048e-11
1.278191007897389042e-11
4.295874234117036394e-08
1.180815445422922494e-07
5.299384930879114108e-09
3.364059253385676129e-08
2.331797421817327631e-09
1.916409475555269637e-09
2.083475791891942208e-08
2.693513190266116908e-09
5.838979855177228728e-10
3.974732010192383314e-08
6.457906209789143759e-08
2.035525747956512532e-09
2.276747457230499094e-09
6.438422239796182112e-09
1.615167333213207712e-09
1.758364676085477640e-09
2.544555233185974430e-09
2.840607926657412463e-08
8.988666699849545694e-09
4.641343664957275905e-08
9.412131021235836670e-07
5.638541189512125129e-09
1.209291444759230671e-09
1.521755166322691366e-09
2.563156631385510309e-10
3.105596135810628766e-08
1.585708275797514943e-08
1.899450041698003133e-10
2.341227434143888786e-09
1.051661091544531246e-09
1.713577835182888975e-09
3.148195260038733068e-09
3.902805023603406198e-10
4.363499783721636049e-08
7.182934691485343137e-09
1.365181212520383269e-08
2.953160382901387493e-09
9.924509214442878147e-09
2.471522542180082382e-09
5.738210688832623418e-07
1.133476160153357171e-10
2.083032774047310909e-10
2.889107619807873562e-08
4.851466783861724252e-08
2.908429497239239936e-09
1.446410546890319893e-09
3.490682942697276303e-08
1.345262479190978411e-08
4.079589999150812218e-08
1.650114427320659161e-07
6.072763181208529204e-09
7.066706331215755199e-09
4.728509495066646195e-08
3.879237908677168889e-08
2.667094634034583578e-08
1.567973413330037147e-07
2.301721868658290759e-10
6.642159045000539663e-11
2.136540366848294070e-08
4.089129312934147720e-10
2.335479365456194500e-08
4.271241493825073121e-08
6.094194482386683376e-09
2.973529200644975390e-10
1.202495436558592701e-08
2.009031163652252872e-09
8.451651878349508706e-11
2.096733064949063419e-10
8.678037488607515115e-08
5.009126979871325602e-08
1.187273657166088014e-08
4.145824572532319507e-09
1.622928458289152331e-08
4.852664936549899721e-10
1.548301931109108409e-08
2.121218201089902777e-10
6.348691017343810472e-10
2.227448642200258178e-10
9.736042194674610073e-09
7.082135766722785775e-07
6.281474895786232082e-08
6.647742356591379576e-09
4.740779768752645396e-09
5.742201096836652141e-07
4.002347253617699607e-08
4.706069844928606472e-08
1.484523171058071966e-09
1.345552380627168532e-08
5.735315777855021224e-09
7.237817567506965588e-10
2.168440005334559828e-08
4.817117655875335913e-07
1.763127599474501039e-08
5.249339807278374792e-08
7.560814752061162380e-10
3.318613295277828001e-08
6.465890045603828185e-09
2.768468334579665679e-07
2.166306956041808007e-08
8.519795979822220033e-10
4.321455193689871521e-09
6.000965002694869099e-11
8.940048007444190148e-11
2.571938750861590961e-07
8.550956054342861989e-10
6.421534415324003930e-09
2.128568077353065746e-08
1.405282334943080969e-09
1.035684538130965393e-09
5.711691564158627443e-09
2.131087910584028577e-07
7.110603217341804339e-10
3.107354151765662209e-09
5.782324064007582365e-10
7.632352527764396655e-09
2.209449512236005830e-09
1.759223433595025199e-09
5.429197091899595762e-09
6.575869293534708504e-10
1.859773224310856676e-09
6.584353617888893950e-10
9.875565254446883046e-09
9.632470376885748919e-10
1.474420918690100279e-09
9.173993786859568900e-10
5.643466249871664786e-10
3.709721196898385642e-09
3.341768528564159624e-10
1.767492957549521293e-10
2.159532819234755152e-08
1.933875864779110998e-06
1.040201674795682152e-10
8.001630646958801663e-08
5.053963292311891564e-08
9.739143713716202910e-09
4.996918878674705411e-09
7.572378279974145698e-09
1.413338446276668492e-09
1.266740358440987535e-11
7.763253373482825737e-10
9.957843438712643547e-09
1.558549123092944910e-10
3.638803036665194668e-08
1.537619098712639243e-08
1.029461955681654217e-07
3.088721500787983132e-10
1.687238820879954915e-10
2.825332323652673949e-08
3.195882003481642641e-09
1.138150764745660126e-07
3.708143347935788370e-09
2.031263379720371631e-09
4.497347494414327684e-10
3.606045027026993921e-07
1.383190184611748919e-08
4.569338241111609022e-10
6.643555705565518110e-10
9.266090117421299510e-10
9.993328831114922650e-09
1.159861184873989259e-08
2.330391157823186177e-10
4.452013424582901280e-09
8.653847638484535310e-10
4.244649964846303192e-09
3.253534663905099933e-10
6.068458446861768607e-08
6.573473987359079729e-10
5.321209584074892973e-10
2.823509870353291262e-09
2.378713226391937496e-09
1.441666924728579602e-10
1.971669938427567104e-08
9.081063123694832484e-10
1.110305376528231136e-07
5.706672023819692185e-09
2.420834164240659447e-07
1.716417119546065351e-09
7.791943756885189032e-10
3.597291652113199234e-06
1.202452324378100457e-07
1.169850261106830658e-08
1.797747062326493506e-09
2.803917453775284230e-08
1.516278491653366700e-10
1.524294135357706637e-09
9.895797070669232198e-09
5.745527942302430802e-10
5.581968025580863468e-07
3.976573292874263643e-09
7.632638965304749945e-10
6.517404358419298660e-07
2.655453045008471236e-06
1.573487562467335010e-09
1.220983980587675433e-09
1.659878012816307091e-09
8.285973018828940440e-10
1.229528034940585712e-09
2.897866124840220436e-08
1.422653106430971093e-09
2.241766106081399812e-09
8.654721939116427620e-10
1.115119196981595451e-08
3.297608586194655800e-08
1.907889624064296186e-09
3.407503723629190517e-10
3.187918817815216244e-09
2.972043444682270774e-10
1.188728037959663197e-05
2.465138759788487732e-09
3.910968260356639803e-08
1.191007026335455521e-08
1.218699985372495576e-08
1.216469813769549546e-09
4.838566169951263873e-08
1.402614657308731694e-06
4.778062390187187702e-09
2.635595214295349820e-11
2.552860962623526575e-07
2.189855519141303830e-10
1.083658607292647957e-09
8.075266677565196005e-09
6.743201108605489935e-09
1.125029758242135358e-08
9.087386954043097376e-10
1.057912335511446145e-08
1.173578123569996023e-08
8.098511194987167983e-09
2.268266108274019643e-08
2.141490398344103596e-07
1.041840280713302036e-09
3.718503283067775556e-10
4.780052222486119717e-06
1.201509647330567532e-08
1.737513605215568191e-10
7.342250682995654643e-07
4.432162677403539419e-05
2.795194908866704964e-10
4.744816806123708375e-08
1.780157576902752226e-09
1.586022868593772728e-08
1.135473937097231101e-07
3.121831460006774250e-09
8.685298591437629057e-10
3.657461278283591355e-10
6.357446125093701994e-08
2.026556700229775743e-10
3.836636564003015337e-10
5.650650503064014174e-10
1.667894489187915497e-09
1.199501475923625549e-08
5.074292541706881821e-09
3.245892166159336512e-10
1.963565421370105923e-10
1.035678542926632417e-09
3.541935811313123850e-08
2.453589775797127004e-09
2.575551549810484175e-09
1.645693714635854121e-07
2.430210521708886517e-08
5.577444284199373215e-09
1.293348095288138211e-09
1.055326270815726275e-09
4.339927173191426846e-08
1.734500321148857438e-10
2.640830054634335511e-10
6.734120461260317825e-07
8.029459042102615740e-11
3.275803628355333785e-09
8.031244942685589194e-05
8.994304745435499626e-10
1.015758215316964197e-07
9.728612360149213600e-10
5.976709349653219761e-09
1.291447659923505853e-07
3.162760053854185571e-09
1.154682394144401769e-07
2.650109298674152569e-10
4.200128300713146245e-10
3.429871275884011084e-09
2.125058129465173806e-09
5.800827040935985224e-10
1.006018734983626928e-08
9.850609911099539318e-11
2.109424031004891731e-07
6.502246518991228186e-10
1.849546404919522047e-09
1.924694515764713287e-06
2.836440273767948383e-07
1.629450463447312814e-09
2.323158332373509438e-09
2.405394328164334183e-09
5.104171236780530307e-07
9.323143146389156755e-09
1.037495533928733948e-09
1.092543833181025548e-08
4.071752268686168463e-09
1.525557805082122798e-11
2.273089716453569054e-09
1.729489884638724106e-09
2.401270116081377637e-08
2.997917292191232264e-08
3.042381635509627813e-08
2.811532873181477044e-08
8.847622190444326407e-09
1.228295132271739476e-09
4.281622612012370155e-09
2.091489870181817423e-09
1.614835376528844790e-08
1.249278180903701241e-10
6.072782832156065069e-10
3.967892325817956589e-08
2.280258870612783539e-09
3.289617467316929833e-08
4.648067530865773733e-08
1.006648275847510376e-08
2.686861844125587595e-10
7.278914893049659440e-08
5.198610875112308349e-09
3.826230166037447589e-10
5.471624930919460894e-08
2.186937853032588919e-10
6.577833033816204988e-08
1.195258025887824260e-08
3.726277897353469371e-10
8.150562891273693822e-09
6.508397293325529631e-11
9.674031353767986730e-09
1.634150259555156026e-09
6.831955556840796362e-10
2.204586735388147645e-06
1.211655664690169942e-09
3.126534764419375279e-08
1.090480772347746097e-08
3.711460305755309719e-10
7.055258155475030435e-09
1.231473700791241299e-09
3.764568656805522551e-10
1.082729461643339164e-08
1.616371342327838079e-10
4.120481378322438104e-08
5.014822477278357837e-07
2.936691334554097921e-09
3.218705968421886610e-09
4.409698384222338063e-09
2.000249388345309853e-08
1.496134993672626479e-09
1.858206033489295805e-09
1.777491576149259345e-08
1.365131008235209720e-09
3.262582704000038802e-10
7.445781768922188348e-10
6.524413009856289136e-09
3.823452665585591603e-09
2.520764263991281950e-09
1.183800435455850675e-08
6.326488666275054129e-09
4.181011092896369519e-09
1.101360114219573916e-09
5.447518347523327975e-08
7.958278480657554610e-09
7.184078754107758868e-07
1.045180155756497697e-07
9.180841864520061790e-09
8.754295066637496348e-08
1.618875344888692780e-08
1.422300641706897295e-07
1.372399194288220770e-09
2.975584223463556555e-09
1.937975326882224181e-07
1.065902655028594381e-08
7.115429773163484128e-11
1.881418076887797497e-10
1.098974244939654454e-09
7.484696196158324710e-10
9.247979164683783893e-07
2.413199808870558627e-07
1.823025341796125076e-10
1.576061725572230898e-09
2.348407974750443827e-07
1.182895381646176247e-08
1.322132003878095929e-08
9.520198851475925039e-09
7.664080925451344228e-09
9.630405628513472038e-08
3.521926528193830563e-09
3.023131966983783059e-07
2.685771827160010616e-09
5.885036458153081185e-09
2.913063956722083958e-10
1.128689475216049232e-09
3.873446896562882102e-09
2.853109970502032411e-10
1.405025096268275320e-09
4.871806291717462045e-10
6.979428840425683234e-11
4.042318124675148283e-08
3.707981033329588172e-09
1.026799867354100115e-09
3.745759813433835461e-10
1.141515593161557263e-08
2.319259095884262933e-08
9.282860036208262500e-10
3.228672884603156490e-09
1.602001975520295218e-09
2.332056503462354158e-08
5.150049137148116074e-11
2.060157612504553981e-06
7.097860077465156792e-08
1.834826596214256256e-10
9.121318700344716035e-10
4.163956734970497564e-09
4.598493807961290258e-11
8.927392158852853754e-10
1.288111145525405732e-10
2.123287545785501607e-09
4.213803084240907992e-09
9.377693999113034806e-08
1.978379060574297910e-08
1.690919759766984498e-08
8.851255728359319619e-08
6.240195166151707440e-11
1.711066288656581946e-09
9.413943236058486264e-11
1.693898354915290838e-09
1.523935699854206405e-10
9.867502370752845309e-10
2.327418684444637620e-07
1.818820427601508527e-09
3.288775252130449189e-09
3.261105163687716413e-08
3.675966753213799620e-10
1.556607642783092160e-08
1.967701779292951869e-09
7.021505599169586276e-10
2.719120928418305994e-09
3.874401599546217767e-08
1.362337513910460984e-07
3.016367378094741980e-09
1.543612793142301598e-09
8.893146774546778488e-10
7.088727471682432224e-08
2.319873146916506812e-07
1.838095564643538182e-09
8.476445145788602531e-08
1.793079462686364423e-07
2.965312662084329531e-09
1.620031326865500887e-07
1.387649883888286695e-09
9.306566184363873617e-09
2.702736701110097783e-08
9.010174828461003926e-09
5.449364959275726505e-09
1.615288347522891854e-08
5.918356027478921533e-09
4.458201630086477962e-08
3.405976611858818615e-10
2.432509305094754382e-09
1.321412756993822768e-09
3.166090167816548728e-10
1.533317544044621172e-07
3.813147575471020900e-09
9.041821869004706969e-08
7.997747464294491238e-10
4.904243677827935244e-09
9.070771511687780730e-08
1.696324677946670079e-11
2.837014789758285360e-10
1.863911158750397590e-08
1.999047860579139524e-08
8.184082855855479011e-10
2.001008603258469520e-08
4.146593468590253906e-08
1.355199286123820457e-10
5.217890008957226655e-10
3.038443807668045338e-08
1.972588052012724802e-06
2.235204910050470062e-08
2.145957189725322678e-09
4.618997628824672574e-09
3.860559649737638210e-10
1.642885272268301833e-09
1.427455931235499520e-09
2.242943430985633313e-08
2.073660851920067216e-07
4.070853520943273907e-08
2.916408092801248131e-08
6.603335211963212714e-09
2.062763400090261712e-07
2.695697443044764441e-09
2.622695394194352048e-09
7.637289023421089951e-09
3.740548149000488820e-10
2.050023928390487526e-09
9.502874043221254396e-09
9.685016344462837878e-09
1.406569026585202664e-06
3.846758023229313039e-09
8.913018767486846627e-09
8.324915867774507205e-09
1.994408416194914935e-09
4.836183009615524497e-09
8.588947935095347930e-07
5.086291565703504602e-08
1.670282188115379540e-07
2.172182078652440396e-08
5.356460761052339592e-11
6.397337104502298644e-10
8.895882253057152411e-09
7.380884348151539598e-09
9.329897965315581132e-10
2.500657636517189530e-08
1.375839719930382898e-10
1.399585602968045350e-08
3.007336601967836032e-09
3.065522502510020786e-09
2.562708045772410514e-09
1.210179734201233259e-09
1.164528473651671447e-10
2.720796699051675205e-09
1.459035203765779443e-08
2.673287724519468611e-08
1.220188039496861165e-07
1.174227381994796815e-08
2.133353120825631777e-07
1.368658408829048767e-09
1.982832120717148428e-09
1.326384779787304069e-09
1.968154944576028242e-10
3.046439100984343895e-09
3.986194485605665250e-09
3.126946168663380377e-08
8.621050540114083560e-09
5.428606897339705029e-09
2.448033065149957110e-08
6.531712415380752645e-08
4.808222708874154705e-09
1.795105286639397946e-09
4.204508741167956032e-08
1.279374259866017383e-07
2.985973068803104979e-08
6.941377250768709928e-08
2.591256631490068685e-08
2.318766956221907094e-09
7.740904095498990500e-08
5.228109216659504455e-07
4.130800448365334887e-07
2.099399321053851963e-09
7.699982518261094810e-08
9.414621615633222973e-08
1.140849050784709107e-07
1.344528044455728377e-09
3.358417544063740934e-08
1.631867974083434092e-08
1.966347529247514103e-09
5.907405231653228839e-09
4.361908167993533425e-09
2.150529976319148773e-09
2.261042686413361480e-09
7.667911638975510868e-09
2.850969771373002004e-08
7.872657525886950225e-10
2.086656403221809342e-09
3.997211450723625603e-09
1.574825176930971793e-07
7.696575465843125130e-08
2.644495955550496546e-09
4.180923607322029056e-09
2.740442095472417350e-09
1.962104647645901423e-07
5.130145552811882226e-08
3.883038890428736067e-10
4.509039364108957670e-09
1.897406320949812653e-08
4.595175351340685665e-09
1.916333403073622321e-08
7.056631723401096679e-09
2.377772290174107184e-07
3.441832419071033655e-08
1.334893511284462875e-07
1.918324869620846584e-06
3.077106782711780397e-07
3.505463439523737179e-07
5.449521722766803578e-07
1.829153717380904709e-08
9.290887170720907307e-09
3.262440031903679483e-06
3.730347816599532962e-05
1.465284498181063100e-07
2.186246774726896547e-07
7.536809789598919451e-07
4.089507754656551697e-08
