1.511759606387386157e-08
5.559731564019898542e-10
3.013416716157735209e-08
2.813165034254438979e-09
5.694207327877620628e-09
6.412138042755088918e-10
7.363143428307239446e-10
1.716188364753179485e-07
4.752750157877017045e-07
5.570848884417500813e-07
5.248401713231487520e-09
1.322981191265171219e-08
4.807712006282827133e-10
8.442111720796674490e-08
1.252857639855164962e-08
2.244199848178141110e-08
3.057906639014618122e-08
1.340746848654816858e-06
7.091741736076073721e-07
2.670574339447284729e-08
9.434958592180464620e-09
5.712559314474674466e-09
3.124777769869524491e-09
2.481814362909062766e-07
9.756683994055492803e-08
1.578371566779424029e-08
6.303862321033193439e-09
4.750289051003164786e-09
7.779107846772603807e-08
2.860564940476706397e-08
5.684075432554891449e-08
1.458572196355589767e-08
1.204923449904526933e-08
5.518433487949891969e-10
6.858013268384866024e-09
3.064555498255572275e-09
1.489830037115780215e-08
4.586161672648358945e-09
2.723568748308480281e-08
3.305899909378240409e-08
7.356859121898651210e-09
1.649884318055683252e-08
1.603290722407280100e-09
9.565951586409937590e-09
2.417310440705477959e-08
1.532639348766906551e-09
2.090384398911737662e-08
1.713211439380302181e-08
5.786128909335275239e-09
1.410101635457294833e-08
3.346444898966183246e-08
3.304034024154134386e-08
1.287197726185240754e-08
1.721607034710359585e-08
3.029114026276147342e-08
2.380364705345527909e-08
3.776977450797858182e-07
4.241177009589591762e-08
7.238671884124414646e-09
6.125173257487404044e-08
1.479322833120022551e-07
7.148320690930631827e-08
7.128135592893158901e-08
8.943892026991306921e-08
1.251190795414913737e-08
4.248017759778122127e-08
2.819930244868373848e-08
3.126222125615640834e-08
1.692202467040715419e-08
2.733183124270510689e-10
8.056256772803749300e-10
8.359261727264311048e-09
2.678420152335547755e-08
1.928847659371513146e-08
8.034869658501975209e-09
2.345104777035089683e-09
1.581457453880830144e-08
2.814825172947621468e-08
8.922350858142635843e-09
1.896438739379391336e-08
3.984543539559126657e-08
7.119246525633116107e-09
3.951093319187748421e-08
6.644007299883014639e-08
3.959635535011329921e-07
4.191070246406525257e-08
8.943397489247217891e-08
3.085283495352086902e-08
3.232589529389429117e-09
4.674128195603088898e-09
4.196435643422091744e-09
1.312904646111334728e-10
3.054604069685495915e-10
5.719856233099562814e-08
1.785509340379576315e-08
8.882291013811993707e-10
6.536827079628437787e-09
7.168612796704110224e-07
3.743787715393409599e-07
4.715772945473872824e-07
9.049134632732602768e-07
6.525531404122375534e-08
2.014264133265442069e-08
4.040640710911702627e-09
7.063703151288791560e-07
3.016060361460404238e-07
7.727386019951154594e-08
7.990956230052859155e-10
4.271099385277921101e-08
7.347907837740308423e-10
4.999680225381553100e-09
1.148174710863258952e-08
6.542701935785544265e-09
2.131816856376644864e-08
4.451440993591404549e-09
2.752252203919169915e-09
6.264393004329349424e-09
3.689909711113159574e-09
1.534743532261018117e-08
2.837448853654223058e-08
8.526991024382368778e-08
1.297672014288764331e-08
2.468478577100086113e-08
1.210297106979396631e-08
1.443006425461135223e-07
5.498819621863049179e-09
7.134443702483395100e-09
1.041113577571195492e-07
1.156807627467060229e-07
5.693385318750188162e-08
1.698109564074457012e-08
5.148574899749291944e-08
2.804739196449190786e-08
8.864727618629331118e-09
6.618133738811593503e-07
2.159292300518700358e-08
3.335861151754215825e-07
2.045576366072054952e-06
3.071258731779380469e-07
1.696459577260611695e-07
4.792395102981572563e-08
5.032570982166362228e-08
1.489815915078906983e-08
7.280814884325081948e-07
1.953050485781204770e-07
1.513067076075458317e-07
1.552158721551677445e-07
5.901701793931124485e-09
5.563466132230132644e-08
2.530270160061576235e-10
9.162641312343566824e-09
1.246902684215456247e-04
2.205511555075645447e-05
9.365969333430257393e-08
6.223942250471736770e-07
2.582208708190592006e-06
7.144261644498328678e-07
1.514607629360398278e-05
5.098592009744606912e-05
1.004441543273060233e-07
3.719451569850207306e-06
3.124173417745623738e-07
3.855215254588983953e-06
9.559122418068000115e-07
1.036444155033677816e-04
1.280445644624705892e-06
1.229407735081622377e-05
7.724630449956748635e-06
9.803417242437717505e-07
4.563937181956134737e-05
3.467654323685565032e-06
3.691184247145429254e-05
1.248407934326678514e-04
3.953382019972195849e-06
1.286113262176513672e-02
1.013849441733327694e-06
7.349338848143815994e-04
7.563644430774729699e-06
5.692565537174232304e-06
7.356883997999830171e-06
3.454251782386563718e-05
1.057703320839209482e-05
7.547808991148485802e-07
3.815887339442269877e-07
6.529680831590667367e-07
1.487630214569435338e-07
7.207852377177914605e-07
1.583610185207362520e-07
5.512374627869576216e-06
5.041229655944334809e-07
1.078737899007364831e-08
1.870014045834977878e-07
1.181029603003480588e-07
1.036748585647728760e-06
5.931212285759102087e-07
6.986237713135778904e-05
2.134289752575568855e-05
1.521183094155276194e-06
2.686452944544726051e-06
8.022323783052343060e-08
1.412076562701258808e-05
1.525126265278231585e-07
2.633538542795577087e-07
1.771360160773838288e-07
7.753684485578560270e-07
1.725283823361678515e-06
8.334998824466310907e-07
1.030638600241218228e-06
2.659909341673483141e-06
6.880484306748257950e-07
1.160185775006539188e-06
6.015208242615699419e-08
1.076373973774025217e-05
2.700298580293747364e-07
3.344911760905233677e-07
1.656871177146967966e-06
3.749622692339471541e-07
7.510762316087493673e-06
1.399770098942099139e-06
1.218099555444496218e-06
1.898261956512214965e-07
5.990857516735559329e-07
1.008992330753244460e-05
1.443141536583425477e-05
4.443969828571425751e-06
2.087148823193274438e-05
1.897595211630687118e-06
5.340377683751285076e-04
3.106104600192338694e-07
1.117605006584199145e-05
1.790699570847209543e-05
3.999254549853503704e-04
4.599032981786876917e-04
5.020536377742246259e-07
6.457821655203588307e-06
7.454193837475031614e-05
5.359311217034701258e-06
1.367581830891140271e-06
7.975410881044808775e-06
6.159940312500111759e-06
1.146701979450881481e-04
1.253863592864945531e-05
2.389248265899368562e-06
2.080298742157538072e-07
3.564032667782157660e-04
9.634059097152203321e-07
6.642233984166523442e-06
7.639916475454811007e-06
3.302908241748809814e-01
2.189414948225021362e-01
4.234160184860229492e-01
7.013633876340463758e-05
3.838198381345137022e-07
2.251637051813304424e-04
1.218459146912209690e-05
1.797599225028534420e-06
6.571930862264707685e-05
4.964474283042363822e-05
8.939210601965896785e-06
4.347791218606289476e-06
1.419040358996426221e-06
5.096210225019603968e-05
6.690564077871385962e-06
4.547039225144544616e-06
1.287089253310114145e-05
1.433804754924494773e-05
4.903981334791751578e-06
1.984615810215473175e-04
9.668933671491686255e-07
1.729313982650637627e-03
9.750122990226373076e-05
8.475175127387046814e-05
3.184048546245321631e-05
1.040424249367788434e-04
3.166091119055636227e-06
5.652525578625500202e-05
1.259211757087541628e-07
1.129858375747971877e-07
1.226872541337797884e-06
1.724666071822866797e-05
1.346125259260588791e-06
3.704376467794645578e-07
3.525670706494565820e-07
7.186934425362778711e-08
1.956435937700007344e-07
1.499454356235219166e-06
1.814975689740094822e-07
1.043754949137110088e-07
4.540556375332016614e-08
3.090167410846333951e-07
5.458585761175527296e-08
7.644362653991265688e-08
3.880709584791475208e-07
9.407075651779450709e-08
3.682299052343296353e-07
8.859395279614545871e-07
3.913592294679801853e-08
7.531084520451258868e-07
7.900800902405080706e-09
5.693374305337783881e-08
8.655243277644331101e-08
3.659100356045996705e-09
2.179201885610382305e-08
5.243208978100710738e-09
2.292799949898949308e-09
1.149772366204615537e-08
2.592429826364650580e-09
1.571681451650874806e-08
5.001377534341600040e-09
6.312269817954074824e-08
2.946121568925264000e-08
1.225956083317214507e-07
3.014043414850675617e-08
6.234272209582059077e-09
1.017682049742063555e-09
1.512368186240564683e-08
2.792934550299719376e-09
7.616418051803464095e-10
2.254771835907831701e-08
1.217298084554840898e-08
3.433784812045814760e-08
5.005595937745965784e-09
1.567160401449996243e-09
2.041733893065611483e-09
7.583224714835523628e-08
6.418970244226329669e-09
3.343227916730029392e-09
2.539008647772789118e-08
8.665754336334430263e-09
2.124169062867053981e-09
1.497158876873072586e-07
3.230820482258422999e-07
4.304902034846236347e-08
3.369572709743806627e-08
1.108282177142427827e-08
1.842109469407660072e-07
3.235262013845385809e-08
9.907007658682687179e-09
3.676262139151731390e-08
1.170029761965452053e-07
1.304664465351379476e-06
7.886610546847805381e-07
2.279887780787248630e-07
1.966470541958642571e-08
1.338152255669911028e-08
3.071960009037866257e-06
2.813366677401063498e-07
1.319835707391803226e-08
3.449754876783117652e-05
9.575084732205141336e-06
4.832341460314637516e-08
5.928248114628331678e-09
9.605924589095593547e-08
3.353078454892965965e-07
2.516940753594099078e-07
4.279580934962723404e-06
7.292711643458460458e-07
1.873961252840672387e-07
1.919413989526219666e-06
1.329388396698050201e-06
2.459586667669100279e-08
1.707113483462308068e-06
2.147267196050961502e-06
3.210403320963450824e-08
5.339119013569870731e-08
1.948143424357340336e-09
1.462496754811581923e-07
6.226296278555309982e-08
2.814098024828126654e-06
4.584653936490212800e-07
4.931296757604286540e-07
1.559184283905779012e-06
1.067097059603838716e-06
2.046547109557650401e-07
3.565961606000200845e-07
1.110446874008630402e-06
2.222560091524883319e-08
1.882848437162465416e-07
5.957961946023715427e-08
2.484235572808302095e-08
4.160377500284084817e-07
9.121225019725898164e-08
3.076429777593148174e-07
4.140310193179175258e-05
3.182376167387701571e-05
4.297559286214891472e-08
1.634115420756643289e-08
7.026122261777345557e-08
6.680143087578471750e-07
3.183344006174593233e-07
4.670583564347907668e-08
9.615288263375987299e-07
4.329246405809783482e-10
1.013130690452612725e-09
8.212157354137161747e-07
5.357159693630819675e-08
1.083974132676246427e-09
7.217400010972596647e-09
1.552434127916058060e-07
3.252400304631919425e-08
2.084118122525069339e-08
2.573671338268468389e-07
2.619533701064824527e-09
4.288100541316453018e-09
8.152936104011132556e-09
2.117979347460163808e-09
4.006392373412381858e-08
1.432859519923113112e-08
5.652460117744340096e-07
1.124876689573284239e-06
2.400718557282743859e-08
3.964462536032442586e-08
4.311922339184093289e-07
7.325630235754942987e-08
5.940833247564114572e-08
1.075602718003665359e-08
6.788404505186917959e-08
5.562322158425558882e-09
4.316980906082790170e-08
8.483272417869613946e-10
1.779573111093668558e-08
8.986607014094261103e-08
3.391422751519712619e-07
1.562358562523513683e-07
5.165719940691815282e-08
2.346909333539315412e-08
1.177725152956554666e-07
1.159449638521437009e-07
7.891083441791124642e-06
1.293292370974086225e-06
6.921521134017893928e-08
4.041952905708967592e-08
1.007611860615043042e-08
1.793810966432829446e-08
9.362317143768450478e-08
1.711091073275383678e-07
1.339450221848892397e-07
4.450764023999909114e-08
1.410529293366380443e-08
1.092835987037688028e-06
1.006648062684689648e-07
6.424490806011817767e-08
1.379127638756472152e-07
6.712706390743505835e-09
4.538742359727621078e-06
2.415583253423392307e-07
3.177590190972523487e-09
3.128153593934257515e-07
2.109674746009204682e-08
6.954604003794884193e-08
3.036800535483052954e-07
4.419894850116179441e-08
6.229021920489685726e-08
8.180288446624217613e-09
2.655564657061404432e-08
1.898763457575114444e-07
2.580333955393143697e-07
1.571831198532436247e-08
4.276601828223647317e-08
2.184913370228969143e-07
1.886265010853094282e-07
7.103692212240275694e-08
7.350039510356509709e-08
8.442768262284516823e-07
1.541435246110722801e-08
7.855923058741609566e-07
6.381748463013536821e-09
6.318609191424684468e-09
3.300575812659189978e-08
8.234495396663987776e-08
4.625042127059941777e-09
4.627146950042515527e-07
2.957084461741033010e-07
4.157891808631575259e-08
4.530287611714811646e-08
1.156675253355388122e-07
1.043436483882942412e-07
1.243697909103502752e-07
5.966781202459969791e-08
2.067203467959188856e-06
3.802172798827996303e-08
5.353033216692892893e-08
3.497709997191122966e-07
1.285966533259852440e-07
2.102067320208789170e-08
4.304056488990681828e-08
3.204742915485780941e-09
6.818737574576516636e-08
2.144595327990828082e-07
4.536360336260258919e-07
9.001274037245821091e-08
3.333093090418515203e-08
2.831939305281139241e-08
1.712538377773853426e-08
8.207697277384795598e-08
1.405037579615964205e-07
1.875988999699984561e-07
1.821364392640134611e-08
1.889986123160269926e-08
1.119920600700652358e-08
1.861450438234157900e-09
2.076774450188167975e-07
2.533570864216017071e-08
1.050713009931314446e-07
5.360440269441824057e-08
1.334273918018880067e-07
1.126606719026312931e-07
1.716816910857232870e-07
6.140818697986105690e-08
7.249867906011786545e-08
1.181724051946275722e-08
8.080864688508881954e-08
1.400394324946319102e-07
3.360851508205087157e-07
2.464978265948047920e-08
1.297914025144564221e-07
7.486097786113532493e-08
8.409011265086974163e-09
2.135004280034991098e-07
1.157614448743515823e-07
1.454077924734065164e-08
6.859465884190285578e-09
9.006319601212453563e-07
1.008009007819055114e-06
3.937972081757834530e-08
1.514711556183101493e-07
3.895144207177736462e-09
8.050515809543412615e-09
1.260927717794402270e-07
5.149080806177153136e-08
1.565716019058527309e-07
1.820760928694653558e-07
7.021487391511982423e-08
1.119446491060216431e-08
9.554673852107953280e-07
2.802660219458630309e-07
6.332619761906244094e-08
7.542154751718044281e-03
4.727024549566749556e-09
5.371250608732225373e-07
2.464027426540837951e-09
2.435800361411111226e-08
1.871226196215047821e-08
9.905213573802029714e-07
3.359004452363478777e-08
9.403515122130556847e-08
5.665854896363953230e-09
4.142748366575688124e-08
1.124040149846905479e-08
1.102921309836801811e-09
5.982062134535226505e-08
2.092849005208563540e-09
3.961882839575991966e-07
9.485319196755881421e-09
1.558035478410602082e-08
5.120980972606048454e-08
9.292086211587502476e-09
7.067318108511244645e-08
8.543914020719967084e-08
5.019322912858115160e-08
2.289741161121128243e-07
6.854757206298245364e-09
1.868187098352791509e-07
1.604492982920646682e-09
4.138584586144133937e-09
1.590477793911304616e-08
3.987305490227299742e-07
3.008162252626789268e-08
1.670098754402715713e-06
1.471470056912949076e-07
8.386470540244772565e-08
1.983916320114076370e-07
4.087939373675908428e-07
6.857624867961931159e-08
3.628779836617468391e-07
4.657666252683156927e-08
2.058015269312818418e-08
3.878297434312116820e-07
1.029278635655828111e-07
2.362543405354244896e-08
1.294667697493423475e-07
1.010560168879237608e-07
5.108016765120737546e-08
7.021272807605782873e-08
9.757209262772903458e-09
1.155122575369205151e-08
2.352221031287626829e-07
1.474920594546347274e-07
3.615210175667016301e-08
2.130337328765108396e-08
2.136824051035546290e-08
4.539688180926759742e-09
7.620893915927240414e-10
6.271649422018299447e-09
9.089001196116441861e-08
8.927104033773503033e-08
1.411661685324361315e-07
7.334553409066302265e-09
2.258309628189181240e-08
1.573553198852550850e-08
3.848643004289442615e-08
2.470405036092415685e-08
2.291100642537458043e-08
1.118748150474857539e-05
9.600905315210184199e-08
4.674576103980143671e-08
3.067024678671259608e-08
3.789994451608436066e-08
6.828117875556927174e-07
1.298629058510414325e-06
4.047036483711963228e-08
2.781495389569954568e-08
1.298565308616161929e-07
5.209860987065439986e-08
9.277980552724329755e-07
1.315074626973000704e-07
3.411530258290440543e-08
3.049792596243605658e-08
9.305605175313758082e-08
4.580471113513340242e-09
1.766957424820247979e-08
5.900577093598258216e-07
2.088650852272166958e-08
1.172565866625063791e-08
2.876574178856117214e-08
4.939236575296490628e-09
8.060887957128670678e-09
3.922328062344604405e-08
2.824241818188966135e-08
3.013317373401491750e-09
4.486816251869640837e-09
1.613233280295389704e-08
7.280679881205287529e-08
9.759838803802267648e-08
2.095342210850503761e-08
5.813176358060445637e-07
3.363357592434113030e-08
2.117189836781108170e-07
3.421278549353701237e-08
1.777560498794628074e-07
1.146058981049691283e-08
3.909727297468634788e-08
2.389494291321625496e-08
1.091475141379305569e-07
3.414255766998053332e-09
3.866101749849804037e-08
2.348927949924473069e-07
4.630287264717480866e-08
1.972827057272752427e-08
1.804500548985288333e-08
2.036395052584794030e-08
8.236148651974417589e-09
5.975514341116650030e-07
2.254354967590188608e-06
2.312926916658852861e-08
4.237578821175702615e-08
4.254805219261470484e-08
1.045117947739981901e-08
3.148038274503051070e-08
1.232265223194417558e-08
3.546888649452739628e-08
1.950078285517520271e-07
1.023135465239022324e-09
1.500601598536377423e-08
7.766202969605728867e-08
3.895577265211613849e-06
7.073406749213972944e-08
4.442155798756175500e-08
4.311155166192293109e-08
2.430990742041672092e-09
8.089497782748367172e-07
5.782563675893470645e-06
2.576499369411067164e-08
8.284707142536262836e-09
1.233659752131188725e-08
5.266280744820051041e-09
1.293855020776391029e-04
8.751012359198284685e-09
1.621139773533286643e-07
3.178088903155185108e-08
2.493156046057265485e-07
4.575973822085188658e-09
1.269898408651215505e-08
1.062791383787953237e-07
3.481563037865953447e-09
9.638396250011282973e-07
5.021479232425463124e-09
2.699735901501298940e-08
6.973885291472470271e-08
9.641304643537296215e-08
1.032249770105408970e-06
6.113250350381349563e-08
1.772087721008119843e-08
1.357878289809377748e-07
1.154162365679667346e-08
7.812138846929883584e-08
1.371804803085296953e-08
1.193851915104460204e-07
6.168964716835034778e-08
3.214471888668413158e-08
9.517727050933899591e-08
1.020783191307828019e-08
8.715344534948599176e-08
5.742692337662447244e-06
1.488916723246802576e-06
1.099680613236841964e-08
2.370188383338245330e-07
4.739714256629667943e-07
1.981465800326986937e-07
1.554802508962893626e-08
3.782532509433167434e-09
1.898476575945551303e-08
1.911607316884555985e-09
8.401059403695398942e-09
4.942883435887779342e-09
1.880312794355631922e-07
1.342193741038499866e-06
2.814864217270951485e-07
3.719355845532845706e-08
6.674506725090623149e-09
1.284808615054089387e-08
6.968008392504998483e-08
5.852247113580233417e-07
4.760756837640656158e-07
6.277549591260367379e-09
1.942504290752822271e-08
1.454163900405092136e-08
1.820763451121365506e-08
3.390454139662324451e-08
3.059685838024961413e-08
4.731546596303815022e-06
2.855515788269258337e-07
9.222294039545886335e-08
1.588732203572362778e-07
4.105580586610813043e-08
9.882643148273473344e-09
6.188775358850762132e-08
3.691143390938123048e-08
1.043084267848826130e-07
5.626631249810998270e-08
9.039796822207790683e-08
2.526554432336070022e-08
5.953929260726908979e-08
5.318522156017024827e-08
1.565240559386893437e-08
7.051728534435142137e-09
3.781899238219921244e-08
3.933018177804115112e-08
3.049676422506308882e-08
1.870948018733997742e-08
4.856096325056569185e-08
1.771094986224852619e-07
8.276261098671966465e-08
1.434173952929995721e-07
2.127901979065427440e-07
3.777185142439520860e-08
1.937724363187953713e-07
2.690313749553752132e-08
5.801020392937061843e-07
6.562101617646476370e-08
1.270322336210938374e-08
1.233413371437563910e-07
3.896431621797091793e-08
5.062667085553584911e-08
6.900246773966500768e-08
1.047067485160368960e-06
6.081219527942494096e-09
8.812046203843237890e-09
9.648641707826755010e-07
1.967156180171514279e-07
7.146339839891879819e-07
5.957933879585652903e-08
2.536743082259818038e-08
1.627754109279067052e-08
4.789137619809480384e-08
2.521561803803251678e-08
6.584820511079669814e-08
5.213469478348997654e-08
4.707092102762544528e-07
2.324384240637300536e-09
1.001054794613764898e-08
1.675429075476131402e-07
1.500814192922916845e-07
4.292832400665247405e-08
5.233614785993268015e-08
1.269753795440919930e-07
5.848051500834117178e-07
8.540530416212277487e-07
3.262656775859795744e-07
3.475023291343859455e-08
8.614505730974997277e-08
5.370636131374340039e-07
7.098887522261065897e-07
6.905479921215373906e-08
4.497494288102643623e-08
1.259952853160939412e-07
1.794855819525764673e-07
5.463866870059064240e-08
5.246860279584097952e-09
3.802544483733072411e-07
1.238180686868872726e-07
2.409460631014326282e-09
2.449802707360504428e-07
1.106235316683523706e-07
1.659795323405433010e-08
4.962855382473208010e-05
8.211971902483128360e-08
7.702848847657151055e-08
1.257499206985812634e-07
1.469059007774831116e-08
6.826070375609560870e-08
1.644509524112436338e-07
2.147954036857413485e-09
5.705056427274257658e-09
7.195116324965056265e-08
1.926285086994994344e-08
3.611314802753895492e-09
3.384316116239460825e-08
1.327862264588475227e-07
2.268436105623550247e-09
3.887658692747208988e-07
2.110000707489234628e-08
4.111787532679045398e-08
1.272881746672283043e-07
2.389014923664944945e-07
1.012939947031554766e-06
5.848999649060715456e-07
2.952952797841135180e-07
3.389200031733707874e-08
2.009202937358622876e-08
5.609989273125393083e-08
3.915092960937727185e-08
2.082608219211579126e-08
2.945052424152549975e-09
1.523671677716720296e-08
2.436945010231283959e-07
5.954286663722996309e-08
2.063470105895248707e-07
1.133031091171687876e-08
7.547683367192803416e-08
1.752691218825930264e-07
6.794126647946541198e-07
5.727137519784264441e-08
9.504248765779266250e-08
4.945338005768462608e-08
4.956603660843938997e-08
7.011346614405056243e-09
8.390389893975225277e-08
1.566565828170496388e-07
7.270688229255029000e-08
3.979107816576288315e-07
2.630200697240070440e-07
6.780860076105454937e-06
4.633043815260862175e-08
7.600154283693427715e-09
3.569713058482193446e-08
2.948959263449069113e-07
8.710898669050948229e-08
1.349622813506812236e-08
1.317187603433467302e-08
3.999208431082479365e-08
1.236092401768473792e-07
1.584491648998209712e-08
3.767320677638963389e-08
1.046120772230096918e-07
8.043870138862985186e-07
4.409670282257138751e-07
1.756434215849367320e-07
4.003718601097716601e-08
6.429014121067666565e-08
2.027585878749960102e-06
6.488843240504138521e-08
6.358960717989248224e-07
6.677139197108772350e-08
1.062692422948430249e-08
5.930338176085570012e-08
1.574414056904060999e-07
1.145198709195938136e-07
1.110143585947298561e-07
4.111719249522138853e-07
5.426744564829277806e-07
2.597777104540455184e-08
4.363413097507873317e-08
1.032028151826125395e-08
1.733750032428815757e-08
1.196463728092567180e-08
8.547321073137936764e-08
1.937527294160190650e-08
4.863412641498143785e-07
4.473758696832419446e-09
3.854873042996587174e-08
4.680122511757645043e-09
6.536437524573557312e-08
2.568016377324511268e-08
1.180464792582824884e-08
1.001392746502460795e-08
1.698238349945313530e-07
4.475290893424244132e-07
1.133460273194941692e-06
1.184475522109096346e-07
6.945358421717173769e-08
1.920943049071865971e-08
6.383005057841728558e-08
5.893814147839293582e-08
3.490387712190567981e-08
8.627907988056904287e-08
1.747623934456044026e-09
9.236455866812320892e-08
5.961493965145336915e-09
1.884032840848703927e-08
2.214608940676043858e-08
2.420124545210455835e-08
8.539838063370552845e-07
1.038647479134624518e-08
9.214306651017523109e-09
1.310621744465834126e-08
2.378248922241255059e-07
3.005936832778388634e-08
1.960882478613257263e-08
5.360179500257800100e-08
6.063313851001339572e-09
2.544938126902707154e-08
5.801190638976549963e-09
2.531149734252835515e-09
5.848106443551159828e-09
7.594329609617034293e-09
6.695277665613730278e-09
2.983862934513581422e-09
3.299347017815534855e-09
5.785627195109555032e-07
5.668392422109036488e-10
2.601995729989425854e-09
3.406692528074017901e-08
2.562338397016361569e-10
1.612436584252918692e-08
2.103915486273422175e-09
3.751702948306956387e-08
1.746958133708176319e-08
2.084328798446222208e-08
7.214588748638561810e-08
1.810398053692097164e-09
2.485874173174806856e-09
3.442321094837552664e-09
2.442522983869821473e-08
3.852226981848616560e-08
2.128585752103617779e-09
2.048066249926705495e-07
3.331021147801038751e-08
7.102035404216167080e-09
1.219931533569251769e-08
6.119114992486629490e-09
4.928696561989909242e-09
7.785003752758257178e-09
1.095121291427858523e-07
4.711652579203473579e-08
1.122698822797474349e-08
3.650727942172693474e-09
2.817202915395000673e-09
8.941640317061683163e-08
5.081184806243754792e-09
3.061318976094185018e-09
2.421605582725305794e-09
7.440310034745323264e-10
4.465446679091655824e-09
1.354857198654357830e-10
1.582778352826608170e-09
4.858583935174465296e-08
1.009421968234391898e-08
8.721838185010710731e-08
2.843397339802322676e-08
6.550434505925295525e-08
2.563870111771393567e-07
4.765346517388024949e-08
6.587919987310897341e-09
1.140448357972445592e-08
1.197386154672130942e-06
2.929557751940592425e-08
9.932223576925025554e-08
8.126639983174754889e-08
5.580928075232804986e-08
3.292099037821571983e-09
6.410408559531788342e-08
6.058461821112359758e-08
1.716567332721297134e-08
1.268276506039001106e-08
9.433416181536813383e-08
1.991179665594700054e-09
8.475497565996192861e-07
1.854873232787213055e-08
1.800794002804195770e-08
8.185360833579125028e-09
2.918876695900962659e-08
2.613287364283678471e-08
2.300948764855093032e-09
2.167073809289377095e-08
1.955967690037141438e-07
1.817716253071921528e-07
2.725209391485350352e-09
2.881751299810275668e-07
2.178010447551059769e-07
