4.023535282726697915e-09
2.112563901590647220e-09
3.318525898521329509e-07
1.514376535283190606e-08
1.391768211789212728e-08
1.538396854350310150e-09
2.836423318441916308e-09
5.704235972459059667e-10
3.797632430746489263e-09
9.015506119425253928e-10
6.318772172164699441e-10
6.410378450283360507e-09
1.635899228580317555e-11
1.076562283763848882e-09
6.712161937372229659e-10
9.683906454505120109e-11
3.693569894380743790e-09
2.567943226949864766e-07
2.586691039141442161e-08
6.626660109532167553e-08
3.307619067527411971e-09
9.608716045050869070e-10
6.234147642558696134e-10
6.431026378095339169e-09
3.161086059577655760e-09
3.532094172697952672e-09
3.541462123557437280e-10
1.172855590425569972e-09
2.044450297944422346e-08
1.906411561947152222e-08
8.147923447054949975e-10
1.670762195260522276e-08
1.394110826780092793e-09
2.623783190713879776e-09
5.098336863795793761e-09
1.733916205060026527e-10
5.640385047911422589e-09
8.831271269826856951e-10
3.330484998897986770e-09
7.051224604204264779e-10
8.562729969519011775e-10
3.261546310806551219e-10
4.704513167919088801e-11
7.661724726881757874e-11
1.175807784470350725e-09
1.551542561095686779e-09
2.548491417897480460e-09
1.732224808037585717e-09
6.687919662518027053e-10
5.763390320545624945e-10
3.185959229767831857e-08
8.104992232915719796e-09
6.044835743068688316e-09
9.526472943832686724e-09
5.118554469163427711e-09
1.698633766977764026e-08
6.561826921824831516e-07
3.313409102645437088e-09
2.002185306437809231e-09
3.528136716113294824e-08
2.414403468264936237e-07
5.613203413190603897e-08
9.460075389711164462e-09
5.041035144870420481e-09
2.576650715013784065e-08
1.324652298961837005e-08
6.045770106766212848e-09
3.987733698807005567e-09
1.956621753507192807e-09
6.814713376934733446e-11
2.450765701489387993e-10
5.952743187265241431e-09
4.582531687447044533e-09
3.126146008725072534e-10
8.299884113327493651e-10
1.161038556962701307e-10
5.900934851865713426e-09
2.162772461122841605e-10
2.726123327079221781e-09
8.839562415374757620e-10
1.782591629861940419e-09
1.518332348737772008e-09
1.726254916789571325e-09
8.212802882212599798e-09
3.714573759694417276e-09
1.856623854656902495e-09
2.528282694314043511e-09
3.535939470111770788e-07
7.174040472790466083e-09
7.567447113387970603e-09
1.837862195763761974e-09
1.824317086285276446e-10
4.121476770979626281e-11
1.705369889748453716e-08
5.295882843370236515e-09
1.346437822347112956e-10
4.150378885015015840e-08
5.141470360570110643e-09
9.768527320375142153e-09
1.569745577967296413e-08
3.105565526961839851e-10
4.449408619322525738e-10
3.178510565859937742e-09
6.087763182449634769e-09
1.963163640539278276e-07
1.389473283097686362e-07
8.075642377036729158e-09
7.285191339079233330e-10
1.149848105619355465e-09
2.970678564251372222e-11
8.299139153677970171e-10
4.852465096405467193e-10
8.228843384472384059e-09
7.341069419020129772e-10
1.156583273598243977e-09
4.073128223591737651e-10
1.022921886084660059e-10
3.117026414756196573e-09
6.170788324766363075e-09
3.570361783999942418e-10
3.544036730751543018e-10
2.625104800202393562e-09
4.477222592669249934e-09
6.879833924777756238e-10
1.436240726349069519e-08
7.361333764777100441e-09
1.035402763527315528e-09
2.352751771184102836e-09
4.975968526110818857e-10
1.321915465979373039e-09
5.665861113612891131e-10
6.524352169634539678e-10
1.745058431090740214e-09
4.939373909884636760e-10
3.846263751938749920e-08
2.102604548803732598e-11
3.014908767084989449e-09
3.289218497570800537e-08
4.134803166522260653e-09
3.097380130157034728e-09
5.584399165314835045e-09
6.311135503089815302e-10
2.080727395936676771e-10
5.079447973344031197e-09
9.061280614730549132e-09
1.874225930009743024e-08
2.806696741686209862e-08
7.330225315627103555e-10
2.588768843736488634e-08
1.448410502646879650e-09
2.197884096943880650e-09
7.922558870632201433e-05
2.175508416257798672e-05
2.088000030653347494e-07
1.627876258680771571e-06
5.093642698739131447e-07
2.922350290646136273e-07
4.176434304099529982e-04
9.971109102480113506e-05
1.594827381268260069e-08
1.535780285166765680e-07
1.569959636071871500e-06
1.641547532926779240e-05
6.340171410101902438e-08
3.822097824013326317e-06
2.043050706390658888e-08
7.075644134602043778e-06
7.263751058417255990e-07
3.777550716677069431e-08
2.101707941619679332e-04
3.352453461502591381e-07
3.261374149587936699e-05
2.774778404273092747e-04
4.295792223274474964e-06
1.094037870643660426e-04
1.522933068542897672e-08
1.365666139463428408e-05
1.358472445645020343e-07
4.446536649993504398e-08
2.417648829577956349e-06
5.708938260795548558e-06
7.333603235792907071e-08
2.598314949864288792e-07
1.275893946051098737e-09
3.195008346779104613e-08
7.526550938052878337e-09
3.253379432521796844e-08
6.256211548816281720e-09
2.777574081846978515e-06
2.204014215578808944e-08
3.102419299239045358e-08
1.406265681680451962e-08
3.837170226006492157e-08
6.303287136688595638e-08
1.127215032425965546e-08
1.733806675474625081e-05
1.465960508539865259e-07
1.237366209494439317e-08
1.771259050542539626e-08
1.445797348509358926e-08
4.415399814661213895e-07
4.828822230962259709e-09
6.854558698421442386e-09
9.412323379365261644e-06
4.911854603051324375e-07
4.337447734314991976e-08
1.134960037063592608e-08
4.434765799032902578e-07
1.333903810518677346e-06
6.477056757603349979e-08
6.561648291381061426e-08
1.908063040900742635e-08
1.674156665103510022e-04
1.105543478985282491e-08
1.436147645250684945e-08
5.141988367540761828e-06
1.219716523337410763e-07
2.179882176278624684e-05
3.383832734016323229e-07
4.608657491189660504e-07
1.415971073726041141e-08
3.956104777103064407e-09
1.154790734290145338e-04
1.370176505588460714e-06
1.930691979623588850e-07
1.172610737398827041e-07
2.865047044053881109e-08
4.185651050647720695e-05
6.212550118789295084e-08
2.288941323058679700e-05
6.071902462281286716e-04
9.320017416030168533e-04
2.152005210518836975e-03
1.444925623594883746e-09
4.954768328957470658e-08
3.532456503307912499e-06
1.757413770064886194e-07
2.035230437513746438e-07
6.271800430113216862e-06
1.997642357309814543e-05
1.197796427732100710e-05
5.306411821948131546e-06
2.932409017830650555e-07
1.442112385063865077e-08
6.072553446756501216e-07
2.521164560675970279e-06
3.868575277010677382e-06
1.656337371969129890e-05
5.292589589953422546e-02
1.540195494890213013e-01
7.734163999557495117e-01
5.380197544582188129e-04
4.024686361958629277e-09
2.642456274770665914e-05
4.556594035420857836e-07
1.586247933005324739e-08
2.452299668220803142e-06
1.495454693213105202e-03
1.435012207366526127e-03
4.950430593453347683e-05
4.338591850228112889e-07
3.533893686835654080e-05
2.137679366853717511e-08
1.862973673269152641e-03
6.938223727047443390e-03
1.276782086279126815e-06
1.322377158885501558e-07
8.500450690007710364e-07
2.473634097555077460e-08
4.600608372129499912e-05
1.245344319613650441e-04
2.302782149854465388e-06
4.656654368773160968e-07
9.943186341843102127e-06
1.399053530803939793e-07
4.814398266717034858e-07
5.476411146787540929e-08
2.800898357691039564e-07
1.548405776929939748e-07
5.296083400025963783e-04
2.221674719748989446e-07
7.332494647016574163e-07
2.667737589945318177e-06
4.639342932932777330e-06
3.262574682594276965e-05
6.308432057267054915e-05
7.689215664186122012e-08
1.800001996343780775e-06
2.941219001684203249e-08
5.735927857131173369e-07
8.183937083572345728e-09
1.775326996522608169e-09
1.081247091860859655e-07
5.338257125231393729e-08
1.712500918849002574e-09
1.828394680103428982e-08
5.278261596686206758e-07
2.175666757864291867e-08
2.070166704726261742e-09
1.264129334543895311e-08
7.087130327043666966e-10
1.230943902363890174e-09
1.134874486052872555e-10
5.542798442448315654e-10
3.504772305706893576e-10
9.213098339788672320e-11
3.486286148657313788e-09
8.569281395587324823e-10
2.815787880638964680e-10
1.431396667861406513e-09
8.496158221404925825e-10
8.922614869177891705e-10
1.377600811203194553e-09
5.205341935266005748e-09
3.087541555757411516e-09
1.702557761440459672e-09
1.914393088497945428e-10
4.033729739116864721e-10
2.971242585303457417e-09
6.774141247944953648e-10
1.665311444298822607e-09
2.529845666288110806e-09
8.831299580513984893e-11
3.961917183215035720e-10
3.604371556775731733e-08
4.751445348283311887e-10
1.030903917786929469e-09
1.053442555409844772e-09
1.194852133901136426e-10
1.165142565762167237e-10
2.113301746931028902e-07
6.440358646386812325e-08
3.983999704360030591e-06
1.088707904273178428e-06
2.689146683110266167e-09
1.334065968805475677e-09
7.053725936678745256e-10
7.571529514471819766e-10
3.248524535592878237e-06
5.878217357313531011e-10
2.652354602616924240e-08
1.597726537738708430e-07
2.289360034879450723e-09
9.206481688117662543e-10
6.816900932626879239e-10
3.983547003372223116e-08
1.208930289209320108e-09
2.004300891922383698e-10
7.842618856557237450e-07
1.761713619430338440e-08
1.313839148586737338e-09
1.871552218757344122e-10
1.226605816917469838e-09
1.333751242782454938e-08
2.002203264295232543e-10
2.290136762894690037e-06
1.580046591698192060e-05
6.898421389678333071e-08
2.675950099728652276e-06
1.761834209901280701e-05
1.513474789938129561e-09
4.347217618487775326e-04
1.928001292981207371e-04
5.942828007476919083e-09
2.555906597478951880e-08
3.324908404156445840e-11
1.245180736297868407e-09
8.794207584372770725e-10
1.353873813059180975e-08
2.295953288600216524e-10
6.600863855510397116e-08
1.022197348987674559e-08
2.995854675447162663e-09
4.780278950455851827e-10
7.485391861905554833e-09
8.223340586255289963e-08
5.792848423169516536e-10
8.075399904328151024e-08
7.869008555871914723e-08
5.202301922579977145e-10
1.408041754302757909e-07
2.238516261243717054e-09
8.860003219979262212e-08
2.580896762083284557e-05
1.375413262394431513e-06
2.349185845851309296e-10
8.497401393636749845e-11
4.851663106819614768e-07
2.548399424995295703e-05
4.682067622496788317e-09
2.786293196166411690e-09
2.199448658757319208e-07
7.849019767469656017e-10
1.776892188942724715e-09
2.084749617381476128e-08
1.623349898949300041e-09
7.813583807747548349e-11
1.154313977735910157e-08
1.291223270527552813e-07
8.332832202029294422e-09
6.822341802603659744e-09
2.013613986662221578e-08
1.762001886618236313e-07
8.358776448780247392e-10
2.912069341221013019e-08
3.689479166624209938e-09
1.401044968929454626e-08
6.246223449579701992e-08
2.127721465683407587e-08
4.067102565841196338e-07
1.279365918760433374e-10
1.503291002791229403e-08
4.246568607868539402e-07
6.196134272329345549e-09
6.324132328927589697e-08
9.492116248566162540e-08
3.232804246522391622e-09
2.902752882505410525e-08
4.343143444884844939e-08
3.177614615879065241e-08
4.389740126953256549e-08
1.672640159711136221e-08
3.521695646213629516e-08
1.254263679584255442e-07
4.692217103752227558e-08
3.047121444055278516e-09
1.026204472509562038e-07
2.767170137474295188e-08
5.371617817218066193e-07
1.022942939243876026e-07
5.634560551470713108e-08
4.244536171427171212e-07
8.793322514577539550e-09
6.221998472000223046e-09
2.860674328530876664e-07
5.206851483308128081e-07
5.783051548746698245e-08
2.877466043216259095e-09
6.078457737146436557e-09
4.331575986782354448e-09
1.749013733842730289e-07
1.185171143447405484e-07
3.025242722998200406e-09
2.934259768494484888e-08
4.833229283462969761e-08
8.419499542000608017e-10
2.071613458554111276e-08
1.272028100629540859e-07
1.193976117974671070e-08
5.580214956779627755e-09
2.027268806159554515e-07
1.083829062054064707e-07
9.832931624487173394e-08
6.715152522929201950e-08
1.539716407705782331e-07
4.565650613130856073e-07
2.808565469081258925e-08
6.467291768785798922e-08
4.536905573448990481e-10
1.824681028494978818e-08
3.419135863325095670e-09
4.855633672917747390e-09
1.446981485742071527e-07
4.107986342205549590e-07
1.253882775387182846e-08
1.942066418791910110e-08
7.462782605216489173e-07
1.838472263315793498e-09
9.867510897265674430e-08
1.082383427331023995e-08
3.945383753034548135e-08
2.393515385890054858e-09
4.826492538967386281e-09
4.658890873088239459e-08
6.109223349426429195e-09
8.183472743894526502e-08
3.515400592846162908e-08
8.566021136857671081e-08
2.041722609646967612e-06
4.776310191800803295e-08
1.301655743191076908e-07
1.593112664011187007e-08
1.715081623387959553e-07
8.398476580850910977e-09
1.748056588368740449e-09
2.102386389424282243e-07
6.926553552943914838e-09
2.892303427870501764e-07
3.231638956435745058e-09
3.505023116190386645e-08
7.752605224453645860e-10
7.098931220639315143e-09
1.364183503937965725e-07
1.543143057780582694e-09
8.526064299019253667e-09
1.827649498409300577e-07
4.335558514867443591e-06
8.574533083560709201e-09
7.921186551129721920e-08
3.064959130938404996e-08
6.105970173919672561e-10
6.592861012677531107e-08
1.180489803687123640e-07
1.889820424594290671e-07
2.186934580095112324e-07
3.680322890886600362e-08
3.033979734112790538e-09
1.854877069717986160e-07
3.238916178815998137e-06
1.119501646940079809e-08
4.014576049371498812e-08
2.420003752945376618e-08
3.729462605406297371e-08
1.934251514512652648e-08
7.212470176654051102e-09
4.444419516858033603e-07
1.547731926621054299e-06
1.392927301280266761e-10
6.045831213441488217e-08
1.374030915712864953e-07
6.684180675620154943e-07
6.831629661974147893e-08
3.983904051096942567e-08
1.401270765200024471e-06
3.262392300751315588e-10
1.025152016609354177e-07
1.050709599326182797e-07
1.295225473540995154e-07
2.549314537247937551e-08
5.588374278886476532e-07
7.909490022939280607e-07
1.318824303098153905e-07
3.022445298483944498e-07
1.641236657690114953e-08
2.310181798748089932e-06
3.655787139678068343e-08
1.328814169809788837e-09
1.569172354720649309e-06
6.627854376439756834e-10
1.318134650318825152e-06
3.155397887422140002e-10
1.041529618106551425e-08
6.154370879585258081e-08
2.064169848381425254e-07
2.862996728580924355e-09
6.073720015820072149e-08
9.701501824110891903e-08
3.003148840718949941e-09
4.069039860610246251e-08
4.172052481266064206e-09
5.490363008675558376e-08
1.438971874989647404e-08
1.353456298147648340e-07
2.097168660952775099e-08
2.498698581376856964e-09
1.106802427486286433e-09
8.164109743802328012e-08
5.081473464230157333e-09
5.094836996732965417e-09
5.857261697883586749e-08
2.954922173614704661e-08
3.814547344660468298e-09
1.022957984986305746e-08
1.119187764686557784e-08
5.069685116154687421e-08
6.776109007233799275e-09
7.948940172752827493e-09
6.539807628769267467e-08
3.131091830255172681e-07
4.044604295927456405e-08
1.645508973524556495e-08
1.187231735144678169e-08
2.322788219544236199e-07
1.939671356865346752e-08
2.021818978903411335e-08
3.252974334344571616e-09
1.023974571801034017e-09
2.478073035661054746e-08
2.294664014357294946e-08
2.375125873754768691e-08
3.335418163885606191e-09
1.023881246453584026e-08
3.093136768939075409e-08
2.244233243686721835e-08
4.045181078993209667e-09
3.832854389429485309e-08
3.786992053278481762e-09
6.740573610386491055e-08
1.180361408614771790e-07
3.646276525159919402e-07
3.985157803754191264e-08
8.176732535503106192e-08
1.843257879663440235e-09
6.048725964546974865e-08
1.794583681657968555e-08
1.481263223190865119e-09
2.805198207056491810e-08
6.610763492176374712e-09
6.313962330750655383e-07
1.001427760161099911e-10
7.532870327509044728e-09
9.083239937979215028e-09
2.843492330484309605e-09
3.026768169434035372e-08
1.790655090871950961e-08
3.480719712456448178e-08
2.639793876824114705e-07
2.255107744986162288e-07
6.320188816744121141e-08
8.707203846824995708e-09
3.192023356746176432e-08
3.809930149145657197e-07
1.407301297717822308e-08
9.777727427717763931e-07
1.526222632719509420e-07
8.944451224124350119e-08
5.848752149262281819e-09
2.446298630331966706e-08
1.751194389498778037e-08
3.424181826972017006e-08
2.859922915376955643e-06
4.458842539634133573e-08
6.766284599279970280e-08
3.975734408356856875e-09
3.010008953197029768e-08
5.220176291231837240e-09
2.891453902975626988e-07
2.044179382210131735e-06
3.432740536268852338e-09
6.225444337815133622e-08
6.021499299180277376e-09
9.732212902235914953e-08
3.311616225687430415e-08
1.170549879248028446e-08
6.577216549175091131e-10
2.243497121412474371e-08
1.842720998013192002e-08
8.446412458340546436e-09
1.080238010153777850e-09
1.079545897120226527e-09
2.933637111013354115e-09
1.816535331045088242e-07
1.088440981789062789e-08
1.513532623675928335e-07
4.013984256090452618e-09
7.180621097724326773e-10
8.032597698104382289e-09
3.923179292542045005e-08
2.240990859547764558e-08
4.886812066118295661e-10
6.903002258695778437e-08
7.483396302632172592e-08
6.009417852226306422e-09
1.898754575790917443e-08
1.383139220934026525e-07
2.848046243286717072e-09
4.432571643064875389e-07
1.266914928521600814e-08
1.773411497651977697e-07
1.123597641594642482e-07
9.722021410141223896e-09
2.477490212982047524e-09
1.681596906166760164e-08
1.282691952653181033e-09
7.645288633284508251e-07
1.347667932805052260e-07
1.515581438127355796e-08
1.707549728280355339e-07
7.729886064566926507e-09
1.056262021847942378e-06
4.617665183559438447e-08
1.455331588573471890e-08
3.042691432142419217e-08
3.220610778953414410e-06
1.068729016395764120e-08
2.553577616026814212e-08
1.791241174942115322e-06
2.981034530336046373e-09
6.742517939528624993e-07
9.725318328435150761e-10
1.383634526064270176e-06
1.358918240157436230e-07
2.890120920362448942e-10
9.126567945827446238e-09
6.378305528187411255e-08
4.396462713884830009e-07
2.022771816712065629e-08
1.533171811729516776e-08
6.798077833991555963e-07
2.193114356785486052e-09
7.187421768861668170e-09
6.850696081528440118e-07
6.058641144335297213e-09
2.442683832981629166e-09
1.037140151538551436e-09
1.655832448932414991e-08
3.469339660000514414e-08
3.165813495797920041e-07
4.524599583888289089e-10
1.927824300196334661e-08
3.408244765523704700e-06
1.257175608060379091e-08
3.954233829261966093e-09
1.501208046761348669e-08
8.408931506664885092e-08
4.757307792147003056e-08
5.205056652357598068e-08
1.373857969610980945e-07
7.007956992488573178e-10
1.848630972745013423e-07
5.727623708651208290e-09
4.653861296333161590e-09
9.283366964041306346e-09
5.492437082921242109e-08
1.886001825823768741e-07
5.670315328387687259e-10
4.153007893137328210e-08
9.478497098314164759e-09
4.938667252929462848e-10
1.864781182803199044e-07
8.938661011370641063e-08
8.008596523723099381e-07
6.693391583212360274e-07
5.366248601035294996e-08
2.308172958320753310e-10
2.680735633475705981e-07
4.702437106374190989e-09
1.219696255105873206e-08
1.140054948223223619e-07
3.386541269634335549e-09
8.358313485778978702e-10
1.259380042029079050e-06
1.204466428816886037e-07
9.006384082965723792e-09
3.676828441712132189e-08
7.409806546121444626e-09
6.021533636157982983e-07
5.449507511912088376e-08
1.404375904456856006e-08
2.230632567545853817e-08
1.001939835987286642e-06
7.508459987093374366e-08
1.455194137633952778e-06
6.466046187370011467e-08
9.964082892111036927e-09
1.312672139874848654e-07
6.271519481515497318e-08
6.307246280812250916e-07
2.730381432058948121e-08
2.715284352916569333e-08
1.653569233894813806e-05
2.530712208681507036e-07
1.363067667625728063e-07
2.982614432767149992e-06
3.872910667723772349e-07
2.025044576470236279e-09
9.633204456349631073e-08
3.341525811606516072e-08
3.352165878212076677e-09
9.166028824836303102e-09
5.159666827125874988e-08
1.625115874048788100e-05
2.198170356848550000e-08
4.643755957545181445e-08
1.109087488515569930e-08
1.832134444157418329e-07
1.404428684459446686e-09
4.936666542221246345e-08
8.064102274829565431e-08
1.407898082561587216e-07
8.147407015712815337e-07
8.704390097591385711e-07
1.012458561433504656e-08
7.310852367936604423e-08
2.129686471619152144e-08
3.628283895551476235e-09
3.521144975593415438e-08
3.512146962147966178e-10
4.441819783096434548e-06
5.953844084416459737e-09
1.322735143638453792e-09
8.962518904809257947e-08
8.716053230273246299e-07
2.227444007019130368e-08
8.867743304108444136e-07
1.977232159333652817e-06
1.743474769000386004e-07
7.027114889979202417e-09
1.962108058251033071e-07
8.200274237424309831e-07
2.345909564382964163e-07
2.313170028855893179e-07
4.964019595377067162e-08
2.060608949250308797e-06
1.288546656041944516e-07
2.934181431157867337e-08
1.346433435855942662e-07
4.998000804334878922e-05
8.522179406611485319e-09
2.652835064509417862e-06
6.405024919331481215e-07
1.230730295453952294e-09
1.762167478602805204e-08
3.571250672962378303e-08
5.134662117711741303e-08
6.420727913791779429e-06
2.502077904864563607e-07
1.530048976405851135e-08
7.486227673325629439e-07
3.513108381980600825e-08
9.172622661424156831e-09
2.614634922792902216e-06
1.894204082475425821e-08
1.123763766486263194e-07
3.218900346269037982e-08
1.031334573298181567e-09
2.308994417887788586e-08
1.180822462032438125e-08
8.779810656278641545e-08
8.625777425663727627e-09
4.479665527412635129e-09
1.715746572594767372e-10
1.231999302575559341e-08
2.727855701323278481e-07
1.062749390712269815e-07
3.899699674292378404e-09
2.739407420904171886e-07
2.058037154029079829e-07
1.499196322640727885e-08
4.417648913346283734e-09
1.704196961327397730e-07
4.890682703262427822e-06
8.708760934617032490e-10
1.842671792928740615e-08
6.478177994040379417e-09
2.481802541254296557e-10
3.941389792316840612e-08
8.795851158538425807e-08
1.168880991997411911e-08
1.215519795927377800e-09
5.133666149959026370e-07
1.084242171600635629e-06
6.735648039324360070e-09
1.169561247849060237e-08
1.096684787427193442e-08
3.752053885364148300e-07
5.656915291751829500e-08
4.402810560577563592e-09
9.802922562585081323e-08
5.929018342953895626e-08
8.198126266734107048e-08
1.412688106938730925e-06
1.154502751887775958e-05
5.903261768303025292e-10
3.064053188950310869e-08
3.027680151035383460e-08
2.220582467904463897e-10
2.615009986328686864e-09
2.968636669820057250e-09
2.970976140659331577e-07
2.570804191748266021e-08
1.741665016652405029e-07
5.299098759792286728e-08
1.231761248554619215e-09
4.432824773914489924e-09
4.272784792647144059e-08
1.233090074492793065e-08
2.758801542768196668e-08
5.275943593119336583e-08
1.545252636958593939e-08
9.589994931502587860e-08
1.797652471324795442e-09
5.620177745413457160e-08
7.191888196089735175e-10
1.848899700007677893e-08
4.508982520690096862e-09
3.103231449586019153e-07
8.544579088720638538e-08
5.368784972148432644e-09
2.711161073420953471e-07
2.138053645239779144e-07
1.578672126356650551e-08
4.362698007298604352e-07
6.775893268695654115e-08
6.079837078232230851e-09
3.488955258035275619e-08
8.340628454561738181e-08
5.469341424202411872e-09
1.477206801325792185e-08
1.964209417337769992e-08
2.452174019396125004e-09
2.803668230910716375e-08
2.155124718683509855e-07
7.176986827062137309e-08
2.454797254358709324e-07
4.090897398612014513e-09
9.334173682873370126e-07
8.436037433057208546e-07
3.752909378818003461e-07
1.748786928601475665e-07
5.742402109376598673e-09
1.536919391753599484e-08
1.880765054806943226e-08
1.092546852987652528e-08
1.748836950810073176e-07
8.454020985482202377e-07
1.624726131410625385e-08
9.162861402955968515e-08
6.204589286795680891e-09
8.636812509621449863e-08
3.418196854454436107e-07
6.094434468195686350e-08
8.403667983714058209e-09
4.856430368960218402e-09
3.468945408702239774e-10
1.199841026533476906e-08
8.252923677787293855e-09
3.253249047929784865e-08
1.132366492129222024e-06
6.056319445946201085e-09
2.209316285473050812e-09
6.499480775801202981e-08
4.045234813787601524e-09
8.862999223424594675e-09
5.924742474405775283e-09
1.714939412700289267e-09
2.832881929037966984e-09
1.533201725578692276e-07
4.294460609344241675e-08
8.746829394112864975e-07
2.764830031587450776e-10
5.103259592686981705e-09
1.721516706965076082e-09
6.934123830681926393e-10
3.137241932904544228e-08
1.642613796093428391e-07
1.455351679169325507e-07
1.055412610639905324e-07
1.108707436969780247e-07
4.017979335912968963e-07
1.609827116055839724e-08
6.149146525302739974e-09
1.498496082774636307e-08
6.321889145510795061e-08
1.265421767371321948e-09
1.090383783264314843e-08
3.883834920337392305e-10
3.129584147387731718e-09
3.758217133054131409e-07
1.075083400081666696e-08
1.043219555185714853e-08
4.718123225444514901e-09
3.344795773685405038e-09
4.624654792451110552e-08
2.775359178031067131e-07
1.048495401612115074e-09
4.855025537153778714e-08
8.081790348057893425e-09
1.534078641896030604e-08
1.939022942210044675e-09
9.458775984683143179e-09
3.679276971979561495e-08
2.711789237608286385e-09
6.051911327631387394e-08
6.204740055082424988e-10
5.211881415334573830e-08
2.382448904825196223e-08
5.519728674130419677e-09
6.101238625433325069e-08
2.184294523033258884e-08
2.735839466083689331e-08
5.365092548004213313e-08
3.069772658292890810e-09
1.481364919619920784e-09
1.442593045020146292e-09
4.858653923633937666e-09
3.291382277836873982e-09
6.626202253556812138e-09
3.350862032291956893e-09
1.319263809307358315e-08
2.066202320349930233e-09
8.409824836519419478e-09
1.934255244862015388e-08
9.172635984100452333e-10
9.669496314756997890e-10
2.904535056913459812e-09
1.367751356617930014e-09
4.624021983090642607e-07
1.877996647081658921e-09
9.877979545436232911e-10
4.454726365565875312e-09
1.424419027173939867e-09
7.332634499590540145e-09
3.374428861335765362e-11
5.102855291094776646e-11
1.683139738695160759e-09
5.375773159954633229e-09
1.997786824858849286e-09
2.587622418559476500e-07
7.124385206225269940e-07
