7.631024145915432655e-10
2.801566617582906815e-11
7.660693768229975831e-08
3.296608497294073459e-08
4.111249651828075002e-08
3.510530477424111950e-10
2.536026388888501515e-10
1.998417875626046225e-09
2.415200484051638341e-09
1.618498002287083182e-09
4.436386674688819198e-11
1.129809579225593552e-09
1.752102456176185541e-11
9.903156072965657586e-10
1.815288058759634282e-10
2.600303479483034863e-11
1.025302731605393092e-09
7.985774885810315027e-08
4.995432956178547101e-09
4.195468417123038307e-10
8.098951370660856242e-11
8.091451952907391387e-10
7.915169387973097770e-12
2.115012887049516621e-10
2.097905321685189506e-10
2.287921241350687751e-10
4.041651457953321369e-10
6.857527740100621827e-11
6.526463813827376725e-10
1.686586759142016945e-09
4.842346523759033516e-10
7.612678265545014256e-10
1.272825039810854264e-10
8.277675767054404332e-11
2.532623555318025410e-10
1.236677427129961870e-10
8.040774712725351492e-10
2.571244606119904574e-11
1.637363911122236004e-09
5.884674969536263234e-10
3.542860227412347740e-09
4.655915375462171824e-10
1.884474798430346709e-10
3.799995040854042827e-11
3.033109763350694266e-09
1.060007290276665515e-11
7.268312174346647225e-09
2.958633615879335821e-10
6.675193037208870805e-11
2.394571763097985695e-10
6.126614771062577347e-10
5.782768930373549665e-09
1.273913641242074846e-09
2.933459863907472709e-10
1.303424923548845982e-09
2.288673028871812676e-09
1.653928016764893982e-08
1.237249080965341363e-09
1.726700726845109557e-10
9.786685239987491514e-09
5.742398112573710023e-09
2.675214494374245078e-09
4.218427385183076694e-09
1.108734992705251443e-09
5.329724661606860536e-09
4.352127103146585796e-09
2.937565746208292694e-09
1.334720944878853288e-10
3.418381688824467801e-10
9.849196978828356208e-12
8.065268591872509774e-11
5.390233259738863580e-10
1.000068916567897759e-08
6.975054422930782039e-10
5.041730921639953067e-10
1.148779196769034172e-10
2.909854301957892631e-10
1.074309308179977052e-09
2.019049816226470284e-09
7.615494901358488278e-10
3.257863423478113418e-10
1.045748376782285050e-09
8.986224958595911971e-11
1.069198729553022531e-09
2.579579572170587198e-08
8.504859039248913177e-10
7.607335872350518002e-10
1.261276305619674076e-09
1.481654243740138099e-10
2.872609372595036348e-10
8.242227733656903865e-11
1.319195534060790820e-11
8.467690437718999874e-11
2.242745766878329050e-09
5.708770123291628806e-10
5.702869079748928982e-11
2.624961359387611992e-10
1.770585633664722991e-08
3.005490523122489321e-09
3.817819838047853409e-09
5.210113451781239746e-10
1.678838040808372511e-10
1.515746556046693172e-10
7.459040329838018124e-11
2.204880189538016566e-07
3.137584858592390447e-09
8.800594142321926938e-10
1.331486049888086498e-11
2.073404642422005395e-10
4.853569976481786341e-11
7.552470315808079704e-10
5.191236329693538210e-10
1.254015113971718165e-09
1.697808282852264483e-10
9.974110426469451340e-10
4.616010074176557509e-10
7.325310497074966065e-11
3.435341247581824575e-11
1.747695210774224961e-09
1.777460290064425408e-09
9.289289337743866781e-10
9.171509662841970112e-10
1.202419164236800952e-09
1.805203320159876057e-09
2.647682073586565821e-08
3.712614660145163725e-10
5.621872412042705491e-10
2.207625637851151623e-09
1.057161580497734121e-09
3.247106472592520277e-10
2.747972960293054712e-10
1.767281654352359510e-09
7.849987326835616841e-10
1.042828379205218425e-09
2.874953075604480546e-08
2.049063696496489229e-11
2.870683024625009239e-09
1.024730433840659316e-08
2.442268964841787238e-08
6.133793473139803609e-10
2.063633042226342695e-09
3.358683331455836196e-10
4.362261940560330231e-11
6.250219897196984675e-09
5.566190175443352928e-09
2.596788384323645005e-08
4.168862233200343326e-08
1.493609014246999322e-09
3.463327047370512446e-08
3.771063322721701638e-11
1.432791552069545560e-09
2.162895782475970918e-07
3.527400593839047360e-08
1.910572811070210264e-10
5.581453632608202042e-10
2.433089507647423488e-09
1.595242271612562490e-09
1.447159281298127098e-08
7.113090418897627387e-07
2.511338081934155753e-10
5.433012262301417650e-08
1.574145036542518028e-09
2.337859683620990836e-08
2.261633769151671913e-09
2.913606245158462116e-08
3.155871119986386475e-10
1.120018353617524554e-07
3.666685088887788879e-08
2.695687673082147739e-09
1.173460645986779127e-06
7.725446948825265281e-08
2.021460119294715696e-07
2.204090606028330512e-06
7.788033258293580730e-07
6.025537004461511970e-06
8.719629462916600460e-09
1.345222244708565995e-05
3.303595264014802524e-08
3.164831596791373158e-08
3.019534844383997552e-08
1.782418763696114183e-07
9.732428196684850263e-08
3.420274730103756156e-09
3.613467303154038746e-09
1.279481054439202126e-08
6.621229120540306212e-10
4.526203856158872441e-09
4.588998625543183607e-10
2.960263714157918002e-07
2.638969931467727292e-08
1.336817739838735974e-10
2.328908177418043124e-09
1.412115313570438957e-09
5.377513101478825774e-09
1.236840851959186693e-09
4.238683857238356723e-07
1.958690916126215598e-07
7.765230947143209050e-08
7.039065508251951542e-08
4.260133579236935475e-09
2.571972856912907446e-09
4.374896278580564513e-10
2.049144187665774552e-09
2.632821427539511205e-08
1.197107857286994204e-09
2.569810586550147491e-09
9.503684506029230761e-10
3.904683243405315807e-09
8.116464833562986314e-09
6.487356762896467899e-10
9.142102186388001428e-09
3.084247301998743751e-10
8.138869844742657733e-08
3.194370545855917953e-09
2.250321484709161268e-09
1.239224189930610009e-08
2.977922353153417134e-10
5.091203192364446295e-08
6.097554905437618800e-09
3.668817250002121000e-09
2.155946393633811908e-10
5.994573726297858229e-10
1.208824613740944187e-07
2.216977534885700152e-08
1.269061566944174047e-08
5.040880068918340839e-08
1.321922837860256550e-08
8.465701284876558930e-06
1.643286506869401364e-09
2.978671034270519158e-07
1.074283240143358853e-08
8.058150910983385984e-07
3.095480906267766841e-06
6.114488471098411537e-09
4.293366107077645211e-09
4.655206339521100745e-06
4.772837058908407926e-08
2.396048692787644541e-09
5.460133678525380674e-09
3.569537110337250851e-09
3.005022009006097505e-08
1.213080835782420763e-08
4.386997876082432413e-09
4.346898951901323471e-10
6.086565917939879000e-08
1.959713813448615838e-08
3.615811579038563650e-07
2.248194874709952273e-08
3.010281622409820557e-01
1.725026289932429790e-03
6.970590949058532715e-01
1.062408136931480840e-05
2.731559145541240241e-10
4.081094857610878535e-07
3.830891159850580152e-09
4.900828631804188262e-10
4.572798104618414072e-07
2.382589059379824903e-07
8.345190138925318024e-08
4.646354412329856132e-09
5.585458207058024982e-10
2.366983764545693703e-08
1.695052320727086226e-09
6.495002224937707069e-08
2.424549450097401859e-07
6.885189307581640605e-09
9.064675676739852861e-10
2.257515063774917508e-08
4.800909891855553724e-09
3.342335185152478516e-05
4.464597168407635763e-06
2.197306372409002506e-07
1.012610937323188409e-07
7.356409241765504703e-07
1.371614910539165066e-08
2.823786360295343911e-08
2.628087469869200277e-10
4.754463045486545525e-09
3.908820644937804900e-08
2.137769797627697699e-06
7.338295748837708743e-09
9.733393113720012479e-08
1.152271238424873445e-07
1.534820159854177746e-09
2.115329778007435380e-08
4.073568561580032110e-06
3.008801385817605478e-08
3.671752324407862034e-08
4.069935499728671857e-09
8.978186372132768156e-08
7.939082169450273341e-10
1.563551371708271631e-10
4.011893750544004433e-08
8.460737110915772519e-10
5.021270066407623744e-10
1.688212125650068174e-09
7.890761821727210190e-09
1.174621178101631358e-09
1.478509259467131187e-10
3.616418275953492412e-09
3.961485361969607766e-09
3.019439698270787176e-10
1.256152959427936366e-09
1.125291082537671628e-09
1.935794580187888414e-10
7.808721724789080554e-11
1.141937544524296300e-09
5.070594499834157887e-10
1.125530987855505316e-10
2.794278142204120741e-10
8.862346412286115083e-10
4.507474393733446050e-09
2.100673190952306868e-09
7.563385473474681930e-09
7.405573376750851367e-10
1.080990053026198439e-08
2.973669574468651433e-11
1.784457165365793685e-10
6.552185904951102202e-09
1.381444181269841920e-09
2.719323877187207472e-09
4.997984803800648024e-10
1.382621794832061823e-10
1.137795344052783264e-10
4.136577302915611654e-08
2.769409424008273390e-10
4.815957632686718171e-10
8.465821932368555736e-10
1.017380069079365512e-09
3.530008785279648009e-10
7.906353793885045889e-09
9.717987836665997747e-08
1.315892284026176640e-09
4.887100057970883427e-09
2.244717606236790175e-10
3.946447613145664945e-09
5.552190929236644479e-10
5.421485482770549424e-10
3.343069709949020307e-10
1.904341351277594185e-09
4.880554271835535474e-08
1.331307863949859893e-08
1.293355644804705662e-09
4.897574359952194811e-11
1.319603870619801000e-10
3.337154197424752056e-08
5.450132012363440026e-10
2.471393228953289167e-11
2.477801785971678328e-08
1.164937923903153205e-09
3.371193990631127235e-09
2.522720643494125170e-10
2.991067837854188838e-09
1.254474710776776192e-07
5.757650467508312886e-10
1.168451262856251560e-06
5.736163757319445722e-07
3.570703199784475146e-08
6.495645976656305720e-08
2.412548951724602375e-07
2.183746294903698981e-09
3.310578122750484908e-08
1.701714950286259409e-06
1.663160303921884520e-10
4.427226085734758954e-10
1.260700710492557164e-10
1.483399625357151308e-09
2.478281468931697873e-10
3.139201121271639749e-09
2.010077437830659619e-09
5.761422006145267005e-09
1.918919423360421206e-08
1.222578038806432232e-09
1.360480950118869714e-09
3.587255603676453575e-09
1.050723419382393331e-08
1.565798601887991026e-10
2.652440767025865398e-10
1.460000564890151509e-09
1.874705668480913801e-10
4.409993259457678505e-09
6.381616346473606427e-10
1.924170600631214256e-09
4.442422323336359113e-06
5.207766662351787090e-07
2.204809390615736220e-10
7.093762383059143417e-11
2.053808456636829760e-09
2.278725474980092258e-08
4.650302543041107128e-08
1.220758871767202436e-08
7.841686056053731591e-07
1.719758918605762688e-10
1.834962216895608123e-11
2.553944682404107880e-07
5.391534330101421801e-08
4.865368871675990192e-11
1.095456281241524721e-09
8.115443428380331170e-09
1.549675054945964803e-09
2.045017266638637921e-09
3.605811427220828591e-09
7.247014099931448072e-11
1.925235304511829781e-09
7.220224973458755358e-10
1.241191593948087757e-09
7.284731040613223740e-09
9.282823953959962182e-10
1.555491735416580923e-08
8.622938452162998146e-08
6.852677453261790674e-11
5.648164602689575986e-09
1.523400499081617454e-07
6.536530205991653020e-10
8.067138068668100459e-09
6.495469939693521155e-09
9.538970724420892111e-10
1.736917415451344482e-10
1.548104222592883161e-08
6.561337029253877517e-10
9.790582788937740588e-10
9.433239078759925178e-09
8.044781729665828607e-09
1.147540906742960942e-08
1.337298627390737238e-08
1.714712372091753423e-09
1.941776162084352109e-08
6.249540440705914079e-09
1.027128107011776592e-07
2.095919526823308843e-08
1.513468639302573138e-08
1.208548927600361367e-09
5.628051913397769113e-10
2.713355318206822631e-09
5.952776049866770336e-08
3.260987213593580236e-08
3.848820373519856730e-09
2.049817560134670202e-08
7.378378796829565545e-09
7.991378225824519177e-09
5.231807520544862200e-08
9.788346133632330748e-09
1.559680740115254594e-08
1.107025582314236090e-09
7.469444085472787265e-08
1.870036214768333593e-08
7.855978090276494186e-10
5.066950192755825810e-10
7.746129071506402397e-09
5.119439538958658886e-09
9.614689489012562262e-09
2.066303350645171122e-09
7.503554222410002694e-09
1.689278161798313249e-09
2.131119458681496326e-08
1.251318426653824645e-08
5.902408517499679874e-08
4.604317371814659055e-09
5.094085153700689261e-09
2.419263722686082474e-08
4.132421338454150828e-08
3.479408317019760943e-09
8.546204099957321887e-08
1.620790186507292674e-07
4.844963541472679935e-09
2.142076516165047906e-09
8.680557661566723482e-11
9.632861619479626825e-09
2.813108634924788021e-09
2.239300522788312264e-09
2.141186117299298530e-09
3.431062323144828952e-09
1.192307230724054534e-08
1.042033659359731246e-08
1.108069080935081274e-09
4.110024764969466560e-09
9.075717066764354968e-09
5.381979306662287854e-08
7.566679727233349695e-08
5.063747821054676024e-08
5.055542207088592477e-09
1.622116996280453805e-09
9.088951813396306534e-09
8.382703953202508274e-08
1.386164711902893032e-07
4.553643018212483184e-10
1.870169852313807723e-10
2.706485924264256937e-09
1.845825714497095760e-08
1.997395173702898319e-07
1.402786664606026079e-09
2.226366646596034116e-09
1.197756449577980220e-09
6.938578045456722521e-10
1.268497840101190377e-08
4.776559148211845240e-09
6.352367876161224558e-08
4.786082996588447713e-08
2.693478862170195498e-08
1.307227392999266158e-08
6.460302293120889772e-10
2.582277325302584359e-08
2.177233282552037963e-09
4.717240642548858887e-08
1.045547648459432821e-08
1.190307674647783642e-08
1.348303357850966222e-09
5.052707585662119527e-09
8.042679411346398410e-09
2.985920621867421687e-09
1.128450666243452361e-09
2.199568527316841937e-09
1.705902086257538031e-08
1.532208848686877900e-08
3.066851661515102023e-08
4.607242587439941417e-09
9.144997648036223836e-09
1.722142872750964671e-09
1.603726373922143011e-09
3.905914169877178210e-08
1.926087289660927127e-09
8.957274921783664468e-10
8.547388574697833974e-09
3.087959044023591559e-08
2.340356797247977738e-09
1.789861592271790869e-08
1.104939251206360495e-09
1.780904756998324956e-09
1.645723557430756046e-09
3.335854703578888802e-09
8.828772735114398529e-08
1.698224494361966208e-08
5.207324793587986278e-09
1.270945459985739490e-09
4.574900458464981057e-07
7.762412934653184493e-09
2.818394584380712331e-08
6.123533967183902860e-05
8.062012168963406111e-10
9.798849731623704429e-08
2.344354155248140614e-10
7.277898284030470677e-09
1.179304565113170611e-08
3.936223791356496804e-09
6.722919998480847426e-10
3.815519011851620235e-09
5.952690562693874199e-10
7.290648640356778287e-10
8.760633884996593679e-10
2.447526348259287943e-10
1.417344797083330832e-09
6.645812788974581053e-10
4.465350755822328210e-08
7.061529139207323169e-10
1.288394990694996523e-08
2.614263805433836296e-10
1.365237922712481122e-09
7.632414167346723843e-08
4.892602767370135552e-09
4.096711858636581383e-09
6.580729294825005127e-09
1.060762921945013204e-09
3.569824613691707782e-08
1.746032540772546326e-09
3.662718461860947627e-10
4.693667676747281803e-10
4.231006212052079718e-09
7.784757727336000244e-09
4.885853854830202181e-08
2.169651347472267844e-09
1.353662959502344165e-09
7.053496453579555237e-09
1.260036164296707284e-08
3.650624802453705797e-10
2.475684102165587319e-09
1.124194848323156748e-09
1.871476751347245226e-09
1.001097604813594444e-08
5.313575801579872859e-09
1.719421133250520484e-10
5.168061978366722542e-09
4.023632094174445228e-09
1.532062654518995259e-08
4.439057565974735553e-09
5.026808969077478650e-10
4.168954959027360019e-09
8.334686718569628283e-09
6.087436332791185123e-08
4.043827939170796526e-09
8.277065144390860496e-10
8.437354148682629784e-10
1.572432140051205351e-08
4.712422466135457455e-11
2.288279149498251286e-10
5.122281709901699287e-09
1.911178548752445749e-09
4.126419739236553141e-08
6.739803160016322181e-10
1.227665191727567162e-09
7.144223546085015641e-10
5.568866257021909405e-09
8.255418015856719194e-10
2.803798526684886383e-09
1.222225478159089107e-06
6.952424858042149935e-09
2.582591029920422443e-09
3.599820885824556171e-08
2.844573743221445739e-10
2.847085909252200508e-07
6.117160111784869514e-09
9.122346211754006617e-10
4.435984912731782970e-09
1.267747240518701801e-09
1.310604624826794407e-09
1.505169144877527287e-08
1.572690244699970208e-08
1.190727694222459832e-08
5.081053355837639174e-09
1.075414868267898783e-08
2.003745364076436886e-10
4.561520938750618370e-09
1.283088213455130244e-08
1.242169700432782520e-09
2.140761345970076945e-09
2.096570250742502139e-09
1.646866643056910107e-09
2.026458290060872969e-08
1.247129688408676884e-08
2.585868852378325755e-09
3.017702754348761118e-09
1.202221239227085903e-10
4.728516245222635916e-09
7.204779439717867717e-09
1.873212251979339271e-09
1.091173040812520867e-09
6.629752391518195509e-08
1.703255669838199537e-08
1.140344974004392498e-08
9.014816448882356781e-09
2.950054422967696155e-08
1.820083750381229493e-09
2.649765962203787240e-10
9.191367666971927974e-10
4.294291588990972741e-09
1.282632333676758662e-09
5.880526288137843949e-09
2.060743042875401443e-08
1.782468928013258846e-08
2.078562211238477175e-08
8.405971030356340634e-09
8.304500975775397364e-10
2.741723292842834780e-09
1.354082002080758684e-08
4.280898480146788643e-08
1.055416865014535688e-09
1.976153019001003486e-09
8.145481622534589405e-09
2.560559764219760837e-08
5.503617006574756942e-10
9.043969462219081379e-10
2.240172047862643012e-09
2.165446710833407451e-09
1.131592597403141554e-10
1.398905080662871114e-08
1.633125989997097349e-08
7.733717666269512847e-08
2.328210957358578526e-09
3.091076195005371119e-08
1.917105052484657790e-08
5.214049747515048239e-10
1.774916924546232622e-08
7.647335564797685947e-08
1.418580697354343556e-09
2.046012026468702061e-09
4.661809605011058011e-09
5.337494335400094769e-10
3.606778022913204040e-07
5.688770010614518924e-10
1.814385419685038414e-09
1.685226513892246203e-09
5.928604274174631428e-09
2.222741990465237905e-10
5.583863149638546020e-09
3.242657697910544812e-09
2.045231761726995501e-09
3.396442460612547620e-09
1.159566553887714235e-09
2.611872940150306022e-09
1.674097660497864126e-08
3.138937776370198662e-09
8.003230078656997648e-09
1.066164490026721978e-09
1.515525482886914688e-08
5.607503794635704253e-09
3.855313290834772033e-10
2.872698745548518673e-09
1.031546936758331867e-08
6.498877880289910536e-09
4.471322423427182002e-09
8.065938139623085590e-09
8.017588015718501993e-08
1.585846676199764715e-09
7.770160515008228685e-09
1.396234061701306928e-08
4.775268536150178988e-08
8.200021217596997758e-10
2.179124969359236275e-08
1.985421782535468083e-08
4.859116486954917491e-08
6.499126126158216721e-09
3.735935172333171295e-10
8.457575195741640073e-10
4.443949028209992491e-11
4.258872143836356372e-10
7.398866519459090796e-10
1.566911400630033313e-08
1.148037327425299736e-07
1.642421754155520830e-09
6.385699080624362978e-09
1.185692932725856963e-10
1.313607000952288217e-10
2.667120391208754882e-08
7.537938273571853642e-09
1.562259122067644057e-08
2.253938369278785103e-09
1.505737579066135368e-08
4.799204367245124558e-10
4.025518529626737063e-10
1.324737208818760337e-08
7.239036925454911398e-09
1.514595737717172597e-07
3.435451390032540075e-08
4.302479761353339427e-10
1.077215827649524726e-07
1.777304414751768036e-09
3.232202006042683706e-10
2.312424696171433425e-09
1.059604848308026703e-08
1.001231275665759313e-08
1.586034303890926367e-09
1.928863824218751688e-08
7.058098994150441285e-09
3.559135430819537760e-09
1.720987796716144658e-08
1.589281239944284607e-08
2.412702503062913451e-11
1.870188448549470195e-09
1.416921691088646185e-07
1.934829363392509549e-08
1.193356080619878412e-08
1.039324271090436014e-08
7.916359123782967799e-09
2.773196960959012358e-08
4.138290066180161375e-08
6.290608034476008470e-09
1.711477737309508029e-09
6.724731882457035681e-09
2.701029622187434143e-09
1.015488404476627693e-08
1.419324990870052261e-09
9.208371842817086872e-10
1.299367191620603990e-08
3.315903995826374739e-09
1.220753609310065713e-09
1.555746420578429934e-09
1.914379055278914166e-08
4.158684785426913777e-10
2.341834948182963672e-09
5.611058284671344154e-08
1.607883426402167970e-08
8.500975212655248470e-08
1.034657803877792048e-09
1.532442794882626913e-08
9.698233327526395442e-09
1.846349406697811446e-09
2.307956714631131945e-09
4.866125280500455119e-09
3.417390814774989849e-10
2.640642833284800872e-07
1.206468674963545595e-10
3.519000912888259336e-08
5.874352737578192318e-08
1.339713762149585818e-08
5.147177351005893797e-09
3.286043082084688649e-08
8.241419102716918133e-09
1.684144379510144063e-08
7.512747757232318691e-09
1.459352638732980267e-08
6.730287882561469814e-09
4.598121883248040831e-09
4.163641520449345990e-08
3.505067525111371651e-08
5.681724868367155068e-09
3.847192786565756251e-08
1.339039279457665543e-08
7.243950994606507265e-10
3.409945392718327639e-08
1.065369570341090366e-09
2.471901439093926456e-08
2.699309664677684850e-09
3.762860301126380591e-10
1.484619649438911893e-09
4.235672701469184176e-09
2.766264328712964016e-09
7.579293992421298753e-07
3.505883228172024246e-08
5.482863940642346279e-09
2.869659176951699919e-09
1.661892956583699288e-09
1.984995778858689164e-10
1.133598459546192316e-08
5.907808131588865308e-10
4.800543518257427422e-09
5.387759127728486419e-09
5.262708047126807287e-10
2.070785320995582879e-09
3.886121702212363971e-10
1.284032435933113447e-09
9.612516338464160981e-11
6.135294938758306671e-09
1.149121575672040763e-09
6.162618193528146548e-10
6.244738059990595502e-09
1.405012550748097055e-08
5.819451232014216657e-08
8.555984365443691786e-09
4.205372938770324254e-09
4.024038879890667886e-09
6.144886377512648323e-09
2.246416030970976863e-08
3.056210839957884673e-09
1.841664598600800673e-09
2.023391587613332376e-08
1.003130800647511478e-09
4.010325582726181892e-08
4.317426860467321603e-09
3.669551995599817928e-09
1.682150085891009894e-09
1.596396437264502310e-08
6.036643185325374361e-08
1.009028736120853864e-07
6.641697858356110373e-09
1.415068329180257933e-08
1.102625546423041669e-09
9.154526026122766780e-09
4.309798073975912303e-10
4.609642445529971155e-09
7.196988005553350831e-10
6.883570380367132202e-10
9.109374921045798601e-10
2.150211386720002338e-08
3.739605176633631345e-07
5.160841531903770374e-09
9.685746649168436306e-11
8.828877184896555264e-09
2.681805000293024932e-09
1.842536012652828958e-09
1.171596686333487014e-08
1.732474608218126377e-09
1.196576615569711066e-08
9.083509944218803867e-09
2.006005361820939470e-10
3.274249849027910386e-08
1.486983092213733926e-09
7.108861410642930423e-08
1.463369159182548174e-08
1.553694950473527570e-08
3.622548705450867601e-09
1.915989145118146553e-09
6.246802541909346473e-08
8.716645538697775919e-07
1.033571006558986483e-09
1.047034370316168861e-08
1.318029907437789916e-09
1.582737385596999502e-09
3.384615965273951588e-08
4.839680656232303591e-09
5.470732755696872118e-10
8.149852703809301602e-08
4.362800964941015991e-08
1.284419459679497777e-09
3.058765019048337308e-09
5.540292669081736676e-09
3.753865218669716342e-09
3.595489239671678661e-09
2.485255112816275869e-09
1.829327578306561009e-09
1.826626139234122093e-08
2.244661956307680839e-10
3.462136577425667383e-09
4.544419840435409697e-10
1.578538366686643712e-08
2.536159904309442936e-08
3.114131530423946970e-08
6.168689115071401829e-09
1.676245773296614061e-07
5.517232892771062325e-08
2.449037239671270072e-08
8.486487068637416087e-09
1.212007649797897102e-08
4.872066639016736644e-10
1.164167784395431227e-08
4.634874706255232013e-09
1.565850915596911364e-08
1.405151905942148005e-08
5.838033945160248095e-10
1.314197373147862891e-08
3.745919130437869171e-09
1.386388226443102667e-09
5.488485044224944431e-08
3.469580178716569208e-09
1.696936635653401027e-07
1.431137164331630629e-08
1.627118884073297522e-08
8.809192819647648776e-10
3.875205489833888350e-09
1.108014124895362329e-09
5.432232441648920940e-09
1.163606100362812867e-08
2.297394052774848205e-09
2.511507002367352470e-09
2.048643060748034372e-10
1.865285842450603582e-10
8.615868574146645642e-10
9.368644054985608705e-11
4.880670312346069295e-10
6.215064018988414318e-10
2.705226487265122159e-09
5.761072685572798946e-08
2.076111504933919605e-10
3.316123486918343133e-10
4.258273289536873563e-09
7.639816557158951582e-11
3.602930842561136160e-09
3.032824547055668063e-10
4.771714579021590907e-09
8.542385465659663168e-09
8.026909803504622687e-09
5.900258415181269811e-08
9.899903813392896268e-11
5.874847830433793661e-11
1.419632883470356433e-10
2.044998659300745203e-08
4.522044960708626604e-09
6.551441333879637341e-11
3.350105304278372387e-09
2.198221049631854385e-10
1.242560609959753037e-09
2.636910911846257477e-09
4.493952154849267799e-10
2.323888581567956635e-10
7.767416154713657761e-10
1.556251660872476350e-08
1.079784528457139459e-08
7.534298185341015142e-10
9.293293912193689721e-10
1.793225706814283171e-10
1.558981921334634535e-08
4.080442372877968182e-10
2.033717194649398152e-09
2.369823892678368793e-09
2.706169455191087536e-10
2.256208414541660545e-10
4.616069679275192073e-11
6.268889296556778845e-10
9.077046336791738668e-10
3.713095941826338731e-10
6.181185341347372741e-09
2.767430729022635205e-09
2.315294800325773394e-08
4.368269301835425722e-09
1.238817670667913262e-08
6.754580450518687940e-09
2.862629244759773428e-09
1.328712606607496127e-08
4.262750596950581894e-09
4.402146558390995779e-08
9.689322233441544086e-09
5.231276301032039555e-09
1.027667326236603174e-10
6.128090479506909105e-09
1.926208526015216194e-09
1.847959563150425311e-09
1.036801200449133376e-09
1.466371191138904351e-10
3.171800669332647260e-11
1.234995181675913045e-07
5.063153230011607775e-10
2.746778082762801887e-10
2.208795507607774766e-10
3.699736739193326684e-09
4.246041018785007282e-10
2.072063354230380128e-11
8.073969826050131360e-10
3.526080760707372974e-09
9.207726137105964881e-09
1.986813769061512858e-10
7.848908722962733009e-08
2.814177868515344016e-08
