2.962324607835853385e-08
1.925179460293691136e-10
5.920071100007362475e-10
9.291133973299281479e-10
1.248553083144088305e-08
1.456230513952050387e-08
3.754453636872767675e-09
1.515994938472431386e-07
4.089604317414341494e-07
7.526314016459423328e-10
7.785334044108083162e-10
2.517262620571614207e-09
1.736946053654264688e-08
1.291946194470483533e-08
1.545002135117101716e-07
5.429136695767056153e-09
8.076085578068159521e-09
2.028921386454385356e-07
4.336149288519663969e-07
1.625694689977308371e-09
5.893901366960108135e-09
6.187642753729960532e-08
5.952808024289879540e-09
7.114041977729357313e-07
3.987064545185603492e-08
9.535799705417957739e-08
2.979630764343710325e-08
2.311517910413840582e-08
7.341608352362527512e-07
8.065264012202533195e-09
5.902634470089651586e-08
3.241862600589229260e-08
2.898043582888476521e-08
5.790604107325236782e-10
4.546956944295743597e-08
1.394683408761920873e-07
1.273906775622890564e-07
3.994103110471769469e-07
3.320670405315695461e-09
2.467823776441946393e-07
5.431821747947651602e-08
4.364031802595036424e-09
3.598048747832649497e-09
1.361912360664518928e-08
5.889732257458035747e-09
2.537295928917160381e-09
8.034851362026529387e-08
1.058397600672833505e-07
2.263119824874593178e-08
4.161170963357108121e-09
1.610775335336711578e-08
5.949599213295186928e-08
1.392625215146381379e-08
5.517473589122801059e-09
6.020003162632292515e-09
5.777830658360016969e-09
3.138724480322707677e-08
8.175909393948188608e-10
1.291760809429831625e-09
1.589827469672400184e-08
1.734191812374774599e-08
7.950062297368276631e-08
1.037296470940418658e-08
7.663746082187117281e-09
2.555704092799260252e-09
6.686299958147401412e-09
2.428393486297864001e-09
1.501822111116268843e-09
1.031192575773332010e-09
2.354025419037952815e-09
2.435072588014008943e-09
1.157364426518370237e-08
8.016813879407891363e-09
3.815231153225795424e-08
2.888359063035750296e-08
1.192432552699074222e-08
2.579417568426833896e-08
6.588630085957447591e-09
1.486215861490336465e-08
1.328793963750740659e-08
1.898423249713232508e-07
1.038557129184880523e-09
1.220536347545930767e-07
3.817345051171372461e-10
7.673853552603304706e-09
9.274889123389584711e-08
2.033951673752198985e-08
7.490344344773802732e-09
2.213230487768669263e-08
5.848268980201964951e-09
1.116427839065181615e-07
3.931265268874994945e-07
2.717114311323598486e-10
3.569587647689331789e-08
3.755442179453893914e-09
2.894683381882146023e-09
1.932079811695075477e-07
5.594001706299422949e-09
2.188194347940708440e-10
8.904691428668343178e-10
7.359673315221471057e-09
1.028415795190085191e-06
7.461554041299223172e-09
9.317990823376476328e-09
5.970467231719567280e-09
2.184272673844134260e-08
6.127323359805814107e-08
9.174555559710029229e-10
1.020741047241813249e-09
3.410529858527411307e-09
1.514718683814919586e-09
1.546430428156497783e-09
5.431042282566522772e-09
5.385317436434888805e-08
1.127102251530232024e-07
2.388397701835742737e-09
1.392991855198033591e-08
2.364166362678332689e-10
2.862510939394269371e-08
1.247934111603399288e-08
3.917909052741919140e-10
1.731266863203018147e-08
1.477727451515420398e-08
3.636630552250608162e-09
2.221867312357517221e-08
5.294951144207971083e-09
1.255006765177313355e-08
6.342943392745326037e-10
1.850280817450311588e-09
1.743566124812190310e-10
1.098130142374031948e-09
3.554002958594537631e-08
2.133355714306617301e-09
1.091219115068042811e-09
2.974353874307666956e-09
2.957424349858683854e-08
4.397514885567943566e-08
9.623553509641169512e-09
6.671697638793716578e-10
1.245823999518336223e-09
2.437650359343734863e-10
4.587346058571029062e-10
1.254495812785805242e-10
6.771276872541420744e-08
3.148640459471607755e-09
7.614353592089173617e-09
5.985526518870187829e-10
7.703638615907948406e-09
4.155864985477819573e-09
4.840358158730850846e-08
1.366913011224824004e-06
7.286608365575375501e-07
1.190348708490773788e-08
1.286043183057472561e-08
3.194628916958208720e-08
2.675485575309721753e-07
1.486728873345555257e-08
1.321214782024071610e-08
2.696395426937669981e-07
1.300006533710984513e-05
7.431812942826354629e-09
2.763256929938506801e-07
1.214305711982888170e-06
1.034711476677330211e-05
5.507346941158175468e-06
4.555738414637744427e-04
1.496545905865787063e-06
3.054746002817410044e-07
2.300168125657364726e-05
2.825665701422508391e-09
7.021196779533056542e-07
1.541663152693217853e-08
4.236429731463431381e-07
7.029215876031003063e-09
1.625536611982170143e-07
1.429276963449410687e-08
2.751353811447643238e-08
5.568055598814680707e-07
2.838136424543336034e-06
8.641699329018592834e-03
4.239010449964553118e-04
3.070842691244024536e-09
7.048152497191040311e-07
5.706970185315185518e-08
3.448028280672588153e-07
9.983797326640342362e-07
4.232591166442034591e-08
1.116055781125169233e-08
8.759175074146696716e-08
1.313670168201497290e-06
5.584506013178724970e-08
1.962496298801852390e-07
8.864419953624746995e-08
1.554466848574520554e-07
1.550282391349355748e-08
3.866716156153415795e-07
1.764049102348508313e-07
1.782784092938527465e-04
1.099165456253103912e-05
4.073606305610155687e-07
2.153818059014156461e-06
5.008402226280850300e-08
2.658126959431683645e-06
1.599219068282309308e-08
6.608657798778949655e-08
2.068169182166457176e-03
1.234649971593171358e-04
1.647724047870724462e-06
9.741044640541076660e-01
1.599624956725165248e-04
2.818414359353482723e-04
5.294000402500387281e-06
5.532538125407882035e-07
3.221162160116364248e-06
2.838213731592986733e-05
1.608578713785391301e-06
1.612214504120856873e-07
3.614585182276641717e-07
1.960137581136223162e-07
3.911570729542290792e-06
4.957966666552238166e-06
9.628974595443651197e-08
3.480169254999054829e-07
5.177861748961731791e-05
9.474576472712215036e-06
2.149388649286265718e-07
7.425447165587684140e-06
5.074331420473754406e-04
6.944011143872330649e-09
3.080647559272620128e-08
1.154328721497677179e-08
1.118212253459205385e-06
1.551322156956302933e-06
1.622272066015284508e-05
7.922329008579254150e-03
1.203450324283039663e-06
6.618696352234110236e-05
6.379102615028386936e-07
1.497908942837966606e-05
1.950148543983232230e-06
2.596966260171029717e-05
5.697263986803591251e-06
1.494239222665783018e-05
4.634460856323130429e-05
2.708540705498307943e-04
4.336367055657319725e-06
6.197275361046195030e-04
2.768664444374735467e-07
9.570346293230613810e-08
1.746820998960174620e-07
5.522192836338035704e-08
8.710485417395830154e-06
1.107870866690063849e-05
1.886638401060736214e-08
6.035755723132751882e-05
1.113405573960335460e-06
4.892071010544896126e-04
1.525146103631414007e-06
1.803142413159264379e-09
1.199587131850421429e-07
3.902728622051654384e-06
3.278029625519707224e-09
1.520684454590082169e-04
8.155246256080772582e-09
2.157371170596888987e-07
8.799867146080941893e-08
2.098479967571620364e-08
4.227776173593156273e-07
5.139870040693494957e-07
2.574541824174048088e-08
6.488734882736935106e-09
4.549209897675154934e-09
4.793389685175952764e-09
8.425499800068791956e-07
4.957883437128884907e-09
1.719387121568161092e-08
1.539356730972940568e-08
1.763914347918671410e-09
2.950852673322401643e-09
8.669400308747299277e-09
1.816931272102806361e-09
8.946866358883198700e-09
7.375880528570633032e-08
1.048826914207268146e-09
3.457491626335240653e-09
1.866043390919003286e-07
2.129095690861504409e-07
4.576415246759779620e-09
5.765259381007581396e-09
1.323077647441550653e-09
4.511794395511969924e-05
4.231628381035079656e-09
3.579582497081901238e-08
1.562021267886848364e-08
2.699001413475343725e-07
1.186503959615947679e-05
6.455675549688066894e-09
3.236023076169658452e-07
1.814302805769330007e-07
2.470552651345769846e-09
6.965327870034343505e-09
5.716840689728996949e-08
8.024498043823768967e-08
9.412393531249563239e-09
1.278862242770628654e-07
5.071107125331764109e-07
3.959005425713257864e-07
1.189676890334112613e-08
2.190032821758336468e-09
1.629621881882314938e-09
1.596908560941301403e-08
9.888913687916556228e-09
5.444123019060498336e-08
1.523097914457594015e-08
1.352918044261741670e-08
3.135389947672706512e-09
2.545401756037790619e-08
9.118926058704346360e-09
5.333781194494235933e-10
5.275968106843720307e-09
4.596077685103949761e-10
3.970392015162360622e-08
1.497321022725373041e-08
4.370554140820104294e-09
1.184900288997425832e-09
5.177880346707297576e-09
6.029598598189522818e-09
1.719261621957457464e-09
6.949801178990355766e-09
4.280897414332685003e-09
2.080152050609740400e-09
1.047407605092587346e-09
2.531223841639729244e-10
4.990098889656735537e-10
2.733025583623316379e-09
1.202942412348306789e-09
5.335746955381637235e-09
8.194808742700843140e-08
3.517245374951016856e-07
4.820041699105104271e-09
1.468853305652828567e-08
9.755183327797567472e-07
5.011087012007919839e-08
1.732736976123305794e-08
1.771260826899379026e-07
8.423073154517624062e-07
5.324920380189723801e-07
1.161811766792197886e-07
2.570563708559348015e-07
7.224758014068299872e-10
3.118451941119815274e-09
1.960949735924089055e-10
4.047685242536402939e-10
2.997571912910501624e-10
1.223805723427062730e-09
6.975049871016381076e-08
5.801221902856923407e-08
1.090706859940837603e-06
2.619163197437046620e-08
1.624671619460116290e-09
4.230260799431562191e-07
3.455818742281735467e-08
2.248353858647078596e-08
5.796894075871250607e-09
1.553766537654155400e-08
8.477575761389744002e-07
1.192250238091219217e-05
1.364862146147061139e-05
1.146547248254137230e-07
5.076402885606512427e-06
7.416424097073104349e-08
2.577267537162697408e-07
1.647741321164630790e-08
7.984424996720917989e-07
3.896621336707539740e-08
3.543275184370031639e-08
1.004485206124172691e-08
2.165204548987276212e-08
1.179661467176629230e-06
3.039858165720943362e-05
3.634148413311777404e-07
1.600896098352677654e-06
8.969608167319620406e-09
5.843429740082228818e-09
1.282248689449261292e-07
1.816315375435806345e-06
8.229098966694436967e-07
5.465065910925659409e-08
9.946513834790948749e-09
8.094421133364448906e-09
3.375133772465233051e-08
1.108854252862556677e-08
1.269882088372753515e-09
2.737312598810603959e-10
1.474658439803988585e-08
2.367348761467269469e-09
2.422323175377272264e-10
3.306460938379274239e-10
2.185857539416247164e-07
3.089416509283182677e-07
2.226075146438688535e-08
1.498197264027112396e-07
1.091548540443909587e-08
2.360274864443567822e-09
1.181658659810125300e-10
8.531001460809761738e-10
6.338931601845843034e-09
1.309541008964743014e-08
2.276180488536283519e-08
2.308500143044511788e-06
6.984968337064856314e-08
1.592042586651132297e-08
6.637795650021871552e-06
2.286655558236816432e-07
1.757543799385530292e-07
2.348537186946941802e-08
1.824294741936682840e-07
2.614037697412641137e-08
4.771686379356765428e-10
2.109479702028238535e-08
1.379650825583667029e-06
1.941236178026883863e-06
2.283421594029277912e-07
4.003745956993043364e-08
2.207126215125754243e-08
2.461195833802776178e-07
3.502564140944741666e-07
1.040771621774183586e-06
1.210392656503245234e-05
2.056531371863457025e-07
1.558046704985827091e-07
1.432988767646747874e-07
2.985666469612624496e-08
7.439631133365764981e-08
4.368887118744169129e-07
6.738105753356649075e-07
1.357122947354127973e-08
7.525661516183390631e-08
5.314032769376808574e-09
1.556352913212322164e-08
5.080594291939632967e-07
5.514653622640253161e-09
3.500538880985004653e-08
2.935937715164982365e-08
1.774030700119055837e-08
1.735081767151314125e-08
1.847157626855278068e-08
2.310831490603959537e-07
2.151238334135996411e-07
4.618003970335848862e-07
5.677323429154057521e-07
6.706173394377401564e-09
1.286273345613153651e-07
1.945488463661604328e-07
4.564594480171990654e-09
3.976068185806980182e-08
1.088432668439054396e-07
8.677977803017711267e-07
2.486426183168077841e-06
4.619466587030274241e-09
2.055647030374530004e-07
1.703074303804896772e-08
1.784198246923551778e-07
3.877055496559478343e-05
2.921163222424638661e-08
8.167392451241539675e-08
4.394324071288480127e-10
5.536712865961135321e-09
4.064694536509705358e-08
4.542774604487931356e-06
7.470568164080759743e-09
4.120503035665024072e-06
5.188258910493459553e-06
1.889338463456624595e-09
1.986994391245389124e-08
3.705608264681359287e-08
2.340321936245004508e-09
4.550529730806829320e-09
1.514633680699262186e-07
7.150680403356091119e-08
6.151302134327352178e-09
3.492602473897932214e-08
2.774662988258569385e-08
1.042554664820727339e-08
2.306817625807866534e-09
3.222455546847413643e-08
8.167902798561499367e-09
1.810366434540355840e-08
8.497006120933292550e-08
3.606104712616797769e-07
1.084004708218344604e-08
4.045047887757391436e-07
8.018297421585884877e-07
5.719011042515376175e-08
1.563761458100998425e-07
6.633371896214157459e-08
9.295769842765366775e-08
9.413327006768668070e-09
3.176793272885447550e-09
1.543667060843745276e-08
5.303198324924096596e-09
4.897190564179254579e-08
5.398213431817566743e-08
4.710029255505787660e-09
1.270925338303641183e-07
1.843149846081360010e-07
6.508682304229296278e-08
8.026487563483897247e-08
1.183617399647118873e-07
2.198802384612008609e-08
9.502151065987618495e-09
2.669578869074484828e-08
3.817223426239024775e-09
1.690104589613383723e-08
3.504034111756482162e-07
2.829469622156466357e-06
5.737040851272467989e-07
2.548452471273776609e-08
5.896640118407958653e-07
1.577397415530867875e-05
2.084433390336926095e-07
5.791084234374466178e-08
5.412323389464290813e-06
5.463563184093800373e-07
9.120477528767878539e-08
1.207291955296341257e-08
4.758321736630932719e-08
1.703912566597409750e-08
9.338183986074000131e-07
6.960603826655642479e-08
2.665461806827806868e-07
4.728502034367920714e-08
4.035101852650768706e-08
8.411918939188467448e-10
8.112760383482964244e-07
2.579954028192332771e-08
1.031345504998171236e-06
4.076239079608967586e-08
8.770203230312745291e-09
8.069037903624121100e-06
1.148646866511171538e-08
1.513259206831207848e-07
8.493408643062139163e-08
9.764797823663684539e-07
8.834413165459409356e-07
5.455682128285843646e-08
2.202693494268714858e-08
1.694499762727730285e-09
2.179337244001544605e-08
3.380513646789040649e-08
1.688129458443654585e-08
4.056885050118808067e-09
2.408560817457328085e-07
2.353134505028720014e-07
1.308217201234640470e-09
1.203323929388488978e-08
8.016160535362359951e-08
6.177697908782420200e-09
1.122690918009539018e-07
1.153693105493402982e-07
4.215737874346814351e-07
5.676042391655755637e-08
1.206058897196271573e-07
1.698852392095773212e-09
1.219290801657280099e-08
7.586244237245409749e-07
1.155125417540148192e-07
1.357109482569285319e-07
7.884700607974082232e-07
1.279246930607769173e-08
3.552249552285502432e-07
3.262663312852964737e-07
3.821377703161488171e-08
1.877910982273078844e-08
1.145904093391436618e-06
6.765920090856525348e-08
2.333409554466925329e-08
9.082546625904797111e-08
1.822579243082600442e-08
2.958128106911317445e-07
1.199125563289271668e-06
1.233884638907056797e-08
1.722111342417065316e-08
2.845255409056335338e-08
3.148143434827943565e-08
1.976146135618250810e-09
5.034116767888008326e-08
1.745978920553170610e-06
5.144629255937616108e-08
2.745232734469027491e-07
6.390829643265760751e-09
6.885755077234989585e-09
1.045505815255864945e-08
4.216427740288963832e-08
9.361349917469397042e-09
5.785696544080565218e-08
2.741618345680763014e-06
2.082594541263915744e-08
5.612201814386708065e-09
7.367201515506849319e-09
2.154354916683587362e-07
8.142319529724773020e-08
1.567458269846611074e-07
8.707885257308589644e-08
2.995031778141310497e-08
3.864388276042518555e-08
6.946929431705939351e-08
5.372942268877523020e-07
1.593693070844892645e-07
8.081235591816948727e-08
2.124531874869717285e-07
3.775472823264180988e-09
2.857841074899170053e-08
1.078988098868194356e-08
1.013310537700817804e-07
1.227460188601980917e-06
2.439490032202229486e-08
4.016787613636552123e-08
6.673502639387152158e-07
4.931609964842209592e-08
3.787040903091565269e-09
1.366683704873139504e-06
1.477460500609595329e-07
8.004392704208385112e-09
2.426537903943426500e-08
6.903649873990502783e-10
2.372103846681739014e-09
7.567919624307251070e-09
1.256069914745694405e-08
2.126510301181383511e-09
4.372457240719995752e-08
4.007579157416785165e-09
4.602213721227599308e-08
6.831743348811869510e-08
3.018859388248529285e-06
1.393882911315813544e-07
7.783071254152673646e-08
6.123541425040457398e-07
3.068338827461047913e-08
1.140334227045514126e-08
3.196286968432104914e-08
3.692809258382112603e-08
1.606620116945123300e-07
2.704755388549529016e-07
1.658075809984893567e-08
3.603591203216183203e-09
4.332011940277880058e-07
6.980848787918603193e-09
4.712626289204990826e-09
1.225284194106279756e-07
2.154321165903638757e-08
3.606721676874258264e-08
2.654447257555148099e-07
5.731736223424377386e-07
9.189131233711123059e-09
4.279717416011408204e-07
2.392132536499502748e-08
1.299132001975067396e-08
5.626542787240396137e-09
1.601038057685855165e-08
3.904010554833803326e-07
6.244968631108349655e-08
3.713693796925099377e-09
4.687346066845066161e-09
2.311125690823701007e-08
3.629889988587819971e-08
4.952364065502479207e-07
1.852408360036861268e-07
3.006861426513296465e-09
5.495155885881786162e-09
1.285876383150252877e-08
2.306083857206431276e-08
2.158763479087610904e-08
5.561341609450209944e-09
4.899281424997070644e-09
1.716074748969731445e-08
3.218762503820471466e-05
2.512736898552248022e-07
5.636140372189402115e-07
7.547363622961711371e-09
6.356187043365935097e-08
1.442147379293601261e-08
6.590568801811969024e-08
4.400426334427720576e-08
1.206551303312153323e-07
2.007026722594673629e-07
1.219539669250480074e-08
9.176188697779252834e-09
7.611086871861516556e-09
2.137478460895181342e-08
1.219985961142810993e-07
3.929528347157429380e-08
1.225974255447681571e-08
7.876441259213606827e-07
2.890567998292681295e-07
1.498898996032949071e-07
1.013118744452867759e-08
1.727840412968362216e-07
1.807543981158232782e-08
5.167198224853564170e-08
2.335100646178034367e-07
4.164561584474313349e-09
1.877687907381186960e-07
2.004293492063879967e-05
2.379313031042329385e-07
1.889274514610406186e-08
1.577531349994387710e-07
7.282982323886244558e-07
8.917792229112819768e-07
8.948196850155909488e-09
1.810193950291250076e-08
2.692332579101730516e-09
4.171827772125880074e-09
4.197930891791656904e-08
3.476498733334665303e-08
2.229695539313070185e-08
4.834038463741308078e-06
1.384981231922211009e-07
9.822022093430859968e-07
3.262424002059560735e-07
5.405897507415602377e-09
3.471285765499487752e-07
3.131932828637218336e-07
4.440150913609386407e-09
3.860269970346053015e-08
1.349993112853553612e-07
3.152428007524576969e-08
2.998539860854521066e-09
5.497328814385582518e-08
3.556832552931155078e-07
6.344898650922914385e-08
2.724088972172467038e-06
6.288921383656997932e-08
3.939672410524508450e-07
6.781536221467376890e-09
1.962718165771093481e-08
3.209171666185284266e-07
2.894120711971481796e-07
2.490583710823557340e-06
7.020416603609191952e-08
1.031437477649888024e-07
3.794482950070232619e-08
4.507417727950269182e-08
7.223942475320654921e-07
1.423840512160268190e-08
8.154655617431671999e-09
7.150322289817268029e-07
1.276588363907649182e-07
1.648876413185007550e-08
2.431212564601992199e-08
1.071481051440059673e-06
1.677530114818637230e-09
2.400972931582145975e-08
2.040694653260288760e-07
1.416585604374631657e-07
4.800288611050973486e-09
2.043667791440384462e-06
2.687839106840783643e-08
3.744555669982219115e-07
1.560011497758750920e-08
3.856619912312453380e-08
7.825804004824021831e-07
2.484435990268707428e-09
4.551416665776741866e-08
1.837258452042078716e-07
1.275763406738406047e-05
9.205766104969370645e-08
1.777000591118849115e-08
8.172834213837631978e-07
1.005889657790248748e-06
1.194397611925523961e-07
1.388577146599345724e-07
5.350197618270158273e-09
4.986633825865283143e-07
1.630066606139735086e-07
4.416048327016142139e-08
1.720400888416406815e-08
8.675934637381033099e-09
3.357693287853180664e-07
2.660967268752756354e-08
1.520633574614294048e-08
4.305817924432631116e-08
2.608270399662160344e-08
1.481269720216005226e-07
2.215130834315459651e-08
1.858154405454115476e-06
1.105330511563806795e-07
3.291744974376342725e-07
1.390498494124869922e-09
2.021042178057541605e-07
5.711336825697799213e-08
3.698665125284605892e-07
5.758770385000389069e-07
1.813693870644783601e-07
4.787926055627167443e-09
7.846280070111788518e-09
2.628613344768382376e-07
5.242494580670609139e-07
2.276984929494574317e-07
4.255639680650347145e-07
6.933988383472922123e-10
8.609895019162649987e-09
3.568720874369546436e-09
7.480203123577666702e-10
4.189867652826251287e-08
2.359352540224790573e-03
5.313569317877409048e-08
2.910391039279147662e-08
1.582082802542572608e-07
1.952740724675550155e-08
6.200197688599473622e-09
1.029015675158007070e-05
6.082232495430162089e-10
8.542428417968039867e-07
1.714371838934525272e-10
8.243328153412221582e-08
1.171576702319043761e-08
5.601451524839262675e-10
1.750603217942625633e-07
1.739010158097187286e-09
9.034101822180673480e-08
1.699793372722524509e-08
5.851678110957436729e-07
1.594139220628676412e-08
2.062489379284215829e-08
6.579808200513070915e-07
1.443342512175149750e-07
4.497338181863597129e-07
4.576232015551795484e-07
7.656178802051272214e-09
5.766205504187382758e-07
6.317941370070911944e-07
4.102258799321134575e-08
5.357539745176609358e-09
2.426358776119741378e-07
8.726840860617812723e-06
9.034152981257648207e-08
1.975767389694738085e-07
2.908715046601173526e-08
1.236263891257749492e-08
1.270261265062799794e-07
3.374649679699359694e-07
6.071540070706760162e-08
5.700196084035269450e-07
1.726360387976910715e-08
1.879860356268636679e-08
4.045258350515723578e-08
1.818721351298790978e-08
2.048903446905114833e-08
1.850094655253542442e-08
4.958266686116985511e-07
3.601092402050198871e-08
2.643900807015597820e-04
1.009201699986306267e-08
4.151150978515261158e-09
5.916156897711744023e-09
6.532611962484224932e-08
1.693205220476556860e-08
1.882787472595737199e-07
9.153830582420141582e-09
9.829471458999705646e-09
1.450090536536663421e-07
3.081710886476685118e-08
1.614779705505497986e-07
4.512897788799818954e-08
1.989492570686479667e-09
1.243225966618410894e-07
6.156853693539687811e-09
7.993868678113358328e-08
1.631355814879498212e-07
9.109803045248554554e-08
1.066105759228719307e-09
6.655499618091198499e-08
6.875793712168842831e-09
7.641093979771085287e-09
7.678729652127458394e-09
9.742116162669844925e-06
4.513713349751924397e-07
2.668698151353510184e-08
7.374139272542379331e-07
6.134012409120259690e-08
2.271649179874657420e-07
2.704182691104506375e-07
6.094442994708515471e-08
7.739870078182775615e-09
1.471389623475261033e-06
1.151254824804937016e-08
4.238130735245704273e-09
1.964272300369884761e-08
1.452505813404059154e-07
6.373653160807180029e-09
8.501334036736807320e-08
2.660166842360922601e-07
5.506857547743493342e-08
3.511840773740004806e-08
1.595835907863829561e-09
1.624161427571380045e-08
2.236262162114144303e-07
3.273665356573474128e-07
1.426113556135533145e-07
5.793805257781059481e-07
1.507896563168742432e-08
1.061484695696890412e-07
2.940688803576563259e-09
4.864326683673425578e-07
2.328802395368256839e-07
4.841094636276466190e-09
2.563527914389851503e-07
7.517877986806809076e-10
2.500394771232095081e-07
1.190535044770513196e-06
2.939131249490856135e-08
1.128235817304812372e-05
1.483610816421787604e-07
3.503622725276045458e-09
8.011009811070834985e-08
1.251598575890966458e-07
4.866730130004270904e-09
1.790298398418599390e-07
2.149305622367592150e-08
6.071517333339215838e-08
3.320387165217653092e-08
1.629355494969786378e-08
1.078889244610081732e-08
8.832825670879174140e-08
8.758342662229523512e-11
6.237183924895361997e-08
2.592803527434739408e-09
1.020011719532476491e-08
1.206755132443504408e-05
1.443338870643628979e-08
4.436589051692862995e-08
2.548836697258138884e-08
4.995053259904125298e-09
1.722498943479422451e-08
8.463778122802523285e-09
1.584077949701168109e-06
6.755748813702666666e-07
9.564999459144019056e-08
4.676628122979309410e-06
2.801646203920427070e-08
9.965560821001417935e-07
3.448234053848864278e-08
5.906934461563650984e-07
2.610922251733427402e-07
8.575396464038931299e-07
2.877795424183204887e-08
8.748371982392200152e-08
5.371394422581943218e-07
7.512525002084657899e-08
6.900309212909405687e-09
2.129328002808961173e-08
7.943074820104811806e-08
4.494480521088917158e-08
1.067573904833807319e-07
4.451991131304566807e-08
9.077316320826867013e-08
4.641078987788205268e-08
5.787128554146647730e-09
3.797239411795771957e-09
1.813718171206346597e-07
4.043636092632141299e-09
6.415072029142265819e-09
3.283479932392197043e-09
3.044917651351397581e-09
2.351181649373756954e-08
4.982875623227300821e-08
1.815607886257453174e-09
1.499513899716475862e-07
4.276863030394650877e-10
6.330268309540088012e-09
5.260666924300494429e-08
2.322628667172921269e-08
2.217020167449845758e-08
1.930269499794690091e-09
4.012872523162513971e-07
7.052569639398598156e-09
3.702245621184374613e-08
1.323966980493196388e-08
1.015318318309255119e-08
5.165557981356982964e-10
5.702965566456441593e-08
8.179349464398910641e-08
4.897227867672881985e-08
4.784057594520163548e-08
1.126515947191819578e-08
2.776964658224301274e-09
1.761976022862654645e-07
4.782504170464108029e-09
1.569391550049203943e-08
9.710240647109458223e-07
3.020446115442609880e-08
8.959280428655347350e-09
2.244421750674518989e-07
4.656416585646638850e-09
1.917654941507862532e-07
2.522570063945295260e-08
1.813106820236498606e-08
1.334302055511216167e-07
2.222279533725668443e-07
