3.321842001469121897e-08
3.382239555094201933e-08
1.163228180445230464e-08
4.752248372597023263e-09
2.143024602219156804e-08
1.119147885475513249e-08
3.303100459817187584e-09
6.029313226463273168e-07
2.979712121486954857e-07
2.087927555294299964e-07
6.646526173881284194e-08
5.343672455637715757e-07
1.511915144192244043e-07
4.679555232200982573e-08
1.506635527448452194e-07
1.411643353321778704e-07
6.744397751390351914e-08
9.913215848200707114e-08
2.495495152743387735e-07
2.476557803277046332e-08
4.599516145731286088e-08
4.062631546730699483e-07
1.635893568163737655e-06
6.164528940644231625e-07
9.252456152353261132e-07
2.766972784229437821e-07
1.827741300530760782e-07
2.372941452222221415e-07
3.085272837211050501e-08
1.061493470899677050e-08
3.327345865500319633e-08
7.021094461379107088e-08
4.805526998552522855e-08
8.723001876376201835e-09
5.035118988416797947e-09
3.812209214970607718e-08
8.256075290091757779e-08
1.448779016754997429e-07
8.098496095954033080e-08
3.605912581861048238e-07
4.737081269468035316e-07
2.195649351222073165e-08
7.556324703728023451e-07
2.070043905177954002e-07
7.426653070297106751e-08
1.211747644447314087e-07
3.309104101845150581e-07
1.260209216980001656e-07
5.222829031481523998e-07
7.199696483439765871e-08
1.492655599122372223e-07
4.459730362782465818e-08
8.749400137730845017e-08
7.973481075396193773e-08
6.593254653353142203e-08
6.832819821056546061e-08
6.932535967507647001e-08
9.633684072696269141e-09
9.041981030577517231e-08
1.246467320470401319e-07
7.570552185143242241e-08
1.422992568222980481e-06
2.086950132706988370e-07
3.752922168587247143e-07
1.310344117655404261e-07
8.574445331532842829e-08
1.787827308419309702e-08
1.843937837975317962e-07
8.165793374814711569e-09
8.334826162581521203e-09
3.150165639453916810e-08
4.144812848494439095e-08
4.182232160587773251e-08
6.205218028298986610e-08
1.871500785455282312e-07
3.937235426576535247e-09
3.934625070201036579e-08
4.186054525234794710e-08
1.548169166198931634e-07
7.464609552698675543e-07
1.675155090197222307e-07
4.354202687295583019e-08
4.518650200679985574e-07
1.452234528187545948e-07
1.136330354256642750e-07
6.425501055673521478e-07
5.024868414693628438e-07
4.893489347068680217e-08
3.371112029526557308e-07
2.093683946213786840e-07
1.212818148133010254e-07
3.524034752899751766e-07
1.515563070597636397e-07
1.185326752306536946e-07
3.663043344204197638e-07
1.456846199232586514e-08
4.038987455601272814e-08
1.166207425740140025e-06
5.238572242660666234e-09
1.876164105851785280e-06
2.357800781283003744e-07
6.101036342442966998e-05
7.789473954744607909e-08
5.383166978845110862e-08
3.027521984222403262e-07
4.863592195647470362e-08
2.723268188731253758e-08
1.615629408036056702e-08
9.902117348303818289e-09
1.157416473773764665e-08
3.315884811172509217e-08
5.697987504049706331e-08
1.060141414654935943e-07
5.453813400890794583e-07
3.909976271643245127e-07
2.527041687017117511e-08
1.997869247816197458e-08
4.061690095369385745e-09
5.292142901680563227e-08
1.458867604497982029e-08
3.514208257726636475e-09
1.122411816822932451e-07
7.728357509506622591e-09
2.744852167779754382e-08
1.302042846873519011e-07
4.908520878643685137e-08
2.368162199672951829e-07
2.827572416208568029e-07
2.532548819544899743e-07
3.279237432707304833e-07
4.112620288765356236e-08
2.131735215016306029e-07
1.157165598897336167e-07
8.192626523850776721e-07
1.563822138450632337e-06
7.868403031352499966e-07
4.823358494832064025e-07
7.051632877619340434e-08
8.098650994270428782e-08
3.168756279592344072e-08
1.467925869746977696e-07
2.020878753228316782e-07
2.471998072905989829e-07
8.025333642081022845e-08
4.369260864223178942e-08
5.440351102947715844e-08
9.758892360878235195e-08
1.817315542496089620e-08
1.772882640693751455e-08
6.233867111404833850e-08
3.630262597198452568e-07
2.273446426670489018e-07
5.383644463563541649e-08
3.825633854148691171e-08
1.109132607979290697e-08
1.289803890358598437e-07
2.732286077389289858e-07
4.228795802418972016e-08
1.518063527328195050e-06
4.688398838043212891e-01
1.185870205517858267e-04
7.863171049393713474e-04
8.827232522889971733e-05
2.176988683640956879e-02
8.471739129163324833e-04
5.801768857054412365e-04
4.257813096046447754e-03
2.336985059082508087e-02
9.986814111471176147e-02
3.498285514069721103e-05
1.274410285986959934e-03
8.477340088575147092e-06
3.704091941472142935e-04
2.074853837257251143e-04
5.001709268981358036e-07
5.836233613081276417e-04
9.061781456694006920e-04
5.429047741927206516e-04
6.327578797936439514e-03
1.710171636659651995e-05
9.239045903086662292e-05
5.751735079684294760e-05
2.614904951769858599e-05
4.377749064587987959e-06
7.526156026870012283e-03
7.221374835353344679e-05
3.177347480232128873e-06
1.158612576546147466e-06
1.533026807010173798e-04
1.102581518352963030e-04
1.358637928206007928e-05
6.765002384781837463e-03
1.883586378426116426e-06
1.854648508015088737e-05
2.018687837335164659e-06
1.354753749183146283e-07
5.051956577517557889e-06
3.347105230204761028e-04
1.311545565840788186e-05
4.367311703390441835e-06
1.978000182134564966e-05
1.404492081746866461e-06
1.925327233038842678e-04
3.230054232972179307e-07
2.093863713525934145e-07
2.734624780714511871e-03
3.581046825274825096e-03
8.512686938047409058e-02
2.317352592945098877e-02
4.724361374974250793e-02
3.325958270579576492e-03
1.661835312843322754e-01
1.241176971234381199e-03
3.165613859891891479e-03
1.417742925696074963e-03
1.336507557425647974e-04
4.880647757090628147e-04
4.541021098702913150e-06
2.406065905233845115e-04
1.683890004642307758e-04
4.932768642902374268e-04
3.607405960792675614e-05
3.866543993353843689e-04
1.334824162313452689e-07
9.786927876120898873e-06
9.418242552783340216e-05
1.592106127645820379e-05
3.391417703824117780e-05
2.257593450849526562e-06
1.140256972576025873e-05
1.074178817361826077e-05
8.818708738544955850e-05
1.349653575744014233e-05
7.261100563482614234e-06
1.100929803214967251e-04
5.410979792941361666e-05
1.740097533911466599e-03
5.606747208730666898e-07
4.285518662072718143e-04
1.171455915027763695e-05
3.674707259051501751e-04
7.559431105619296432e-05
2.664006206032354385e-05
2.781820367090404034e-04
3.629456114140339196e-05
4.330465941393413232e-08
7.559021003544330597e-03
1.077968590834643692e-05
2.378910949119017459e-06
1.043570705405727495e-06
3.272561457379197236e-07
8.477619121549651027e-05
2.315802589691884350e-07
2.816742380673531443e-05
2.888512824483768782e-07
1.021587158902548254e-04
1.956324740604031831e-05
1.599674760655034333e-05
3.189268937831002404e-08
6.311483957688324153e-08
1.862981093836424407e-06
4.006203013773301791e-08
1.288115527131594718e-06
1.334187231805117335e-06
5.216032604948850349e-06
1.266923050025070552e-06
1.687975327513413504e-06
6.993832066655158997e-04
1.794738273019902408e-05
5.722045898437500000e-06
2.017463884840253741e-06
4.566090865409933031e-06
3.001399090862832963e-05
1.356937136733904481e-04
3.655512773548252881e-05
8.486383194394875318e-06
3.934668711735866964e-05
1.171525696008757222e-06
6.017749569764418993e-07
2.562150847040811641e-08
1.696929388117496273e-07
1.087983036995865405e-08
2.781086436698387843e-07
3.898391054413252732e-10
4.980588830250098908e-09
4.225963134985022407e-09
8.037124530346773099e-07
1.161642444458266255e-07
3.353428041918959934e-07
5.233777855551124958e-09
3.541969704201619606e-07
3.032521271961741149e-05
1.948271119545097463e-06
2.284820948261767626e-05
5.709503311663866043e-04
3.467010174063034356e-06
3.865885901177534834e-06
8.233229777943051886e-07
8.815832188702188432e-07
1.715814960334682837e-06
3.700018780250502459e-08
1.019821297632006463e-06
1.269659577474158141e-07
4.503713171288836747e-07
2.869585387088591233e-06
7.781877542356596678e-08
2.819480755533732008e-07
7.246849691000534222e-06
1.486378522486120346e-07
6.154219818199635483e-07
1.176119894807925448e-06
2.036716296061058529e-06
7.548617872998875100e-07
3.317839869509953132e-08
1.690971345169600681e-07
9.280623913809904479e-08
1.053196214684248844e-07
1.196811126646935008e-06
8.837933052063817740e-08
1.486184260102163535e-07
1.089968648670947005e-08
4.641084672130091349e-08
8.573971399528090842e-08
7.155095005373368622e-08
2.159305445559311920e-08
3.778870336645923089e-07
3.662992753561411519e-08
1.250034955546652782e-07
6.940721775094971235e-09
5.469761976684139881e-09
5.353095389182271902e-08
6.206854550327989273e-07
1.643345015622799110e-09
3.428247241643589405e-09
6.779180949934016098e-08
6.723564638377865776e-08
1.025720393954543397e-06
4.680544520851981360e-07
3.214791632899505203e-08
3.976895641244482249e-06
3.696680437315080781e-07
3.757834520001779310e-06
7.880673251747793984e-07
7.061832434374082368e-07
3.672270167953683995e-07
3.709019438247196376e-05
2.422112447675317526e-05
1.530343979538884014e-05
4.557175270747393370e-05
6.984770152484998107e-06
9.112934094446245581e-06
5.770671123173087835e-06
5.217107172938995063e-06
1.257146550415200181e-06
9.680137509349151514e-07
4.163934761436394183e-07
1.318349802659213310e-07
1.984656847753285547e-07
9.227518305010562472e-09
7.326307116528596453e-09
4.061182607983937487e-07
3.628542355471608971e-09
4.036014544794852554e-08
3.207425152140785940e-07
1.596480991850057762e-08
1.833359277725321590e-07
1.940794902566267410e-07
8.239754123451348278e-08
1.210665345752204303e-07
8.412787622091855155e-08
2.647584729231766687e-08
4.719031494460068643e-07
2.081751063087722287e-06
1.803801552568984334e-07
2.178137776809307979e-07
6.673986696625888726e-09
2.288797531946329400e-06
3.442822560373315355e-08
1.002672220806744008e-07
1.099265176662811427e-07
2.702054935355135967e-08
1.360713781650702003e-07
4.574188494643749436e-08
1.024147611161652094e-08
1.068850075114369247e-08
1.334708395006600767e-05
9.688560385257005692e-05
1.003007881195117079e-07
6.091806881158845499e-08
3.607593157539668027e-08
3.578119134317603312e-08
3.299009776469574717e-08
3.014561755776412610e-08
4.169136147424978844e-09
7.107488642077441909e-08
3.107243458089214982e-07
6.822150400154214367e-09
1.928649595583920018e-08
2.599373694067708129e-08
7.214938477773102932e-07
6.140381003660877468e-08
3.236961845232144697e-07
2.953809712380461860e-07
3.174707385866781806e-09
8.813562324405666004e-09
4.146006560290516063e-08
1.114030823146094917e-07
2.805784617976314621e-07
1.939613447632382304e-08
2.959829089377308264e-06
9.821790172281907871e-07
8.066511441029433627e-07
1.768515744515752885e-06
2.412625690340064466e-07
1.119368420177124790e-07
1.137685146090916533e-08
5.126570385982631706e-07
7.869761020629084669e-07
8.346482616161665646e-08
3.155662042786389065e-08
2.837237218500376912e-07
4.251574409863678738e-06
2.329895778530044481e-07
1.652042058708502736e-08
1.660280268822589278e-08
5.896233687963103876e-06
2.387329004704952240e-06
1.237648666574386880e-05
2.216000939370132983e-05
7.215984396680141799e-07
2.286887337277221377e-07
3.948058591163317033e-08
5.639732876261405181e-07
4.910064035357208923e-07
2.093380862788762897e-05
2.507228145987028256e-06
1.719733511151844141e-08
3.154781893499603029e-07
4.644236994977291033e-08
2.428068590631937695e-08
4.118093386296095559e-07
7.563646420294389827e-08
2.763822415374761476e-08
3.089894562435802072e-07
7.570253046651487239e-07
1.006819843496487010e-06
1.037301160522474675e-07
1.672215603321092203e-06
6.312176537903724238e-06
2.394755938439629972e-06
1.088254393266652187e-07
8.509268667467040359e-08
2.387298252415348543e-07
3.321435926295634999e-08
1.536340121788271063e-08
1.350926304155564139e-08
2.978141253606736427e-07
9.199279134008975234e-07
1.133488112259328773e-07
5.904026068037637742e-08
1.732312739477492869e-06
6.390008522316747985e-09
6.139950983197195455e-07
1.517687906016362831e-05
1.095105339743440709e-08
1.018043462863715831e-07
5.568629557473059322e-09
5.636103423967142589e-07
1.962011992873158306e-07
5.130915781137446174e-08
2.987014369182361406e-08
6.171387099129788112e-07
4.506269397097639740e-05
1.744261801661650679e-08
1.501725250818708446e-07
7.751417570034391247e-07
2.648953589812208520e-08
5.183647289186410489e-09
1.623436389763810439e-07
6.149904407948270091e-08
6.171172373115041410e-08
2.282568942746365792e-07
3.212825561149657005e-07
8.006088592082960531e-07
1.094873525175898976e-08
2.374361685042458703e-08
2.327453074713048409e-07
4.549359005068254191e-07
5.620049705612473190e-07
3.966502390539972112e-06
5.486153042966179783e-08
1.126851543631346431e-06
2.721108316450226994e-08
8.195404888056145865e-08
3.269911076131393202e-06
4.270840392450736545e-08
9.743046547328049201e-08
4.635487016457773279e-07
1.843893038255828287e-08
2.495723663287208183e-07
1.120190731285219954e-07
3.799391947723051999e-07
2.259950178995495662e-06
2.914871899406534794e-08
7.054475190670927987e-07
4.050569089031341719e-07
9.978111137343148584e-08
2.465264685724832816e-07
6.004921715430100448e-08
1.116338594897570147e-07
2.136714627454239235e-08
3.183489383218329749e-08
2.869589650345005793e-07
3.153058401039743330e-07
2.626207333378260955e-06
8.884302587830461562e-06
4.690492971803905675e-08
1.449235043082808261e-07
5.257917337075923570e-07
3.307645101813250221e-06
1.363726482850324828e-07
8.339092261167024844e-08
8.940552106651011854e-06
2.843390120688127354e-06
5.724174201304776943e-08
1.481512867940182332e-07
3.962702521675964817e-08
1.620066925056562468e-08
2.371646360188606195e-06
1.382989722742422600e-07
7.198649427664349787e-07
1.865206741058500484e-06
3.557832428668916691e-08
2.915355601373903482e-08
3.822561325250717346e-07
1.413756578472202818e-08
1.260414848047730629e-07
2.853469595720525831e-05
1.439099719391379040e-07
3.102134542132262141e-06
1.631394219714366045e-08
1.163092377964858315e-07
7.780430166803853353e-08
6.549433919644798152e-07
1.232966866382412263e-07
3.590000119402247947e-08
3.424485228720186569e-08
2.820329036978819204e-08
4.019804578092589509e-08
4.152227006670727860e-08
1.551564920987402729e-08
9.217680485562596004e-08
1.390479064866667613e-05
2.110821526457584696e-07
2.435164603298289876e-08
8.057889289148079115e-08
8.116558092297054827e-08
2.161691270430310396e-08
3.170370746374828741e-06
1.752001566046601511e-07
9.987459748117544223e-08
2.293546685905312188e-07
3.222634632038534619e-06
3.453661534535967803e-08
5.268834257776688901e-09
5.271659802019712515e-07
2.719376936966000358e-07
2.773990388504898874e-07
4.234067603192670504e-07
6.973395016984795802e-08
7.234913255160790868e-07
8.982677172753028572e-06
4.385282537100465561e-08
3.423518180056817073e-08
4.678241793953930028e-07
3.401536616820521886e-07
1.386111136980616720e-07
4.873944590144674294e-07
3.968863438785774633e-06
1.398971818389327382e-07
8.005393397070292849e-07
3.322044506148813525e-08
9.743687456875704811e-08
8.763157310909264197e-09
1.032623142549482509e-08
6.291006684477906674e-07
3.304703000139852520e-08
1.307276647821709048e-06
3.403976904792216374e-07
1.070328744390280917e-05
1.929819681834032963e-08
4.827541602026030887e-07
5.959426729873484874e-09
3.442548575094406260e-07
3.289909784598421538e-07
8.236049211518547963e-07
6.155238224891945720e-06
5.046312523404594685e-08
5.289030013955198228e-08
1.357586825179168954e-06
3.851531573673128150e-07
3.313670617899333593e-07
2.539182446525956038e-07
6.181872436172852758e-07
7.655599887357311673e-08
3.902257788013230311e-07
2.254399618095703772e-07
6.745272429498072597e-08
1.469955606125949998e-07
7.726707167421409395e-07
2.036493015111773275e-06
1.107274201217478549e-07
4.667102970756786817e-08
3.737902432021655841e-09
1.414833405988247250e-07
1.719676987477214425e-07
1.168012175867261249e-07
3.533835126745543675e-07
1.941294698326601065e-07
3.003282813551777508e-07
3.568175799273376470e-08
7.363582426478387788e-06
5.660753572556131985e-07
7.308316174459150716e-09
3.879613785784385982e-08
4.719019841559202177e-08
3.274523407981178025e-08
9.824347557696455624e-09
1.406846106277725994e-08
3.068032228270567430e-08
8.852610733356414130e-08
8.464671452657057671e-08
1.840550538645402412e-07
3.515262392284057569e-08
1.803947782264003763e-07
2.376482122201650782e-08
6.180820122381192050e-08
3.059503342228708789e-06
7.311168133128376212e-07
5.266413722893048543e-07
2.430093282157486101e-08
6.230595772649394348e-07
6.313283762438004487e-08
1.839976704332002555e-07
3.584410279700023239e-08
3.826699312980963441e-08
4.510555982051300816e-07
1.408209158171302988e-07
7.483066610802779905e-08
8.134094287015614100e-08
1.840731442825926933e-07
5.479996616486459970e-07
1.449969175837395596e-07
9.210093594447243959e-07
1.318564954999601468e-07
8.256275805251789279e-07
2.774248208936569426e-08
8.504712489809662657e-09
2.609641924777861277e-08
3.880553478552428714e-08
3.457909542703418992e-06
9.270204515132718370e-08
1.082029044141563645e-08
2.934903875484451419e-07
1.457944875937755569e-07
2.040834488070686348e-06
6.864058121891503106e-08
8.800279260867682751e-08
3.421331840058883245e-08
7.157398673740544837e-09
3.280163412000547396e-07
1.357633436782634817e-06
1.524087025472908863e-07
1.112932235258767832e-08
4.742453185713202402e-08
4.304887113448785385e-08
1.918304769787937403e-05
3.110632178504602052e-07
1.580336999040810042e-07
2.499511886355776369e-08
1.292276294861949282e-07
1.102096192084900395e-07
3.208359800055404776e-08
6.081262426960165612e-07
1.145657279266742989e-06
2.335629822880491702e-08
6.063859192551035449e-09
1.303004815156327822e-08
2.353768735474659479e-08
4.030850391245621722e-07
4.744412308355094865e-06
1.206160504807485268e-07
4.685539423121554137e-08
6.827150355093181133e-05
2.894279838017155271e-08
9.757316092873224989e-07
4.929920578433666378e-07
1.188995497614087071e-06
9.215023055730853230e-07
3.783881084018503316e-06
2.760674760793335736e-06
1.970175702581400401e-07
1.125455924011475872e-07
1.468632376599998679e-06
3.635705638771469239e-07
6.140261348264175467e-07
7.761421016994063393e-08
2.447002771077677608e-06
4.863840672442165669e-07
2.213000804829334811e-08
1.588207112490636064e-07
7.961247661114612129e-08
8.112004401539252285e-09
1.236076663246876706e-08
3.358159617050660017e-08
1.212559652685740730e-08
2.396326635789591819e-05
5.239666620582283940e-07
4.289267394597118255e-07
7.232785037558642216e-08
1.695365803300319385e-08
6.590561838493158575e-07
6.339033120639214758e-08
2.040318314300293423e-08
1.023971751834551469e-08
4.065414032083936036e-07
7.253019962405460319e-09
1.936426130555446434e-09
5.147612114342337009e-07
2.119128517108492815e-08
1.221716843247122597e-06
1.068914457391656470e-06
1.057199341403247672e-07
6.708445994263456669e-07
6.238208527520328062e-08
1.026224367706163321e-06
3.469520848398133239e-08
1.137883316459920024e-07
9.731498948895023204e-07
1.294864375722681871e-07
1.295348539542828803e-07
2.413855604288528411e-08
2.454376257787771465e-08
1.238100821865373291e-07
1.094190871242517460e-08
2.058137482663369155e-08
1.422668844952568179e-07
1.380357019797884277e-07
5.224694632488535717e-08
1.365714386025729254e-08
2.505975544409011491e-06
1.985488751188313472e-08
2.901233074226183817e-06
2.129252436589013087e-07
2.094113398243280244e-07
5.477960840494233707e-08
1.648417537580826320e-06
2.242634764115791768e-06
5.065911636847886257e-07
9.886760210520151304e-08
7.632516485500673298e-07
1.740988722076508566e-07
3.281551030909213296e-08
1.586712983225879725e-07
7.503708161493705120e-07
4.960812134413572494e-07
8.760704872656788211e-08
3.062583076030023221e-08
3.727317789525841363e-06
1.239417315446189605e-06
3.517401836461431230e-08
1.384406971283169696e-07
1.038022023891471690e-08
1.408895542454047245e-07
4.381077545190237288e-08
6.200016287039034069e-07
5.995592005092476029e-07
1.028450213880205411e-08
9.642259328757063486e-07
7.865151019359473139e-06
3.064756981530081248e-08
1.745146107623440912e-07
2.791130384593998315e-07
9.616321250405235332e-08
1.498093382679144270e-07
1.907448563542857300e-07
4.524933387983764987e-07
2.863567090116703184e-07
6.970279464724171703e-09
1.441349581909889821e-07
7.410514513139787596e-08
2.887788355110387783e-07
9.173867510980926454e-06
5.731898909289157018e-06
1.270311827283876482e-06
2.577398277026077267e-07
3.131528458766297263e-08
5.473869464367453475e-07
7.015940894916639081e-08
2.666139835127978586e-06
2.216113870190383750e-08
3.186496400076066493e-08
7.541163995483657345e-07
2.074722971201481414e-08
2.239566470052523073e-07
3.934194101020693779e-04
2.426014873435633490e-07
1.765846135981519183e-08
3.154281330353114754e-06
1.741492638984709629e-08
3.776816637213187278e-09
1.392619083162571769e-06
4.102443540432432201e-08
1.579158038111927453e-06
7.842682947512003011e-09
4.024900306376366643e-07
1.141774141899531969e-08
4.675085563121683663e-08
3.788891262956894934e-07
2.501840867807914037e-07
2.921551178758363676e-08
3.819720717501695617e-08
8.774384241405641660e-08
4.944585185739924782e-08
2.111314785224749357e-07
6.841766662546433508e-06
4.604826742138357076e-08
4.677465312852291390e-07
1.383347921546373982e-06
1.262494748743847595e-07
4.804894615517696366e-08
1.812189935890273773e-07
2.741440674469686201e-08
2.882050509356304246e-08
6.820278031227644533e-07
2.479351124407003226e-08
3.341249623645126121e-07
8.063781251621549018e-07
1.991402598378044786e-07
5.000323355375257961e-08
1.317127725997124799e-06
2.449784801683563273e-07
6.721131740050623193e-07
2.559895619924645871e-07
1.322508637713326607e-06
2.213428302866304875e-07
5.530729936253919732e-07
7.649137323539889621e-09
1.769449369248832227e-07
3.469917686516055255e-08
1.660202656239562202e-06
6.042039899512019474e-07
1.955422048922628164e-04
4.359945293685996148e-08
1.309956729755867855e-07
6.886607195610849885e-08
1.784181336006440688e-07
9.026523883903792012e-08
3.183853891641774680e-08
1.174077439713983040e-07
2.175224267375597265e-08
9.303669799010094721e-07
6.570924142579315230e-07
5.218244041316211224e-07
5.221526322429781430e-08
1.430663587598246522e-07
3.459258778093499132e-06
7.311164296197603107e-08
4.440321106358169345e-07
1.249725642082921695e-06
2.044323309746687301e-06
1.177961816978267962e-08
1.399343432240129914e-06
2.393935005784442183e-07
2.287651668098078517e-08
4.788536500655027339e-08
1.818912551243556663e-06
6.619167436383577297e-08
3.690846961390548131e-09
1.307991283283627126e-06
2.097010337820393033e-06
1.106340050682774745e-07
3.047409791179234162e-06
5.587823466157715302e-07
6.886804726491391193e-08
3.333690585805015871e-07
2.891166559493285604e-07
1.765377248830191093e-07
2.725660124269779772e-07
2.510404328859294765e-07
3.221683471110736718e-07
2.193798920302469924e-08
1.121391619562928099e-06
2.071974414263877406e-08
1.622496768050041283e-07
1.130553251016408467e-08
2.627481023864675080e-07
3.951264261559117585e-06
2.470017534506041557e-06
1.939138428497244604e-06
6.247778969736828003e-07
2.419506905937396368e-08
1.677777731856622268e-06
1.302602896657845122e-07
7.593897635160828941e-07
8.212781921201894875e-08
7.768827003928890917e-08
2.631071822634112323e-07
1.958871997942424059e-08
1.460600174141291063e-07
1.810845105865155347e-06
1.974703423002210911e-07
1.319845705438638106e-05
5.463414964879120816e-08
3.192212716385256499e-09
3.308100815502257319e-07
4.236493623466230929e-06
5.591760654510835593e-08
9.204337203527757083e-08
1.973929641962968162e-07
1.053671425665925199e-07
2.954756723738682922e-07
4.494845740055097849e-08
6.975410826726147207e-08
1.211578961601844640e-07
4.426474298213634029e-09
1.115373926552365447e-08
3.601115405871269104e-09
6.232514060400262679e-09
2.673062226676847786e-06
9.937087241951303440e-08
3.921571760656661354e-07
5.746726472466434643e-08
5.881218623216000196e-09
3.483219401800852211e-08
4.476758164173588739e-08
3.001690913606580580e-07
2.877005954360356554e-06
1.771235673686533119e-07
1.288164099833011278e-07
5.238684508412916330e-08
4.762656047319069330e-09
9.212890716980837169e-08
6.192478707589543774e-08
1.261515052419781568e-07
1.818751194093692902e-08
6.893368720284342999e-08
8.192884024538216181e-07
2.715204630021617049e-07
3.259891201423670282e-08
1.134406204528204398e-07
8.842051784085924737e-07
3.421181560270269983e-08
3.205118304094867199e-08
2.338741523999487981e-06
1.020001263896119781e-06
6.804922492165133008e-08
3.312086249707135721e-08
3.811341002801782452e-06
2.204784124160141801e-07
1.668448312841519510e-08
4.108699869220799883e-08
8.659064576477248920e-09
5.847687489790587279e-08
4.037893575059570139e-08
1.178586188643748756e-07
3.555520606823847629e-07
1.603732435739857465e-08
3.726043473761819769e-07
1.223835610630885640e-08
2.018245908175231307e-07
2.491386226211034227e-07
1.365045250167895574e-06
4.185425837022194173e-07
6.416312459123219014e-08
6.440925062634050846e-05
7.526539036462054355e-08
8.525688599547720514e-07
6.115611199675186072e-07
3.632808045495039551e-07
1.624017720303072565e-08
4.406587450489496405e-08
2.149351530533749610e-06
6.067084257210808573e-08
4.309650466893799603e-05
1.018224011772872473e-07
1.174310909846099094e-06
3.431994855418452062e-06
8.329768519388380810e-08
1.081289610738167539e-06
2.746676273090997711e-07
1.134147282755293418e-06
3.592603192714705074e-08
5.043058308729087003e-07
2.251018145216221455e-07
6.592158001694770064e-07
4.523660663835471496e-07
5.283247617171582533e-08
4.078282017871970311e-06
9.533910997561179101e-06
