3.931464043205323833e-09
7.761652653925921186e-09
4.410293286127853207e-07
4.262295050239117700e-08
1.209929791912145447e-07
1.485632616926579885e-09
1.758760248549151584e-08
3.083413346871566318e-08
3.727224751060020935e-08
8.859320388410196756e-09
2.161108625386987114e-09
2.640448393265160121e-08
1.263315230204398176e-08
4.957928823046131583e-08
5.749722920000976956e-10
2.527903220084226632e-09
1.549052086602387135e-07
9.900001707308092591e-09
1.631649837463555741e-07
1.510930331960480544e-07
1.260323667651164214e-08
3.598699294116158853e-08
1.980124864076060476e-07
5.185204372537555173e-07
2.238247816421790048e-06
1.322014608895472065e-09
6.509476846439099518e-10
3.317260077739803137e-10
9.539497192179169360e-09
1.143655037338930924e-08
2.701373125191253166e-09
4.549388421537514660e-09
1.527098336673304857e-09
5.819791226713277865e-08
8.794120276434114203e-08
2.541638455255679219e-09
5.344963582842865435e-08
3.441100293599674842e-09
4.897081407051473434e-09
5.492418608810112346e-08
4.042884249599865143e-09
1.881364175559951946e-09
7.969357951331801360e-10
1.738630461822765483e-09
9.568685843674984426e-10
5.462734264938262640e-09
2.903932427855693277e-09
5.628931543100179624e-09
2.833202339402873804e-09
1.192742571376470551e-09
2.749803584833898640e-08
3.651870361665032760e-09
5.481918918803785346e-09
1.236548108352053532e-08
1.383566505808175862e-08
7.634152865421128809e-09
2.354151149575045565e-07
5.177569928349612383e-09
8.770245862876890897e-09
4.506182538221992218e-09
2.728616550484730396e-07
9.535827416584652383e-08
2.384077468775558373e-08
4.676884213239418386e-09
8.495550929410455865e-09
1.037091834632519749e-08
6.152880427379159300e-09
6.067389790587185416e-08
3.224024824888260810e-09
3.938113390944408820e-09
1.164177532153587435e-09
6.449245137929437988e-09
1.913813036935607670e-07
1.191888010509956075e-08
3.822547967047285056e-08
6.628922744056353622e-09
3.455716779399153893e-08
2.857685821311406471e-08
1.270125671304356274e-09
2.620443861900412230e-09
4.356601301935825177e-09
2.018899181166489143e-08
6.246199113491002208e-09
1.502735536007548944e-08
7.790229572535167790e-10
5.697350502487097401e-08
4.613254667162891565e-09
1.181749248644337058e-04
1.821296251591775217e-07
3.873592504533007741e-07
6.676516761672246503e-08
4.159665112357657790e-10
2.366410678522612443e-10
2.415287703172452893e-08
3.079988175613834755e-07
4.463625469242060717e-09
2.674883603503985796e-07
4.502960671004530013e-09
8.596907186131375056e-09
2.043714530941542762e-08
2.457204928418832424e-08
4.883978022007795516e-08
9.382523202816628327e-09
4.604990611056791749e-09
4.483181381687018074e-09
8.207002366589222220e-08
1.386237169498372168e-08
1.694234086357937485e-08
1.487180600889814741e-09
1.446815223182795762e-09
1.643090996594764874e-09
4.221056393305389065e-09
3.650967173030039703e-08
1.032892971153387407e-08
2.617072336619230555e-09
1.149151551693705642e-09
1.312041919554474134e-09
3.582343532926302032e-09
5.414098680489587423e-08
6.472499425314026666e-09
2.615044847331660094e-10
4.355539573452915647e-08
5.014582171725123771e-08
1.359118950716720065e-08
3.470175258257768292e-08
1.211976830006733508e-08
2.184432190688312403e-09
2.263471898800162307e-08
2.016501632340350625e-08
1.000094513869953516e-07
5.028343075252905692e-09
7.447286343165160361e-09
2.057886128170594020e-08
1.170179397824711032e-09
1.942576091096270829e-07
7.437715443536774274e-10
9.211198026548572670e-09
1.230204134117229842e-07
2.882620364630383847e-09
1.186869411640145699e-07
4.071097805535828229e-07
8.750997260165149783e-09
1.968338603219876859e-09
6.892236825706277159e-08
1.673716454320128832e-08
8.093167025435832329e-08
6.141074209153885022e-07
1.241953384578664554e-07
2.038354018907284626e-08
1.968478535729900614e-08
7.492248244034271920e-08
5.455277005239622667e-06
1.208926460094517097e-05
2.274986218253616244e-05
1.457121015846496448e-06
8.185613114619627595e-05
3.492178075248375535e-05
2.497247260180301964e-05
2.655328717082738876e-05
1.556436131977534387e-06
7.330639346037060022e-05
9.460916044190526009e-04
4.394649658934213221e-05
1.789571433619130403e-05
3.191196359694004059e-03
6.574373855983139947e-06
5.246034124866127968e-04
2.503758587408810854e-04
2.984864067911985330e-06
2.363687599427066743e-05
2.715345472097396851e-04
3.856865077978000045e-05
1.220273989019915462e-04
8.921157132135704160e-06
4.796978373633464798e-06
1.406186675012577325e-05
6.961464532651007175e-05
9.131623664870858192e-05
3.555773291736841202e-04
3.170660638716071844e-04
2.351506147533655167e-03
2.912719537562225014e-05
4.696956239058636129e-06
5.720146418752847239e-06
7.456199091393500566e-05
1.157553356279095169e-06
3.777752795031119604e-07
7.974031177582219243e-07
2.098603545164223760e-05
4.289516368771728594e-07
3.824475061264820397e-05
5.844656811859749723e-07
7.014106813585385680e-06
1.154803976533003151e-05
1.965832780115306377e-05
3.353511216118931770e-03
5.819894431624561548e-05
1.092493330361321568e-04
7.133262261049821973e-05
3.293587042207946070e-06
3.861667937599122524e-04
7.997907118806324434e-07
1.079086068784818053e-04
7.026254752418026328e-05
4.002021159976720810e-04
8.942943532019853592e-05
5.656945631926646456e-06
1.890688690764363855e-05
1.685480237938463688e-04
2.434629459457937628e-05
2.796912332996726036e-03
1.263784156435576733e-06
5.813255310058593750e-01
2.326735921087674797e-05
9.949968807632103562e-05
9.808100294321775436e-04
2.916463883593678474e-03
1.498710662126541138e-01
8.574587991461157799e-05
7.634372450411319733e-03
3.184620290994644165e-04
2.684391574803157710e-06
3.636074834503233433e-04
1.057482108990370762e-06
5.081379299554100726e-07
1.242562916559108999e-06
2.525950094423023984e-06
2.255461731692776084e-05
9.760166904015932232e-06
1.324592973105609417e-03
8.058003004407510161e-06
1.135451166192069650e-04
1.224787789396941662e-03
4.327067472331691533e-06
2.541714093240443617e-05
1.414623511664103717e-06
1.543138205306604505e-05
1.142263158726564143e-06
1.033516786992549896e-02
8.589922217652201653e-04
5.661954637616872787e-04
1.616912661120295525e-03
1.396824792027473450e-02
1.753254036884754896e-04
3.131547782686538994e-05
3.262340032961219549e-05
1.796389073133468628e-01
1.193067524582147598e-02
1.022856667987070978e-05
1.046170837071258575e-05
1.076273474609479308e-05
6.774957291781902313e-03
1.783387688192306086e-06
9.596257768862415105e-06
1.624747892492450774e-05
2.494476575520820916e-05
3.746413858607411385e-04
5.419893190264701843e-03
1.008424987958278507e-05
1.483734024532168405e-07
1.394522541886544786e-07
8.265539577223535161e-07
1.954248887159337755e-07
3.920965525594510837e-07
3.116107109235599637e-05
1.308902665186906233e-05
2.008330920943990350e-05
2.419529919279739261e-04
8.264960342785343528e-06
1.621488081582356244e-07
8.883372970558411907e-07
3.408751503286566731e-09
2.058164838558695919e-08
2.870750904548913240e-06
8.518087568631926842e-09
4.466857319584960351e-07
1.598550483095095842e-07
3.458469621797632954e-10
8.578475707565758057e-10
6.429842613897562842e-08
4.908206063802822428e-10
1.694285778341964033e-08
8.824776642768483725e-08
4.443182177737980965e-08
1.194770078427609405e-07
1.007092862437275471e-07
6.170673749750221759e-09
3.265179771005932707e-08
9.783132526308691013e-09
8.971169762617137167e-08
6.410528108347079979e-09
2.108378582832415304e-09
1.508194280575025914e-08
9.750290352883439482e-09
4.566148792406465873e-09
3.017552074879858992e-08
3.855430179555696668e-07
3.304399953663050837e-08
1.110643466084582087e-09
1.286888551277343140e-08
3.451537111676117320e-10
6.769640403803123263e-09
3.090488975843186381e-09
8.895334246972197434e-09
2.867824422381204386e-09
2.902210471944499659e-09
8.458997768912013271e-08
1.715785025169225264e-08
1.535366500604595785e-09
2.624295225572836898e-09
6.088694881611900200e-09
1.678486327705286385e-08
6.916338612938943697e-09
1.403567750912770862e-08
5.973662897673648331e-09
4.790223329109721817e-09
5.973158634375863585e-10
1.045773578844944041e-09
1.891987011504170368e-09
8.365626413819882146e-09
3.600364173461656492e-10
6.376128069973674428e-09
2.801726350920574760e-10
1.807996641289832951e-09
1.204896094009200169e-08
1.619240297401347561e-10
5.385135448676692249e-09
4.253805752085781933e-09
4.486406357528949229e-09
3.089229139163762738e-08
2.924304709495118004e-08
1.019451967287920979e-09
1.436349066352704540e-07
8.282010810489737196e-08
6.313995548623552168e-09
9.854141946874506175e-10
1.476354061225038095e-08
2.295535317387020768e-09
1.290345721827179659e-06
1.559031304054769862e-08
2.325601045072289708e-08
7.221163400572550017e-08
1.116921000132720110e-09
3.367162326739503442e-09
2.054167502762993536e-09
8.017774888458006899e-08
9.283496638090582564e-09
8.095417669551352446e-09
1.042743747348140460e-06
5.904790967292683490e-08
4.366375705444625055e-09
6.121658180369138336e-10
5.877312525548461508e-10
4.390809660304029194e-10
5.569425365337110634e-09
7.906602149887476116e-06
1.591244966903104796e-07
7.342757069039862472e-09
1.088424497197593155e-07
1.983188440135563724e-07
2.344502547657612013e-08
4.336548542482887569e-08
4.379205265081509424e-08
3.975281437362809811e-09
5.831739713357819710e-07
4.225414240721647730e-09
1.869282506561376067e-08
1.244795022614653135e-08
8.144761309836212604e-09
1.472849575634427310e-08
4.112698448466289847e-08
2.692968337214551866e-08
7.253623834913014434e-08
4.986662194284008365e-09
1.659538995113507553e-08
3.634620213688322110e-07
1.666243254483390501e-09
8.879231359060213435e-07
9.556009672451182269e-08
1.589265075097046065e-08
6.687302516183990519e-07
9.043001014674700855e-09
3.600896647526496963e-08
4.284873966753366403e-08
5.090323718093259231e-09
1.948423289377387846e-08
4.626147998010310403e-08
3.336520171259849121e-09
1.151838588953069120e-07
1.388375103772432340e-08
1.982756359097948007e-08
1.135247657657600939e-06
4.566442501907630458e-10
1.043532038558225850e-09
1.305652972405368928e-06
3.671077664080257819e-08
9.693618130413028666e-10
8.953174202019908989e-09
2.184134331173481769e-07
2.883282945731480140e-07
1.459680873949764646e-07
2.784894945762061980e-07
2.340480307339021238e-07
9.616003993073718448e-09
1.927568149540093145e-08
1.119662407234045531e-08
1.183732045717533765e-08
2.331975338165648282e-06
7.350211106427195773e-09
1.199032908516528551e-06
3.030031558992618557e-09
3.337599423502979334e-07
1.171988657233669073e-07
5.601000907518027816e-07
8.969117004653526237e-08
7.370437771214710665e-08
4.468476504371210467e-07
1.098885533679094806e-07
2.518077657498452027e-08
1.676144556483905035e-08
1.775176656337862369e-06
8.975153491519449744e-07
5.121880349179264158e-06
1.153574302747983893e-07
5.912409051234135404e-08
1.570542806916819245e-08
1.908088052005041391e-06
9.042739179676573258e-08
6.150000331217597704e-07
5.244784802016511094e-07
1.589130960155671346e-07
1.001270788947294932e-06
1.370339418826915789e-06
7.894705333910678746e-08
1.313689699600217864e-05
8.659683317091548815e-07
2.108121606170243467e-07
9.679346391067156219e-08
9.116308596901490091e-09
1.905246733713283902e-07
1.115536036877529114e-07
3.319575228033500025e-07
9.380506327261173283e-08
2.352165182628596085e-07
2.040907105538281030e-07
1.099276545346583589e-07
5.473959419077800703e-08
4.988274326933606062e-07
3.700554884744633455e-08
1.132314153551305935e-08
2.109611898504226701e-07
9.452893436900922097e-07
4.792426011590578128e-07
1.565127227820539701e-08
1.987170783479541569e-08
2.582872582479467383e-07
2.154955325295304647e-07
8.345208698301576078e-06
6.525183238181853085e-08
4.079434177128860028e-07
1.624752457018985297e-07
6.137221930657688063e-07
5.794170192530145869e-07
6.523192951135570183e-06
2.270603260967618553e-07
2.550163173964392627e-07
3.683588829517248087e-07
3.163025041885703104e-08
2.203345985662963358e-07
4.886884852339790086e-08
1.153406046228155901e-07
3.239975967517239042e-07
1.843512222876597662e-07
5.446140676212962717e-07
1.130827556039548654e-07
5.407223579823039472e-05
8.598871659160067793e-08
3.035881235291526536e-08
3.718240861871890957e-07
5.585462758972425945e-07
1.381588958793145139e-06
2.656105948517506476e-07
5.636312607748550363e-07
2.381476571500229511e-09
5.146172821213212956e-09
1.039304720507061575e-06
5.651167089837372259e-09
6.771197149646468461e-07
1.196093677435783320e-07
2.362790496590605471e-07
2.378446453121796367e-07
2.821430200583563419e-07
1.231107216170812535e-08
2.034383328464173246e-09
4.458037494714517379e-08
3.130393366745920503e-08
1.049321781465550885e-06
1.932681747973674646e-08
5.996908924998933799e-08
1.246886240551248193e-04
3.094604850151227993e-10
6.513287189591210335e-07
4.642261686171877955e-08
1.102516080209170468e-06
3.056118487165804254e-07
1.914754932386131259e-07
2.138810373253363650e-08
3.894929534453694941e-07
1.368772473142598756e-07
1.269162375194810011e-08
2.798861054031931417e-08
9.631588682168512605e-07
3.124984289115673164e-07
1.244515459575268324e-07
7.033263216271734564e-08
3.761006837521563284e-06
1.267921732051036088e-07
6.421296827596734147e-09
2.433950157865183428e-06
6.834127930233080406e-08
7.872142049336616765e-08
1.988377533734819735e-07
4.257968157617142424e-06
6.023015885148197412e-06
2.367921325685529155e-08
5.331686381282452203e-08
1.928491144553845515e-08
2.850592650815997331e-08
7.927743354230187833e-06
1.734667307573545258e-07
6.046064271458817529e-08
2.630004246384487487e-06
2.476534000095398369e-08
9.211092333316628356e-09
9.938897164829540998e-06
6.179224669722316321e-07
1.169807273271317172e-08
1.930435189478885150e-07
7.248661670899991805e-09
1.769519371919159312e-06
6.966251131501621785e-09
1.029447602718391863e-07
4.966576625520247035e-07
1.606197292858269066e-05
3.018064731463709904e-08
1.540273160571814515e-06
4.163852906913234619e-08
2.593716352805586212e-09
2.934059573078684480e-08
3.376276680455703172e-08
4.115646845548326382e-07
2.692648592983459821e-07
3.198689910277607851e-06
1.907965874181627441e-08
2.433018266856379341e-07
2.184247932746075094e-06
5.073924924658967939e-08
4.635828787513673888e-08
5.292384841482089541e-08
4.557659138981762226e-08
1.836330199012081721e-07
2.715260905006289249e-07
5.390152679751736287e-08
8.969069043018862430e-09
1.139126748483931806e-08
4.256784258416246303e-09
1.207264972435950767e-07
2.066269416900468059e-06
1.457359485357301310e-05
3.189852293417061446e-08
1.142144469667982776e-06
1.100691770261619240e-05
1.530994921949968557e-07
4.388110141917422879e-08
1.126749339164234698e-06
7.178691703302320093e-07
7.470152496580340085e-08
1.132831584982341155e-06
1.442865595890907571e-06
2.458767482949042460e-07
2.838654866721412873e-09
3.438131841448921477e-07
1.519394210447444493e-08
8.371908393201010767e-07
3.085278166281568701e-08
8.297091085296415258e-07
9.523498434305111005e-09
3.589258631109260023e-05
2.601758986031654786e-08
4.675437812693417072e-04
4.970758737954383832e-08
1.821626369746809360e-07
4.437805785073578591e-07
2.859839653979179275e-08
7.395384216124512022e-08
4.726045332859030168e-08
5.020848766434937716e-05
5.045587840868392959e-07
1.199249481942388229e-07
8.793227479486631637e-09
7.041037974886421580e-07
9.782306875649737776e-08
5.672379188581544440e-08
8.747550737098208629e-07
3.765776668274156691e-08
3.720031998000195017e-07
1.063866875483654439e-06
9.756206509337062016e-09
5.180829703022027388e-07
3.250721647418686189e-07
4.874480509897693992e-06
9.211427176580855303e-09
5.827992595186515246e-07
6.121269962022779509e-07
4.914222699881065637e-07
1.072280383596080355e-06
5.476142206362055731e-08
1.324277832281950396e-06
2.009164973060251214e-06
5.550075243831997795e-08
2.421265662633231841e-06
2.062547679315684945e-07
1.509527578491542954e-07
3.502786327658213850e-08
1.408868541830088361e-07
9.232499209588240774e-09
5.205062052482389845e-07
1.892777800094336271e-05
7.420940750790805396e-09
4.695677375821105670e-07
2.870852000569357187e-08
3.111065041139227105e-07
5.934851401434571017e-07
2.900697211316582980e-07
1.594977128149821510e-08
7.152624448281130753e-08
1.992738773992641654e-08
1.088752483724420017e-07
3.106801500507572200e-07
3.193169817450325354e-08
1.327994603173010546e-08
1.137947606366651598e-06
1.464105991999531398e-07
1.145241981248545926e-06
4.099931416590152367e-08
9.924162824859195098e-09
4.620557092493982054e-08
1.632471651191735873e-07
2.998693204858682293e-08
9.056033256626960792e-09
8.442838407063391060e-06
3.794933718381798826e-07
2.549521127548359800e-07
5.758970189617684809e-08
9.564777201376273297e-07
1.083605866369907744e-06
2.297928631378454156e-06
4.193651932382636005e-07
1.328944136957943556e-07
8.636231996206333861e-08
2.772368645764800021e-07
6.333925028911835398e-08
1.163290761496682535e-07
1.016881334692243399e-08
4.588166291341622127e-07
1.165715730166994035e-06
1.945203820241658832e-08
4.089365120307775214e-06
6.249753425890958169e-08
4.946763709767765249e-08
5.365102992982428987e-07
1.055864231602754444e-07
1.175112274154344050e-07
1.689072490762555390e-07
2.937176946105068964e-09
1.176518026113626547e-06
1.537361822556704283e-04
6.661442597533095977e-08
1.152351323980838060e-04
2.277112010062865011e-08
1.101318048313260078e-06
5.081873837298189756e-07
3.119932046047324548e-08
1.313611903697164962e-07
6.862633572524146075e-09
2.735869884418207221e-06
5.454782581182371359e-08
1.403768656871307030e-08
1.666839324343527551e-07
1.140711276548245223e-07
7.174013916255717049e-08
9.491524906479753554e-06
5.390612844990982921e-09
8.024219368962803856e-07
5.733739882884947292e-08
2.119549691315114615e-07
6.239638992155960295e-07
2.913946218541241251e-06
1.373092839429546075e-08
1.532378206547946320e-07
2.240592948510311544e-06
4.439386813714918389e-08
2.711997808546584565e-07
6.809086130488140043e-07
1.923854824781301431e-06
1.172592988041287754e-06
2.208412830384531844e-08
2.550670387790887617e-06
3.807841508773890382e-08
3.301835604929692636e-08
2.527629483495275053e-08
2.279158728413221979e-08
5.028191552014504850e-08
7.349255071176230558e-08
4.806791764622175833e-08
3.554574190545167767e-09
3.229796675441320986e-06
1.122789058172202203e-06
8.976108034630669863e-08
1.697620888307938003e-08
1.421405215751292417e-08
2.052162528798362473e-07
2.455146159263676964e-06
1.045269648614066682e-08
8.380862226431418094e-09
5.931385160806712520e-08
4.956327792626780138e-09
1.138058269845032555e-08
3.898312783690016659e-08
8.235651449695069459e-08
1.387030579280690290e-08
3.254925104556605220e-05
1.398492031512432732e-06
2.166373860745807178e-06
1.589890530340198893e-07
6.994647350211380399e-08
8.729275577934458852e-07
3.510270474293974985e-08
8.393116424088020722e-09
1.073328661505001946e-07
3.146505150652956218e-06
5.038493000597554783e-08
2.515374148970295209e-07
2.406307331170864927e-08
1.017214543708178098e-07
2.106461636230960721e-07
3.605090626024320954e-07
4.835179652218357660e-07
2.872949877996688883e-08
6.337583791093948093e-09
3.546079199168161722e-07
2.218278716270560835e-08
1.618527858227025717e-05
1.139653932114015333e-06
1.033780790749005973e-06
6.026134968806218239e-08
3.525389047354110517e-07
1.811447759791917633e-06
3.942461717088008299e-07
9.109812282304119435e-08
7.076744168443838134e-07
1.237424726241442841e-06
3.849355678653409996e-08
6.232888267732050736e-07
4.303090861412783852e-07
1.923351078403356951e-07
1.398211253444969770e-07
4.477680093373237469e-08
1.113071220970596187e-06
1.902690058841471910e-07
1.807591729630075861e-07
2.433783038213732652e-06
1.110224712164153971e-08
1.797956912241716054e-07
2.252919273360021180e-08
9.135094103385199560e-08
1.396728066538344137e-07
7.444442928772332380e-08
5.564899765886366367e-06
1.621664296180824749e-07
2.258908793351110944e-08
7.811320301698287949e-08
1.033317516885290388e-06
6.319828003142902162e-07
1.510892161604715511e-06
1.835854258388280869e-03
6.451501121773617342e-06
4.036262453155359253e-07
3.484694133248922299e-08
6.317230827335151844e-07
3.101763823565306666e-08
2.340796299904468469e-06
9.931127351592294872e-06
8.775869355304166675e-05
1.512625829036551295e-07
5.809169465464947280e-07
2.563004954936332069e-07
6.013006895955186337e-06
6.180739546834956855e-07
3.864381142193451524e-06
3.089625977281684754e-07
7.591684436647483381e-08
1.408005445568960567e-08
8.835471732027144753e-08
1.222326631022951915e-07
4.515337059274315834e-05
6.087664417009364115e-08
9.084427432526354096e-08
5.100379894429352134e-06
3.063137299363916100e-08
1.298362839463607088e-08
3.752494421860319562e-06
4.574240364263459924e-08
1.741910273267421871e-05
2.616248773179563614e-09
1.173391055431238783e-07
1.244351111040487012e-08
3.430930561876266438e-08
2.117524218192556873e-06
2.212836847093058168e-07
3.718781371730983665e-08
5.923524781792366412e-09
1.191065393868484534e-06
7.233380188154114876e-07
1.237737478732015006e-06
2.398837750661186874e-08
6.543133395098266192e-07
2.454103196214418858e-07
1.695596256467979401e-05
1.218118654833233450e-07
9.342059570371930022e-07
9.820926152315223590e-07
5.550315762548052589e-09
1.846338726352314552e-08
2.275293127240729518e-06
4.570819722715668831e-09
9.809203220356721431e-06
2.931580456788651645e-05
7.506183692385093309e-07
2.076001415218797774e-08
5.609781965176807716e-06
1.721487478789640591e-06
4.904655170889782312e-08
1.254547896678559482e-07
5.428585225786264346e-08
1.003679926725453697e-06
6.064682622763939435e-08
4.456709223887855842e-09
6.617194117097824346e-07
6.616215575405703930e-09
1.421430511072685476e-07
2.270320692332461476e-06
3.890740335918962955e-04
1.684367201271186332e-09
4.770949857402229100e-08
3.244129587187671859e-08
1.078532374521046222e-08
8.682908259061150602e-08
2.993920844573949580e-08
2.157040199790571933e-07
9.994942651303517778e-09
1.533579165879928041e-06
6.413262099158600904e-07
4.937168185392692976e-08
5.007891701325206668e-08
3.892784761205803079e-08
5.198583039600634947e-07
2.026763326057334780e-07
4.927945269628253300e-07
3.958420506933180150e-07
3.456265460499707842e-07
2.213218941449213162e-09
5.358383532438892871e-07
1.553734847448140499e-07
1.036053376424206363e-07
5.499273925124725793e-08
1.030374278343515471e-06
7.755822934996103868e-07
1.470948252091375252e-09
4.250887997159225051e-08
4.569965028622391401e-07
2.708721247302037227e-08
3.573402409529080614e-06
1.715552855330315651e-08
3.066919518346367113e-08
1.327777425785825471e-07
2.145536797115710215e-07
1.088187815412311465e-07
3.491093991669913521e-08
7.517315658844836435e-09
1.250936350061238045e-07
1.914740437314321753e-07
2.686510640614869772e-07
1.104810554153345947e-08
9.614210938480027835e-08
2.650752506383469154e-08
1.214371877722442150e-06
3.692994505399838090e-05
1.211315861837647390e-06
2.277354269608622417e-07
5.661062729700461205e-08
7.048636341266956151e-09
3.780250494855863508e-07
1.872824554993712809e-06
1.101092692579186405e-07
1.508941664951635175e-07
1.398587414769281168e-07
4.089195329015637981e-07
5.865346608402433048e-08
3.114261915015958948e-07
9.034528716256318148e-07
2.770112850214445643e-08
2.304515334117240855e-07
6.846956779327229015e-09
6.115146167218199480e-10
4.181075041742587928e-08
1.947681056435612845e-07
5.727050833570501709e-08
6.087928454689972568e-07
2.491724160336161731e-08
1.279453840652422514e-07
1.655158570201820112e-07
1.227961803351718117e-07
2.254027151593618328e-07
2.388223485638718557e-08
6.106416483575571874e-10
3.312203844529904018e-09
1.949792221012103255e-07
5.367861035665555391e-07
5.893950001336634159e-04
1.591709319903600317e-09
3.179883734105715121e-08
2.618425476441643696e-09
4.483078797079542710e-09
4.369001871395994385e-08
6.653897344222059473e-07
8.591850928496569395e-07
3.709305076426971937e-07
2.627192259296862176e-07
2.991424025822198018e-06
6.602475011163733143e-09
1.744105126988415577e-08
2.280750166505640664e-08
2.906851705120061524e-06
9.991708083134653862e-08
2.210081539999464439e-08
6.273083164032300374e-10
2.279532473892231792e-08
2.592177224869374186e-06
9.299937886453335523e-08
2.320018666068790480e-08
2.806489085571683972e-08
1.664404969403676660e-08
3.831365447126700019e-08
2.820327154040569440e-07
5.613139286708701547e-09
2.176870594894353417e-07
2.017317157765319280e-08
1.192138121552943630e-08
2.611663063589730882e-08
2.294333825147987227e-07
1.533490774363599485e-07
7.502715959617489716e-08
4.344595794236738584e-08
3.393899883352702318e-10
1.338484878488088725e-07
5.040407700107607525e-07
1.963877060973118205e-08
1.503532160995746381e-07
4.428012800872238586e-08
1.032728960126405582e-07
7.444851348736847285e-07
1.991728026951022912e-08
4.469852932231788145e-09
1.487510381537049398e-08
2.919917108101799386e-07
2.519355746244400507e-08
3.273806328252248932e-07
2.324510006701530074e-08
4.667645114864171774e-08
9.090112484955170657e-08
7.120826239770394750e-08
2.156218442905810662e-06
1.759478251983637165e-08
3.834677286818077846e-08
3.233366685506666727e-09
2.754285022277258577e-09
8.171845706783642527e-07
1.097064128430247365e-08
2.072680871378906886e-07
2.627385420339578559e-09
1.598820076331719520e-09
4.930671870795322320e-09
1.756831458088470299e-09
1.729426046814808160e-09
1.301434782163823911e-08
4.803178299539467844e-09
4.016314392174535897e-09
8.355469276466465089e-07
7.035446856207272504e-07
