1.336500007886876062e-11
1.385548481502851814e-10
3.339885312758639202e-11
1.993168997904692930e-11
7.880445601626817620e-11
9.275627488314341917e-11
1.894716189498879544e-10
1.644157698876824725e-08
4.780931206482819107e-09
2.308886241919605453e-11
2.421393308082997464e-09
3.120065594774956708e-10
7.394106438241010437e-10
9.133463985122602935e-10
4.746128143273686817e-11
2.067807924888143134e-09
1.030627250209192880e-09
4.188826716045035425e-11
1.382196912480537776e-09
1.198888627262917339e-10
5.285811788269256795e-10
9.528521027757363981e-11
1.653830544734447017e-10
1.676782324100400956e-10
9.474653062113702617e-09
3.047400110034459431e-10
3.108107521354597225e-11
7.788219374971205866e-11
5.073713324477147069e-11
6.406472140979557750e-12
5.593023266747820799e-10
2.781418706465643709e-10
3.215491067853903928e-11
5.316103668384641878e-10
3.924636449159635276e-10
6.496576610004467511e-10
9.451689431116960805e-10
1.420182993427943074e-08
1.453497183723229114e-10
6.152912623846873430e-10
5.672330383177381918e-10
5.365915697885803581e-11
8.807144250000398245e-12
3.103636792012309797e-10
3.676453239065402556e-11
6.183972778295299122e-10
3.886941324360293493e-10
4.948636500579084441e-10
1.635994534288087721e-10
2.221934997104213494e-10
7.261201188935029194e-12
3.574942564199545814e-10
4.758367588841849738e-10
1.166813173858471941e-10
3.992002561847840525e-10
1.816093525563999833e-10
5.977215389307843907e-10
2.844602678409025032e-11
2.935960086158928561e-10
4.459144511970158931e-11
1.219424006215774625e-09
8.743800683497227055e-10
1.540311073133793229e-10
8.721061373062610755e-11
1.315554332137480742e-10
2.941563312375272687e-11
6.545219921605394120e-10
3.751551069797187665e-09
4.193407079911004587e-11
5.637631472765747276e-10
8.011421526177286978e-10
1.486484962898160234e-10
9.699239189586705834e-10
9.199201955745195392e-10
2.413863331440779803e-09
3.340417054076283421e-09
9.418265473071230076e-11
5.639642641774855747e-10
3.601139941800113320e-10
1.561047124898351512e-10
7.172521465648173944e-10
6.790275564050318735e-10
1.039917818523861115e-09
1.082157835563535286e-10
4.258493210840263998e-11
5.526294089008843002e-09
1.632105783855308800e-09
8.059275025118495250e-09
2.136236521010914657e-09
4.929496366656849204e-09
2.676473043194960155e-09
6.321917989104974822e-11
2.281421059013855057e-11
1.810158099802006149e-11
3.943485538115965028e-10
1.147978795357218473e-10
8.102885723504371640e-11
1.165267465852437567e-10
7.063496922782297460e-12
4.129355538062817743e-11
7.785601156828914071e-12
2.980784230555144632e-10
2.500205320554726995e-10
2.728026970988395306e-10
5.713919337679840282e-10
2.567681067766613978e-10
6.643234851111401440e-10
9.173085034619443690e-12
9.657957072972678247e-11
1.020422218944716519e-10
1.165921803547576019e-09
4.814503795635971528e-10
1.069742738835088858e-09
3.616762356273284240e-08
1.103595259621670266e-08
1.140234157093189538e-10
3.066121245787201133e-10
4.790521868081043522e-10
7.720086792062375025e-10
1.441534114299258817e-10
4.859568997206409335e-11
1.237939195597448361e-10
8.230978676415645623e-10
1.096856383497879506e-09
9.370034748101829791e-10
2.014582278775378654e-09
3.315235863610155320e-10
1.764775652002281703e-11
1.681521415164421995e-11
4.252119923525699008e-12
2.836088031088479511e-10
1.733863226605070196e-11
4.995205291069559905e-11
1.675267008449665695e-10
4.157317268216331740e-10
8.028917808378110976e-11
6.695271420609216761e-11
3.852299989420826520e-12
1.312609326786784436e-10
3.987279395545328953e-09
4.187915986220147602e-11
8.090993847131855432e-11
1.320483479505529800e-11
7.309478716743811333e-11
1.041521174860449150e-10
7.014619995970861055e-10
1.194141226873446371e-11
3.478696931208391518e-12
5.151487309645874646e-12
4.210351789435406999e-10
1.844831065689334082e-09
3.455446773159565055e-08
1.473731026102598207e-09
4.639311601550843989e-09
4.325776004066028690e-08
5.395997959567466751e-07
3.823758021326284506e-08
2.852407421372049612e-09
5.348420017980970442e-08
2.315448909939732403e-05
3.914374602231873723e-09
3.412606019992381334e-07
4.013840850802807836e-07
4.265556526661384851e-06
7.763684806150195072e-08
1.563715734675952262e-08
2.865180874778161524e-07
1.069425437094650988e-07
2.877268798329168931e-06
1.471644028860907838e-09
1.355889622800532379e-07
2.907319895939508569e-08
3.011114415585325332e-07
2.404430610170038563e-08
7.530762680119096331e-09
4.074233450612751994e-10
3.535749026895018687e-09
7.411237401555581528e-09
1.576692731930506852e-08
1.906465477077290416e-04
1.115363265853375196e-04
7.212566099923378715e-10
4.541280304692918435e-06
9.982639426198147703e-08
1.506022499597747810e-06
6.653168043158075307e-07
1.584020559164400765e-08
3.890926691951790417e-09
1.087644552200117687e-08
1.508698517227458069e-07
5.065615482635621447e-09
1.547710404281588126e-08
8.223469905033198302e-08
1.710288870526710525e-07
2.502155496131308610e-07
3.967246811953373253e-06
1.162465608217644331e-07
1.905105932564765681e-06
3.552235909864975838e-07
8.972251386296647979e-09
1.330021405010484159e-06
2.478666374372551218e-07
1.343500753137050197e-05
1.169546148815925335e-08
1.720033310448343400e-06
4.014246712813474005e-09
3.117469660196547920e-08
1.555725930302287452e-07
3.056662080780370161e-06
7.512926003983011469e-06
6.592565569008002058e-07
3.001120489898312371e-07
1.817901029710355942e-08
4.961068356124087586e-08
1.543418193250545301e-08
2.069246107794242562e-07
4.787291452146291704e-09
1.227794399483173038e-07
2.494363116056774743e-08
1.393472217614544206e-07
8.003533480405167211e-08
1.853646303118239302e-08
1.800121118833430955e-08
2.102857443730954401e-08
4.722699564752019796e-09
5.755854317612829618e-07
4.070835402103512024e-08
3.554657368454172683e-08
2.082782168955077395e-09
5.161793215080479058e-09
6.971833776958646922e-09
6.683603004375981982e-09
1.169624219699016976e-08
1.692956516308186110e-06
4.748738774651428685e-06
8.099989123877548991e-09
2.798771845391456736e-07
3.150615768277020834e-08
6.861184374429285526e-06
1.388956007986053010e-07
9.887173746392363682e-08
1.399720161998629919e-07
9.831207990646362305e-01
1.501118764281272888e-02
8.225717351706407499e-07
2.878203304135240614e-05
2.027447771979495883e-05
1.360904541797935963e-03
1.138876326578497356e-09
1.253724901673081149e-09
4.343035708842535314e-09
1.552765951373658027e-07
8.784162019992436399e-08
5.550490982386691030e-07
6.365487024595495313e-06
2.185140874644275755e-05
8.374247499887133017e-07
6.408404118474209099e-08
1.508017932749794454e-09
1.405975780244261841e-09
5.787167651760682929e-07
1.723482245807872459e-09
4.525335953076137230e-06
9.116516430651699920e-09
1.146465766765913941e-08
6.459897861077479320e-08
1.172476515876041958e-08
1.972643026704190561e-08
5.672159630876194569e-09
3.333910369995862766e-10
1.448567932271771497e-10
6.958040810189913827e-10
4.500244621397087030e-10
1.775688645011541666e-07
2.754300565399603329e-09
1.997875642700819299e-09
1.062485743830166030e-08
1.006359218180818971e-09
2.273811139374970480e-10
1.816862632564308910e-10
3.604271742174702808e-11
1.374457969660625167e-08
7.697293540331884287e-07
1.492117956969352122e-10
2.372390950355907080e-09
2.132706677926421435e-09
6.881629843746850383e-08
9.561848202110923012e-09
7.352605191357497461e-10
1.160445559089673395e-10
4.685270482696068939e-08
1.335414001601975542e-08
4.292036805964016821e-07
4.324457805737758065e-11
2.398544829418369773e-08
2.435780910303719793e-09
5.814916992363805548e-09
1.570325536270900102e-10
6.372368188678478873e-10
1.120723028269487997e-10
1.230058502971198564e-11
2.572319468541195420e-09
2.114817626575060672e-10
1.303841701272290265e-09
5.041229655944334809e-09
6.452232081954889509e-10
1.773534097360141004e-09
1.160785512155371180e-08
1.305733077217041682e-09
3.140947724133980046e-09
2.397784415464343510e-09
6.321756007565682012e-09
2.553549371953067748e-08
3.600123532621068989e-10
7.688951697559787135e-09
8.797478023847560280e-11
1.457270926152887114e-08
1.166302165955812598e-09
1.074620059604569633e-09
3.532254003180135271e-11
1.057472338861220607e-11
3.634962775223016251e-09
3.229389811121308185e-10
8.548812768793823125e-10
1.255393879129318435e-11
1.038214861304176395e-10
6.106334327071749613e-10
5.557206084194632467e-11
1.159288637309074943e-10
1.764689089300830460e-10
1.951537820232829290e-10
4.151317137268684121e-11
6.015399983683167306e-11
1.862879989156240867e-11
1.783498695950846979e-11
5.182830553618344993e-11
2.444678626201124416e-10
3.722772923264727751e-10
1.229262824864463255e-08
1.186071063585814045e-08
2.039288876654055116e-10
1.004543226379439602e-09
1.575419655841514555e-10
3.158536765468511476e-10
1.261748761027803312e-10
3.826195182909941650e-08
1.773986513242675755e-10
1.083439968851962476e-07
6.867765911522383249e-09
7.300314242009164900e-10
9.267550615810193904e-10
4.020648744496035931e-11
8.112241434155009756e-11
8.851878258164802560e-11
3.040305507351348524e-10
9.367323805520300084e-09
3.459861286359000587e-10
2.152887312867335368e-10
6.393352514066918957e-11
3.418533858767780487e-11
3.225794353856059615e-10
1.446091718593223163e-10
5.457052865143197096e-11
1.652436000532109261e-11
2.180634423032401514e-10
1.432097196385484494e-08
1.059175591677785633e-08
3.316639740624793831e-10
1.028509777345476550e-10
2.566378498602972513e-10
2.056657066873412987e-09
2.037805657550961769e-08
2.500600837507249707e-10
1.116435277559446604e-09
2.466493849440087871e-11
1.189084664066086816e-10
3.314742369475709438e-10
1.680862671271654563e-09
2.090821266120812538e-10
3.251619062893951195e-08
1.130959077499937848e-07
3.012760041443129921e-09
2.889908756742443074e-09
4.902854233712616860e-10
1.896289791858407625e-09
6.116953610302289235e-10
3.686489447041196854e-10
7.764970000323501154e-09
2.230993029206373990e-10
3.778296425727134533e-11
1.035602298360416285e-10
2.865061521362122221e-10
3.583453672684200342e-11
8.181123140049706421e-11
7.796423923123185773e-11
6.757262110967943158e-11
1.181454795107228506e-10
1.185931301078690936e-11
1.543034811035681741e-09
2.089285341955182673e-11
8.443606230867928275e-11
2.898231654668848023e-10
2.519647601673113968e-09
2.000134433077782603e-11
1.777691015225624227e-11
6.924736391938912661e-12
3.670338477590462389e-10
1.417887030008557758e-09
2.184796440984904109e-11
6.656327489196200986e-09
2.107011898289101737e-09
3.194665365580107164e-10
9.339586881651484873e-08
3.653925606528218850e-09
9.310036630516549394e-10
5.230204713768671354e-09
5.999430952030593289e-10
1.835169460839836120e-09
3.682615323796767370e-11
1.391817910922910073e-10
1.372655589193527703e-08
2.725295473737787688e-07
4.728326175040820090e-08
2.861360481887231799e-09
1.446939457139251317e-09
3.595980402337772830e-09
1.454236979725465062e-07
4.728488534055941273e-08
6.843604438699912862e-08
2.243244701105595595e-09
3.950451521461673110e-09
7.344284291832536837e-09
2.136593957313692727e-10
1.476023747670751618e-09
3.513279693834192585e-07
2.284665470142499544e-07
7.911247212888383729e-10
7.324809647712982041e-09
1.431314788913340408e-10
5.083458307075794380e-11
6.394688778499357795e-09
1.108328895327304053e-08
8.050893285371785169e-11
1.185490733357497106e-10
5.918236456459169403e-10
8.474733692587221867e-10
1.537821814334705550e-10
6.439409006020468951e-10
1.927981385652088875e-10
2.795640940966848120e-10
3.946234450324936915e-09
2.835211787566294106e-10
6.116501527486661871e-09
1.070892530208311655e-08
4.237599160461513748e-10
4.377917139919418332e-09
5.700084293458473894e-10
1.187011933190262880e-09
3.745446974789956585e-08
8.977621979155969711e-10
9.832964442679781314e-10
2.980040880729006858e-09
1.205558142203244643e-08
2.587644758023088798e-06
1.641373564842396604e-10
1.493914852934707937e-10
1.959885205515821127e-11
9.728700067768158988e-10
1.641443314603918679e-09
3.190562480881453666e-09
1.381804115574425396e-09
6.998177326522636577e-08
1.123742254804938057e-08
1.099562774165008250e-09
7.138564739328501219e-10
2.591989956002294093e-09
1.471606864145158511e-10
5.843751871292823807e-11
3.476208210173581392e-09
3.503933587722940501e-09
3.309269303031214804e-08
1.207098448974264215e-10
2.382794184185854647e-09
1.247686676197901079e-10
2.356672357262112882e-10
1.637938318310716568e-08
1.472986399519982115e-09
5.035855066282124426e-10
1.262782323152578101e-09
2.083839323319125469e-09
1.723376163997869526e-10
8.396078499117720639e-09
1.431839757870534413e-09
4.835183808893361856e-09
6.209787128952370949e-10
3.078786559029822456e-09
1.370305757752987574e-09
8.070437651497286424e-10
7.576209104520614801e-11
7.571921978311024759e-10
5.634435973345119919e-11
2.636027784941319396e-10
1.271029503868703614e-09
1.359172080439563501e-10
2.620673456021904713e-09
1.799608684294184968e-09
2.034264134920249489e-08
3.434505657651243382e-08
7.699014759054989554e-10
5.899580823864880585e-11
1.112565803373932738e-10
1.227205004283860035e-10
8.692364883433612022e-11
5.770190436571454029e-10
1.846010233563788461e-09
2.705900614685674554e-09
4.322285196423081288e-09
6.460140866693109274e-09
1.269413463234059236e-09
1.259823800836556984e-08
1.682084582732557010e-09
2.749635719112575316e-08
1.622376544219150674e-08
1.058357668171083787e-08
9.350700214127982690e-10
2.130006310219201282e-10
8.656053651634465496e-10
5.415063952796117519e-10
8.012603025520093070e-09
2.970020007708740195e-09
1.140930905307868670e-09
2.002930932221147486e-09
4.076759485549530382e-10
1.732892163097687899e-10
2.898219406688440358e-07
5.660595547851698939e-09
2.439969337686420658e-10
4.366031702840444950e-10
4.142997611644716471e-10
1.546725627576961415e-07
2.931058451505208495e-10
3.032118334189704001e-09
1.453517084470945520e-09
2.455035996717924718e-08
4.694380995040603466e-10
6.598471102847724978e-09
5.871732544626695471e-10
1.732085863626053879e-10
4.836263389762507359e-09
1.786997438912862890e-09
1.377931935220289006e-10
6.897072496458989121e-11
6.690605403036897769e-09
2.314585412221958904e-09
5.525087332092226688e-11
2.510968766245014194e-09
1.061076293495943901e-08
2.010922539597004288e-10
3.569551251803027014e-11
5.893198817830125336e-09
3.906527989983032967e-09
4.259840125087066554e-08
1.667426730023180426e-08
8.849206090122407886e-12
2.877708737969442154e-09
8.446594534916584962e-09
7.773890864370969211e-09
6.868404733850752564e-10
1.538241978238374941e-09
5.730238061829595608e-09
1.953267769749800209e-08
7.930847090165116242e-09
2.985274916156299696e-09
1.638504262824191926e-11
1.423787576726454063e-08
1.941385052717237159e-09
2.036167900953955723e-10
7.692295689309958107e-09
5.243219192152537289e-09
1.639578361967153342e-09
3.907846934936287653e-09
8.285382935291352169e-10
3.688013783254007194e-11
4.078340776203503992e-09
1.310900554774008242e-10
6.781044475934194793e-11
5.578980610820849506e-10
4.874557202327878258e-09
5.042383843800735121e-09
2.831777301537385938e-08
2.285062972173790286e-10
2.504988161344812170e-10
3.625040934096546152e-09
2.955099012713624518e-11
5.155562088354770367e-10
7.358988418637579798e-10
4.705509937252827513e-08
2.933787934811249443e-10
1.253913861631872351e-09
1.453811826479523006e-08
1.238374913725692750e-08
4.124508512504121427e-10
4.983921053636208853e-10
1.958594175732741860e-09
4.033693101757052091e-10
3.520661318034967735e-09
3.678428006637091130e-09
1.102890863080574491e-07
2.267688259394162742e-09
2.285661215850609551e-09
4.669797881717840937e-09
1.123923953905148210e-09
4.572002498814953242e-10
1.162822962919030090e-10
1.093758195125360544e-09
1.878301125746162370e-10
4.978989442960823908e-10
3.196787945469736769e-09
2.278036204117483976e-09
8.210332858027413749e-09
6.019710507843001324e-09
3.556576189112092834e-08
5.494459109911531414e-09
6.712382316642617752e-10
1.064113908100239314e-09
8.951921981470434275e-10
1.122002074582795217e-10
3.152524075122897784e-10
2.882607763599054351e-10
4.676682999193992885e-11
7.735957707755147794e-11
2.896523854101218376e-10
1.387787396112116767e-08
2.215055916465757946e-09
5.097872346482290595e-09
3.781392976520692173e-09
2.046208619210787560e-10
5.310747397402337810e-08
4.335065639793356240e-09
2.699709122921944981e-09
1.750987133064541013e-09
5.040525219435210147e-10
6.880979119827657087e-10
3.339200249641294249e-09
2.602406623530839624e-10
3.706284931737080512e-11
4.790844165825092205e-09
4.018488319879054416e-10
2.618644856511309627e-09
4.565743269568933727e-11
1.075641353764922314e-09
1.568558083420157345e-08
1.100433411060919298e-09
1.179605213508239103e-08
1.145855299533593552e-09
2.849405822402673039e-09
5.260737401258097634e-10
6.941590635634042883e-10
9.893181829312425180e-10
1.776655711438479557e-09
2.723578029772966147e-09
1.953045919433904487e-10
1.734529048169619614e-10
2.796846365615834884e-10
9.575317427845675411e-09
1.191137943834519319e-08
1.051432185761314031e-08
8.073220564286387457e-11
1.816079508998313941e-10
1.602991184235236233e-09
3.166476192362210895e-09
2.756490868893735069e-10
1.637506241713992949e-09
2.109101504554899975e-10
4.085065063996751178e-10
5.031402849908772623e-09
1.002334556687856093e-05
1.273509631083413751e-09
2.764971362978485558e-08
8.296147102626605374e-11
1.596537679837695123e-09
1.660649617818421575e-09
1.238364966127392108e-09
1.412611971840505021e-10
2.751530774058874584e-11
4.178518919761842199e-10
1.033826010909955073e-10
1.165408214376384421e-09
1.455892184587526117e-09
2.397778642304615460e-10
2.250126751590642016e-09
5.027508187538387574e-09
6.197351520853544571e-10
7.613271790773978864e-09
4.630338779065823474e-09
1.147360517705919847e-08
1.111349123839033837e-09
7.161616188966490881e-09
6.578323996642154725e-10
3.560020611637071397e-10
7.423889769597735722e-08
8.577014792843229429e-11
8.084333757985007196e-10
5.256005852771750142e-09
4.165576328318820742e-08
3.803039549943321163e-10
3.408686222172718772e-09
1.400236016024791752e-08
4.470245063004085750e-09
4.006272744105920935e-11
6.575492150773243338e-09
8.588228045391943510e-11
2.841470114756106113e-10
2.692601142051387342e-10
1.529187471094317630e-10
2.738493806719866086e-11
8.405905305153282825e-08
2.176826008337684470e-08
1.598606691466386565e-09
1.972043861542260856e-09
1.242206670859502537e-09
9.067907313919931767e-09
1.271418081927322419e-08
1.035981578301203854e-10
1.317618653073893142e-10
4.474134840393162449e-09
3.294748640580991150e-10
2.414327071598165730e-10
4.690409394214611893e-09
2.310859059662107029e-08
1.365393842434059479e-08
3.531136201218032511e-07
2.679379385028823890e-09
3.049514063491187699e-08
1.966468793357378786e-10
5.133592440031975457e-10
1.995039689006716799e-08
2.851319624852521883e-09
9.695045655178091693e-09
5.014730297681069260e-10
1.229839785565900456e-08
4.880911230742412954e-09
4.823734300885007542e-09
1.532204940701831219e-08
9.629635977503880895e-10
2.927372566574604207e-09
1.895009926755619745e-09
1.340338284805397961e-09
2.469074389388481450e-10
5.664261767956979554e-11
6.942428409928425026e-09
2.777292805455910951e-11
4.370841466538877285e-09
6.777447225658761454e-08
4.036699152720757411e-08
1.254543025019927427e-09
7.656306166836657212e-08
1.386448644780102768e-08
1.852052555761929398e-08
3.138564297344714760e-09
1.717966213732324832e-08
1.053966158792718488e-08
1.136261154610629376e-10
1.472209110175981550e-08
1.503457980334133026e-08
1.298957297279912382e-08
5.155633697739858690e-09
1.751577494157885440e-10
2.987456504399688129e-09
1.279545891463840235e-08
3.419515337554912549e-09
3.237850592086033430e-07
7.599654933132526935e-11
1.557811768471140113e-09
1.154972339989512875e-09
3.174803531180714344e-09
1.662363302568081735e-10
1.636466517851431490e-09
3.579866003633469518e-08
3.804044723665356287e-08
2.076791100202868279e-10
1.263610466262221621e-10
2.738900128917975962e-08
1.969248231148412742e-08
2.838416390815723389e-09
9.183673377322065789e-09
1.934112248136443668e-08
1.595342347116002202e-08
1.214801176319113551e-10
3.450307985986000858e-07
4.030401568044794658e-10
1.336948969310469693e-07
2.995091819002482225e-08
9.464018546623265138e-08
4.608197823330328902e-09
3.239842394364700340e-09
1.923662784619750710e-09
1.907187119343234372e-08
2.113662311842290364e-08
3.201657818863168359e-07
2.424229428310553658e-10
1.039870300978407158e-09
5.973758293587039248e-11
3.857631369896807882e-08
4.933042418997501954e-09
9.141442660620668903e-07
3.747029353462494328e-10
3.437175821741078607e-10
2.650447639140907086e-09
1.306577623871874039e-09
5.514603773626447492e-10
4.685847216023830697e-06
2.672318269447693240e-11
7.995610395994390274e-09
5.201743549787529730e-12
2.604662485694575480e-09
2.648759878098871923e-09
4.255627100713255118e-11
1.643257796501984558e-08
5.087952281712659897e-10
1.272282834641202953e-10
1.933055521208260075e-10
1.496319512739319180e-09
3.058311937031987782e-10
9.051416838268266929e-10
1.911941854837451160e-10
3.630625355910410690e-09
1.435614294109655020e-08
4.893934146821266040e-09
4.591572011491962257e-09
4.466571557060206032e-09
2.868120851928779302e-08
3.337473075681884893e-10
1.266087321788456066e-11
1.568413510177890657e-09
9.117577803863241570e-09
5.267195568592342170e-09
1.140241856489865313e-08
4.206595072275831626e-10
1.722909453993892726e-10
1.028326934715551033e-07
1.670782268092807499e-08
1.363576473956129576e-09
1.597180387946650626e-09
2.386174280388786428e-08
3.029360984285744962e-09
1.085683898338629660e-08
2.382868728723064322e-11
1.222146472912299942e-08
7.753850894687275286e-10
2.178981794997980614e-08
2.953758553303487133e-07
2.391002453805413097e-07
1.500571611412482298e-10
3.676497162263814289e-10
1.437341634602518070e-10
3.288231908982197638e-10
7.249822964183749718e-09
1.272683847197697560e-09
2.164400658699605628e-09
9.905436471058237657e-10
2.794866986732813530e-07
5.077881670700890027e-09
2.189775694105833281e-09
1.645926395177355062e-09
1.934357535260389227e-10
2.549076061342248067e-09
1.895034268395434651e-10
1.872443089467878963e-09
4.271714926229464027e-10
3.774323964478298876e-09
1.318019998697295136e-11
2.572752499929720216e-08
1.673679805858085956e-10
5.351159515498693509e-10
5.246137968484276826e-10
3.849199003980174894e-07
1.534660842850144036e-09
5.213019252381378976e-11
4.488896809817788380e-09
4.510307127780777137e-10
1.763979101676582673e-10
1.776674594111682381e-07
6.529238483210519917e-09
1.146704065035919484e-08
4.532870523377141581e-09
3.915928026287929242e-09
2.509722707433326150e-10
6.218815046254988488e-11
2.408431898359708612e-09
9.600805706000414830e-10
5.410737968780665597e-10
1.406781269253087885e-08
5.392818136495947101e-11
5.731593422098057999e-09
5.700167768352137898e-11
9.899547848135625827e-09
3.883070220922490989e-08
2.173929658511042362e-08
4.116761154193682160e-09
1.880417155319946687e-09
3.173730445116262899e-10
4.598116332132917705e-10
6.415735720466386738e-10
5.206895892229113088e-08
2.788713482360094531e-09
1.945430795624591980e-11
4.475421144789493155e-10
1.157426821052354171e-09
4.304487599693374023e-10
6.508452798925645766e-08
2.125971898525591541e-10
1.599299892518502020e-08
1.180813447021478169e-09
7.455821376955995561e-11
6.612935088412541518e-09
4.542529907780590293e-09
3.272141890775515094e-09
1.966676155262803150e-09
1.164819352084123238e-09
6.171779975971958265e-09
4.003902986937646347e-08
1.376151970156058724e-09
3.989774732815476455e-09
4.639503781156406603e-10
9.044423543436153068e-11
1.222851819804304796e-10
9.125484395910987701e-11
2.240166274702914961e-09
1.333665267111427966e-08
9.255696764576271107e-10
1.197326771062989792e-08
4.667337627495271590e-10
2.705343282727312726e-09
1.854030706738285517e-09
1.829455253954392902e-09
1.980275943225251467e-09
5.852534012973364952e-10
3.142862012306402164e-11
1.196675647463507630e-09
4.752688798070892062e-10
7.506798738177167252e-09
1.357620682540527923e-09
2.614386762633813532e-10
4.059975411419003422e-10
1.976065089337453173e-09
9.529484840120616695e-11
5.852869300326801749e-10
2.826444633896585401e-09
1.035149951866820572e-10
9.378944731963656523e-09
1.720303011154555861e-09
5.147161585838944120e-10
1.393177795350197812e-10
7.903374066309254431e-10
3.668377060450644933e-11
5.620310813969631170e-11
1.902126633979150938e-08
1.050052933493361706e-09
9.813734547226005134e-11
2.506925111944724449e-09
9.777064713389904682e-10
1.457631571000206350e-09
2.163867973692390478e-09
2.577735802589131708e-10
3.220945288262555550e-09
2.182857672394789006e-09
1.023200080219055508e-09
1.588316678180490271e-08
1.972648433490320485e-10
7.964758630407686724e-09
1.936403704050349006e-09
2.392521736283015343e-09
4.294400945958898319e-10
2.459040471247675441e-10
6.284531783862234988e-10
3.755178668018999133e-10
4.242235007723138551e-09
2.046631308871837973e-09
2.475492311138083323e-10
1.377485209230755459e-10
2.141687049928009401e-09
3.600949316506785181e-09
4.683594623244857758e-10
2.758959061210930486e-09
2.965790113496069580e-10
1.509499192309249338e-10
1.617089684380346171e-09
1.788783426937001764e-10
2.689148015377895717e-09
8.678586183030745360e-10
3.554205818545597140e-10
4.666109720830036167e-10
1.089853651770056331e-09
9.792717331480460530e-11
6.373450101015976088e-10
3.346486698863060383e-10
2.524196962561120472e-10
3.215235300224605908e-10
1.359470388706540689e-06
