3.476394340395927429e-06
4.297842792766459752e-07
6.493833097920287400e-07
3.121019972240901552e-06
4.087600245838984847e-06
2.545016104704700410e-05
2.233702389276004396e-06
2.080908188872854225e-06
2.550686076574493200e-06
1.019869273477524985e-06
6.091374871175503358e-07
7.306419291808197158e-08
2.413084132513176883e-07
5.928930590926029254e-07
7.073272172419819981e-07
1.847087150963488966e-05
1.838134835452365223e-06
3.984293653047643602e-05
1.027578036882914603e-06
1.661542228248436004e-07
2.758504251687554643e-06
1.667726337473141029e-06
1.978905039834444324e-08
1.122608523473900277e-06
1.954368826773134060e-07
3.221297447453252971e-05
3.189512062817811966e-05
4.044897650601342320e-06
6.710777233820408583e-05
1.336307104793377221e-05
4.507396806729957461e-05
1.058431462297448888e-05
7.318174175452440977e-05
4.404320407047634944e-06
1.173510281660128385e-05
1.488924135628622025e-05
3.037010901607573032e-05
1.875904490589164197e-05
1.299165523960255086e-05
2.378328645136207342e-06
8.206199709093198180e-06
6.403336556104477495e-06
6.994123850745381787e-06
1.719571628200355917e-06
2.813539867929648608e-05
1.488550606154603884e-05
6.348805527522927150e-06
6.323918205453082919e-05
1.280382184631889686e-05
1.760246050253044814e-06
7.801127708262356464e-07
9.766939911060035229e-06
1.472104599997692276e-06
1.118066620620083995e-06
3.046090023417491466e-05
5.609165896203194279e-07
6.556784910571877845e-07
1.221337470269645564e-06
2.789256313917576335e-06
1.031987494570785202e-06
2.503878704374074005e-06
5.386735324464098085e-07
1.011294784802885260e-06
1.360144597128964961e-05
4.692221409641206264e-06
2.216095481344382279e-06
2.373630195506848395e-05
3.641878720372915268e-06
8.281966984213795513e-06
2.358249957978841849e-06
1.738798829364895937e-07
2.168605078622931615e-06
6.358887816304559237e-08
4.240934572408150416e-07
1.583150606165872887e-07
5.997480343467032071e-07
1.190142242535330297e-07
1.084900986825232394e-06
7.472563538613030687e-06
2.330984443688066676e-06
3.763244933452369878e-07
1.374279889887475292e-07
3.080320084336563013e-06
7.897027899161912501e-06
2.507756289560347795e-05
2.757520405793911777e-06
9.245084697795391548e-07
4.129525223106611520e-06
1.248848491286480566e-07
1.488248244640999474e-07
4.913138127449201420e-07
8.038533394483238226e-08
3.375811274963780306e-08
2.205452354075987387e-08
2.640711500134784728e-06
8.912792281989823096e-08
8.519541694340659888e-08
1.534097577859938610e-06
1.904969479937790311e-07
6.173882411530939862e-06
5.971637619950342923e-07
4.285748218535445631e-07
1.049682032316923141e-05
1.750595765770412982e-05
9.293502196669578552e-03
3.112102058366872370e-05
6.317285355180501938e-03
2.495210082997800782e-07
2.033416279800803750e-07
3.038508680219820235e-07
7.047866574794170447e-07
3.596571787056745961e-07
2.766877287285751663e-06
1.075241357284539845e-06
2.045953260676469654e-05
2.914374022111587692e-07
2.405384691428480437e-07
4.365334405065368628e-08
1.027205712489376310e-06
3.243575577016599709e-07
9.117338777286931872e-07
2.407323904662916902e-07
5.874841235709027387e-07
1.174470298792584799e-06
1.066532513505080715e-05
3.615198465922730975e-06
2.249261257247781032e-07
1.507831015601368563e-08
1.262428810377969057e-07
1.532236950652077212e-07
1.470701960215592408e-07
2.678640100839402294e-07
1.286367137254273985e-07
1.460228702399035683e-07
1.761793413379564299e-07
3.871057003834721399e-07
6.539162313856650144e-07
2.481376895957509987e-06
6.040675657459360082e-07
6.920492410245060455e-07
1.283358841419612872e-07
2.458719166043010773e-07
8.411934686591848731e-07
1.735257058044226142e-07
7.115964990589418449e-07
1.373172926832921803e-05
2.498832145647611469e-07
3.701740354244975606e-07
8.978752816801716108e-07
1.981283475060990895e-07
2.144031226634979248e-03
4.452340304851531982e-01
1.329183760390151292e-06
7.237903218992869370e-07
1.217816816279082559e-06
5.980979267405928113e-07
4.731768399324209895e-07
6.108239176683127880e-05
1.679818145930767059e-02
5.844012775924056768e-05
6.483338665930205025e-07
1.491238208473077975e-06
1.229238387168152258e-05
1.222579157911241055e-05
2.822604983521159738e-05
1.340755807177629322e-05
6.615742677240632474e-06
1.231567011927836575e-06
1.210618938785046339e-04
6.313523499557049945e-07
6.344144821923691779e-06
2.696025185286998749e-02
3.690299345180392265e-04
1.490342547185719013e-04
1.886216923594474792e-02
1.912002005610702327e-07
1.995008233279804699e-06
1.572057954035699368e-05
9.491877426626160741e-05
1.391249476000666618e-03
1.751496805809438229e-03
2.923737383753177710e-06
3.983697388321161270e-04
8.254592671619320754e-07
7.376594112429302186e-06
2.854441845556721091e-05
2.337518235435709357e-04
1.419282762071816251e-05
1.731004522298462689e-05
8.846664059092290699e-06
3.369694923094357364e-07
9.189167030854150653e-06
2.943838626379147172e-05
1.846563245635479689e-04
6.893058639434457291e-07
2.687310334295034409e-03
1.385557879984844476e-05
4.520476522884564474e-06
1.883512413769494742e-05
1.072489067155402154e-05
1.301828262967319461e-07
3.245927655370905995e-05
7.239111141643661540e-07
4.446272214408963919e-05
1.310636719153990271e-07
7.138167347875423729e-06
3.301994638604810461e-06
3.326375690448912792e-06
6.500141171272844076e-05
4.786449426319450140e-05
5.868309472134569660e-06
1.145648275269195437e-05
4.147314314195682527e-07
7.157650088629452512e-06
2.711268507482600398e-06
3.271430614404380322e-06
2.107079097868336248e-07
2.844216737685201224e-07
2.361502083658706397e-06
9.028287877299590036e-07
1.082401126950571779e-06
1.036197545545292087e-06
1.046969146045739762e-06
4.434282332658767700e-02
6.447490159189328551e-05
2.067797351628541946e-03
7.946916298351425212e-07
2.816755324602127075e-02
1.369459369016112760e-06
1.866884389301048941e-07
4.103012088307878003e-06
4.471661213756306097e-06
2.578871863079257309e-05
4.247775677868048660e-07
1.346495846519246697e-04
1.447958289645612240e-03
9.928746148943901062e-04
2.154746800661087036e-01
5.660320312017574906e-06
2.174617293349001557e-06
1.103903196053579450e-04
1.515794792794622481e-05
2.209468402725178748e-05
4.095226540812291205e-05
1.592890725987672340e-06
2.171560656279325485e-03
7.001535414019599557e-05
4.390642516227671877e-07
2.023935521719977260e-04
2.210077400377485901e-05
1.720952277537435293e-04
3.812412614934146404e-05
8.766035648477554787e-07
3.114790888503193855e-03
2.755813184194266796e-04
1.482263087382307276e-06
8.007365863704762887e-07
1.558376425236929208e-06
3.183942681062035263e-06
3.644840762717649341e-05
3.587078481359640136e-06
2.190011036873329431e-05
4.368660738691687584e-04
8.095853991108015180e-05
1.799001474864780903e-04
2.070453228952828795e-05
6.853823379060486332e-06
1.013966993923531845e-06
9.063689410686492920e-02
1.372296392219141126e-04
1.895041714305989444e-05
1.511408045189455152e-04
6.805018347222357988e-05
1.560077071189880371e-03
4.595541104208678007e-04
6.391412171069532633e-05
2.371159614995121956e-03
5.601516386377625167e-05
4.360685416031628847e-04
8.273903222288936377e-05
2.062076702713966370e-03
6.944469059817492962e-04
3.022631572093814611e-04
2.103893621097085997e-06
5.623547825962305069e-03
2.849314175546169281e-02
6.849011406302452087e-04
1.129291849792934954e-04
3.959734385716728866e-06
8.082665772235486656e-06
1.187321176985278726e-04
1.139231585511879530e-06
9.680102266429457814e-07
3.573659569156006910e-06
1.923005584103520960e-05
3.293762565590441227e-04
4.070918748766416684e-06
3.614781462601968087e-06
6.702728103846311569e-03
1.404815353453159332e-03
2.475703922755201347e-06
6.235162004486483056e-07
2.330115421500522643e-06
8.459383593617531005e-07
1.164242391382686037e-07
1.738486503199965227e-06
2.423777914373204112e-06
4.496435508372087497e-07
1.736614478886622237e-07
3.764192513244779548e-07
4.341197382018435746e-06
7.841129558983084280e-07
3.652661462183459662e-06
1.015334783005528152e-05
6.865258910693228245e-06
3.857765477732755244e-06
2.703597147046821192e-06
5.207220965530723333e-08
2.460242967572412454e-06
2.015193331317277625e-06
2.288913719894480892e-06
2.918296786447172053e-06
7.489161362173035741e-07
8.638327386734090396e-08
3.280361227098183008e-07
3.956938599003478885e-07
2.474564837484649615e-07
2.900089748436585069e-05
9.154890676654758863e-07
6.124939773144433275e-07
2.835232589859515429e-04
8.047619485296308994e-05
1.391931505168031435e-06
1.148450974142178893e-05
5.081815288576763123e-06
5.630461964756250381e-04
9.082247743208426982e-06
1.687785152171272784e-05
3.510246824589557946e-05
3.252240730944322422e-06
1.140220228990074247e-05
1.737944403430446982e-04
2.930839546024799347e-04
3.264582119300030172e-05
1.023427466861903667e-04
2.690351266210200265e-06
9.349577885586768389e-05
6.487370569630002137e-07
2.473710810591001064e-05
2.458982089592609555e-05
3.396305692149326205e-05
9.780702612260938622e-07
5.703529495804104954e-06
8.370874274987727404e-05
3.134554572170600295e-05
1.123019756050780416e-04
3.363922704011201859e-03
1.030189567245543003e-03
2.856410865206271410e-04
9.495639242231845856e-04
3.768672468140721321e-03
3.767921225517056882e-05
1.568711450090631843e-04
1.321406452916562557e-03
1.343291951343417168e-04
5.940306664342642762e-07
1.905070234897721093e-06
4.591724973579403013e-06
2.673284598131431267e-06
2.914111291829613037e-06
4.192379947198787704e-06
1.619697968635591678e-06
2.641935907377046533e-06
2.225276148237753659e-06
1.534034709038678557e-06
3.580316558782214997e-07
2.399768845862126909e-07
2.508173565729521215e-06
3.500884076856891625e-06
4.384226031106663868e-06
3.453359340710449032e-06
8.685562534083146602e-06
6.809974820498609915e-06
2.698017124203033745e-05
1.200740807689726353e-04
5.312138000590493903e-06
1.518903047781350324e-07
1.324146978731732816e-06
3.305791324237361550e-06
6.311533525149570778e-06
7.970456863404251635e-06
6.689980637020198628e-06
4.585928934375260724e-07
5.471243014198989840e-08
2.283064759467379190e-06
1.665842773945769295e-06
1.375928206925891573e-07
2.469564788043498993e-05
1.366311494166438933e-06
1.973503913177410141e-06
1.310810034738096874e-06
1.547984197713958565e-06
1.431723717360000592e-06
1.519799070592853241e-06
4.894814082945231348e-07
3.801244758960820036e-07
8.862036793289007619e-07
1.941923983395099640e-06
1.893265107355546206e-06
5.906142632738919929e-07
6.964590681945992401e-08
2.885965159293846227e-06
2.767187470453791320e-05
2.325446757822646759e-06
1.420873331881011836e-06
6.955520461815467570e-07
2.293417082910309546e-06
1.142136056841991376e-06
3.707771440986107336e-07
8.427661668974906206e-06
1.260472799913259223e-05
8.229573609241924714e-07
9.426196356798755005e-07
9.366765425511403009e-07
1.302216446674719919e-06
5.026762437410070561e-07
2.296557795489206910e-06
1.562074794492218643e-05
7.216443464130861685e-06
1.450452828066772781e-06
2.917863923812547000e-07
4.584326688927831128e-06
7.983986733961501159e-07
8.417798198934178799e-06
7.430569530697539449e-05
1.237124979525106028e-05
1.012690404422755819e-06
4.348373394691407157e-08
1.906375132421089802e-06
1.874522922662436031e-06
8.493137102050241083e-06
4.489624643611023203e-06
2.182329978950292571e-07
3.586671482480596751e-06
4.676066112097032601e-07
7.317772087844787166e-06
7.786960622979677282e-07
2.558806500019272789e-06
7.225323770398972556e-07
3.349273640651517780e-07
5.847178954354603775e-07
2.993636826431611553e-06
8.809476639726199210e-06
1.480824084865162149e-05
2.130296024915878661e-06
4.714166061603464186e-05
1.692194746283348650e-05
3.516874858178198338e-05
9.426780138710455503e-07
4.393195467855548486e-06
9.934119589161127806e-07
7.963789130371878855e-07
4.306424216338200495e-06
1.028402548399753869e-04
2.887523351091658697e-06
5.814928499603411183e-06
1.159348016699368600e-06
1.757666154844628181e-06
5.815200438519241288e-06
4.335312041803263128e-05
3.381626083864830434e-05
4.763724916756473249e-07
1.901634163914422970e-06
2.989865151903359219e-06
1.566701939736958593e-06
2.863581539713777602e-05
1.006132833936135285e-06
4.572582952278025914e-07
2.095710442517884076e-05
3.184598654115688987e-06
1.250794809948274633e-07
2.565783006502897479e-06
3.202698962923022918e-06
9.170069006358971819e-07
1.763945505217634491e-07
5.124300969328032807e-06
1.619808500663566520e-07
6.603337624255800620e-06
7.200625077530276030e-06
3.713870910360128619e-06
4.513932708505308256e-06
4.148908772094728192e-07
2.727945457081659697e-06
5.129961095917678904e-07
2.497685045455000363e-06
2.951024725916795433e-06
1.498305209679529071e-05
1.918396606015448924e-07
3.557376828666747315e-07
7.708433713560225442e-07
6.140347608152296743e-08
6.519352155009983107e-06
7.448682595168065745e-07
2.711333081606426276e-06
1.091743797587696463e-06
5.487614998855860904e-06
3.006119186466094106e-06
1.258041493201744743e-06
1.471508858230663463e-05
9.704273224997450598e-07
7.971140803419984877e-06
7.804253527865512297e-07
1.330158966084127314e-06
5.190399406274082139e-06
9.849008165474515408e-06
2.574371465016156435e-04
8.830391493575007189e-07
8.019960660021752119e-07
2.233451141364639625e-06
1.631433519833080936e-06
1.017193085317558143e-06
2.776837845885893330e-06
2.084860852846759371e-06
1.742762378853512928e-06
7.908712973403453361e-07
6.076756164929975057e-08
3.470554247542168014e-06
3.978516360803041607e-06
5.769398399024794344e-07
1.379411969537613913e-06
6.536353794217575341e-06
4.517550678428960964e-06
6.163786565593909472e-06
1.211940343637252226e-06
2.534794293751474470e-05
1.852189370765700005e-06
1.168187372968532145e-05
1.399189659423427656e-05
1.820914008021645714e-06
1.062008319422602654e-03
9.988973488361807540e-07
1.697156403679400682e-05
2.611703166621737182e-05
2.417401901766424999e-06
4.774315129907336086e-06
3.602493961807340384e-05
6.259562724153511226e-06
1.738763216962979641e-06
7.113112587830983102e-06
6.868110062896448653e-07
5.796460413876047824e-07
3.918305253591825021e-07
7.797521539032459259e-05
1.766414243320468813e-06
3.392713779248879291e-06
1.725954689391073771e-06
4.672533123084576800e-06
5.375198952606297098e-07
1.235070840266416781e-06
1.054628864949336275e-05
1.962878286576597020e-06
3.304942026716162218e-07
8.118177902360912412e-06
1.240826748016843339e-07
2.173818984374520369e-06
6.514752470820894814e-08
1.337464141215605196e-06
9.919810509018134326e-06
1.120807155530201271e-06
1.013489281831425615e-06
1.971188567040371709e-06
1.086483578660590865e-07
1.917292138386983424e-05
3.324444378449697979e-06
1.409824108122847974e-06
2.592461214590002783e-07
4.798455393029144034e-07
2.742332071647979319e-05
1.137070512413629331e-06
2.720642214626423083e-06
1.351473201793851331e-06
1.031622446134861093e-06
5.490994112733460497e-07
7.704670679231639951e-07
8.014837362679827493e-07
8.318858135680784471e-07
4.357533782695099944e-07
1.568587094880058430e-06
5.929785038460977376e-05
5.880154958504135720e-07
2.273743120895233005e-06
3.015922402482829057e-06
8.337106010003481060e-06
2.475127757861628197e-06
1.789449925126973540e-06
3.592865880364115583e-07
1.855488449109543581e-06
1.889183522507664748e-06
9.326871804660186172e-06
5.988478619656234514e-07
2.575718463049270213e-05
1.455117853765841573e-06
4.576956598612014204e-06
9.563950698066037148e-07
5.941193649050546810e-06
6.937723355804337189e-06
8.508004611940123141e-06
5.749081992689752951e-07
2.389821702308836393e-06
4.599070507538272068e-06
1.002397539195953868e-06
4.615001671481877565e-06
1.321238727314266725e-07
3.519397796480916440e-05
1.135776415139844175e-06
4.707366315415129066e-06
1.518474959993909579e-06
1.180770595965441316e-06
3.831352842098567635e-06
1.413915379089303315e-05
1.215809788845945150e-05
2.442776121824863367e-06
1.963774229807313532e-05
1.526849359834159259e-06
3.809337556504033273e-07
1.045880821948230732e-07
6.170559936435893178e-05
2.531328846089309081e-06
2.518093651815433986e-06
2.407053045772045152e-07
2.302639131812611595e-06
2.625158685987116769e-06
1.624142714717891067e-05
1.854919537436217070e-05
6.221209787327097729e-07
7.087982794473646209e-06
8.913991223380435258e-06
2.544593655784410657e-07
2.344188487768406048e-06
6.778943316021468490e-06
6.726814945068326779e-07
4.168761734035797417e-06
1.385003656650951598e-06
2.417012410660390742e-06
9.347393188363639638e-07
2.795334523852943676e-07
6.748932719347067177e-07
6.521661930491973180e-07
2.144963673345046118e-06
4.844052341468341183e-07
5.329726263880729675e-06
1.654864172451198101e-05
1.237756259797606617e-05
5.770320058218203485e-06
2.325877176190260798e-06
4.059292223246302456e-06
3.544723085724399425e-06
3.518340463415370323e-07
2.615591438370756805e-05
6.223835953278467059e-06
3.858087325170345139e-07
1.165404910352663137e-06
1.854906372500408906e-06
1.488126173398995888e-07
1.591134969203267246e-05
9.317444096268445719e-07
5.853603852301603183e-06
1.833216447266750038e-05
4.412873977344133891e-07
3.379390136615256779e-06
2.023848765020375140e-06
1.742872797194650047e-07
3.894373321600141935e-07
2.036480691458564252e-05
5.093584768474102020e-04
8.429212527971685631e-08
1.854069851106032729e-04
3.427910314712789841e-06
2.774016138573642820e-06
5.751574462919961661e-06
4.347357844380894676e-06
3.689590130306896754e-06
8.555460908610257320e-07
1.045837507263058797e-06
1.467065521865151823e-05
9.831397846937761642e-07
7.713563718425575644e-06
1.578353590048209298e-07
2.019906423811335117e-05
3.543393063409894239e-07
8.586431476942379959e-07
7.445249138982035220e-06
6.131263035058509558e-07
2.099049652315443382e-06
9.080870455591139034e-08
5.485375368152745068e-06
7.336461180784681346e-07
5.534654519578907639e-06
6.593039643121301197e-07
5.264936135063180700e-06
4.683059160015545785e-05
2.841000195985543542e-06
2.910009470724617131e-06
5.759898726864776108e-07
1.112569634642568417e-06
4.044274533043790143e-07
1.405002876708749682e-06
4.543484806163178291e-07
1.914453605422750115e-06
2.364936790399951860e-06
2.629671598697314039e-06
1.241862719325581565e-05
7.702419679844751954e-06
7.205450742731045466e-07
6.066484729672083631e-06
3.735101017809938639e-06
1.896112848953634966e-06
7.193428928076173179e-07
2.501475364624639042e-06
1.097212225431576371e-04
9.424254585610469803e-07
5.377499292080756277e-06
3.249241490266285837e-05
5.316573151503689587e-06
1.809456620094351820e-07
2.302401117049157619e-05
2.801949676722870208e-06
7.714732419117353857e-06
2.287978713866323233e-05
2.978453039759187959e-06
1.087074906536145136e-06
8.143076229316648096e-06
6.660506187472492456e-06
5.539354333450319245e-06
1.400806559104239568e-05
4.456226747606706340e-07
6.329411462502321228e-06
1.027317921398207545e-05
5.851454716321313754e-06
3.938335339626064524e-06
8.430647540080826730e-07
1.042027997755212709e-05
6.330830728984437883e-06
1.079799744729825761e-06
3.970656621277157683e-07
8.431762580585200340e-06
1.048751983034890145e-06
1.877021873042394873e-06
1.514401810709387064e-05
2.997332194354385138e-05
9.978842717828229070e-05
1.697344714557402767e-06
3.401738410957477754e-07
1.868377148639410734e-05
5.833872273797169328e-05
1.903063775898772292e-06
1.225703181262360886e-05
8.469401109323371202e-07
2.200881681346800178e-05
7.809379894752055407e-06
2.473598669894272462e-06
9.042929013958200812e-05
2.410419710940914229e-06
1.625878576305694878e-05
2.130999064320349135e-06
9.414992518941289745e-07
3.720281824826088268e-07
8.747737751946260687e-07
2.339174898224882782e-06
1.913250798679655418e-06
1.263558033315348439e-06
1.597544496689806692e-06
2.260587643831968307e-05
1.115430222853319719e-05
1.377947228320408612e-06
4.940429334965301678e-06
3.141601155220996588e-06
3.275514018241665326e-06
1.310273182753007859e-05
8.312557042700063903e-08
5.039775601289875340e-07
6.040520474925870076e-07
1.471079485781956464e-05
1.316391626460244879e-05
5.080521532363491133e-06
1.831418376241344959e-05
6.268116976571036503e-06
5.229741418588673696e-06
2.291591727043851279e-06
1.295665151701541618e-05
3.139371256111189723e-05
3.288556627012440003e-06
3.033219115877727745e-07
1.384274037263821810e-05
2.997370756929740310e-06
1.799572828531381674e-06
2.438917908875737339e-05
3.388615368749015033e-05
1.934133706527063623e-06
1.967483876796904951e-05
7.276022415680927224e-07
5.877687954125576653e-07
1.551291575196955819e-06
5.980482455925084651e-07
2.033249620581045747e-05
4.490823812375310808e-06
1.967408934433478862e-05
3.982882390118902549e-06
1.514292205683887005e-03
1.566227729199454188e-05
2.864831003535073251e-06
1.399670261889696121e-03
1.534734792585368268e-07
3.474213372101075947e-06
6.060623718440183438e-07
3.155244712615967728e-06
2.341451590837095864e-06
7.822919769751024432e-07
1.230101497640134767e-05
3.607367034419439733e-06
1.842651471406497876e-07
2.451877207931829616e-07
4.682413873524637893e-06
7.625544640177395195e-06
1.395065828546648845e-05
1.059707059880565794e-07
1.476672991884697694e-06
2.002000110223889351e-05
6.923327873664675280e-06
8.450465429632458836e-07
1.340269363936386071e-06
6.728428161295596510e-06
1.006108846013376024e-06
7.653327429579803720e-07
3.168838702549692243e-06
5.570721896219765767e-06
2.512433638912625611e-05
6.345140718622133136e-05
5.946822511759819463e-06
3.542494368957704864e-07
2.502255711078760214e-06
1.529808832856360823e-05
3.413435706534073688e-06
8.318889967995346524e-07
2.554444563429569826e-06
5.485810106620192528e-06
1.403236001351615414e-05
1.706632474451907910e-06
1.130719192588003352e-05
5.227754445513710380e-05
4.513360636337893084e-06
1.295113615924492478e-04
4.774855042342096567e-04
5.260928332972980570e-07
1.965939418369089253e-06
1.675868043093942106e-05
4.077121502632508054e-07
1.171980784420156851e-06
1.143616259469126817e-06
2.066843990178313106e-06
9.617850764698232524e-07
7.260222446348052472e-06
2.321203737665200606e-06
1.162249958497341140e-07
1.524660888208018150e-06
1.753958713379688561e-06
5.345980014226370258e-08
4.000482647370517952e-07
6.989176199567737058e-06
6.052467824702034704e-07
5.550434707402018830e-07
2.189879353409196483e-07
1.972397512872703373e-06
2.477710268067312427e-07
2.008717501666978933e-06
3.371889306436059996e-06
1.171588592114858329e-04
3.308432496851310134e-07
3.136383156743249856e-06
1.092343245545635000e-05
4.010657448816346005e-06
4.453065685083856806e-07
6.264925559662515298e-06
6.104218300606589764e-06
5.104652132104092743e-07
4.723540030227013631e-07
4.987805937162193004e-07
2.693993224056612235e-07
5.656313533108914271e-07
4.429155069374246523e-06
1.484903862092323834e-07
7.505181656597414985e-06
4.160018249876884511e-07
5.208339189266553149e-06
1.018716261569352355e-06
1.088826252271246631e-06
5.366748155211098492e-05
2.447764245516736992e-06
9.561178740113973618e-05
1.401652389176888391e-05
9.399207101523643360e-08
2.888200697270804085e-06
1.318430008723225910e-06
5.219798140387865715e-07
4.290258948458358645e-05
6.604370810237014666e-06
4.563893526210449636e-06
1.803613827178196516e-06
1.787867631719564088e-07
3.198159174644388258e-05
1.114278711611405015e-05
6.297614618233637884e-06
4.017115315946284682e-06
3.003219262609491125e-06
1.014904853491316317e-07
5.767615789409319405e-07
1.090125920200080145e-06
4.076969730704149697e-07
3.971632395405322313e-06
4.983945132153166924e-07
3.350425458847894333e-06
1.691661395852861460e-06
1.050109403877286240e-07
6.017394866830727551e-07
2.933221821876941249e-06
1.833004034779150970e-06
1.735850560180551838e-06
1.429739882041758392e-06
6.869295816613885108e-07
6.106127784732962027e-06
2.343872154142445652e-07
2.119085564800116117e-07
3.752516931854188442e-06
8.527642876288155094e-07
5.667782829732459504e-07
1.859818752336650505e-07
3.580200313990644645e-07
4.612667510173196206e-07
6.843654176691416069e-08
4.731122942303045420e-07
8.986157240542524960e-08
1.446359334522639983e-07
1.802199420808392460e-07
8.575408401156892069e-07
5.789287271795728884e-08
5.586855422734515741e-07
1.251249415190613945e-07
2.594118200249795336e-07
1.589981366123538464e-06
3.127416903225821443e-06
1.137568460762850009e-06
3.583505531423725188e-06
1.365894604532513767e-06
1.377802732349664439e-06
5.204041713113838341e-07
2.575362145762483124e-07
1.045658422071937821e-07
1.497685957474459428e-06
3.686259560709004290e-06
7.031787845335202292e-07
7.497829983549308963e-07
2.162776581826619804e-06
1.980080384100801894e-07
2.092867134706466459e-06
3.679503208786627511e-07
6.118651754150050692e-07
3.210478553228313103e-06
2.295391823281534016e-07
1.070746566256275401e-05
1.104116381611675024e-05
5.716007080991403200e-07
9.417517139809206128e-05
8.319782551780008362e-08
2.683648858692322392e-07
1.022316737930850650e-07
2.249560338896117173e-06
5.397138238549814560e-07
1.051806430041324347e-05
4.857141902903094888e-06
1.474178930038760882e-07
2.108656005361808639e-08
1.395502977175056003e-06
1.727743097035272513e-06
2.231034841315704398e-06
5.354225507403498341e-08
4.700529032675149210e-08
2.012354727298770740e-08
2.328073060198221356e-05
1.020261788653442636e-05
6.119813065197377000e-07
1.255026518265367486e-06
8.655587180328438990e-08
2.510113006337633124e-07
3.073607501846709056e-07
2.253372599625436123e-07
4.054119926877319813e-06
9.649883025986127905e-08
3.587791468362411251e-07
1.819649514800403267e-05
1.741648520692251623e-05
