6.119522004155442119e-05
1.846618761192075908e-05
8.609608812548685819e-06
3.316948550491360947e-06
6.547418161062523723e-05
6.969667538214707747e-06
1.043891529661777895e-06
1.339009759249165654e-04
1.149666786659508944e-04
4.829262678640589002e-08
3.103506571733305464e-07
2.909527836436609505e-07
1.403312808179180138e-06
2.039322168911894551e-07
4.183433688353943580e-08
4.381410860787582351e-07
5.280692789710883517e-07
3.448308007136802189e-06
1.574772170442884089e-07
2.963067800010321662e-07
5.534374380999906862e-08
4.778116817760746926e-07
8.587630873080343008e-08
1.080058268598804716e-06
1.305737526990924380e-07
3.655404043456655927e-06
7.980279974617587868e-07
1.148806950368452817e-05
1.945771509781479836e-05
1.533911199658177793e-05
6.577791646122932434e-05
2.540691057220101357e-04
3.348910249769687653e-04
6.735301576554775238e-05
2.303085238963831216e-06
2.398395281488774344e-06
3.838656539301155135e-06
4.068091584485955536e-05
8.776588401815388352e-06
1.547917804600729141e-06
1.982581352422130294e-06
6.091857471801631618e-07
1.962481292139273137e-06
1.370173890791193116e-06
1.971729943761602044e-06
3.016701839442248456e-06
1.625688582862494513e-06
4.802720468433108181e-06
1.530353159751030034e-07
3.705088715832971502e-07
1.430665361112914979e-05
1.436344464309513569e-04
1.263938429474364966e-05
6.096480319683905691e-06
2.453683373460080475e-05
4.225076281727524474e-06
2.647730798344127834e-05
1.172744418909132946e-06
1.325279583852534415e-07
2.234553721791598946e-05
6.338460370898246765e-04
1.588888000696897507e-03
3.857620686176232994e-05
1.627237361390143633e-05
2.486711764504434541e-06
3.876746745845593978e-07
3.594972440623678267e-06
1.402766429237090051e-05
2.764503506114124320e-06
8.350835969395120628e-07
2.820296174377290299e-07
1.393457023368682712e-05
1.521595152098598192e-07
3.699333603890408995e-07
7.108788508958241437e-07
3.056210005070170155e-07
1.380124558636453003e-05
9.089939112527645193e-07
1.503595740359742194e-05
5.008056177757680416e-06
9.218241281416794664e-09
8.396141737421203288e-08
1.505678483226802200e-06
1.073264570550236385e-07
8.118944094803737244e-08
3.307596614376961952e-07
4.663861091103171930e-06
5.366272307583130896e-05
4.427430394571274519e-05
3.115060962954885326e-06
3.197523255948908627e-06
6.695686494140318246e-08
2.400817322723014513e-07
1.308145692746620625e-05
2.184160439355764538e-05
4.817141885382625333e-08
8.121399332594592124e-06
1.627486540201061871e-06
2.627059458859548613e-08
3.896931957569904625e-06
2.304826409726956626e-07
1.989081965803052299e-07
1.512520384494564496e-06
1.986385468626394868e-04
1.827486848924309015e-04
7.980595910339616239e-06
1.440123742213472724e-04
8.973638614406809211e-06
6.998670301072706934e-07
1.432835574632917996e-06
2.976414180011488497e-06
2.636330918903695419e-06
9.730014018714427948e-03
4.136085772188380361e-05
5.013140616938471794e-04
5.591853096120757982e-06
6.241314258659258485e-05
1.518855810900276992e-06
6.839928682893514633e-04
1.312472450081259012e-04
6.665246928605483845e-06
6.521849427372217178e-04
2.149626845493912697e-03
9.518791193841025233e-05
8.703195489943027496e-04
1.399656175635755062e-03
5.476262595038861036e-05
4.190056017705501290e-07
9.496869779468397610e-08
3.363826181157492101e-05
1.012271313811652362e-04
2.324487837768174359e-07
1.433238168146999669e-07
2.571765435277484357e-06
2.460157020323094912e-07
3.647714308385729964e-08
8.940797329159977380e-07
6.430808241475460818e-08
6.999655255413017585e-08
6.202634494911762886e-08
3.192475617197487736e-07
3.317786934076139005e-08
7.350575970122008584e-08
3.809168447332922369e-08
1.804670972660460393e-07
4.408095719554694369e-07
5.532089986104438140e-08
6.098004234900145093e-08
2.126556886139496783e-08
4.287246611056616530e-06
8.342844921571668237e-07
4.024902284145355225e-01
2.346399412544997176e-07
5.192676781007321551e-06
7.118484063539654016e-05
2.326479443581774831e-05
1.140641143138054758e-05
9.509172969046630897e-07
3.276611096225678921e-04
2.281320281326770782e-03
2.782320916594471782e-05
1.496407669037580490e-02
8.383474312722682953e-03
3.328775614500045776e-02
1.235385425388813019e-04
1.040949937305413187e-04
5.571086076088249683e-04
2.725419290072750300e-05
1.149041578173637390e-02
9.012382361106574535e-05
3.099599416600540280e-05
3.199216350913047791e-02
7.731216959655284882e-03
6.479572039097547531e-03
2.068233152385801077e-05
1.945356871146941558e-06
3.025335317943245173e-04
9.116100045503117144e-06
5.183420144021511078e-03
2.268409822136163712e-03
1.099475938826799393e-02
1.110820903704734519e-05
9.451698861084878445e-05
3.333315987674723146e-07
3.316746442578732967e-04
7.193285273388028145e-05
5.457223232951946557e-05
5.619826697511598468e-05
6.992496764723910019e-06
2.128220949089154601e-04
1.179108608084789012e-06
5.732668432756327093e-05
9.384891018271446228e-05
2.529677112761419266e-05
2.498685717000626028e-06
1.170975505374372005e-03
3.915324850822798908e-05
9.611377436158363707e-07
2.223961018898990005e-06
1.307702859776327386e-05
7.583275305478309747e-07
4.740741132991388440e-06
1.646872624405659735e-05
2.299987136211711913e-05
5.040506948716938496e-05
6.333723376883426681e-06
2.434023144815000705e-06
1.295354566536843777e-03
3.119853697717189789e-02
8.398722112178802490e-02
6.349953036988154054e-05
2.317757718265056610e-02
8.504635770805180073e-04
1.586343423696234822e-04
1.572861037857364863e-06
3.946315555367618799e-04
4.495055327424779534e-05
4.874324986303690821e-06
6.583169306395575404e-05
7.489062263630330563e-04
3.333548374939709902e-05
4.534706476988503709e-07
2.370488073211163282e-05
7.005810039117932320e-05
1.085036501535796560e-06
2.547515090554952621e-03
4.641250143322395161e-06
2.006169641390442848e-03
2.634062639117473736e-07
2.794157808239106089e-06
3.280655437265522778e-05
2.126598883478436619e-05
1.377263970425701700e-06
2.767955322724446887e-07
1.958183565875515342e-04
1.505622756667435169e-03
2.500201808288693428e-04
1.187383476644754410e-02
1.601266412762925029e-04
6.870741344755515456e-06
6.293730621109716594e-06
7.307155465241521597e-05
2.982839476317167282e-03
3.841636003926396370e-03
1.674251507211010903e-05
6.627697497606277466e-02
4.704992752522230148e-03
1.131422031903639436e-04
1.652262290008366108e-04
1.242901907971827313e-05
3.305102873127907515e-04
6.492316606454551220e-04
3.553440137693542056e-07
2.562868176028132439e-03
1.181390369310975075e-03
4.149904725636588410e-06
4.831886144529562443e-07
2.013000994338653982e-05
4.772476586367702112e-06
1.148465744336135685e-04
7.112987077562138438e-05
3.224921272249048343e-07
1.471480063628405333e-04
8.291032165288925171e-03
5.304673686623573303e-04
4.397297379910014570e-05
4.586309660226106644e-05
2.051607771136332303e-05
8.585949399275705218e-05
6.093963293096749112e-06
3.880077201756648719e-06
5.843291091878199950e-06
7.232249572552973405e-06
2.176456851884722710e-03
2.811583271977724507e-06
1.088313410946284421e-06
5.053435234003700316e-05
4.567488213069736958e-05
8.881610483513213694e-06
1.537524099148868117e-07
2.145354528693133034e-06
4.167662700638175011e-05
3.276348579674959183e-04
1.052934476319933310e-05
1.566741731949150562e-03
1.522532547824084759e-03
1.873674955277238041e-05
4.749391155201010406e-05
7.770066986267920583e-06
3.330919753352645785e-07
8.764531003180309199e-07
2.967453838209621608e-05
2.341027311558718793e-06
1.820863758439372759e-06
1.418607524783510598e-07
6.900240236973331776e-07
1.170263089989020955e-06
7.471801666270039277e-08
1.468961727368878201e-06
9.110972314374521375e-06
3.753069961476285243e-07
7.948485745146172121e-07
3.764314726595330285e-07
4.570211160626058700e-07
1.176289629256643821e-06
5.592324896497302689e-07
2.664242056198418140e-04
1.965184083019266836e-06
2.078174219377615373e-07
1.621777073523844592e-06
3.625356157499481924e-06
7.738036060800368432e-07
4.402254489832557738e-06
7.543230458395555615e-05
7.033297151792794466e-05
1.890783278213348240e-05
3.402583843126194552e-06
6.897790171933593228e-06
4.748843025481619406e-07
3.972077706748677883e-07
2.630836490880028578e-07
6.810192303419171367e-07
3.082488575500974548e-08
1.593912628550242516e-07
3.918923852097577765e-08
1.970812490981188603e-06
2.061779440509781125e-07
2.806564225465990603e-05
9.394266271556261927e-07
1.519498528068652377e-05
9.430584759684279561e-05
5.464167315949453041e-06
1.556131974211893976e-05
7.414935971610248089e-04
5.984227868793823291e-08
1.714875565994589124e-07
1.873319206424639560e-07
3.569773070921655744e-06
1.387745869578793645e-04
1.007301762001588941e-05
3.427110755183093715e-07
1.036598999053239822e-02
5.054299890616675839e-06
5.127216695655079093e-07
2.692710495466599241e-06
7.369675131485564634e-06
1.071544346586961183e-07
6.329405266569665400e-08
2.745179153862409294e-05
2.258289669043733738e-06
6.272874202295497525e-07
2.976187033709720708e-06
1.200682390845031478e-06
3.561686753528192639e-06
3.078757345065241680e-06
1.177303602162282914e-05
9.115257416851818562e-04
6.436011517507722601e-06
2.545220195315778255e-05
9.765041177161037922e-04
7.817960749889607541e-07
1.798119046725332737e-05
2.665941065060906112e-05
3.890131483785808086e-05
7.781946806062478572e-06
1.618710570028270013e-07
5.101928834960745007e-08
4.465722440727404319e-07
2.758320306384121068e-06
4.271545961387346324e-08
6.291563892091289745e-08
5.988022167002782226e-07
1.769626464920293074e-06
4.097707642358727753e-05
4.503374952946614940e-07
7.966546533566543076e-09
1.111702749767573550e-05
6.724149898218456656e-06
4.611810072674416006e-05
1.228904920935747214e-06
5.693513685400830582e-06
5.724896709580207244e-06
2.609552029753103852e-05
1.010737094020441873e-07
1.264465822714555543e-06
3.457892319147504168e-07
7.874412943920106045e-08
3.704269033732998651e-07
7.805311383890511934e-07
2.598681930976454169e-05
1.090579917217837647e-05
1.128020085161551833e-05
2.085072736690563033e-07
3.055503384530311450e-06
3.155303420498967171e-05
5.974551640974823385e-06
1.105538217416324187e-06
2.333943029952934012e-06
1.675908060860820115e-05
1.963245040315086953e-06
4.207225856589502655e-07
8.507725578965619206e-05
1.151003471022704616e-05
1.575697581301938044e-07
5.645969025636077276e-08
1.742508999313940876e-07
4.450641597486537648e-07
1.006193815555889159e-05
2.540034316211858822e-08
5.347839078240212984e-07
2.629745381454995368e-07
7.421479494951199740e-06
7.566559361293911934e-07
1.277349610973033123e-06
2.530216306695365347e-06
4.646624438464641571e-05
1.268702544621191919e-05
8.876631909515708685e-06
5.893486104469047859e-06
2.471758518368005753e-03
8.259050810011103749e-05
3.242575303374906071e-06
1.117802821681834757e-05
4.191424977761926129e-06
4.559906665235757828e-05
2.644798371420620242e-07
5.715750717172340956e-07
3.199072807547054254e-06
1.480250830354634672e-05
9.138052519119810313e-06
1.571037955727661029e-06
1.608380807738285512e-05
5.851393780176294968e-06
8.091786003205925226e-05
2.419311786070466042e-04
8.266836084658280015e-05
1.074537181011692155e-06
2.663380627154765534e-08
1.600666337253642268e-06
5.950921035946521442e-07
4.649137918022461236e-05
1.447152862965594977e-05
2.956427280764728494e-08
2.317904582014307380e-04
5.016978548155748285e-07
3.943933677419408923e-07
1.309730350840254687e-06
1.062663250195328146e-05
2.437296188873006031e-06
1.094457324768427497e-08
3.737475537946011173e-07
2.949925874418113381e-05
1.421166234649717808e-04
1.895991658784623723e-06
1.703042585177172441e-06
6.235024920897558331e-05
7.506899692089064047e-06
2.296655584359541535e-04
2.204116356097074458e-07
1.463153921577031724e-06
3.294518080565467244e-08
3.358005358222726500e-07
2.591292229681130266e-07
3.866087718051858246e-05
2.710240914893802255e-05
8.422122164120082743e-07
2.428873358439886943e-06
9.351820684969425201e-03
9.021832738653756678e-07
6.552340892085339874e-07
9.251303708879277110e-05
4.849157519970503927e-08
1.208685375786444638e-06
2.695834837140864693e-06
6.895115802763029933e-07
8.401605555263813585e-06
1.265138853341341019e-04
1.071914880412805360e-06
2.996409057232085615e-05
1.364714876217476558e-06
6.609175034100189805e-05
1.702191866570501588e-06
1.713699475658359006e-06
1.564046137048080709e-08
1.893365180194450659e-07
3.375346568645909429e-05
5.198211056267609820e-06
6.432866939576342702e-05
1.413932068317080848e-06
3.564653297871700488e-06
4.007180223197792657e-07
2.822813712555216625e-06
6.001271231070859358e-06
1.939132232564588776e-07
8.764798167248954996e-07
6.947313409000344109e-07
5.456317448988556862e-04
3.641077626070909901e-07
1.202233875119418371e-06
6.570516270585358143e-04
1.117782488790908246e-07
2.729240077314898372e-05
3.900480805896222591e-05
3.100984713455545716e-06
2.473532804287970066e-04
2.075016482194769196e-06
6.170441793074132875e-07
2.162840701203094795e-06
1.003170400508679450e-04
2.498419007679331116e-06
8.026383824244476273e-08
7.401310426757845562e-07
6.803295491408789530e-06
3.444431349635124207e-04
1.331335988652426749e-05
9.431826183572411537e-04
1.433262787031708285e-05
7.866756845942290965e-08
4.027278555440716445e-05
1.233289458468789235e-05
1.327751579083269462e-05
3.323246492072939873e-04
1.364718855256796815e-06
4.506206460064277053e-05
1.695349283181712963e-07
2.389643860567502998e-08
4.911502742288575973e-07
9.275535148844937794e-07
1.439502466382691637e-05
3.398405533516779542e-05
2.919475991802755743e-05
2.342920197406783700e-05
4.200942669285723241e-07
2.635982525589497527e-07
2.403125545242801309e-04
1.700672100923839025e-07
2.840335184828290949e-07
9.118303978539188392e-07
4.436269307461770950e-08
6.360322731779888272e-05
7.436300109020521631e-08
5.027510633226484060e-05
1.018128823488950729e-04
3.448404822847805917e-05
4.429989712662063539e-05
2.080862486764090136e-06
1.915040775202214718e-05
3.874286491623024631e-08
3.697668660151975928e-07
1.066844220076745842e-06
2.904875771037040977e-07
1.593899924046127126e-06
1.225475862156599760e-04
4.840901056013535708e-06
3.989211094790334755e-08
4.141392309975344688e-06
5.581761797657236457e-06
7.636660939169814810e-07
7.727424235781654716e-05
1.661795181462366600e-06
2.728766230575274676e-05
8.774461690563839511e-08
1.337346816399076488e-06
1.828454287533531897e-06
1.015759920619530021e-07
1.117376413617421349e-07
4.267187978257425129e-05
9.260961087420582771e-04
4.072050796821713448e-04
3.341240812915202696e-07
4.441993496584473178e-06
1.397519213242048863e-06
5.616778071271255612e-05
7.202194751698698383e-07
1.174154590444231872e-06
1.226365498041559476e-06
1.258056414599195705e-07
2.872244749596575275e-06
3.823218435172748286e-07
8.867971246218075976e-07
1.854428774095140398e-06
1.745711756484524813e-06
6.551916158059611917e-05
3.228699938517820556e-07
7.084786830091616139e-06
9.223804227076470852e-06
2.460552472882682196e-08
1.060490176314488053e-04
1.401469216943951324e-05
1.046105353452730924e-05
1.038852360579767264e-06
6.145664956420660019e-04
3.097374019489507191e-07
9.513786993920803070e-03
5.197705831960774958e-06
1.415086217093630694e-07
2.514559855626430362e-05
7.690011329941626173e-07
3.374094319497089600e-07
9.561634897181647830e-07
5.840834091941360384e-06
6.045453346814610995e-07
1.387121883453801274e-04
3.515764603889692808e-07
5.155434905645961408e-07
2.983049625981948338e-06
2.406236308161169291e-05
3.312355838716030121e-04
8.468259693472646177e-06
1.690976745294392458e-07
7.690220627409871668e-06
6.273116923694033176e-06
3.804307652899296954e-06
3.719393589562969282e-06
3.523730265442281961e-05
1.346684598502179142e-06
6.731316716468427330e-06
1.081167738448129967e-05
1.630456827115267515e-04
1.240616347786271945e-05
8.171257650246843696e-05
1.887393409560900182e-06
1.239766424987465143e-04
3.883727458742214367e-06
5.202334705245448276e-07
1.219080445480358321e-07
6.352230411721393466e-05
3.700930847116978839e-06
9.830381486608530395e-08
2.097635006066411734e-04
8.706291509952279739e-07
3.789355105254799128e-05
9.592478136255522259e-07
8.049930329434573650e-05
3.431208597248769365e-07
2.185804532928159460e-07
1.390201532558421604e-06
2.301148924743756652e-06
5.049445803706475999e-07
1.658858508335470106e-07
3.171845435190334683e-07
2.891222829930484295e-04
9.975731245503993705e-07
4.980600788258016109e-04
5.812267318106023595e-06
3.327427293697837740e-07
1.031965410902557778e-07
7.221170380944386125e-05
7.370901471404067706e-07
8.794337986728351098e-07
6.409119669115170836e-05
1.343119583907537162e-05
7.278084376594051719e-05
4.658199941331986338e-07
5.458074156194925308e-06
1.503976363892434165e-06
9.014484021463431418e-06
7.407807061099447310e-07
8.927838644012808800e-05
8.595231338404119015e-05
3.000898516347660916e-07
7.304336691049684305e-08
8.234201231971383095e-08
1.309149588735181169e-08
1.609575292604858987e-06
1.072421014214341994e-06
4.644978616852313280e-06
3.346399125803145580e-06
7.811718205630313605e-08
1.663658281358948443e-06
2.155963301220253925e-07
1.049964311050644028e-07
1.248028866029926576e-06
4.464317316887900233e-05
8.680640166858211160e-05
7.020034900051541626e-07
5.069854669272899628e-04
3.822597136604599655e-06
6.076076169847510755e-05
3.008167936968675349e-07
2.953110961243510246e-03
5.543293809751048684e-05
7.402263122457952704e-07
5.951985713181784377e-06
9.128719102591276169e-04
2.232689553238742519e-07
1.880385696040320909e-07
3.871237765906698769e-07
3.083145929849706590e-05
1.646212979267147603e-07
4.133611128054326400e-06
1.409699179930612445e-04
6.137033778941258788e-06
1.490822910454880912e-06
2.217779666580099729e-07
4.983008921044529416e-07
3.520180325722321868e-05
7.721763104200363159e-04
2.459801784482351650e-08
4.309733776608482003e-05
1.842447090893983841e-04
3.805574124271515757e-06
4.365228960523381829e-05
1.867369860519829672e-06
1.987630412259022705e-06
4.433979086115868995e-07
6.178393618938571308e-08
1.035162495099939406e-04
1.430684477554677869e-07
1.535770206828601658e-05
1.621781848371028900e-06
1.821876480789796915e-06
2.504017402316094376e-06
1.104596094592125155e-06
9.038927964866161346e-05
2.249424113642817247e-07
5.003711976314662024e-06
1.963458544196328148e-06
1.913715124146619928e-07
6.115298601798713207e-04
5.555945790547411889e-06
2.979022610816173255e-05
1.522378588560968637e-04
1.198494464915711433e-05
1.071147934794680623e-07
1.566401915624737740e-04
5.534132014872739092e-06
8.432095910393400118e-07
1.377796143060550094e-04
3.392951555269974051e-07
1.016125139585710713e-07
2.914347860496491194e-04
1.367226559523260221e-06
1.300209873988933396e-06
2.738445914474141318e-07
2.996827561219106428e-06
6.838643457740545273e-06
3.072997787967324257e-05
1.859608914855925832e-06
3.669859870569780469e-05
3.896186899510212243e-05
9.205253263644408435e-06
1.163049546448746696e-05
2.637746547407004982e-06
1.480924993302323855e-06
5.057451062384643592e-07
1.553912511553789955e-06
2.991441288031637669e-04
1.356220536763430573e-06
2.663388158907764591e-06
4.550401718006469309e-05
6.598764343834773172e-07
9.399678901900188066e-07
2.764433702395763248e-05
2.882810122173395939e-06
7.452004524566291366e-08
2.365506333035227726e-07
9.334752348877373151e-07
5.753985874434874859e-07
1.337325215899909381e-06
1.040045826812274754e-04
4.882297071162611246e-04
1.544830593047663569e-05
8.347328730451408774e-06
2.717932147788815200e-06
3.829610250249970704e-06
7.019326556473970413e-03
5.461916771309915930e-06
1.295813581236870959e-05
2.953146031359210610e-05
2.941603270301129669e-06
4.023429937660694122e-06
1.192927447846159339e-05
1.613585845916531980e-05
2.075698466796893626e-05
1.017680733639281243e-05
6.351309275487437844e-05
1.219355993953286088e-07
2.915527693403419107e-05
2.208921614510472864e-06
1.203087094836519100e-06
2.819591884417604888e-07
1.996003447857219726e-06
5.888980012969113886e-06
1.144814537838101387e-03
6.916917045600712299e-04
4.436011749930912629e-06
3.336716076773882378e-07
9.395319466420914978e-06
1.924284151755273342e-05
3.363325959071516991e-05
3.206261026207357645e-04
1.531069187876710203e-06
1.016958500258624554e-03
1.260004637515521608e-06
1.678215085121337324e-06
1.776726276148110628e-05
2.648334717378020287e-03
2.669534524102346040e-06
5.386409611674025655e-06
1.702967274468392134e-04
2.817354015860473737e-06
1.381441308012654190e-07
2.352591188525821053e-08
5.682626579073257744e-06
1.651574712013825774e-04
3.761958851100644097e-06
4.370099659922743740e-08
1.976484782062470913e-04
3.175629171892069280e-05
2.333211739369289717e-07
5.524543114006519318e-03
1.004499594614571834e-07
4.879532381892204285e-03
4.247983653726805642e-08
9.190340932718754630e-08
4.812091447092825547e-06
6.899829685380609590e-08
8.073279218479001429e-07
2.600434709165710956e-05
6.174779798584495438e-09
4.833713163066022389e-08
3.254518333051237278e-06
7.364557677647098899e-05
2.739038973231799901e-05
5.790620889456477016e-07
1.961214820767054334e-06
2.197227331635076553e-06
6.641721847699955106e-05
8.537651865481166169e-07
5.145974500919692218e-05
1.171143503597704694e-05
4.858871989199542440e-07
9.439671266875393485e-09
1.949237412190996110e-05
5.467941477377280535e-08
1.751143463479820639e-05
5.997698463033884764e-05
1.835447910707443953e-04
5.793473434323459514e-08
2.532814050937304273e-06
2.799463109113276005e-04
1.505396539869252592e-05
3.541834075804217719e-06
1.849630706374227884e-07
7.941841031424701214e-04
4.081119186594150960e-06
2.586508252022667875e-08
4.245481250109151006e-06
5.040095857111737132e-06
1.898090413305908442e-04
2.102143844240345061e-05
1.413895952282473445e-04
2.930758213892659114e-08
1.086570136976661161e-06
2.847067435141070746e-06
7.157171211247259635e-08
1.379902641929220408e-06
1.943141967331030173e-07
1.389580138493329287e-04
2.175683675886830315e-06
1.424609399691689759e-05
7.216033850454550702e-07
2.253453430967056192e-06
4.207582549042854225e-07
5.117150067235343158e-05
6.650614068348659202e-07
1.556539928060374223e-07
2.511379716452211142e-05
5.470841642818413675e-06
5.963695912214461714e-06
1.407098011441121344e-07
3.113992761427653022e-07
8.478914423903916031e-07
2.272244188361582928e-07
1.301864976994693279e-04
2.250134457426611334e-05
3.171169510096660815e-06
3.428483807965676533e-07
1.659789268160238862e-05
6.178676812851335853e-06
4.668208930524997413e-06
1.663498096604598686e-06
1.240549954673042521e-05
9.869453378996695392e-07
1.797527511371299624e-05
5.908128514420241117e-06
3.074145297432551160e-06
4.290653166094671178e-08
1.004884779831627384e-05
1.650734304803336272e-07
2.191095336456783116e-05
1.162837179435882717e-06
1.022963942887145095e-06
2.518492237868485972e-06
5.445714990059968841e-08
4.316658760217251256e-06
2.847612267942167819e-05
1.480380014982074499e-04
1.740790139592718333e-05
8.278934160443895962e-08
2.894740305237064604e-07
5.369912250898778439e-04
2.824437688104808331e-04
2.175894223910290748e-05
1.151761171058751643e-05
2.014771598624065518e-05
1.451862499379785731e-05
2.327262791368411854e-07
5.218563819653354585e-05
1.843965845182538033e-03
3.419868107812362723e-06
3.788870515109010739e-07
1.377472891306297242e-08
1.014219286332718184e-08
2.909927729888295289e-07
8.612609576630347874e-07
1.111741858039749786e-05
2.725742815528064966e-04
2.928817934844119009e-07
1.820746433622844052e-07
1.331610292254481465e-05
4.332652679295279086e-06
2.259720349684357643e-04
4.740720760310068727e-05
2.275767201354028657e-06
4.721515324490610510e-06
9.298741497332230210e-05
2.344192238524556160e-03
1.697806641459465027e-02
1.929657650180160999e-03
6.805337034165859222e-04
4.196602851152420044e-03
5.224960856139659882e-03
8.591540157794952393e-03
1.133009282057173550e-04
3.365273369126953185e-05
1.566129940329119563e-04
1.079431240214034915e-04
6.074806879041716456e-05
2.647450673975981772e-05
4.978610741090960801e-05
1.265132887056097388e-04
4.938910205964930356e-05
1.073499061021720991e-05
7.739150896668434143e-04
7.867409834716454498e-08
3.788412141148000956e-05
4.090254369657486677e-04
6.047021815902553499e-05
7.692747749388217926e-05
4.774422632181085646e-05
8.923948189476504922e-05
9.514543489785864949e-05
2.138615585863590240e-03
3.859243224724195898e-05
3.012644301634281874e-04
8.033538237214088440e-03
1.308013395373563981e-07
5.063749267719686031e-05
1.180874314741231501e-04
3.584126476198434830e-03
9.336933726444840431e-05
1.576090231537818909e-02
5.505786975845694542e-04
1.508984249085187912e-02
1.416689192410558462e-04
2.082949322357308120e-06
8.465263817925006151e-06
2.095798481605015695e-05
1.442462433942637290e-07
2.098421537084504962e-04
5.419956892183108721e-07
3.412662579194147838e-07
2.581294289427660260e-08
4.638008874735533027e-07
3.058187019178149058e-07
1.278085619560442865e-06
2.321353207435095101e-07
1.254198522815386241e-08
1.244107892262036330e-07
2.524087449273793027e-06
1.326870005868840963e-06
4.532179076477405033e-08
5.531076752163244237e-08
7.644329258482684963e-08
3.569950195014826022e-06
1.552831265144050121e-03
8.482448379254492465e-07
4.159734999120701104e-06
1.271731071028625593e-05
1.576907925482373685e-05
2.448725172143895179e-05
1.635809894651174545e-04
3.746979928109794855e-05
9.722277354740072042e-06
5.284057988319545984e-05
1.125409617088735104e-03
9.463722235523164272e-04
2.448804661980830133e-05
