5.605454989066060989e-10
7.341268704053049987e-10
1.309416186590084408e-10
7.849153965677757583e-11
2.160505802040191270e-10
3.912210111423064518e-09
1.098196200643997145e-09
5.116465584542595479e-10
2.265928555900131869e-09
2.145001398723422881e-10
3.912006552031499496e-10
3.805349368946053801e-09
4.143331899797431106e-09
1.219289114118282669e-09
2.785603747668119468e-09
2.596942383359390760e-10
1.250837211586031117e-09
7.989234829253177850e-10
6.215735703918312538e-10
1.449508402195931467e-09
1.088131695858862713e-09
9.525401578613923448e-10
1.644163138969645388e-09
2.413407473866868713e-09
9.500946696050505125e-09
1.620384049161316398e-09
4.025469402257897400e-10
1.330191845561046193e-09
1.019078710307042002e-09
3.645556356790535801e-10
5.544916747979300453e-10
9.701867087485993579e-10
2.304219454130063127e-10
3.924936209376284069e-10
1.537878269175507739e-09
2.027425172190788771e-10
4.040847101371980443e-10
1.036652208519228680e-09
1.108556024753681868e-10
4.211107018647908262e-10
1.892629608590823409e-09
1.854928294298119340e-10
3.448694108065808450e-10
6.330814761312808514e-10
1.327742499279693789e-10
3.878358467712672564e-10
2.513398156267498962e-09
5.292136728840546311e-10
1.230958668330117689e-09
2.121762904261359495e-10
4.370597772584972063e-10
3.441597284936648293e-10
1.349408584871980565e-09
8.300647391656923446e-10
2.853081104703392157e-10
1.132116955737672015e-09
5.147613446609966559e-10
8.978268822845691943e-11
3.075328602886173712e-10
3.262462522357623129e-10
5.218583898347617378e-10
3.617062482863531159e-10
3.295307915429646073e-10
3.920514191069202070e-10
5.494686927676184496e-10
4.991693725031609574e-10
8.555708919111282285e-11
6.824345533118503226e-10
3.599641418272625515e-11
1.058502618889178848e-09
4.369680728366631683e-10
4.093957117756730213e-10
2.933520759640373399e-09
1.281025174826311286e-09
1.241036939880757473e-09
9.231402864351423432e-10
3.638894185975516393e-10
5.146022497015678709e-10
7.194388973452703340e-10
1.071811639441477837e-09
2.888436156922580267e-10
7.827595516207708215e-11
1.779898228804199789e-09
2.593789072413699159e-10
2.656543734991245742e-11
4.714992840604281810e-10
8.608602164450473992e-10
1.653519210442766507e-09
1.907251911958951496e-09
1.482552858256269701e-09
4.124251162807013316e-09
1.855552045348929369e-09
6.044259537318907860e-10
1.793799137006502065e-10
4.194587344130695783e-09
1.968758212012033937e-10
6.652097761516984065e-10
5.822972104496670909e-10
3.332549791679184636e-10
1.467901578067198898e-09
3.761443656546958891e-10
1.941608296363028785e-08
2.943248977871348870e-10
3.997262520982758360e-09
1.619188449986097567e-09
1.464361298886274199e-09
4.370089012883937585e-10
1.969243657029551287e-09
4.087980232103660683e-10
3.295251571611146346e-10
2.412454902511740329e-09
1.701675467202790060e-09
9.802553213589249026e-10
3.238038726038894310e-09
2.732486015233348553e-09
1.548631001213607306e-09
2.204060711719080246e-09
4.979091791645906540e-11
9.863637684404125139e-10
1.603305405106780768e-10
1.095707378995225412e-11
9.254285671111972533e-10
9.812280987731014648e-10
1.530611470901277471e-10
1.336491251002769332e-09
4.042350343347322905e-10
3.010439675321663344e-09
3.085645905454015292e-10
9.387901567237122435e-11
1.620476752783872598e-09
5.075477815807971638e-10
2.167340612535539890e-10
3.049714369929290569e-10
9.288043112398725043e-10
1.035806329596766773e-09
2.511183205822220543e-10
6.318076617439771780e-10
1.237714930546474079e-10
4.131860478762128253e-11
2.038406249349478117e-10
3.568266515596718591e-10
7.927318801392857495e-10
9.074599405245464823e-10
7.864172646421252466e-10
1.173084518413247679e-09
3.679130111677864079e-09
6.001021901624881139e-10
6.274435415676293815e-10
7.242076383029427689e-11
6.237258265429090898e-09
2.454360714665426713e-09
3.892754918410901155e-08
9.738697315242461627e-08
9.647068921481150028e-09
7.508853627768985461e-07
7.866911033715950907e-08
1.680290750982749159e-07
4.892732619055095711e-08
2.945268029463932180e-08
1.951542799361050129e-05
1.489036321800085716e-06
2.234093471997766756e-06
4.784227257914608344e-06
2.411316745565272868e-05
1.203810825245454907e-06
1.263485273739206605e-06
7.116698270692722872e-06
5.261636488285148516e-06
1.247671316377818584e-04
1.400100728687903029e-07
2.838387081283144653e-05
9.678782220134962699e-10
1.399933613477344352e-09
3.483764032807812328e-08
1.639352603888255544e-06
3.943986957892775536e-04
7.100793908421110245e-08
3.259711718328617280e-07
5.444268936116714031e-06
1.839686802895812434e-07
1.625431309548730496e-07
4.409336185062784352e-08
2.531781774450792000e-06
1.695213569519182784e-08
8.014105333131738007e-06
1.478588183090323582e-05
9.974422710001817904e-07
1.362623081035962969e-08
1.164363538919133134e-06
4.341938506513542961e-07
1.531980728941562120e-07
1.990066721191396937e-06
4.979263508175790776e-07
1.339904656560975127e-06
1.961573161679552868e-06
5.967695226871683190e-09
5.622013432571293379e-08
4.454860516034386819e-07
5.818858994643960614e-08
3.584478136531288328e-08
4.636324592866003513e-04
9.995977023891100544e-08
7.573974016850115731e-06
5.305834438473766568e-09
6.927172080395394005e-07
3.621708892751485109e-04
1.053142477758228779e-04
9.671075940132141113e-01
4.404989071190357208e-03
3.157504252158105373e-04
6.045104328222805634e-07
2.126717481587547809e-05
3.386439857422374189e-05
1.378887973260134459e-04
9.001066064229235053e-05
1.465665845898911357e-04
7.291549118235707283e-04
2.618375560814456549e-07
1.148695810115896165e-05
4.424288272275589406e-05
2.486157231032848358e-03
5.514785925697651692e-07
2.291458426043391228e-03
4.100752803992691042e-08
9.076983928935078438e-07
1.011519543681060895e-07
4.528781573753803968e-06
1.685468873802165035e-06
3.197306739366467809e-07
4.731838316729408689e-07
1.563473006171989255e-06
2.122209480148740113e-05
2.069996480713598430e-05
2.055854793070466258e-07
4.626823283615522087e-06
4.274387174518778920e-05
6.718490794810350053e-07
2.990534930802368763e-09
7.403771451208740473e-05
2.467720150889363140e-05
1.948775570781435817e-05
6.696131094940938056e-06
1.539808351935789688e-07
1.027183316182345152e-05
9.976450353860855103e-03
8.501057635612596641e-10
1.102618057302606758e-06
1.847360399551689625e-04
4.042520686198258772e-06
8.206058623727585655e-07
1.119135504268342629e-07
2.752405237060884247e-07
3.671033539376367116e-07
1.941811866856824054e-08
1.833592300215514115e-08
3.417667699977755547e-03
2.667259890586137772e-03
2.654222305864095688e-03
2.767502849110314855e-07
1.277795576015705592e-07
1.173257478512823582e-04
1.915419716169708408e-07
7.645434862979527679e-08
1.745880808812216856e-06
7.730693027951929253e-07
8.152412078743509483e-08
9.056797267703586840e-08
3.224946112823090516e-06
7.823111047855491051e-09
3.255763090237451252e-07
1.012723828353045974e-06
1.638789086655378924e-07
6.052363943354066578e-08
1.511732534709153697e-06
1.614794520321538585e-08
8.912759419388294191e-09
1.035331251841853373e-07
4.221660354630785150e-09
2.463637960303799446e-09
3.378510360363407017e-09
1.227633994460575195e-09
3.885098021072508345e-09
2.802049792194338806e-08
3.415063565270770596e-09
1.144658257068442708e-09
5.889432275196782030e-10
8.575143262135043187e-09
9.632041830798243609e-10
4.182601764934901212e-10
9.864197653142170452e-11
7.427394255188346506e-10
1.590427274322792073e-07
4.942997566814710808e-09
1.882032840683223185e-08
1.142210862781212199e-06
5.935037350468519435e-09
2.510561785129539203e-07
8.927679928660836595e-09
1.119503822977208074e-09
1.890501799550747819e-08
1.633877200202249469e-10
5.408728576128396526e-09
1.877993038856828889e-10
7.168144966485101577e-10
3.012541771596488616e-09
8.901473447231467162e-10
3.048040930764273071e-09
3.640727164189172527e-10
2.598984083501676423e-10
1.423444806469831292e-09
1.442007735441563909e-09
4.975299727760784663e-09
2.072522597984516324e-09
4.931243191563794426e-10
1.634975377307057443e-09
5.131076119546662540e-10
2.021628003889830438e-11
5.923569634802561268e-09
5.199021213542209807e-10
3.225517630767171795e-10
1.220612499963635855e-10
2.566241663615187463e-10
4.969179512315236025e-10
9.498152264697523606e-10
6.552961645533983415e-11
7.880043839669781391e-10
6.858782430896326332e-10
5.898439514595565925e-09
8.406233487079362021e-10
1.673256089240737765e-09
1.500067986492936711e-10
1.105834535053418222e-09
2.889252836979494532e-09
3.993624875242574035e-10
7.034449689413690976e-10
1.986092540429140740e-10
2.067752857826121726e-09
2.254125996969946755e-09
5.244339629228988997e-09
2.533753651334791357e-09
4.586694357655574095e-10
2.226637096924832804e-09
1.205430477657642996e-10
1.022770132474981608e-10
6.462500673487525660e-11
1.215315421632112702e-07
2.536385323992362828e-08
1.216785250335306046e-08
4.458513203076108766e-08
4.005769882464704779e-10
1.301920793395083820e-09
1.499678992100683672e-10
2.208330462938334904e-10
3.189618014154405046e-10
2.364499041007661617e-09
8.154527364467867301e-08
8.766294357087645039e-10
5.593204788212347012e-10
2.837267643052143740e-10
3.095679268483308988e-10
2.681363131529224120e-09
9.874155659783667716e-11
4.969625266859623025e-10
2.623037620441692752e-10
1.075615152501541161e-08
1.230035167054666090e-07
4.344312021231644394e-09
3.405545567769507898e-10
3.897703138022734493e-08
7.814625391233676055e-09
3.701151052304396671e-10
2.985212299577710837e-09
6.286813292177839685e-09
1.556948170389205188e-08
2.380553532077556156e-10
6.335389157730020315e-11
5.119123791530455492e-09
1.432460550176983816e-08
4.752592097645447211e-09
7.947719637968475581e-08
5.505200739719384728e-09
1.136097105280953201e-09
1.877854316489901976e-09
1.532937110582111018e-10
8.581012012065514227e-10
3.128678649488847441e-09
2.580044977662510064e-08
8.114133254188971023e-10
2.302529500397554330e-09
2.697067569279454347e-10
2.410866783986165274e-10
7.219668196611905842e-10
9.163128589229074805e-10
5.604147007565174476e-11
3.111788604570620009e-09
8.238549287220564565e-10
1.377531855945024475e-11
3.062380626861482824e-10
8.815931984429425938e-09
6.262061424955334132e-10
3.671893067380693765e-10
6.248117134788344629e-09
4.319433699606634036e-09
9.159575875550274304e-11
4.382403329117323665e-09
1.664781978938378870e-09
1.544762651128905873e-10
3.409344984106610355e-08
4.811265164050837484e-09
3.307486622361466289e-06
1.180507247511286550e-09
1.065914112530208513e-08
2.334780191404206562e-07
9.520193522405406839e-09
2.537946963698800573e-09
2.537337229213676437e-09
6.301522859075703309e-08
6.496175330994446995e-08
1.663420290398676116e-09
1.399192228745960165e-08
2.084761474563379124e-09
3.596023745444654196e-08
1.225640602342537022e-07
8.174748100664430694e-10
8.519529526296309996e-10
1.716439967935912136e-08
9.252905215362261515e-07
7.285354541863853228e-08
2.248075361421797425e-06
9.194106098675547400e-08
4.548080312360980315e-08
1.330601051563462534e-08
6.330697299716803172e-09
4.954137722279483569e-08
4.361197170510422438e-06
1.118739660910250677e-07
4.284348431582429839e-09
2.006396115916686540e-08
8.417099905955183203e-09
1.801391147360220657e-09
6.793569706786684037e-09
6.681220021675926546e-09
9.844223214372505026e-10
6.490585846563590167e-09
7.612967145576021721e-09
1.813461381061642896e-08
2.944541721561222403e-09
2.197789861213550466e-08
2.225583939363673380e-09
2.503430209799262229e-07
4.691897004249767633e-08
1.132592131192211582e-09
9.237395737216047564e-09
4.437553657865578316e-10
2.802089948961139498e-10
1.935048787871096465e-09
1.302417507176301115e-09
1.531711113500477950e-08
6.389748175017473386e-10
5.211792331039077908e-09
8.698609832435977296e-09
2.381080055346984636e-10
4.551725041324061749e-08
4.879066636931383982e-06
3.599361642070419975e-10
7.485352782055088028e-09
6.644413352852041044e-10
2.275838628662540941e-09
2.024548528822833759e-08
3.208131094112331994e-09
2.141262500643392741e-09
2.956929145980780049e-09
3.151977125526173040e-06
1.508127289717720032e-09
1.412156641622530628e-10
2.628589612641007989e-08
9.713755355633679756e-10
2.303538471082333672e-10
1.057123011349858643e-08
2.070469129478169634e-08
2.005917920655519993e-08
2.523774300655645675e-09
3.716519358931691386e-08
7.579204486241053473e-10
6.895145787666479009e-09
1.183330144982619458e-08
4.257147412367601191e-10
7.568450399730863865e-08
7.310866578791319625e-09
7.395750856176164234e-08
8.275922724898521210e-10
4.039579692971528857e-08
2.797583942282244607e-09
8.407804452659206618e-10
4.296156763672343004e-09
1.443325903238701358e-09
8.844748933256596501e-09
4.173789758254997651e-09
2.981938584944998638e-10
3.346852128771615753e-09
1.838924568176025787e-10
6.732462365377500646e-10
1.350924350163040799e-07
2.131881338129915093e-09
7.361379950054924848e-09
2.201401061441288221e-09
6.292619314507419404e-09
1.276707877195804031e-07
3.497111933370433690e-08
7.424791892418625139e-09
2.624128692119143125e-10
3.655342695196850400e-08
6.803188012938221618e-10
2.874542270880908745e-10
2.314202518505226180e-08
5.274155157053428411e-08
2.085640549154277323e-09
7.866202800244082027e-09
5.030779348658143135e-09
1.933109139429234347e-08
2.991910053040669482e-09
1.014111550290408559e-08
3.943277420148660894e-07
4.255258367891201488e-09
2.372702312403163205e-10
3.028361561518977396e-09
1.490471857046316018e-09
3.533268122524191313e-09
7.264693380193421035e-08
2.355201011994267901e-08
1.182336404781381134e-06
5.336954131962556858e-07
1.214783384995143933e-09
1.820617101522259418e-09
4.428648310295102419e-07
1.506793245731330444e-09
8.956196673182148515e-09
1.754116141228223569e-07
4.365549033380489163e-10
2.007023249461781234e-05
8.551797603395527858e-10
9.720969806892298948e-09
1.009368322257842010e-08
8.691602602084458340e-07
1.155195405999620561e-08
2.269414656197454860e-09
3.296999062651906343e-10
3.249600866173096847e-10
9.740229733878891238e-10
8.126327166735336505e-09
4.115419116601515270e-09
6.417280928872060031e-09
1.074564352165907621e-06
2.612468907869924806e-09
6.525338602791919129e-10
2.533498566492653481e-08
2.960288547626532818e-08
1.129851989745134233e-09
6.043017641843562160e-09
3.510919910354459716e-08
1.833615814739175676e-09
1.285372608350598966e-08
2.429379186708047200e-08
3.465217557341304655e-10
6.853786982397025440e-10
7.211015784491792147e-09
3.404013182439769025e-10
1.139041927444850444e-08
1.492056966867494339e-08
1.836195306914589764e-09
9.847346049696170667e-09
1.262252595779500552e-07
2.908848162341826082e-10
3.532998560373812325e-09
2.312070535026578000e-07
1.183267599458304176e-07
1.700588558861682031e-09
1.362241075497649945e-08
2.062668436053627374e-08
3.315370422640739889e-09
1.466889276713345680e-08
9.349741425523916405e-09
7.928215417507544771e-09
9.170191273000227739e-10
6.708341437899889570e-09
6.889624426520413181e-09
8.549563279558469731e-10
2.267066534500372654e-08
1.914133207492341171e-08
3.476102676813752623e-07
2.197198867293082003e-08
1.072613819985690498e-08
3.251884095334389713e-09
5.066929986696777632e-09
1.540135574629175608e-09
1.422340822898604529e-08
5.218966947495573550e-08
7.228390108693361071e-10
2.598097958994571854e-09
1.644797542610376695e-08
3.728175546058309919e-09
6.694715892763269949e-09
1.326339855722835637e-07
3.512398150107287620e-09
7.413428981806191587e-09
1.254684800500172059e-08
5.182084983346157969e-09
1.050818809744669124e-08
4.938879527571771177e-09
3.234139711594252731e-08
2.294179424211506557e-08
2.300168056024176622e-09
1.484465661505396383e-09
6.309454070319020502e-10
6.142757968952139436e-10
3.583411611884912418e-08
2.769540818903237778e-09
9.000412859450079850e-09
4.065503045325158382e-09
1.222748124973804806e-08
2.396551046501826931e-08
6.335342277452582493e-07
1.943082850175414933e-08
3.406084858603719567e-10
9.733005512657655345e-10
4.521532925849669482e-09
4.447961998721439159e-09
6.616022729666326541e-10
4.336825065731630957e-10
6.946110797656501745e-09
9.687536328684132059e-10
7.437293447765114252e-09
7.579396665846616088e-09
3.083288069305467616e-09
1.041299757531533032e-08
1.874405874957574270e-08
1.034580199288370750e-09
1.833854668120693532e-08
2.463070458702532051e-08
2.847744973166754789e-08
8.728820444225959818e-10
2.911060192900549737e-08
2.722451153402971613e-09
9.035915127242333256e-09
6.400350915924946094e-09
6.345551861741682842e-10
1.868746712929691967e-09
1.514732694829490356e-08
2.505021745591307081e-10
2.654792496947777636e-10
2.531441012365576171e-08
6.462301627152555739e-08
3.733688358487086134e-10
9.982730198032641056e-09
1.754023237765522936e-08
2.834641499305234902e-08
2.116808284213789193e-09
2.802850174177251574e-09
2.400488696707725467e-09
5.335039965359555936e-09
1.140763060902827419e-06
2.547307031974810343e-09
1.025734785997656218e-08
2.399329623870016803e-10
3.095924583362830163e-08
5.002361191941417928e-09
1.174349284482900657e-09
1.974152397110628954e-08
4.116641194595871411e-10
3.912879464884611025e-10
2.911363816693324225e-09
1.369226731995354385e-09
3.329846975930195185e-08
1.048336351061607274e-08
4.839435518988466356e-10
7.220140485486581383e-09
4.557028660201467574e-06
2.949162025700502454e-09
5.366159072650589223e-08
6.713970490679344039e-10
1.556666084923108428e-08
1.693853057815886132e-08
3.020475869419669834e-09
4.098483330494673282e-09
8.854179611716972431e-10
2.958520326501457021e-07
4.627795924250222015e-09
1.181592185206525869e-10
3.398040515634193071e-09
1.293682827530062696e-09
1.122043880030787477e-08
1.611028821457693994e-08
2.699420909024752291e-09
2.166663080060970969e-06
2.726124659346851331e-09
3.179265206654235953e-08
1.963708484709059121e-08
2.873070492626084160e-08
6.009153730168748098e-10
2.314414260240482690e-08
7.519660130128613673e-07
1.442300145981789683e-08
3.625679667607073497e-08
2.451783842616350739e-08
5.864258856291826305e-09
2.139176302762280102e-07
1.943449667862751085e-08
6.484637538051174488e-08
3.624211819541756086e-09
1.877073829703590491e-09
2.611060345714122377e-08
9.374451215293788664e-10
3.014082095020853558e-09
3.181714447464401019e-09
2.835234713671752615e-09
1.439748043008393097e-10
6.124478346691830666e-08
7.371259869159985101e-08
4.148814269910872099e-08
3.574869511524525478e-09
6.461718271566496696e-09
7.563078163741465687e-09
5.290699078841498704e-08
1.952425110474109715e-09
1.136621685660088588e-09
2.072621629878312888e-09
1.411523953276372367e-10
7.522055200936961228e-11
2.276694921476973832e-08
1.256348580724875319e-09
1.002462668431292059e-09
4.855786883695145661e-08
8.822205188607767923e-09
3.596200031097396277e-07
1.333575583295498745e-09
1.216476608334460252e-08
5.546529635580554896e-08
3.692684602540907690e-09
1.778870917235053639e-08
1.030995466777540059e-08
8.278390417615355545e-09
1.654399284234386869e-09
1.836045626646409801e-08
1.064550336771219463e-09
2.414305422249185540e-09
1.471259558627480146e-09
6.353777948220340477e-09
1.160272056210942537e-08
9.697427305610517578e-10
3.631883960242276999e-10
1.185704121553499135e-07
2.372879670531347074e-09
2.800815401826639572e-08
5.272060565886249606e-09
1.708966550495460979e-07
5.440398798128853741e-09
5.325445329162903363e-08
2.660656832631502766e-07
2.393572451353520592e-08
8.100896065066365281e-10
2.468775761599317775e-08
7.387492360066971742e-07
7.519075362338867308e-10
2.567462020763855435e-09
6.854339318351776456e-09
2.410593147317285911e-08
1.813523553551021905e-08
9.191770011796052131e-09
1.595960981148891733e-07
2.524422200167464325e-07
1.095549650997895696e-09
5.352550402903943905e-09
1.399533156032362058e-09
1.695695495129712072e-08
1.535035654143257489e-09
1.397194804297896553e-08
4.331584257943887906e-10
3.507268642177763240e-10
1.208280423270480242e-06
9.839577330694737611e-08
1.813131866867934150e-09
9.309738757679042465e-09
5.601227570650735288e-08
3.209134735726593135e-09
9.176039483804743213e-09
6.473209737123397645e-07
1.701152996247401461e-09
6.153276221887438169e-10
3.363354039720434230e-10
6.128798801796619955e-09
6.213525693965493701e-08
4.828384803090557398e-08
2.024288647817229503e-07
1.764590962238798966e-07
1.211482114626960538e-08
6.985024558758823332e-09
5.271175496091018431e-09
2.745756262356735533e-07
4.087904681426834941e-09
6.923572755113127641e-07
1.209666700141553974e-09
4.382219476184445739e-09
1.970389629235569373e-09
1.679772987372984971e-09
6.738709146247856552e-09
1.261640718439593911e-04
6.253589646121326950e-09
1.066648369629774606e-08
3.572901263737549016e-08
3.175954388368040782e-09
5.135905478681479508e-09
2.263347766984225018e-07
1.733726162633786316e-09
1.897760739666409791e-07
6.135731922540799133e-10
2.403306442744224114e-09
6.246899109108028370e-10
1.298766605373202765e-08
1.497468105071675382e-08
6.287232956481147994e-09
1.509891545126151868e-09
1.675002692103078061e-09
1.851610953451654495e-08
4.241353490641586177e-09
5.697162741569172795e-09
9.818055701771299937e-08
1.766400998803874245e-07
4.786690865898890479e-08
3.520453617511520861e-07
1.746067956887031869e-09
3.982893570508849734e-09
3.375111390369056608e-08
1.954380129953747769e-10
8.470984469433062714e-10
8.542505036679415298e-10
3.335826503914063323e-09
9.718897331367770676e-08
1.054041121051341179e-07
3.666892567366630828e-08
1.050984632655627138e-09
1.160743039463341120e-07
7.947579483413846901e-09
2.010460598000918253e-08
4.139787179724407906e-08
1.928299830922242108e-08
2.631478857040292496e-08
5.338480768557474221e-09
9.013964019644049586e-10
3.306524476442973537e-08
1.438825725230685748e-10
1.354114598228761679e-08
4.787649743320798734e-08
1.100791501812636852e-03
1.047240738571986185e-09
9.357480346139368521e-10
2.353466532767356512e-09
2.466355342178871979e-09
3.939899795302181928e-10
3.635122203249352424e-09
5.046482787207651199e-09
1.627154300187783065e-09
4.774634465576355069e-09
1.121025583472601284e-08
2.961139555779368493e-09
4.342977977245254806e-09
4.502239470127733512e-09
4.681688281493734394e-08
2.865479942215642950e-08
1.698799856342247949e-08
1.044051733956052885e-09
7.666433532449445920e-08
2.949117172690307598e-09
1.211306521753385823e-08
4.000539899351451822e-10
1.477912103808876054e-08
2.079133393229071203e-10
1.502052327850833535e-06
1.499909352276063146e-08
6.288825016298460469e-10
3.823510397182872111e-08
8.361032755033193098e-09
4.749637572132314745e-09
9.335710160485177767e-07
5.163749983161380896e-10
4.576365397745973951e-10
1.729166321240427351e-08
1.572353447443219920e-08
3.280013760598166073e-10
2.689035216718593801e-09
1.455400799876827023e-09
1.279821759680999094e-08
7.508183519355782209e-10
1.760560195407379069e-07
5.380081380401691149e-10
3.530607139978769737e-09
2.176663072006590482e-09
2.044161950820466700e-09
2.224187767296825768e-07
9.976530179756082362e-08
1.152495077150206271e-08
8.919051275313449878e-09
6.651092870901820220e-11
5.876646014257858042e-08
1.402847882303603910e-08
4.047872721457679290e-07
1.788045267403504113e-08
2.617385475023326080e-10
1.765386947738534218e-09
1.142368688533679233e-08
1.547284522729341916e-09
1.783052461235001829e-08
1.938036842119572611e-09
1.760032120046162163e-08
4.508613482556711460e-10
9.226121533423281562e-10
3.525176817120723172e-09
6.712277809128863737e-07
3.145472771137747259e-10
1.259722903768079050e-08
4.050672242073005691e-09
1.168210772561906197e-08
4.790908558760520464e-09
1.754942524634373058e-09
1.898852408643847411e-09
5.936305225162641364e-09
6.552965392536691525e-10
4.927541041865879379e-09
5.754067777807847506e-10
2.202518389893270978e-09
9.058094292413443327e-06
1.583304687358122465e-08
7.389292733250840683e-08
3.414998506201527562e-09
1.854108533372311740e-09
1.074866595729417895e-08
4.813431431216486089e-09
8.543405982663898612e-09
6.780912542581063462e-08
2.962438738762784851e-09
4.360077809906215407e-08
1.545815586645460371e-09
3.702209927514132914e-10
5.638085998072028815e-09
2.777599128478414059e-08
2.102860552355423351e-09
3.732622655405748446e-09
1.137990368604846481e-09
1.015418060745787443e-08
1.254283574780856725e-07
4.962732003122027891e-09
7.505811083774460712e-09
4.602481595838980866e-08
4.543887766050858090e-10
8.167765352951050772e-10
1.012437866876325643e-08
1.545748595788154489e-08
2.342588345527474303e-09
1.524502413197126316e-09
2.073785054790278082e-08
4.241060003185026517e-10
6.649256145685455976e-10
1.005450389612860818e-08
2.238594420944650665e-09
1.962382034648157969e-09
1.168783470006928837e-08
1.295468710083014230e-08
3.379290181015903727e-09
4.081677218437107513e-10
1.714257713558708929e-08
1.831372054006408234e-09
2.671490140215837528e-09
1.910230729151862761e-08
1.615612865712989787e-09
1.043713737658436003e-08
1.321459941472369337e-09
1.811847596400184557e-07
1.704475671715499629e-09
1.360341173040069407e-07
7.783965472185627732e-09
2.260214593263754068e-08
8.749139190911137121e-10
1.207539068737162324e-09
2.808672627807595745e-09
5.794752455656748680e-10
1.111432794687061687e-07
1.039668018343320455e-09
4.082471305455470656e-10
1.703747756209850195e-07
1.046158715212186507e-09
1.014750061756330979e-08
1.352083511818591433e-08
3.210365306927087659e-09
1.121399417769453066e-09
1.055279308381784631e-09
2.039393931507760271e-10
8.692705222301810863e-09
1.229496837673593745e-09
4.956514643161824551e-10
3.659556568891275674e-08
4.318152946325426456e-07
