2.067490401103100339e-09
9.875934792180629529e-11
1.567266760815755333e-09
5.305664796395603844e-10
5.415172199541018472e-10
5.138967917872605540e-09
1.325417198216882753e-08
2.368780505079826071e-09
1.618260525582115861e-09
1.095639898252009914e-10
1.102664182184298625e-08
1.261114684902864269e-10
1.418171691192071648e-10
3.779824453431501752e-09
1.485577216797651090e-09
4.611217629957309327e-09
2.520935543648405996e-11
3.895601174974672176e-09
2.197659693115028290e-10
8.477570312415139142e-10
1.956573965344876598e-11
1.614698652563362202e-10
4.023367750072281979e-11
1.563957297001650204e-10
3.459437625252803628e-09
7.982021710262188208e-10
4.680636767062651415e-09
3.682460780751739549e-09
3.161235051507560456e-09
7.403423707419420907e-11
6.143477948583608850e-10
1.599193777401808347e-09
1.732597176840044995e-09
3.351731336920238391e-08
2.254038911075895157e-08
4.246778484429114542e-10
3.701368100905710889e-09
5.053701901402973817e-09
1.635223179086153777e-09
6.639491179072365412e-10
1.544599032010651740e-10
1.991279502400189472e-10
1.236196700560299178e-10
6.626919013541510139e-09
6.507008820655357795e-11
6.697375432018759511e-10
1.052037970628028063e-10
4.922968144249750821e-10
2.164983470276382604e-10
9.629877451011736866e-11
1.067558597078743787e-09
3.544660387433395954e-08
1.706035090975888124e-09
1.922714654156720826e-09
3.399424297612085866e-09
4.304721579195813774e-10
1.170131325167744762e-09
9.349442331441082388e-10
1.110876876597721719e-10
5.255827995043205192e-10
8.573429188807324408e-10
2.791541886537629580e-09
8.730293710179637401e-10
1.052618547880967981e-09
4.022901733957695569e-10
8.793704431298010604e-09
2.203493915109433487e-10
4.894141758526870944e-10
1.259047865964646462e-10
1.132333893316683771e-09
9.872493933471560013e-10
2.275727828404683351e-09
1.815711692110255626e-09
4.037222223196579307e-10
3.224905342769091021e-10
3.052662012059670360e-10
2.830272016751678166e-09
5.587696971787181610e-10
3.997168818159479997e-08
6.896779258802610002e-10
2.579922109280374798e-10
1.231125271172750502e-11
1.060896093196816992e-10
8.176029298034848125e-11
2.505119445217474095e-10
7.793044543014104875e-10
5.279720549644650873e-10
3.684329730191393537e-09
2.611710314681658929e-08
9.296269309899685140e-11
1.064851873344707656e-09
3.299518436250536979e-10
3.496809786174281953e-11
1.065942542566311602e-10
1.394723919689866420e-10
7.268750185085437465e-11
1.437162194806163029e-10
2.648003205596438647e-10
1.815927963555452607e-11
9.983319032569326623e-11
5.000090272377910594e-11
3.139131621310298215e-08
3.381772292754270381e-11
6.404276664540020647e-09
3.953379845711424423e-09
3.397054015863432141e-08
8.909742277296572865e-09
1.691790374458435053e-09
8.462074096993177363e-11
6.852261119627556241e-11
4.631243832875497901e-09
6.690305198731039127e-09
7.027378678969853354e-09
2.475919747002564009e-10
7.916541200359006325e-09
4.687558119442769566e-10
3.352069910533828079e-08
4.257443564359419952e-10
2.475199600837640901e-08
4.466931546875940739e-10
5.657885271403984007e-11
1.590458253986071213e-08
8.967499098844200489e-08
6.506419403251584299e-09
5.024157978539278702e-09
8.504669857245517051e-09
1.684495032350241672e-08
1.494217423403387812e-11
2.168586317463638835e-11
5.194295341071075711e-11
2.216674239996496709e-11
2.233720292066365687e-10
1.282782994410647248e-11
9.640757636653063400e-11
1.447019327277532241e-11
7.514528929664088253e-12
8.839743381727771521e-10
4.649098814257790480e-11
5.773407099618488303e-11
4.194474975682815909e-11
6.372225663797692619e-11
1.668698339230001437e-11
4.427993041677957820e-11
4.516240159624373973e-11
3.940727952289613256e-11
6.154514120559895218e-10
1.150423246248921672e-11
9.241065135334736169e-10
3.465524811563369667e-10
4.057780500499319487e-10
3.370219303633348318e-08
1.992863047917126096e-07
2.410436850119879182e-10
1.243511738024949409e-09
2.311698743540091527e-08
3.237751400320121320e-09
5.312026374326705991e-09
5.358437027425111410e-10
1.844220491875603329e-07
1.147272050729952753e-04
1.292677751507653738e-07
4.362016334198415279e-04
8.444207196589559317e-06
5.763135850429534912e-02
3.296262584626674652e-03
4.789780974388122559e-01
6.762672273907810450e-05
1.752981347635795828e-06
1.225173240527510643e-03
1.031454655020525024e-08
8.124122530261956854e-08
2.303055168795253849e-08
3.227844302955418243e-08
1.143221961541485143e-08
2.109246679538046010e-06
2.019827434196486138e-06
2.998305603796325158e-07
9.326600292069997522e-08
9.776683327800128609e-06
2.190278337366180494e-06
1.779014382918830961e-05
5.540494729672218455e-09
7.710452223363972735e-07
1.785368297646527935e-08
7.717657979355863063e-08
3.361174094607122242e-08
3.803351589226622309e-08
2.231235640692830202e-08
1.455872133959701387e-08
1.059666061564712436e-07
8.754455493864554683e-10
1.606135992915369570e-05
1.853714293176267347e-09
1.623839978037722176e-07
9.255834321209022164e-09
7.853792993728347938e-08
9.776313980580653151e-09
3.932048855403991183e-07
8.673853812979359645e-08
2.512954511146858749e-09
2.729867219386505894e-06
5.411599701687919151e-08
5.707593686565815005e-07
1.714202668701148013e-09
1.261532212026850175e-08
1.160632905339298304e-06
9.227397157474115374e-08
5.109602625452680513e-07
3.686516356538049877e-05
2.431409711789456196e-06
8.390731522922578733e-07
1.565625893817923497e-06
9.529313160783203784e-07
1.421694150849361904e-06
1.595296780578792095e-04
2.437815282974042930e-08
3.958165351036768698e-08
1.916546032987298531e-08
3.643457091584423324e-08
7.758989113426650874e-07
4.940947633258474525e-07
4.256714980499509693e-09
1.955646951046219328e-07
1.174472501475065656e-07
5.215458642737758055e-08
1.217294357047649100e-05
1.709711483499631868e-07
2.089638473989907652e-05
5.309149564425297285e-09
3.755508259928319603e-08
4.239839057618155493e-08
9.483642315899487585e-08
9.048927829269359790e-09
6.203524804959670291e-08
4.432384073734283447e-01
2.079480909742414951e-04
9.708148427307605743e-03
6.679914804408326745e-05
3.776767698582261801e-04
1.046449142450001091e-05
3.870346699841320515e-05
5.606746344710700214e-05
1.560134296596515924e-05
1.532460097223520279e-03
1.345232944004237652e-03
2.390380018368887249e-07
7.746971095912158489e-04
2.293054239999037236e-05
2.655435693554863974e-08
8.061876144438429037e-08
4.908992679020229843e-08
5.298333690006984398e-06
1.705518748451595457e-08
5.113441403636898031e-08
1.329593942500650883e-06
6.058526196284219623e-06
3.476289521131548099e-06
5.542104020150873112e-08
2.041062430180318188e-09
5.140722514340723137e-09
4.273259946785401553e-06
1.783744707495316106e-08
6.207966407600906678e-07
4.688143917519482784e-08
1.263451991917463602e-07
4.608378123549528027e-09
1.811574557031292443e-09
1.264029769743046927e-08
6.461514434619175518e-09
1.211005073997739601e-08
2.804916965359893766e-09
5.779439593567303746e-09
8.135469187209309894e-09
1.854313609328528401e-07
1.916318659311855299e-09
3.285196337188267535e-09
1.015889594668806239e-08
9.269363054897894472e-10
1.629366974675861002e-09
1.432249371186022913e-11
1.056811527178069809e-08
7.551211922418588074e-08
7.453230210785477539e-08
2.182854313970139515e-10
1.638301383444229486e-09
1.584302999901865405e-08
1.041046537864076527e-08
1.254809922635047315e-09
4.789523888604207968e-09
9.690669378059624250e-10
2.121156050804984261e-08
1.272829592835478252e-07
1.304896670717425877e-07
5.523454138511851852e-09
3.710266982537291369e-09
6.330661221909394953e-07
7.589486372694409511e-09
8.202811763169393089e-09
4.245829035576242916e-11
6.093321403000118153e-10
1.419486889142618224e-10
1.309228170320864137e-09
2.449746849819689487e-09
2.579067182040262196e-09
9.193181327304955630e-09
2.690539735450414582e-10
8.265129025630812976e-09
6.422141290984839657e-11
1.299914065278073849e-10
2.501133966603674708e-09
3.224720768191247089e-10
2.483815153553337041e-09
2.451906455647190342e-09
1.598274984582204183e-10
8.092337466791832412e-09
1.947988159667346508e-10
7.011750624563717338e-10
1.102001867536728241e-08
5.534419034169957285e-10
6.795319168473312743e-11
2.644040021648752514e-11
5.181397533249310072e-09
1.301770469197549573e-09
7.081978337097893927e-10
1.852493852760872528e-10
3.709047791122799254e-10
1.800956495046079908e-09
8.270754081607378794e-10
6.889745440830097323e-10
8.484655755758296891e-10
3.150995464551442637e-09
5.665156121992254157e-10
1.858620202188632220e-10
2.265704845960669900e-10
1.374072661208813884e-10
2.772697627051456948e-10
3.508350721048714149e-09
2.752171157638372279e-09
7.327084716735043912e-08
5.768529476313233317e-08
9.296829084348701144e-09
5.003131420266981877e-08
1.200707422377433886e-09
2.821781142081647431e-10
3.751347232849866487e-09
5.365614015317987651e-07
3.687305039079546987e-08
2.241523189283611828e-09
1.992782294735206960e-08
1.269692545546874385e-10
5.385455970063901532e-10
5.123995450162510679e-08
3.490096656122432250e-09
1.946953043230337244e-09
7.799978440914401290e-09
1.501344826237982488e-08
1.203394495163934153e-09
6.889337988980059890e-10
6.454146106449343279e-10
4.426365385334918301e-10
3.027132711164171042e-10
3.501990919474451402e-10
1.274084060476354807e-09
9.070985629300309938e-11
2.400088128240440710e-09
6.262248941624193321e-09
1.632427970577055021e-09
1.583604247734626824e-09
1.042536279527439547e-09
1.255705317504407503e-09
1.967903895394584879e-10
2.434026591391358352e-10
1.272478233893536981e-10
1.174752396054801196e-11
2.303390117530668135e-11
5.283727275151584024e-11
4.284529953046956052e-10
2.223883160956674487e-10
7.820144531933692633e-10
1.580765385256199806e-08
7.988678052406328334e-10
4.840695067009903596e-10
5.171985617558050308e-10
2.122335640564187997e-10
6.280188036278389063e-10
1.606611554905157391e-08
5.203949715593125802e-09
3.603719822553586027e-10
2.803216325730772951e-09
3.790921798696444966e-09
5.069969777338201311e-09
6.812117980814491602e-09
1.715259045909078850e-09
1.118142661793442016e-10
1.119588599607368451e-08
1.054686671331239722e-09
1.541276550831582881e-10
6.619803039065175199e-10
3.827459238436858868e-09
1.656434562846698100e-07
4.175099377334845485e-09
1.410111050148543654e-08
9.758820418426239485e-09
2.215511975267592248e-11
1.129606616578904266e-10
4.695860367220916487e-11
1.060520449236435070e-09
1.586927256269632380e-09
1.811210625923820317e-10
9.610933382475650433e-09
2.725321301966232568e-09
3.701878270589986641e-08
7.308196270372491199e-09
2.656305619908039262e-09
6.564260957020451315e-08
2.053469039253741357e-08
7.561883896833876406e-10
7.433396120859470102e-10
1.822515804938973361e-09
1.213256273224772031e-09
2.742284799239769200e-08
4.624272520459271618e-08
2.156550351628538920e-07
1.404589422548951916e-08
4.385880103541239805e-08
1.457094445100892699e-08
2.413194621908587578e-08
7.122367406964258407e-08
7.037942850729450583e-07
4.629309824366600878e-09
1.510872538190710657e-09
2.732349280165635719e-08
2.308732316436135079e-09
1.808344052278698655e-08
1.894492597784847021e-04
2.136634691396466224e-08
3.357665534498011084e-10
5.518997481246401549e-10
6.046559919425931184e-10
7.805663670978901791e-09
3.788637403800976244e-09
4.229213645956519940e-10
5.967959459951543977e-10
8.252357730498260935e-08
1.752612610594894704e-09
1.096545146350713651e-10
4.286346833026755121e-09
4.620179794301293441e-09
1.672639449168400461e-08
1.578089436904406284e-09
6.299638588558309493e-09
2.436457036125716513e-09
5.076048736896154878e-08
1.749026035113843136e-09
1.795441351148951981e-09
7.364040044421926723e-09
1.189469855944480514e-09
9.450462101767698186e-08
4.729843627870877754e-09
1.721972342494382247e-09
2.929613773794415010e-10
1.947851657746468845e-09
1.069633492889465742e-09
1.010084105246278341e-07
1.427895490735409112e-08
2.610717899642622797e-07
2.382073649442872920e-09
2.060819213056674926e-07
1.048764852740191600e-09
3.309327034628495312e-09
7.018805980862907745e-09
1.609181587980401673e-08
1.603744914646654252e-09
9.601400785541613914e-10
3.183520114191651373e-09
1.812152561342372792e-08
8.525694039640541178e-11
5.665685698375000356e-10
1.463428045411774292e-08
7.482504393863109726e-09
1.109187977021974802e-07
2.304267887609512400e-08
9.872894501938844769e-09
2.681935749870856256e-11
1.019748507857798359e-09
7.547335201252280967e-09
1.986481645843696242e-09
4.606209458302146231e-08
3.784448754373670454e-09
2.506373952826379536e-08
1.274806038509268546e-09
9.300872960693595815e-09
2.041366187199855631e-09
2.523221909189743428e-10
1.135842420119104190e-09
6.465789570420099608e-10
9.490789665278498433e-08
2.049590275277068940e-09
2.609692240085337289e-09
6.554100195899081882e-07
3.829748670969301827e-11
1.786894543442940630e-08
8.949622269938117824e-07
5.361646682189302737e-10
3.061341402599282446e-08
1.872295740668050712e-08
1.363905544060628472e-09
1.959471340740037704e-08
2.562324041832653165e-08
7.441410820874239107e-10
4.431248146197219739e-10
2.646014241047822679e-10
1.058494888961369895e-10
2.008403221509524883e-09
2.576208260052226251e-07
1.116265593736898154e-06
1.881176636686632264e-08
4.467027192589512197e-09
2.197565507344734215e-08
8.939957218956351426e-09
1.392505666331089742e-08
1.514487535381192629e-09
7.083859721035423718e-09
9.530012334835191723e-09
2.000710708216502098e-09
7.225250953091233441e-11
1.112278935622157405e-09
3.128896031157069046e-09
5.264862679155157821e-08
7.385040579066526334e-09
1.524525039542368177e-08
6.748314262949861586e-08
1.563913332169875048e-09
1.191015841506271045e-09
1.210378712812598678e-07
4.301202949363869266e-09
5.335439312581513605e-10
1.058654035546169325e-07
7.410007329955448085e-11
3.717671461345162243e-06
5.956424936615078991e-11
5.838070915586968113e-09
6.781290196045119956e-09
3.569401769709656946e-07
9.024370228871703148e-08
1.969283180969227942e-09
5.184118734291587316e-08
1.294201551482743184e-10
1.526718196309673203e-09
1.962848106273895610e-09
6.711364797240548796e-10
5.460705221338457704e-10
9.091611019584888709e-08
3.286092509213744961e-09
3.244437010718748127e-11
3.275296700522289939e-10
2.312271973892165988e-08
1.138718785931303046e-09
1.306587016358662368e-08
4.055216251686033502e-08
9.984549187436186912e-09
5.074081599332203041e-09
3.541502646697836099e-09
1.327415177776458677e-09
9.151084889857941107e-10
1.152862694198120153e-09
5.412572612328858668e-09
8.221392278073835769e-08
2.100714937114389613e-06
4.872776404596379507e-09
1.071680166830901726e-08
2.476866711731418036e-08
5.761540688986599434e-10
2.700272894173849636e-09
5.032614325273243594e-10
1.755891654298125104e-09
2.088798300992067425e-10
1.153479090021392039e-08
1.267687732564581893e-08
4.615344550984445959e-09
7.284024050591142441e-09
9.041729032155387813e-10
4.123869246086542262e-09
2.332287252215792250e-09
1.032578245130366668e-09
5.302187133793268004e-09
1.218985690165652613e-09
9.013735535745581728e-09
3.320486774427422461e-09
4.545915999187855050e-08
5.776474854002344728e-09
1.204186219183611684e-06
8.695676956271825020e-10
6.174803246494775522e-08
5.661032531634191400e-09
1.538319693850098702e-09
1.050120435053258916e-08
8.179500632365943602e-09
2.843116631012776452e-09
1.970777568915949018e-10
3.284502625433560752e-08
2.389326958507353993e-09
2.026913969999100118e-09
7.704858084878196678e-09
4.632257633030434363e-10
4.968355327150675294e-08
3.524222336181992432e-07
4.984595847190576023e-08
4.226091334658121923e-07
1.635993784887546099e-09
6.064760782464873046e-07
3.766058132015359661e-09
4.081247340081972652e-09
2.844590674122571272e-10
3.216990052123946953e-08
6.134675434310565834e-09
1.468877575128146873e-09
2.094101114735735791e-09
6.216859027574628271e-09
3.658888081403688375e-09
7.731529905186107499e-08
1.549247663490405102e-08
7.653419231701263925e-09
9.257082878022515615e-10
1.224611190231428282e-09
2.961496603504087943e-10
4.921843821392712925e-09
1.361807777655599239e-09
7.007335683928417325e-11
1.434528162924664230e-09
1.183588516084910225e-08
7.837167026458757846e-10
1.894015255743397574e-08
7.335918539297381358e-09
1.090774315315456988e-08
5.283732562588738801e-09
2.747127325619658222e-08
4.477009341030679934e-08
1.315192399431452941e-09
4.666381170359557018e-10
3.019286376471086442e-09
5.137426595247518435e-10
4.900617245340299633e-09
1.191010170487061259e-07
1.193870224902582322e-09
1.972052104948218698e-10
2.357578576805963166e-10
1.867722199122567872e-09
4.603254166735126773e-10
8.044180876964901472e-10
2.967672552145472764e-09
4.183798907320124272e-08
8.087384095745164814e-09
9.909493670079427829e-09
3.927922875845979434e-09
2.507898333448110861e-09
3.148586280588006048e-09
2.627326411985819732e-10
7.389623846165704890e-08
6.726050827410290367e-10
4.474627246509044198e-08
1.934256088631514103e-10
5.042773310037773626e-09
1.016448730739583084e-10
9.310883619662035926e-09
1.999612031511333043e-09
3.905175738339039526e-09
2.302958534983190475e-08
1.134655217005509087e-10
1.699442253588756557e-09
3.311068086375712483e-10
1.138510397069580904e-09
2.198587534252283149e-09
1.666751003881472570e-08
3.671345005784587556e-09
8.228432157864062901e-09
2.786285476759076118e-04
4.566438061015531957e-10
2.209848446454998339e-07
5.094404342820268994e-10
5.136664871230323115e-09
9.397396638632926624e-09
2.062134463187703659e-09
8.369955284415198093e-10
3.222947242420559633e-08
4.890570171056651816e-09
2.205060134485847811e-08
1.781733233174875863e-10
1.458123133346589384e-08
1.027558838018194365e-08
1.778930247553489608e-08
1.311526460767709068e-07
1.946993899437643449e-09
3.587099062229981428e-09
3.971213358155978312e-10
1.069262722808161925e-08
2.465534443274464138e-09
1.443840886850011884e-07
5.530258542774113550e-11
6.453623058177981875e-08
3.195026749835960800e-07
1.392773230080024405e-09
1.100436985979058591e-08
7.461724571555805596e-09
6.709614641664529699e-09
2.408434340850362787e-09
3.139902338133992998e-09
1.085227381736331154e-06
1.089605183857145221e-09
3.231242606815953877e-09
9.536885947625250992e-09
3.184696673041997883e-10
7.395580259306200333e-10
6.954309572648753601e-09
1.301110863494159275e-08
1.151017170464285755e-09
8.678627949620931759e-08
5.407194136886062097e-10
1.754385303698313692e-09
2.413893085417839757e-09
4.784016516268252417e-10
3.160965533766102453e-08
8.533430850832246506e-09
3.951347582464848074e-11
3.394911088361318718e-11
5.003005121295700519e-09
1.922696224454512048e-09
3.322783367898374252e-11
7.309531468990826397e-08
2.568249257706156641e-08
6.093335169765623505e-09
8.248136396105110180e-09
1.248214953619708467e-08
3.628441325176368082e-09
4.846665735414035225e-09
3.736426208433840657e-07
2.925895969951852749e-09
1.980323016681495574e-09
3.621224919925225549e-08
8.302132314952359593e-09
4.852067192473441537e-09
7.368944565655510814e-09
4.607281312019040342e-08
5.198641517267788004e-09
4.472165970881292196e-10
4.098197781132739692e-09
2.491184503128351935e-08
1.972882728296099231e-07
4.686085741667511684e-09
2.991815684083576343e-09
3.714566787493822630e-08
2.158860035184062554e-10
4.803246689277784753e-09
7.233293786157446448e-08
3.193713293825339861e-09
1.527061921358097152e-09
9.116316590507267392e-09
2.918328689816007682e-08
1.160881279993475346e-09
1.267558946693725375e-09
1.115417358477088783e-08
2.770817104646994267e-07
1.488262957316521806e-09
8.362571080056113715e-09
5.318280926758234273e-09
7.188319273154775146e-08
3.611168608586012851e-08
1.404643068525501803e-08
1.740723476473249320e-08
4.726743441096914466e-08
7.232803511669771979e-08
1.295178364557614259e-08
4.293023270207640962e-09
8.032333909113731352e-09
1.890968803763826145e-08
3.286309038230683655e-07
9.612069362674446893e-09
1.187656306633755321e-09
9.135032286167188431e-08
2.618941952192699318e-09
2.751991412530685466e-10
7.325273720937275357e-10
3.013959926079223806e-08
1.675160787861784684e-09
5.465542685101354436e-09
6.766710498595784884e-07
1.540881200412513863e-08
6.352196102454854554e-09
8.829283970612777921e-09
1.286924078414131145e-08
9.936407252553181024e-09
5.405935965541175392e-08
1.343494204775197431e-07
5.628824055747827515e-07
3.068295839625534427e-09
4.643051276786991366e-09
8.702588161213498097e-08
7.881360033934470266e-06
2.799363851835323658e-09
3.130550112473429181e-07
1.742469835086524199e-09
1.999577614597569664e-09
1.863178500371986956e-09
5.803241220903032627e-10
1.646839642432951223e-08
5.975776389277598355e-07
1.681836891975763137e-08
1.548001193896197947e-08
1.990037077348461025e-07
5.444553696776210927e-10
4.059196867522985031e-10
1.195030017697717994e-05
9.488256846879039585e-10
1.402538174488654477e-07
5.772151853711271485e-11
3.358242017803547697e-10
2.134356913430224267e-09
9.213551449560597462e-11
8.830575715101929291e-10
6.289142540083503263e-10
1.634034435538112007e-10
1.649239356193987760e-10
3.154454830678332655e-08
7.682328662106385764e-10
3.528136858221841976e-07
2.064464155182577088e-09
1.923675885251441287e-09
4.727050040287394950e-08
1.068408561621936315e-08
5.164513261490810692e-10
3.539296500321142958e-08
1.550796824290046061e-08
2.002037979842441473e-10
6.617111025786215350e-11
5.127825275508257619e-09
2.128945242318991404e-09
1.252533987639026236e-08
2.995599004407267785e-07
3.918852797824001755e-09
1.288202461369181151e-10
2.062966473204141948e-07
1.645632210056646727e-06
1.299477219163236441e-07
6.251627215902999524e-09
6.256231976919934823e-09
1.067701149715105657e-09
3.792889113896080744e-09
1.598021992510467726e-10
8.442672339015189209e-09
3.713146179418203019e-10
7.987936534448181192e-09
2.294080836406919843e-08
5.946983947069384158e-06
6.791512352499751159e-10
4.032565947831301401e-10
7.751585151538620266e-09
2.462370585210038598e-10
6.700595078790172465e-10
8.413121865835648805e-10
1.233021151847424335e-08
4.638413209079317312e-09
6.361705828794583795e-08
2.262488640880633284e-09
6.468247271129712317e-09
1.273741445650955484e-09
4.240934547983243874e-10
5.575158557036274942e-09
7.262521695139412259e-09
5.894227328440138081e-09
8.349597457879553986e-09
6.222932835697747578e-09
2.303088136867970093e-10
3.524306180224812124e-09
3.301449391646116283e-11
3.873881770921627776e-10
7.376885213794537322e-10
7.480296204676051275e-08
1.121990833574670887e-09
4.909924133933429857e-10
2.681407806903735036e-08
5.450645268467724236e-09
2.825272016337976311e-09
6.040554723085733713e-08
2.083409000874780759e-08
1.426212065114285110e-10
4.894111498288111761e-07
1.558669993073635851e-08
1.035801844295747287e-08
3.975646756249062719e-10
9.103493958662056684e-09
7.407439106543733942e-10
4.008771981034442433e-09
9.256717170558204089e-09
7.975193838660743495e-09
6.282407039037707364e-09
1.985548808702830570e-10
5.718658879771965076e-09
2.669544585387484403e-07
2.511499097579417139e-08
3.630185485548054203e-09
1.810212535424682301e-10
1.544796512931156940e-10
1.084511414006783525e-08
6.987455947182752425e-09
5.703629213371641526e-08
3.955886285211818176e-08
2.577837499018187373e-09
1.142569705514517864e-09
1.234874702493726772e-10
4.344284931789843540e-08
1.153373485607289695e-08
7.387576772543980042e-09
3.762154321407251700e-08
5.486701093460055745e-10
5.453086315831967568e-10
4.995500901827654161e-09
5.197729802119965825e-09
4.011456500307986062e-09
5.940255221048573731e-08
6.303135791085878736e-09
2.231979712163933982e-09
1.114911611921343138e-07
9.808621692641850132e-10
3.828401151650950851e-09
1.307636576797222006e-08
6.161464394249804855e-11
4.370976636192125397e-10
1.420313033850817419e-10
4.322553426305830726e-09
7.209771410998655483e-07
6.379543293633105350e-08
2.928515918654284178e-08
8.543495688684288325e-09
3.705855533553403802e-08
4.266520292617315135e-08
2.015483557826769356e-09
1.446930575355054316e-08
8.928999761792510981e-09
2.708040458543337081e-09
1.023041384939915588e-08
2.552594802196495039e-10
4.269426412406573945e-08
5.506946565425607787e-10
3.679512250442940058e-09
5.788099777248589817e-09
1.770278679202874628e-08
1.102362978677717820e-09
9.999999717180685366e-10
1.091437606959289042e-09
1.478645650365706388e-09
4.072893133866273274e-10
2.064427517822764457e-10
5.579273154587838235e-10
1.981161679154297417e-09
7.947768665417243028e-09
1.471538779718173373e-09
7.061780138428730424e-08
1.604304800117972718e-09
5.983034900847172821e-11
9.850956717016856601e-10
1.142761973937922448e-08
6.514864203666093090e-09
5.742484265880420935e-10
2.776738305954040698e-08
1.219027434551378519e-09
4.485650606511626393e-08
6.076387726317022953e-10
6.533377172601717575e-10
1.198773857957746714e-09
8.509399435085995833e-11
1.780995906308646681e-10
2.429625833855197925e-09
1.689657858072735053e-10
8.033268272811255883e-09
2.528929843315097514e-11
1.100803892484236712e-09
1.501609531162628741e-10
1.387578940637013147e-09
4.961219768340185965e-10
3.641332721460166510e-11
2.492417938704249991e-10
1.194139009896844073e-09
1.190813669893486804e-09
1.567394547485889689e-10
9.409745205246622390e-11
2.765217568811983995e-11
2.709809980572241983e-11
5.609459918787251809e-08
3.389561964439735675e-10
3.009344162752114471e-10
4.578300849544802986e-09
3.052488706245526373e-09
7.753987729675060336e-11
6.564074084280946408e-08
5.043983009045405197e-10
2.541126864485931947e-09
2.577222879551754886e-09
7.836599147381662078e-10
2.296624579400941002e-08
8.292791164876689436e-08
