4.537769484613818349e-07
1.942265726029290818e-07
6.895934379080870258e-10
1.327732923606106397e-10
3.788968250262314541e-09
3.657073932572529884e-08
5.455575902146847511e-08
2.565016075095627457e-07
1.681882622506236658e-06
2.186942849036199732e-09
3.015724203692116134e-08
2.442662960788766213e-09
1.416869466197567817e-08
8.456355260477721458e-08
1.237431774825381581e-07
2.640254933794494718e-05
3.392168546056950618e-09
7.021712633559218375e-08
1.830395923718697304e-08
3.466219311576423934e-09
4.671858011562335378e-09
1.094715162963666444e-08
2.223888806440754706e-08
1.154925044488663843e-08
2.390740228008780832e-08
2.170263400103067397e-07
3.634063432400580496e-07
1.439353354726335965e-06
2.459010204347578110e-07
3.405575377257719083e-09
5.273081526979694900e-08
2.433823631520226627e-08
3.541894955105817644e-08
1.256350401490635704e-07
4.162679445585126814e-08
4.477795414459251333e-07
1.171717144643480424e-06
1.108472770283697173e-05
1.734676402520562988e-09
9.512451981663616607e-08
2.431414181103264127e-09
6.448805933700896276e-09
3.961409422714723405e-09
9.367738584842300043e-09
4.084484750421779609e-09
1.009362904369481839e-08
9.105121989705367014e-09
1.220459955320052359e-09
3.781872592867330241e-08
8.179044996836637438e-09
3.279705751424444315e-08
9.648715604271274060e-08
2.387932873659792676e-08
7.761038745002224459e-08
9.084257612812507432e-08
4.576598655603447696e-08
2.630255835356365424e-08
1.815649319780732185e-08
4.335764458573976299e-08
1.760318113497305603e-08
1.974353978084764094e-07
3.716039032042317558e-08
3.900672140844108071e-08
1.666584239501389675e-07
4.062700398321794637e-08
3.393102332438502344e-08
4.040435097607542048e-09
3.211745092102091803e-09
1.043063413419531571e-08
1.676122129978807607e-09
7.660338141590727901e-09
6.473369751347490819e-08
6.674027552833194932e-09
3.344973009689056198e-08
4.821409049782232614e-09
1.621687495401147316e-08
1.348521720956341596e-07
6.424436538310374090e-09
6.554096376731877172e-09
2.747156599980371539e-07
1.125673509960734009e-08
2.328374826277013199e-09
3.727935506958601763e-07
8.067725332239206182e-08
5.084254084408712515e-08
1.375992724206298590e-07
1.295687468427786371e-07
4.738024372841209697e-08
1.010480659147106053e-07
1.100509994245157941e-08
9.076209153136005625e-07
5.140772429967910284e-08
2.670920817848809747e-09
8.529049466687865788e-09
1.107701663727311825e-08
2.711198732185948757e-08
6.120405515730453772e-08
1.508004459083167603e-07
6.989559597769812171e-09
2.718904390519583103e-08
2.765547613137187000e-08
5.638522182493943546e-08
4.307056400421060971e-08
1.361800912036414957e-07
3.311728562493954087e-07
4.251351981565676397e-08
1.961456291610375047e-06
1.871467532055248739e-07
1.100577229351529240e-08
1.213973988001271209e-08
3.728646724709960836e-09
7.358729625650539674e-09
1.462091070436599693e-08
2.813431265735744091e-08
3.794135352563898778e-07
4.841064438210196386e-09
2.898943485263316688e-08
6.031582455712225510e-10
4.725743565359152853e-07
1.809806171593209001e-08
3.988117835973525871e-09
3.231980940654466394e-07
5.328234919943497516e-07
1.325345380109865800e-07
1.999782881512146560e-07
5.475675024513293465e-08
6.581945211081574598e-09
2.898195683442850168e-09
3.532070635969830619e-09
1.233709245873626514e-09
3.087833100323678082e-09
3.066137566065663123e-08
2.230786666501671789e-09
5.058280017067318113e-09
8.351824121177742200e-09
6.368862770500527404e-09
7.215329844711959595e-08
4.098736994251339638e-08
8.665489992232267014e-10
4.998701008673833712e-09
6.507307470648981962e-10
5.861175100818627470e-09
2.715948355103137146e-09
6.878680380850710208e-08
3.956695526774467453e-10
1.283668105145352456e-08
1.127673621148517213e-09
3.883164623186274866e-10
1.251190928641676692e-09
2.624531481032477132e-09
4.090351808372361120e-07
4.280934263078961521e-06
2.359352002656578406e-08
8.550374985816233675e-08
1.085148369384114631e-06
2.619021017835621024e-07
2.202703399234451354e-06
2.291780702989854035e-07
7.639568502781912684e-05
4.411435656948015094e-05
1.993567622093905811e-07
3.651719453046098351e-05
1.263978265342302620e-05
1.325820921920239925e-03
1.049826751113869250e-04
4.571391269564628601e-02
6.486440724984277040e-06
1.219535761265433393e-06
4.124601837247610092e-04
9.389827226868874277e-08
1.118257500820618588e-06
9.609486539829958929e-08
1.320680187433254105e-08
9.458699423703365028e-08
1.376050931867212057e-06
1.099603196053067222e-05
1.500749249316868372e-07
2.127906327586970292e-06
7.799124432494863868e-06
3.205824032193049788e-05
3.238781573600135744e-05
3.732026243596919812e-07
1.287765917368233204e-04
5.384458290791371837e-06
3.940062015317380428e-05
5.197839527681935579e-06
3.170571289956569672e-06
9.146963748207781464e-06
1.551112745801219717e-06
5.251860420685261488e-05
3.398651529096241575e-07
5.004077684134244919e-03
3.917741651093820110e-07
1.544072074466384947e-05
3.145895846046187216e-07
8.163328288901539054e-07
4.698199518315959722e-06
7.183797424659132957e-05
3.172172728227451444e-05
2.453810793667798862e-06
2.384162826274405234e-06
2.565632712503429502e-05
2.406130806775763631e-05
8.301756224682321772e-07
3.876924381529534003e-07
4.314060061005875468e-05
1.872853135864716023e-05
5.958221208857139573e-06
3.022963355761021376e-04
1.921263174153864384e-04
8.395022632612381130e-06
5.578023774432949722e-05
4.637775055016390979e-05
4.330901720095425844e-04
1.067630723118782043e-01
2.865612486857571639e-06
7.014892617007717490e-06
3.822456733360013459e-07
5.811480150441639125e-06
1.686605901340954006e-05
1.812534719647374004e-05
2.602165068310569040e-06
2.017973201873246580e-07
1.985089329537004232e-05
9.630688509787432849e-06
2.204656811954919249e-05
1.942723429237958044e-05
4.690593632403761148e-04
1.439076839915287565e-07
4.794297865373664536e-07
6.136785373200837057e-07
2.600529001028917264e-07
2.657878326317586470e-07
6.738980118825566024e-06
8.029237985610961914e-01
1.598613744135946035e-05
2.863826230168342590e-02
2.115808660164475441e-03
7.556028431281447411e-04
2.567249466665089130e-04
1.117438427172601223e-03
4.830198304262012243e-04
1.212534061778569594e-05
1.791298382158856839e-05
8.623534085927531123e-05
2.501566314094816335e-06
1.664312208049523178e-06
3.446110099503130186e-07
3.491514988240851380e-08
5.997300434046337614e-08
7.316314309946392314e-08
2.752372267877944978e-07
3.957345143135171384e-06
8.255939860646321904e-07
8.578051051699731033e-07
9.611874247639207169e-07
5.803073236165801063e-06
1.532955593575024977e-06
2.143876685067880317e-07
5.649408194585703313e-07
6.089995622460264713e-06
4.031732601106341463e-07
4.856039595324546099e-04
1.175682882603723556e-06
8.874698096406063996e-07
5.377345587476156652e-06
1.184767143058707006e-06
1.100726422009756789e-06
3.239124168885609834e-07
2.424816081258995837e-08
1.142401906406576018e-08
2.274798447388093336e-07
1.307790142845988157e-07
4.155001079197973013e-06
2.785283754747069906e-07
2.368514095962837018e-08
5.009814074696805619e-08
5.755766707693510398e-08
6.900388882513652788e-08
8.669776008218832430e-09
2.016262442339211702e-06
5.047650120104663074e-07
3.672229240692104213e-07
6.877473879285389557e-08
1.330018140066613341e-08
6.092383131317546940e-08
5.467909858225539210e-08
2.540705601461468177e-08
1.608640864958488237e-08
1.670661053942978924e-09
8.503632642486991244e-08
8.228039405366871506e-08
7.763762965851128683e-08
3.998882647238133359e-08
2.615698804220301099e-07
1.985962262551765889e-05
6.116088258067975403e-08
2.217144128735526465e-06
1.320951741945464164e-05
1.470992430085971137e-07
2.445875280088216641e-09
5.441691541818727273e-08
3.208018028999504168e-08
8.564992048931685531e-10
5.691325810630587512e-08
2.258654774323076708e-07
2.328837922505044844e-08
1.029256679885293124e-09
4.068149817015864755e-09
1.640581004380692320e-08
1.821188355677350046e-08
1.315207676100271783e-08
6.490715520612866385e-08
6.204678992816070604e-09
2.131931182702828664e-07
1.589778264587948797e-08
1.570737566680691089e-07
8.118816730018352246e-09
2.094727280521624380e-09
9.485520147123338575e-10
2.642139840247637039e-10
3.364392497928747616e-08
4.746687487511280779e-09
3.538328074981222926e-09
3.204779219778686183e-10
1.125044590821744350e-08
6.236631211464782609e-09
5.239015976599148416e-08
5.821589432741802739e-09
7.687536651701520896e-08
3.822329119884670945e-07
1.017254831481295696e-07
8.803131557044707733e-09
1.869425858558315667e-08
7.806870172544222442e-08
3.204147333235596307e-06
1.990938926610397175e-06
9.103038678404118400e-07
9.895490620692726225e-06
2.871702520224062027e-08
1.539507965553355007e-09
9.085276815312681720e-07
7.021273518148518633e-07
5.764984933875894058e-08
1.068608384002800449e-07
8.581618544667435344e-07
4.789367267221678048e-07
6.321690193544782232e-08
3.326877262566085847e-08
2.552356326290805555e-09
1.189598530793034570e-09
7.504228705101922969e-08
4.109859119694192486e-09
2.179326719087271158e-09
2.854357417092501237e-09
1.151872055515923421e-07
1.480862152902773232e-07
6.491121098406438250e-07
2.541506489706080174e-07
5.188330831629173190e-08
2.360703774684225209e-07
9.092327246662534890e-08
3.880613519413600443e-08
6.802396796956600156e-07
1.633465274153422797e-08
2.809940042425296269e-06
5.229422228580915544e-08
1.010671098811144475e-06
1.337405475254627163e-08
7.894464033597614616e-07
3.526794500885443995e-08
3.028226203127815097e-08
3.597246234221529448e-08
2.652109110101719125e-08
3.418390548404204310e-08
3.230132161746723796e-09
2.158658363171639394e-09
1.894985501849077991e-07
1.406401821668623597e-07
2.115548056735860882e-07
4.319926176776789362e-07
6.250057253964769188e-07
7.622210773661208805e-07
1.600426635661733599e-08
3.172488405311923998e-08
2.059492203443369363e-07
2.905037810307931068e-08
8.970604881142207887e-07
4.211699433653848246e-08
2.413225885788961023e-08
5.620332999001220742e-08
5.357118748605671499e-09
4.347739235299741267e-08
1.589863174444872129e-08
8.140525586952662707e-09
5.662876834122698710e-09
1.079666356318398357e-09
9.956341529004930635e-09
6.207475422570496448e-08
3.840087714479523129e-08
6.576449163020470223e-09
7.069495211453613592e-09
5.112627210479558926e-09
5.911311995454582302e-10
4.180179535850925276e-10
2.103706930878246339e-10
6.625374453506083228e-07
2.015064559657275822e-08
5.265400115916918367e-09
1.946488659143597033e-08
1.188112946692854166e-06
8.028485432021170709e-09
1.824705577746499330e-06
1.094059314254991477e-07
2.145004529552352324e-08
1.855553755092387291e-08
3.378855240043776575e-08
2.201297348847219837e-07
4.301403955242477650e-10
1.351081468925485751e-08
1.129947335698489042e-07
1.852250193223881070e-07
4.953259349349536933e-07
2.206401283899595001e-08
9.928711186546479439e-09
8.171470966544802650e-08
4.478988557821139693e-08
4.199915565550327301e-06
1.723613240756094456e-05
2.365598845699423691e-07
5.984422557503421558e-08
1.244406355738192360e-08
3.811219784211061778e-09
1.891599232806129294e-08
4.961339072906412184e-07
1.757314862516068388e-07
2.406216559336371574e-08
1.526866988399433467e-08
2.426337886163310031e-08
2.053848113803269371e-08
2.720061047511990182e-06
1.415242820712592220e-07
8.723723965431418037e-08
3.432031547845326713e-08
3.575710172398771647e-09
9.797118671883708885e-10
1.975617669458529235e-09
3.685644145434707752e-08
3.052205386211426230e-07
7.712856842090332066e-08
1.615460654136313678e-08
1.254989445698129202e-08
3.790052272023558544e-09
1.715677910851809429e-08
2.972333490447454096e-09
4.076651407558529172e-07
7.328908591119898119e-09
3.073859389246536011e-09
3.803511390287894756e-07
2.043133662255058880e-09
4.585563573300532880e-08
8.979428756106244691e-09
2.363856488329929562e-08
3.661202526927809231e-06
1.296475371503902352e-08
1.701942551335378084e-07
1.359952062074398782e-08
2.544939547988178674e-08
3.271315307529221172e-08
2.245492396468762308e-06
2.001212806135299616e-06
3.031252617802238092e-07
1.496992609872904723e-07
7.602594997990763659e-09
4.236075934471728033e-09
6.743678682141762692e-08
1.506354263547393657e-09
1.417502026868078246e-08
2.506507996713480679e-07
4.094728467407549033e-08
1.217366207839631898e-08
1.591625853336608998e-08
1.130745541644273544e-08
4.668731179435781087e-09
5.213084408595136665e-10
3.487341970753732312e-08
9.515114030023141822e-09
8.734562584322702605e-08
1.871231916084070690e-07
3.509493637920968467e-07
2.958415912246437074e-08
2.005580427066888660e-06
6.502819474007992540e-07
2.680281774303239217e-08
9.000472545039883698e-08
1.101295978855887370e-07
2.583395009025934996e-08
2.860615744282313244e-08
3.150633531845414836e-09
2.305718993511618464e-07
3.033786111217295911e-09
5.738455044479451317e-09
5.152040927214329713e-08
5.499126931596265422e-09
3.825941519153275294e-08
2.680789350506529445e-07
1.707698871200591384e-08
9.709670401036873955e-09
1.440847086087160278e-07
2.111193531106891896e-08
3.538186188478675831e-09
1.674956529029714147e-08
4.039841794423182364e-09
6.485267878275635667e-09
7.209222019355365774e-08
5.196052939027140383e-07
1.193683090150443604e-07
7.687140879397702520e-08
3.420335872306168312e-07
1.143205281550763175e-06
1.101087487853646962e-08
2.169359163417539094e-07
1.709665048110764474e-05
1.638210136434281594e-07
2.261595710706387763e-08
7.928158574088683963e-09
6.861841939098667353e-08
2.922655717441102752e-08
9.223948715941787668e-09
4.526723529352238984e-08
8.514847138485492906e-08
5.009343162498680613e-09
1.288338893346008263e-07
1.113444270117724955e-08
4.850441541748296004e-07
8.805096207709084410e-09
8.365714165847748518e-08
7.197488116617023479e-08
1.057460821130007389e-07
3.641734656412154436e-05
1.540257699161884375e-08
1.116242565046832169e-08
9.537591161290492892e-09
1.469334506509767380e-06
1.566234573147085030e-06
4.437771750076535682e-08
3.238449508558005618e-08
2.642318897017048585e-08
4.662326702487007424e-08
4.795271291158087479e-09
5.353952392539440552e-09
3.248098456865022854e-09
1.597165919520193711e-07
3.933680403633843525e-08
9.143207024830957153e-11
8.136830764726710186e-09
3.814672936641727574e-06
2.338268023649447969e-09
1.729685017437532224e-08
4.560311026580166072e-07
5.806721503631706582e-08
6.273298822634387761e-07
2.817512623209950107e-08
1.870987587082595383e-09
1.500216129102227569e-08
2.799834319944238814e-08
5.873675767986696883e-09
2.278637083463763702e-07
2.022511402799409552e-08
1.433527927474642638e-07
6.974129007630835986e-08
5.782792555919513688e-08
8.054763611653470434e-08
4.588879676248325268e-08
1.636029992369003594e-06
8.439001675242252531e-08
2.709946045342803700e-09
2.953393902771495050e-07
8.569685405745985918e-09
1.026923612812424835e-08
2.092749582516262308e-06
8.570895104753617488e-09
3.908424872633986524e-08
1.127945438383903820e-06
3.283497251871381195e-09
1.121135273507434249e-08
3.270703885505099606e-08
3.328370041799644241e-07
1.624101031438840437e-07
9.537905043544014916e-08
2.107813656948565040e-08
8.404045459542430763e-09
3.527108827228175869e-09
1.806175120577790949e-08
2.458514281045154348e-08
4.632076979760313407e-07
1.950563159880402964e-07
1.867465826421721431e-08
1.883391043122628616e-08
9.502586806320323376e-08
1.062265013729302154e-07
1.853541142793346808e-08
2.171680435480993765e-08
9.877066275976176257e-08
2.530539688905264484e-08
9.331107264642923838e-08
3.094922007562672661e-08
4.011830606032162905e-05
6.522486728499643505e-08
1.043332602534974285e-07
6.349777095238096081e-07
6.353469927944388473e-08
1.187253140244592942e-08
3.372461776507407194e-08
5.779757117352346540e-09
6.409104003068932798e-08
6.467245405872290576e-09
1.957102391259013530e-08
1.262389162093313644e-07
1.000780969206971349e-07
1.867274477262981236e-07
1.743090024319826625e-06
3.443729568175513123e-08
3.342554011354081922e-09
6.262867557893514459e-09
4.898876859726897237e-09
3.374874779638048494e-08
3.241055868130615636e-09
1.053162446140731845e-09
6.160700838364618903e-10
1.535034321875627938e-08
2.526103060063178418e-08
9.091187358478691749e-09
3.212114307871161145e-08
1.758816438268695492e-06
6.096265536825740128e-08
6.766171622984984424e-09
3.760034417155111441e-07
7.029637982824965547e-10
1.574886443478362708e-09
2.255423936503575533e-07
7.739987495369859971e-08
1.544306087453151122e-07
1.964349927163766552e-08
3.056678110624488909e-08
8.434520304412274072e-10
5.929072131038992666e-07
1.242504232834562572e-08
1.426354234723703485e-08
1.066980033215259027e-07
3.530218561920150933e-09
2.647968244673393201e-07
5.205240682926159934e-08
2.024566811087424867e-06
1.996262355419275991e-08
1.628202106473963795e-08
2.260853726454570278e-08
8.859509570413592883e-09
4.205446302307791484e-08
1.089152323885400619e-08
3.357866262376774102e-06
3.389337521753077453e-08
1.312656383589683173e-08
2.411968180737744660e-09
6.551540536747779697e-07
5.214750586901573115e-08
1.796958315480878809e-07
2.480378569202912331e-08
1.682692740700986178e-08
1.578727903961407719e-08
1.204524391340555667e-08
1.281676542674858865e-08
1.326989433891867520e-07
1.848562902750927606e-08
1.827254010322576505e-07
6.282827769155119313e-08
6.342291453620418906e-05
1.208556881238109781e-07
7.883948427434006589e-08
6.691323939378435171e-09
4.121638710330444155e-07
4.709409395786678942e-08
1.334612687031722089e-08
1.544392946861705695e-09
5.917206635785987601e-08
2.454859249212404393e-08
8.792966355031239800e-08
4.539058462427192353e-09
5.921338797065800463e-08
2.902560414241861508e-09
1.065363477437131223e-07
1.569898842035399866e-07
3.173382667753799069e-09
3.036149465174275974e-08
4.212075133125381399e-09
1.273219965014504851e-07
1.434856677917650813e-08
1.517867644906800706e-07
1.984134101462586841e-08
8.413331364920395572e-09
4.309889902742725099e-07
4.905403194754853757e-09
5.183661500041125691e-08
9.763872412804630585e-07
1.666473714578842191e-08
2.410842903088905587e-08
2.161570591852068901e-06
7.810623969817243051e-08
7.976882443472277373e-08
2.891520134440384027e-09
2.688740430301095330e-08
6.363507942808155349e-09
3.794486502783911419e-09
1.016853161672770511e-07
5.011990378278596836e-09
1.055227905055744486e-08
1.128402573158382438e-06
1.889375340624610544e-07
7.577813931902710465e-08
2.016219013967202045e-07
6.885298944325768389e-07
1.666725495397258783e-07
1.810316643968690187e-05
4.554399524181462766e-09
3.004017035124206814e-09
1.323245157891506096e-07
5.762412769172442495e-08
4.687424670635209623e-09
1.321502963946841192e-06
1.474690805025602458e-07
1.208124331242288463e-06
9.515899535017524613e-08
1.942831495682639797e-08
8.067602408345919685e-08
3.187092900702737097e-08
1.953913297825238260e-08
3.033343602965032915e-07
9.771827080840012059e-07
2.395154069745331071e-06
1.935733351388080337e-08
1.870334500608805683e-07
4.180733625958055200e-08
3.079584018905734411e-07
5.282967308062325174e-08
1.124040771571799269e-08
5.972312777657862171e-08
5.054762652889621677e-08
4.415161924953281414e-08
5.394153124171907621e-09
2.546268529357575972e-09
1.583953945782923256e-07
5.804536851172770184e-09
1.216906575507437083e-08
6.588105634364183061e-07
4.176453671789204236e-08
1.793945436645572045e-08
5.235845037532271817e-06
2.605744668926490704e-07
6.227101323474926176e-08
2.775560226098150451e-09
2.470158335654559778e-07
2.185846312841022154e-07
3.902271927813671937e-08
1.020906097437546123e-07
4.860459412725504080e-08
9.497989594819955528e-07
1.581719402565795463e-06
7.430831061583376140e-09
4.919667162539553829e-08
5.199108699116550270e-08
3.927645408907665114e-08
3.906258143615559675e-07
1.277566497037696536e-08
3.974411697527102660e-07
2.793118802912886167e-08
8.475861079659807729e-08
7.599926910017984483e-09
2.303739599085474765e-08
9.459159855396137573e-08
8.518583882732855272e-08
2.619540362402972278e-09
4.124536268079737056e-09
5.195225298848527018e-07
1.069084447635759716e-07
5.742597153357564821e-08
1.480715354773565196e-07
6.116263051580972387e-08
1.780827041386601195e-08
3.900357814501376197e-09
6.682437714289335418e-08
1.864870924350725545e-08
1.902342461335138069e-07
5.316306896929745562e-07
1.359085910479507220e-08
1.251868830820512812e-09
9.358894770272740971e-10
2.721801024563319515e-07
1.635538524169533048e-06
3.463106690304584845e-09
2.406765361229190603e-06
1.587014408777065455e-09
8.378757243576728797e-09
2.274985888561786851e-08
9.543746415374698699e-08
7.494220426451647654e-07
5.462456465465947986e-05
2.246736663380488608e-08
3.469609168860188220e-07
2.827069067734555574e-07
2.169006307894960628e-08
1.382649283954151542e-08
1.098395368899218738e-04
3.362934597461730846e-09
2.962502776426845230e-07
3.123479253019922908e-10
5.355834531428627088e-08
8.808237694779563753e-09
3.491753330919777909e-09
1.277208951933062053e-07
2.660411668742312941e-09
2.942327270716305065e-08
3.603534581841927320e-09
9.124266853177687153e-08
5.511336387264975656e-10
1.262732851614600804e-08
2.385347670497139916e-06
9.335187733938710153e-09
8.287324817501939833e-06
1.777365099542294047e-07
2.479144001199529157e-08
7.074922336869349238e-08
2.196702411083606421e-07
1.792980874881777709e-08
1.486682110751758046e-09
1.024380402725455497e-08
1.210584770205969107e-07
2.018210842891221546e-08
2.444324707084888360e-07
4.931090558102368959e-08
2.225585937765117706e-08
1.384536130188962488e-08
1.079191846997673565e-07
9.975050829780229833e-08
6.202161273449746659e-08
1.012164041469532094e-08
1.401207327944575809e-07
2.611635920857224846e-07
5.114431544939179730e-09
1.375014591076251236e-08
1.155863760260444906e-08
2.189940033758830396e-07
8.408342750954034273e-07
6.728987791575491428e-04
1.210519116057184874e-07
3.428326955656757491e-09
8.641697490929800551e-08
5.126329938320850488e-08
1.824522755100588256e-08
8.551663910338902497e-08
9.043208137882174924e-08
7.641964394622391410e-09
1.960247004717530217e-07
6.034258603904163465e-08
4.285316990149112826e-08
9.590826977046162938e-08
4.304417711153973869e-09
1.189493787023820914e-06
5.791214263695110276e-08
9.654478105858288473e-08
4.292570743302803749e-09
2.864127850443765055e-07
6.490152304472474043e-10
4.350211568748818536e-08
1.185121867308680521e-08
1.780830594100279995e-08
1.822209161339571892e-09
2.224041736553772353e-06
4.007036835673716269e-08
9.577294513007927890e-09
2.625443187298515113e-07
7.067922069836640731e-08
1.702907681533361028e-08
2.723525085457367823e-07
6.336320979016818455e-08
4.939261444292242231e-08
9.612009854720326985e-09
1.013504746794069433e-08
2.355964756617368039e-09
9.575857262689169147e-08
2.559460554607539962e-08
2.337832327725664072e-08
5.069951214409229578e-08
2.761320416766466224e-08
9.097291808757290710e-09
4.784502749544117250e-08
7.921035494184991421e-10
6.099453031538359937e-08
3.402653590001136763e-07
2.431436541883158498e-06
7.596615887450752780e-07
1.355620042886584997e-07
3.090957889639867062e-08
1.035333809795702109e-07
1.961220341684111190e-08
8.357409910786373075e-07
4.792887509097454313e-08
2.085673411755806228e-09
3.164615236528334208e-07
1.356971535138029594e-09
5.264768105917028151e-07
1.110897258627119299e-07
1.210972211396210696e-08
5.648365913657471538e-06
4.319116442275117151e-08
3.499767586845337064e-09
1.791678528206830379e-06
2.267253584875561501e-08
4.441698564505713875e-09
2.533205289978468500e-08
2.699773560266294226e-08
1.890738019483251264e-07
4.068493097975078854e-08
1.832641260968159713e-09
3.131827952529420145e-08
6.664095764108424191e-08
1.144523475993253214e-09
7.281843750206462573e-08
6.938156271729667424e-09
1.472647226385959129e-09
3.993907569110888289e-07
3.249909497071712394e-08
1.341336428595241159e-07
4.986022759112529457e-07
3.741314458238775842e-08
2.704897106298176368e-08
1.985250897007517779e-08
4.175543892870337004e-07
1.446634030344284838e-07
6.885177583626500564e-08
5.111218683850893285e-07
3.794341694174363511e-07
2.506997134332777932e-06
1.404353895395615837e-07
6.812167043790395837e-07
1.734574617273665353e-08
2.529358766878431197e-07
3.866369269189817715e-08
3.373119739080721047e-07
1.751171794239780866e-07
1.337788102517833977e-08
4.076838138189486926e-07
2.676630401765578426e-07
2.217627184109005611e-07
7.472007723663409706e-08
2.905032303601728927e-08
1.038130335473397281e-06
7.215550112960045226e-08
4.660299168790515978e-08
1.636808555360858008e-08
4.737886083461262388e-09
6.811894603941937021e-09
3.774707657555609330e-09
4.503488426621515828e-08
1.596067455977845384e-08
3.619743615956849681e-09
1.521091164136123552e-08
3.288142735868859745e-08
5.757410548312691390e-09
2.967333578851594211e-08
2.391596476414292738e-09
4.045246360107057626e-09
2.001321242062203964e-08
5.005608372243841586e-09
1.825849977876714547e-07
1.239535252217649486e-09
4.351010431946633616e-07
1.557192419454622723e-08
4.366487971196875151e-08
3.716654317642564820e-09
5.950353099137828394e-09
1.164407237297382380e-08
8.361706882453745493e-09
1.603968513563813758e-08
9.569990133684314060e-09
2.576343760551935702e-08
3.677751081454516680e-08
1.710267305554680206e-08
1.644037183723412454e-05
5.471603614637388091e-08
1.086993961507687345e-08
3.535201358317863196e-07
3.748872146047688148e-08
7.614091401819678140e-08
1.927514716726363986e-07
6.594112278435204644e-08
8.382501448522816645e-08
2.443867970214341767e-07
1.097493736779142637e-06
3.256197942391736433e-06
1.449207758241755073e-07
