8.135468965164704969e-10
2.018484407395604308e-10
7.938810719920752490e-11
5.107832212747354106e-11
1.494710133442822553e-09
8.649980287600556039e-09
1.408724017437634757e-07
1.789819776831791387e-07
1.769557123054710246e-08
1.785084580152584977e-10
4.906039116625571239e-11
1.249966709998551195e-12
1.968940288588072463e-11
9.858720090294426086e-11
3.016205687988993134e-11
7.597486195720648539e-09
1.827718315236537272e-12
6.903083660247943953e-11
8.638698645313525049e-10
2.534267067033635357e-11
1.568822016739801484e-10
2.188571407435446758e-10
1.009384104078137057e-10
8.092646552881888056e-10
7.694808679126197148e-11
7.954552572186912585e-09
2.085305483845445451e-09
1.652601056001401503e-09
2.339422877639663056e-08
1.603017302231890540e-10
3.757770761225742717e-10
2.532001344701662049e-11
7.900086140821827030e-10
1.069323047886427958e-07
2.706177156142075546e-06
2.045320179888676648e-08
4.232787276237104379e-08
1.254716153198387474e-07
5.005637571109389228e-11
1.741878308259003916e-10
5.371878072576996566e-13
5.513638590831648756e-12
2.573871844824271449e-11
3.933680881029744114e-10
1.860563959843464232e-11
1.656892539836363198e-10
3.954150375184983801e-13
1.636875422532380053e-12
6.169652982945805775e-11
5.677718295515887803e-10
6.168118016347534649e-09
2.646864949440441706e-09
1.334210381065403794e-10
2.847463931310301177e-10
1.170033736563880211e-09
2.439998290221234711e-12
4.186654911642051502e-10
3.856969257864939493e-11
6.233027288748971273e-11
1.683581052347449258e-11
1.408856498130717227e-08
4.316615065391715689e-09
2.221054007378597817e-09
1.205244970492458378e-08
2.448176036895510777e-11
4.251013319134244739e-09
3.186039626568160088e-11
1.673487459719069648e-10
3.686127444946230014e-11
2.183498049035392796e-09
1.362105198597640676e-12
2.397801734943527663e-09
6.720264102144657414e-12
1.333980668982714946e-11
2.691390296391538151e-12
1.259828439487131746e-11
3.481973598340459830e-09
1.672121122120451275e-11
4.585441193416528449e-10
3.150450567090956611e-09
9.526364586065483309e-09
7.516541208896221349e-12
1.267503990654006429e-09
1.060516396922395188e-10
4.925234109443010766e-10
4.628842031895175069e-10
1.120052162129070439e-09
2.056044001719214975e-09
2.268577409259009414e-10
4.129934241814403606e-12
6.628218113258199651e-11
4.730141833775292071e-10
2.119802163663697669e-12
8.798167749901608659e-10
2.302872996462479449e-11
2.005791366332942971e-11
3.476883447817158412e-09
9.857145100156117223e-10
5.615564679928297664e-10
1.613997546723311416e-10
4.304740730542988558e-10
4.886067106468772181e-10
1.443149155733181033e-09
5.010392456483714341e-08
2.541865162797307676e-09
9.490537522527375813e-11
1.347017253294779948e-08
2.108502483721963472e-09
5.060284656577263007e-12
4.568805403448727986e-12
1.624758522167368824e-10
1.856186385151836760e-11
1.256784121217435768e-09
4.021245142427076757e-11
2.735144333243511028e-09
8.599059658775942694e-11
1.022824824836732205e-09
2.414661005867291266e-11
1.906587243638568907e-07
1.596442755769089672e-09
6.546462677503583905e-11
1.334461163793321248e-08
2.180293847686698427e-07
3.044780427785553911e-09
2.648248509373729576e-09
1.190582743504364771e-09
4.035959760839702426e-11
2.273062163840600114e-12
7.285577002802412494e-11
3.653263889319413593e-12
3.014526475664247585e-11
2.678558069790781815e-11
6.911574177564938637e-13
2.062321233925468178e-12
5.149147601357650927e-12
3.089598672387228184e-12
2.062654713697043007e-09
4.606646730742625095e-10
1.193783093211830959e-11
1.087740661431801925e-10
6.937291886777163796e-12
6.065072055694287201e-12
1.636791071603360681e-12
2.040140945069879308e-09
4.203653918011251989e-12
1.609512384481703862e-10
5.485006546179782561e-11
1.813207139989003736e-09
1.494712270622144956e-10
1.281764555605136024e-10
6.860333883196290117e-07
6.102091560933331493e-07
2.821298195065935488e-10
1.348985367854993456e-10
2.730546899698538255e-09
1.232139612561411468e-09
1.143761352295769029e-08
3.198952436278545974e-09
1.493371655669761822e-06
9.251365895579510834e-07
1.163947231930251291e-07
3.549300345184747130e-06
1.619532241647902993e-07
6.130659603513777256e-04
2.060287988570053130e-05
8.573730289936065674e-02
7.306047677957394626e-07
1.007027439214880360e-08
4.263616574462503195e-05
4.482631599245223697e-09
2.799286846766335657e-08
2.457935366351193807e-08
5.887971887830190099e-09
3.157067496317722544e-09
3.351944144469598541e-08
2.708317303756757610e-08
1.300115144431401859e-07
9.953252799732581479e-08
2.049589653552175150e-07
6.342052529362263158e-06
5.965721356915310025e-06
2.912555197021049480e-10
2.795033537950075697e-07
2.119232433983597730e-08
1.025049911618225451e-08
8.646400928569164535e-09
2.514682018173175493e-09
1.346609508345864015e-07
2.131627097057275932e-10
2.349663397183121560e-08
1.030028909387858960e-10
1.648514171392889693e-06
5.938726399534743905e-09
4.111802098805128480e-08
1.361299517554925842e-09
1.466199819333269261e-07
1.318398634708728423e-08
1.994865669985301793e-06
1.248447318857870414e-07
2.524596993680461310e-07
1.053611953238942078e-08
4.130770037136244355e-08
3.325072128745887312e-08
2.075285637781476566e-10
2.324635345329895131e-10
5.785926532553276047e-06
5.458248892864503432e-07
1.382128633764523329e-08
4.403122147778049111e-05
1.379706759507826064e-06
3.101641368630225770e-06
2.817536824295530096e-06
1.419750560671673156e-06
3.666971679194830358e-06
6.624229252338409424e-02
1.229834634131066196e-08
2.288081279999687467e-09
8.555114305863753543e-08
4.106558648686586821e-08
1.959025894393562339e-06
8.673775653278426034e-08
2.424351208674124791e-08
2.130388532251004108e-09
2.493831971150939353e-06
2.681267687876243144e-07
7.558763286397152115e-07
9.282540247568249470e-08
1.115769191528670490e-04
8.588786348795451886e-10
4.045611345926403146e-10
1.136795280132218977e-08
4.064043324092381226e-09
6.336662750072719064e-09
2.791087183595664101e-08
7.469662427902221680e-01
1.517631176284339745e-06
9.871955215930938721e-02
9.382283897139132023e-04
2.203138428740203381e-04
3.895396002917550504e-05
1.476859179092571139e-04
4.418905518832616508e-05
9.029581065078673419e-07
6.616061796194117051e-07
2.617263453430496156e-05
5.025533411640026316e-08
8.145636911649489775e-07
5.690742099773160589e-09
6.506246097437440312e-10
4.124469210609049696e-09
5.235592404062572314e-09
1.551067612126644235e-07
1.964078499838706193e-08
3.436017337321572995e-08
2.931618281465375730e-09
9.477919782341359678e-09
4.840061592403799295e-06
7.487519937399156333e-09
3.262468961651165955e-09
3.074114740542199797e-09
1.470925869995198809e-08
3.806349457846636142e-09
7.151710974540037569e-07
1.004872807186529826e-08
2.055245218457457668e-08
6.891185844182246001e-09
9.791304655948351865e-09
7.920094802216226526e-09
1.074441779991275325e-08
8.892216823985776841e-11
2.114968963851104888e-11
3.391761177473640032e-11
8.998888439970542663e-11
8.157199715697061038e-08
5.908680211774708368e-10
6.523879769737561674e-10
2.617999594889397486e-09
9.442760462441412983e-11
1.079302550111016501e-10
2.854927665801865189e-12
1.144668693164874185e-09
2.401623566683497302e-09
7.311169891721647218e-09
7.956729025648812126e-11
6.303144811647953816e-11
1.580287012359349319e-08
9.317884241966112313e-10
4.682777429709794603e-11
1.702962909577721007e-10
3.790970662387316281e-11
2.300416968026297582e-09
4.707874090570385306e-10
2.797511944319097665e-10
6.999796298146065965e-10
9.793746924557922284e-10
1.669429479989048559e-06
3.611532184422117098e-10
2.474922666806378402e-08
5.978615380541896229e-10
2.080287053729534819e-10
3.919200467633610074e-12
2.317793526551703565e-11
1.431122997885836412e-10
9.351150062619772996e-12
5.261324362293429147e-11
2.333813697852349378e-10
1.539052263410667365e-08
3.894401294501914634e-12
5.739207286498126948e-12
3.533012207443397834e-12
2.010509380506730892e-12
4.599986624248542100e-12
4.794935559715440831e-10
9.165246686593242487e-12
1.348194533790092464e-08
7.739222674177370642e-13
7.623203734929973052e-10
1.186641236661234444e-11
1.130440359375928239e-12
3.931531749462591208e-12
2.100850689159411422e-13
2.889520289706126732e-10
2.547049376966370460e-12
2.298198740688373043e-12
2.424594542065755531e-13
3.020118443525232621e-12
9.895828080586088760e-12
1.799514426359394292e-10
1.735898508270494744e-10
1.596905718770358362e-09
2.333924997710568050e-10
2.008943705833488025e-10
1.207134132236165058e-11
1.474277297464077208e-11
3.720521668526544090e-10
4.127660713226788403e-11
3.426576800080738394e-10
4.537946907134937646e-09
6.267370622481394093e-08
4.467394232321453273e-10
2.213093076852690189e-11
4.308687806542366161e-08
6.713651412582066769e-09
1.521630876855084580e-10
1.105081892660564336e-08
1.243816143414733233e-07
4.000007791660209477e-08
6.334169855293225737e-10
2.629964857003841416e-10
2.692521552938309526e-11
8.722187555543214899e-11
4.659403973761300222e-09
8.534484924327401245e-11
8.007625812433971646e-11
1.045385791820230281e-10
6.828865029007147314e-09
1.508973390684786864e-08
1.061569854243771260e-08
7.849218164324156533e-09
4.075998205621544912e-09
1.486692902119557402e-08
2.158077094804866647e-08
1.169134677958538759e-09
4.408497733532357188e-10
4.232637851320220079e-10
1.036883023886048250e-09
6.700586197005975464e-10
6.519072570654316223e-08
3.435850215449676170e-10
1.390059889416761507e-08
2.681119215530713973e-11
5.429341698448553188e-11
2.137085126918680800e-11
7.468709678493112847e-12
3.687407323926805702e-11
4.487143642761814988e-11
1.527284700618414259e-12
7.720629136009904414e-10
1.772802904476122876e-09
3.060611764027498793e-09
2.545198052317232396e-09
5.647487477666857103e-10
3.778208301774554911e-11
2.412193535195061855e-11
5.087074164689120437e-11
1.273778638122280427e-09
8.360254849515413866e-11
7.777176125323137512e-10
3.372262469270026486e-10
2.590500036703247133e-10
1.109717540082044707e-09
1.565672258507788683e-09
8.727642740458119164e-12
1.418323358065576301e-11
8.389635097749703618e-10
2.469393578508061182e-10
8.267107484694058428e-12
9.823001440034673237e-11
8.253913108546839794e-10
1.121848747231979360e-08
4.744165060799332423e-10
1.159503271175310601e-09
2.785712771569137658e-10
1.033655040900971489e-12
1.116239370900495853e-12
5.029260428252024795e-13
1.647141312233202370e-09
1.980757502462182629e-10
7.946246091683484281e-12
2.884271467495924668e-11
4.612807358306270089e-11
5.636855426871534291e-10
1.966049101298494861e-09
8.403152063074514899e-10
7.226164111528987632e-11
3.805869841499998074e-09
1.538309746251798060e-08
3.180455343532173629e-10
7.604215868095565156e-12
1.549986805571279547e-09
1.253957027103069777e-08
6.129319274350564228e-10
1.180268593969913127e-08
3.918767177424342663e-08
2.225829263124978752e-07
1.990430320564229305e-10
6.619036985178183841e-10
2.418845745921771595e-08
6.239254446427366929e-09
2.270145404992263138e-09
2.285053535278080972e-10
4.720606128216786601e-10
1.437357455280618979e-10
5.045299289463400783e-08
5.466130232889554463e-07
8.138763440967977658e-09
1.450660286339555682e-10
1.820656125861574992e-11
3.342657539651128218e-10
2.936182685875365905e-10
1.688427602175579523e-07
3.909729762163749456e-10
1.267077970323882141e-10
1.858661224929392120e-09
6.130040919316570580e-11
1.102262101038142816e-10
6.232932225902487744e-11
1.064941801409702293e-09
8.658539163430845065e-11
3.299713974280749085e-11
1.906221624992099350e-09
1.296732582423132385e-10
5.902572874916245382e-11
1.980403396828478435e-09
8.720142663509733438e-11
1.266609817029973328e-09
2.061663506580657668e-09
2.588194991659520383e-09
7.745510899326291110e-10
4.353498672671207714e-10
3.418265323573699277e-11
3.208080912031618936e-09
3.541476278901001251e-10
5.308018469207809176e-09
6.476827962842435227e-10
1.792938242317632103e-08
1.816165690060600468e-10
1.974230556811562565e-08
3.847233989717757652e-11
4.985813539803984895e-09
2.261116236468296847e-07
2.317102065774179209e-09
1.008514313727282286e-10
2.404456189708525926e-09
1.947345583397375179e-11
1.303288588161422012e-10
2.617542814442597177e-11
1.090869616859890812e-10
1.484941503093750725e-08
6.933727481062135212e-10
4.400483033517588183e-10
3.915565649492691591e-10
1.752956946265982197e-10
8.832200921148058992e-13
5.636591454000194901e-12
3.154256411619371647e-09
1.925749837372592310e-10
4.354812510598549125e-09
1.725078968561888360e-10
2.051184916362913668e-11
1.072117256084581527e-10
3.559776473593956325e-09
4.039560685953347274e-09
4.517624052624569231e-10
1.045892816797788782e-09
1.393135495852959593e-09
1.057098408807632950e-08
2.885047235834381496e-11
4.369942949167260338e-11
2.495481794539955445e-07
3.163012907148043951e-11
1.841606533936612777e-09
3.617745658601734249e-09
6.782894801382610694e-10
2.258113140918283079e-10
1.426360474177101878e-09
5.171581218821330594e-11
8.361371317544552539e-11
2.241746566156166409e-09
3.950101357119706336e-10
7.174129346143587327e-11
8.461901318534970073e-11
1.288960715939424517e-09
1.354585471569080823e-10
1.833007523543983552e-08
6.904095073423377471e-08
1.442810648732972822e-09
9.450377112807384350e-12
1.272984384570463590e-09
2.784556141222083170e-09
8.794208139484283038e-10
7.047863959108724430e-10
1.761855017434754700e-08
1.854521647359774761e-09
3.678059801170974197e-10
2.328990949748699357e-12
5.015320936330169843e-10
2.603418314262029298e-10
8.765909775831914885e-09
1.549284078805612808e-08
2.053413411529092514e-10
7.548516256505877209e-10
1.305158114917048806e-08
1.204572032398321113e-11
7.034779514469846617e-07
1.542892202888168640e-10
1.938241060706058505e-11
2.898462303502213899e-10
3.210905846762202032e-11
1.558270241730497219e-07
4.085707813739070104e-11
1.036250907304747670e-08
1.532566606954333110e-08
9.855088478616380598e-08
3.170453055645339191e-08
5.141350678528056051e-10
5.328864460807380965e-09
4.243092856237584698e-12
7.718773953335755778e-10
3.205571363906756233e-10
6.676624531021246867e-11
3.566162920520810076e-10
6.983836620122474415e-09
1.743523658781498398e-10
6.084744253592733187e-13
4.599181452347167465e-11
2.224310868825796206e-08
2.478929735094670406e-11
1.312426611832506751e-09
1.121082338073620122e-09
1.772072710792826911e-09
1.042749220303562652e-10
1.417608030962469456e-09
5.200444588848718297e-11
7.287248582343863745e-10
4.070776647626533906e-13
3.561173855803900778e-10
1.011276040685515909e-07
3.083629707134605269e-08
7.110823041500680119e-11
3.622627753330220912e-09
3.751939037233142926e-11
5.077104514583652417e-09
2.595648695979946297e-10
4.581542090154044899e-10
1.319904463503718262e-10
2.350497747827251516e-11
7.689960668244566477e-09
5.154185966915747485e-09
1.780094516234953517e-09
3.119509511817497582e-11
3.175229176810567822e-11
1.504454200107474549e-10
6.787104211980476975e-09
1.893407652886480719e-10
6.433839416786213405e-08
1.861583664997112919e-10
3.243808066599740414e-07
1.438064944903061360e-10
4.642049304948159261e-07
3.720195262957304294e-10
1.110526448577786596e-09
1.371999180932448326e-10
8.055056066602617193e-10
5.134882519186589889e-10
2.281259035841198823e-11
2.136509635874972446e-08
4.000179909535717115e-10
4.750613680215565182e-09
1.281563397070861754e-11
1.811629873893494391e-10
1.392798676391748813e-08
3.670239112629758438e-10
3.128751424608111620e-11
4.037417067337401022e-10
3.214320198896558622e-10
1.087820109546555614e-07
8.738899381910414377e-09
9.806069733997446747e-09
2.934195386661286875e-10
2.154281197874752252e-08
2.167044321765843051e-08
7.829443343654318710e-11
1.267134930316160535e-08
4.824576294026883261e-10
4.315742430094360316e-09
6.591543283418488386e-11
7.816078895217515310e-10
2.404090437835293415e-08
4.439177359039092607e-10
1.117477221868057313e-08
1.796250814756206182e-09
1.219811918140578655e-09
8.757400360437372910e-10
8.386175087693459318e-11
1.001156102464761943e-11
3.110707247344635107e-09
5.013207071691283545e-10
4.808164283387483806e-12
3.719591856743420522e-10
3.513938029442442712e-09
1.157817064445509914e-09
5.951181908381286689e-11
2.560663014961050976e-09
4.296039968210152438e-09
5.224984889196093718e-10
8.395233119795619814e-11
8.500028458868769121e-11
7.817808067578368991e-10
5.767734068129470870e-10
3.186806929456054149e-10
1.586338882475502032e-08
3.496581912898477640e-09
6.829346421710624782e-09
1.609124034018805105e-08
1.018348599890472883e-11
2.012241623328137052e-10
1.418429540489540841e-10
3.961766192883686699e-10
7.661448558904382367e-11
6.836641253116226835e-10
2.537531074153775990e-08
1.025014739752805326e-08
1.466311627673633211e-09
1.815853856168558877e-10
8.317482524944352917e-08
1.727067516776870093e-10
2.936438939227237199e-11
2.607333099424735678e-11
7.142702540541279177e-10
6.148029307873059679e-10
3.079980367970414079e-11
6.623782078385431760e-11
3.156014729069345215e-12
4.682967347235944544e-10
1.726823684045086793e-10
5.277611681009375388e-09
7.657829370621982434e-10
3.092271230742404953e-11
2.309398450250910173e-09
4.299888570202803351e-11
3.767881145977369783e-11
4.263589759023744818e-10
1.064844323828140205e-09
5.390319302023272030e-10
7.796554374328579229e-11
1.688634483798523434e-06
2.935801879377919477e-10
4.222924943064754189e-08
2.174559837753164970e-11
5.685743786898456165e-08
2.428496737039154141e-09
4.659479399538035693e-11
5.484504517205834873e-11
1.094676016499818161e-09
2.259912743052261419e-11
1.603415733519852893e-09
2.979219926313447786e-10
2.115342123687469211e-09
7.608358387756197772e-10
7.550383235299662488e-11
2.733268189558657468e-08
1.142473893267492713e-10
4.064477199250404738e-09
9.107114368189783704e-12
8.740473622648181617e-11
6.977671773711335845e-09
9.680966428504689247e-08
4.312428018848901701e-12
2.489997097399054837e-09
5.751385856456181500e-07
2.868472404049526858e-10
3.900436418291519658e-09
3.768760303834994829e-10
6.227098003908082546e-11
5.366220315328185109e-11
2.957620259813609209e-10
7.389973077920330979e-10
5.736728869720764123e-10
4.412053361546597330e-11
2.921529684840606933e-10
7.837496623919193439e-11
1.160857035498175094e-10
2.510656349485884675e-09
5.607815323216414072e-10
2.393970854885907329e-10
2.510516239340176980e-10
5.660825280751069499e-11
5.540640862777834741e-11
3.056259911815573105e-09
1.497860946386708747e-09
2.181058889050291327e-09
1.776080864601681242e-07
5.214844615158975571e-12
1.361925871558311574e-12
2.424057621297492915e-10
3.762221112424413150e-08
6.224992743497637093e-12
1.122844217604779260e-08
3.574702478470470624e-10
1.627003809456795125e-10
7.058757773847901262e-07
5.124814461687776657e-10
7.821506220473395388e-10
2.562581813414510634e-10
8.011679097919000014e-10
1.235991131665059584e-08
2.274272503655083710e-08
3.048745977896061277e-11
1.990629527881537797e-08
3.467037856808019569e-08
3.485742539055536326e-08
2.224581185927831939e-09
1.131827076505942387e-09
1.417237022183215345e-10
7.975638816049013258e-09
2.463967163635061297e-08
9.883135021482303273e-08
3.161082853808672155e-11
3.114655422464807089e-09
1.063558556779753417e-07
3.066592119127520277e-11
2.801479326297595662e-10
4.661359742641479897e-09
1.487894113472165714e-10
2.748739083568985109e-11
6.672455921119535560e-09
1.115568415421819282e-09
2.531051201959400032e-10
2.572620068364006585e-11
5.871060970719099714e-09
2.828533354204409989e-07
3.487862665352281510e-09
2.110450836312338652e-08
3.252416336252395013e-09
3.038533336052751110e-08
5.238908862281732581e-09
1.101606306175284544e-10
4.014972354582369007e-09
3.011259686047651485e-09
8.386691896511422328e-10
1.363228285811146634e-08
2.447466361521488665e-11
4.077172377492388478e-09
1.848680208915709500e-09
3.473650167507003061e-08
3.241186763425218942e-10
6.352109116480875173e-11
7.125275480746040557e-09
1.250945735886688226e-10
1.488517989423066012e-11
1.231550885577581411e-11
7.909407351291974919e-09
2.889564421071355582e-10
1.188029141729884941e-08
9.295287317634404189e-10
8.030698772643063421e-09
1.094755397446078860e-09
1.041237207566325651e-09
1.556400519575618091e-07
2.798113823976322578e-11
3.551013094682531346e-10
9.585253479826860712e-09
2.374216734324363642e-07
2.005542780458835495e-11
7.890609693417260928e-11
1.097239366032454200e-08
8.826924045024497900e-07
2.784018293677803513e-10
3.412999660667992430e-08
3.169065287966787992e-10
6.185031931060791521e-10
2.723684611183330162e-10
3.070302692642634668e-11
6.112791162138364598e-09
9.559005320625146851e-08
3.368167689199452752e-10
2.481392202824395099e-09
4.857785995682206703e-08
6.854486422902539289e-11
6.825748855021629424e-10
8.389621143578551710e-06
4.089442326438152975e-11
3.150387328787473962e-07
3.011312119799436360e-12
1.316378863552847278e-11
6.017018550075192707e-10
2.277116169235871013e-11
3.795813108276036019e-10
1.470725208285728058e-10
5.773131972475198381e-12
1.662563641445513607e-12
4.778093920521087057e-09
4.447771317916959788e-10
5.266882041610188026e-09
1.074584241034237664e-10
1.477312439046585268e-10
8.798461692549608415e-08
1.288476436656083024e-09
3.616884786464269474e-12
8.834818032710245461e-08
4.064177261398072005e-08
6.540409880351205629e-11
2.443551654421338704e-12
1.479713129803883476e-09
7.083860720236145880e-10
1.282880468522762385e-09
9.975473780343691033e-09
1.853769227011525800e-08
3.069943604883107469e-12
1.436686769551442922e-09
1.258000148496307702e-09
1.542999683579182602e-08
4.234185918550181782e-11
8.870973400298964862e-11
2.610968330429841444e-09
4.642956685785293303e-09
1.691093653999331536e-10
1.306332264583431879e-10
8.123406392002152643e-10
9.733015088331242737e-11
3.973045537009056716e-08
1.498079598150070524e-07
1.027654489282880945e-10
5.089083321418996775e-11
1.200647914423313978e-10
1.064169152104055271e-11
1.262114635025568532e-09
1.705472429947008095e-10
6.533406038400357829e-10
6.765167870348420820e-10
2.975616730793717579e-08
6.292220966486183897e-09
1.648979147672591239e-10
6.066151747585735166e-11
5.357957133522717186e-11
2.380843022731227165e-10
1.488583215025762740e-11
7.124447254369670190e-09
4.721866786461248466e-10
6.996512258439224752e-10
1.578424890791296775e-12
7.194300016832855249e-11
2.800477297976167179e-12
1.161394504872736988e-11
1.536899600640406760e-11
3.587665844406728866e-07
1.413805461591977064e-10
3.203639853399664617e-10
1.991900866471496556e-09
1.246185932224364024e-09
9.452225668837854755e-10
1.980563091308340518e-08
3.443828278104632545e-10
1.079012296179016062e-10
4.700518640987638719e-09
8.832395231861411844e-11
1.125994075756864277e-09
6.472276707636392956e-12
6.477977043672922264e-10
8.801054884877146378e-10
1.265941573791451447e-08
8.073329227364922644e-10
5.978829237252014650e-11
1.371439961594944634e-09
4.955070641993186698e-12
7.879788377351815143e-09
2.659720799158549198e-08
9.983007487335271435e-08
1.078307665380862090e-08
1.138431623276536797e-11
6.550887610146105544e-10
3.972458195722339269e-10
1.179145758811728228e-08
5.220883281253918540e-09
1.117536285732967372e-09
1.771095214930795692e-10
1.150963591101117345e-08
9.986710243492513683e-12
1.158785991606237076e-07
1.629472023978451034e-07
1.178512842869849919e-10
2.261889148202911315e-10
5.525696220032294548e-11
2.381436541021297870e-11
1.200218768815375370e-08
1.554999906616671979e-09
1.365030533051481143e-09
2.598891235550127021e-08
1.978732629137613941e-11
5.850787909711385737e-11
1.407716752055421239e-07
6.517698047936448802e-10
1.018306883260322593e-09
5.444857897884958220e-10
1.805116819908469949e-11
9.438624326563171962e-10
1.652361580894989856e-09
4.470385728261305758e-10
1.571215477724763332e-07
1.595100496132317858e-09
1.065346144635270775e-09
8.435880327617439889e-10
1.990032361121052418e-09
9.277663637341504455e-10
4.353581661842298445e-10
2.615193617216959865e-10
1.321625031636131098e-10
3.321581204529522324e-11
3.445669749524427061e-09
4.002820297444031894e-10
2.483097993888350175e-08
2.755795869280319721e-10
5.328485985778286249e-10
1.588652820405656030e-11
3.816350291341308321e-10
1.364804645166695085e-12
7.605732155191446964e-10
1.130271154448081461e-10
9.749699658723187667e-11
4.775747158847210017e-11
2.252334603547456737e-11
1.358830048481252106e-09
7.712529226377995428e-11
9.019938962406826022e-11
6.284801845612975058e-11
5.915548051405039587e-10
2.583251945686981799e-10
1.773369298629923207e-11
1.068236957224577566e-10
3.131377113163580361e-08
1.229297055260758498e-07
3.676348392378514518e-10
2.780093044663090041e-09
4.666864117375268961e-10
1.576526020841129139e-09
7.638985444202717190e-09
7.148709402216013586e-11
2.510899543839428816e-10
3.691075223244411063e-10
1.077515091041369999e-10
6.702226329480254208e-09
3.465478945474664840e-11
3.451112312591320119e-11
1.650545498887989737e-11
2.319431313679842788e-10
2.398466841802004978e-11
3.779284107885416688e-10
3.006751098100224340e-11
4.721008653452152259e-11
7.115453781736391647e-10
4.874090020479115992e-09
1.412854500060234386e-09
1.624782600129215382e-11
2.023435455647537573e-12
1.781479830190516034e-13
1.279501352959011573e-12
3.298993744849099130e-09
1.050999131474439352e-11
5.478656590895969458e-12
4.570884781784911866e-10
1.663497117831980177e-11
5.214399745323561319e-11
2.820579103612885774e-09
3.203279308472417597e-10
1.488359574475239810e-10
7.246844235808680423e-10
1.327697063402411004e-09
1.644858693694573049e-09
1.418052253399082474e-08
