6.311134254088912598e-11
1.377282871084517524e-10
1.228960076066210050e-12
3.261560672148527962e-13
7.362865200345736216e-13
2.264236541316133611e-11
2.023528480193936829e-12
1.101081143133342266e-03
1.124770473688840866e-02
1.178051434180815704e-06
2.188521724955094783e-10
4.423220956173423701e-10
6.045997338333108928e-07
2.508574903359317432e-09
6.779627081954231471e-09
1.037552532778818204e-08
5.749406728483563711e-09
2.030366985650289280e-09
2.075405944879094022e-07
1.350874880706731673e-11
4.231704764379173866e-09
1.192432537209242582e-04
1.363911934504358214e-07
9.780837893486022949e-01
5.218637255666180863e-08
4.554565752323824768e-11
1.247741077126107712e-10
2.507280494334906962e-11
1.813050057308807084e-11
8.024400588446667371e-11
1.329087100793158172e-11
2.837069121297552954e-12
1.481042649631447716e-10
2.160597872488678739e-12
8.046607824496732064e-11
1.309553909756289158e-09
1.386667114466888506e-09
8.156928466007684619e-10
5.573783188467240635e-12
5.352424614635253874e-10
2.239774685164341861e-11
4.591478586224440051e-11
2.881064053994464302e-09
3.631232259326822032e-10
4.754662288886102317e-11
5.942755315624381751e-11
4.155448988379939479e-12
2.170549504021401788e-11
1.059105650402791809e-10
1.263952414953806169e-10
2.303902624234410723e-10
2.788210287651970987e-11
5.420402321432149506e-11
8.414611889218104324e-12
2.179252611700377429e-11
3.445492589154719454e-13
1.009254832484707265e-11
1.509742851568685040e-11
2.848265460292376261e-12
6.985132524478521177e-12
2.082338815267981147e-11
7.541975724500993294e-12
8.257322776927811248e-12
2.131168158614471508e-10
1.582799863397710283e-12
9.605367716492008157e-13
4.782701578526227237e-12
7.776649983692873747e-12
5.497909419394098052e-12
2.762257263200229573e-11
1.295913810289706092e-11
2.002474054629832523e-11
1.639938510510086100e-12
2.126559484061374405e-10
1.052668542611545632e-11
1.063498317188660280e-10
8.325598543912349214e-11
2.270780091739865725e-11
9.988374710667713430e-11
9.011205670539368384e-11
2.217229484813287854e-04
4.068832026860036422e-08
2.484452488715760410e-05
2.998799857323319884e-07
3.793241276639491844e-08
3.488086690595082473e-07
1.734025318000931293e-05
8.549439911575973383e-08
5.764925958828825969e-08
8.235750970086996858e-10
1.024440834385131893e-07
9.135389518633019179e-06
5.066687069898989648e-09
7.425446528941392899e-04
3.690078242968297673e-09
1.979791053319246430e-10
3.198202591647714144e-07
6.226760884686655118e-09
5.502192104711589593e-11
5.380401013610480732e-09
5.071771283837733790e-06
2.253363468041058582e-10
5.962703941708724642e-11
9.135948941807470192e-11
4.406539855228430724e-10
1.182350658351927208e-12
6.448942074799290936e-11
3.081403188165410256e-11
1.324781213549175440e-12
1.040323209522409087e-11
9.300476187801276495e-12
8.718738621696364710e-13
1.504008896591191302e-11
1.696895922387309241e-11
3.070853640818604902e-11
1.164658369745552591e-10
1.728286264102152359e-11
9.883658561721242464e-13
1.064876520295854334e-10
7.372921023707235122e-11
3.374938523093007348e-11
9.188988459030156264e-11
3.019419991812100079e-10
2.420628628096999080e-11
3.741167819981683351e-09
1.885795165856851696e-11
1.232675350681944337e-10
6.259582363554727635e-08
6.623270110139856115e-06
1.459189102881452982e-09
1.844018160390703542e-09
1.134819127557307183e-09
2.042261325330141375e-11
2.336746351971896729e-09
3.376579016389769095e-08
2.216782064579092548e-07
8.414859883487224579e-03
5.282731763145420700e-08
3.843095175426469723e-09
3.502100553998133137e-10
2.036088832257920700e-11
1.320136999716226001e-09
7.070387331165051137e-11
6.575849056389415637e-07
4.940817199816649463e-10
2.753947070388562679e-10
1.801624405217694402e-09
5.043481257627213665e-12
2.878936238709384199e-14
2.766034742831408044e-13
1.459941889603300069e-11
2.843437707511498047e-10
7.184579320362871613e-11
8.587043402730198949e-12
2.032860338396780264e-11
4.510674125879354790e-11
1.736368167304380705e-11
1.729879260670141861e-11
2.383777550352128571e-11
9.771949222026066195e-11
1.533817101107004532e-10
5.540955715088724531e-12
5.834727232617575865e-12
1.427136187004407475e-09
5.431175648107355869e-11
4.751457893803490151e-09
5.780020125717433288e-12
9.210777973667205742e-12
5.569978939884423497e-12
5.083340692824123153e-11
1.867423576884519321e-10
4.512641996190502880e-12
3.978539997451235877e-10
1.462999860146751985e-11
9.480836254960323117e-12
9.974015537095315409e-12
1.155061740698570816e-10
4.788301422031793209e-10
2.743093772961113785e-11
3.105645074441554243e-09
8.601280243603071085e-10
3.058180228152074243e-12
4.861941405032155217e-11
6.976657584978340765e-10
2.241958702020596661e-11
5.285828025280991938e-11
1.974398561310763967e-10
4.266657305240784126e-10
8.718775701410663714e-12
1.935929611063258449e-10
1.780690699060283322e-11
1.255437420688565453e-10
1.363006235655106479e-10
1.277179473291312206e-10
1.120367514040321311e-11
3.313514046476839781e-11
3.089382916154903569e-11
9.709238746324899694e-09
7.233463827915898037e-10
2.321477898803436801e-09
3.212831944932048600e-10
4.193134381380581033e-11
4.167317532721703799e-11
5.368880687250943140e-12
1.073512459481840153e-11
2.505521763396245660e-07
2.481100480622444593e-08
5.639133257573369917e-11
3.128906556071342493e-08
2.536136856079451718e-09
2.065245752191913198e-09
4.929126551367346565e-10
3.268079140639201796e-10
4.651677376621421445e-10
2.563537293553963536e-07
2.630131112901779034e-10
1.003518490527710583e-09
4.413344412146358309e-10
1.252056097689191461e-10
2.908792096079082512e-10
3.494695643979639499e-09
2.128808906931567435e-09
6.280082009979537361e-11
1.139790928306183559e-09
1.073972821785673659e-08
3.928371516970230459e-11
2.066565807368192509e-09
1.431667451257112589e-09
7.411158492454106295e-11
5.044241500190560501e-12
1.807221906846567805e-11
1.829837947830981193e-10
3.283230354256261307e-10
6.920573003554864044e-09
1.603364907509785553e-08
8.264310902283966698e-10
5.542959424786886302e-10
1.347992203970527214e-11
3.672452619785104844e-10
1.737744947938324458e-09
1.649785863477859493e-09
1.141464034404293670e-09
8.764181047560271054e-11
3.805830997571924001e-11
1.929359072505576478e-08
7.622928399619866013e-10
8.382466942791211295e-11
3.170973466443127720e-12
1.397642093205198055e-12
1.164917901724793481e-11
1.250949539267909305e-12
7.393072959382962495e-11
2.899780637832805041e-09
5.351285820714979380e-12
5.697409211080639579e-10
2.349552670477539351e-11
1.829215001691864018e-08
1.895325736633868274e-11
4.645652786072762552e-12
2.528827425241075844e-10
4.247979051852368571e-11
1.121828064470919983e-11
7.952850600290162220e-10
1.038602363834240094e-11
3.373987200738781667e-10
5.264590985376571552e-10
9.421844415768987346e-10
1.770937729794752613e-09
4.617395008010838353e-11
8.919023158915351246e-11
2.695279763265112649e-12
6.774743960269447030e-12
8.105125598456552893e-11
3.121651374893286146e-12
3.338827131438293350e-11
4.147305832091774391e-10
2.711014301937098026e-09
4.202885001830525269e-12
5.360940424220528300e-12
6.054286846163270397e-13
2.871181070673856084e-11
7.753974545776642913e-12
2.454769547355351023e-11
3.061909666784989881e-12
1.133394966150013533e-14
6.102312405387166905e-11
1.545170935646211774e-11
7.018801338742886031e-12
4.834606326387103081e-11
2.653766746282815170e-12
3.358520128671216298e-10
8.294548381471145149e-11
2.422973930868432824e-12
5.264179092634435619e-10
2.050540987008631078e-10
1.047153119770882768e-08
9.142075117762882286e-13
1.707963992458871871e-09
8.030746734277727228e-09
5.457916063544843155e-11
1.373946421044658361e-12
4.806040634908192999e-11
6.130942975524078520e-11
1.400727884376395949e-11
1.128965740337939394e-10
2.345630287226008193e-11
1.747238638494241769e-11
5.465698033058075112e-11
5.604755548560547140e-11
1.860905179951188870e-11
4.627790164968281772e-11
5.827511390110728939e-11
1.266556443058064474e-10
5.240850722149081875e-12
4.598849773218560699e-11
4.675823964128689170e-12
2.214603611605525657e-09
1.680550559823856815e-10
6.947596144224466030e-12
5.405844868966447336e-11
2.011269189389208734e-12
2.751626149155583789e-10
1.088652015757141100e-10
9.354096490443719603e-12
4.534987836646298121e-13
9.247361903996775823e-11
4.085584301427580556e-11
7.644542117379860002e-12
7.401067605994349208e-12
1.660809961778753063e-10
1.947696171011870092e-10
1.262141502422764461e-09
4.632398197673692763e-12
5.676836604961987831e-12
5.270183942029937896e-11
3.898625866582960953e-11
9.701319608756975299e-12
1.190996412603340104e-09
6.139634373819591318e-12
1.133960438569336926e-12
2.009039740125118101e-10
4.845939205466720523e-09
1.562247997632937313e-09
7.029456183804683178e-11
5.840782080213102745e-09
2.206121063608179611e-09
4.998240044074009347e-09
6.010645758891541846e-09
3.233359802123914051e-09
7.134626223148643476e-11
4.232388328695435575e-10
2.341257613128200354e-12
1.724066306385552139e-10
2.018218057953102829e-11
1.399596993856278004e-09
3.161984007959972587e-10
3.194567388398183994e-10
1.401932792077786871e-08
2.806666357657583433e-11
3.206921880827273696e-11
3.519631530668476671e-10
1.930905955960238174e-11
1.140459601756127483e-11
1.600714782945544812e-09
3.121015598739340646e-11
7.996695319811841784e-12
1.238905644740384560e-09
3.086782953687361442e-07
6.086422338347219352e-11
9.567246550545860373e-09
1.414685174561114422e-10
1.829978502065898738e-09
7.579901151189005759e-09
1.236248348135404740e-08
2.382786502830303021e-11
1.093884184621973787e-11
6.813334618716027080e-12
1.787348269388644439e-09
6.333917834666635827e-10
9.081245755382383322e-10
7.854517036776087480e-10
2.249066710646729916e-09
3.706948636938989239e-11
7.323051019747506274e-12
1.641312953604145974e-11
8.226688080759103627e-11
2.952506988895819973e-11
1.272891167469758500e-11
6.831600714816976616e-13
4.992737473452635300e-11
7.374224494927084095e-12
2.725590933505550595e-11
5.087486963824272568e-13
3.448023659126386864e-13
2.015755791451301349e-11
1.632742031854039766e-11
5.341937309166766568e-11
2.612733380341625278e-12
4.796431914838583666e-12
1.847746511351999743e-09
1.134123905899286910e-10
6.360205764832649322e-12
1.907203778586663567e-13
8.262107903216076021e-13
3.669613224399626006e-12
2.352346095690904804e-11
1.080978514166053284e-12
2.109191510682451032e-12
5.512602180290926412e-11
2.385509324798196218e-12
5.725683815960280754e-12
3.417416740217338322e-12
6.056972284840256293e-11
3.102278850475315153e-11
1.568103459581582371e-11
2.578730848648569385e-12
8.279405633304648404e-11
2.748396399354646746e-09
7.744969487792630058e-13
1.644188474606012029e-12
1.589404064090971236e-12
1.503163843397103960e-10
1.049428339366942353e-12
5.933337046508391222e-13
3.882298562490893445e-12
7.275455932154173411e-11
1.885916336291648676e-12
3.862994091274885022e-10
1.023533591215652905e-09
6.513499184457316460e-10
1.710694259859923960e-11
3.274933709634941792e-12
3.782468695895380151e-12
9.370792336538258382e-12
2.458774937125207671e-12
1.047219515964981085e-11
5.661579278309902818e-12
4.312776871739920637e-11
6.047812532890273207e-13
1.976603769549001299e-09
2.150632623376669272e-11
5.410717989103031034e-13
2.847505217729029425e-12
2.949695338243935039e-13
4.032288392075145111e-12
4.369700348089144981e-12
1.391715410449523294e-12
8.215386704257809924e-10
2.535781133683467914e-11
3.762515039112956927e-12
4.364078109303504149e-12
3.697935620911030341e-12
1.624723966475727366e-11
6.993194001311819896e-13
6.663133586548575238e-13
3.002316104061542035e-11
1.098350965733629891e-09
4.160606581482539923e-11
8.333939788274236093e-11
1.065201538086313349e-10
1.336084368142032019e-11
3.409273904853016290e-11
4.532769992682261773e-11
3.854986052598263768e-10
1.921803861881787867e-12
1.327655433508434513e-11
1.685780828082281135e-13
1.193790899467472855e-10
1.995868531209921137e-12
1.354085288340911575e-09
1.025491011552581710e-10
7.195801177140026539e-10
1.467508753405510902e-10
1.687225120901303388e-13
8.505730841879000081e-13
2.708669009574005138e-12
4.939935613346158050e-12
7.680360254030960121e-13
5.985490748872113187e-12
3.380098631544647958e-11
1.094282108503319417e-12
5.854693032464330926e-12
7.649424713443431223e-13
4.089581537997100114e-12
8.174214885699193633e-14
2.056934673587071383e-13
5.551195354086546629e-12
4.373947037894510004e-11
2.198650983498140477e-10
1.192487553147714152e-09
1.281793508139950077e-11
2.498669604555914248e-10
2.660257268378291018e-13
8.856781952802650348e-13
5.474535061389396162e-11
9.790110345672675685e-13
4.685716224750446912e-12
5.001093723172589378e-12
2.528596364410884423e-13
4.190200270093313861e-11
3.534509056962731322e-12
1.016892237082345218e-09
9.423972886779541369e-12
1.194070363419452718e-11
1.346176364824813732e-10
1.454424948532651030e-11
1.163578868673686983e-11
1.009433855947428071e-11
3.279809800485478100e-12
8.411724441992340928e-12
1.536932213441755124e-11
2.154614160698731240e-12
6.488998791423505885e-13
2.104184665049912972e-12
3.063891501620119584e-11
8.685402397290431509e-11
1.510081990008238506e-12
2.078802928406897621e-11
1.284824469038881034e-10
4.396438074705244503e-11
1.547860472607409665e-12
1.778436946320294254e-11
5.910713696266611805e-09
6.639101074457087748e-11
4.761232727523712072e-11
2.708801607499700115e-13
1.750499024162285866e-13
1.698231399255289986e-13
2.039671600020942499e-12
1.611513873733816382e-12
3.370607178782014657e-12
6.219128402366880248e-13
5.090515682593110824e-13
1.264911027483439643e-12
2.569580138944704828e-11
8.482793460717896750e-12
2.791429587478688745e-11
7.571209631462849643e-11
1.219041100702922265e-11
1.435269524757698534e-11
2.035516937295978046e-12
2.690411955719174131e-11
2.633662385398416461e-12
2.115203498465056953e-11
1.923925740943133178e-10
6.206262934127515507e-12
4.487536210684428539e-12
8.044431142268174129e-14
1.015552727090703045e-13
4.868249466744023479e-12
2.177908190164473679e-13
4.324832050643656611e-13
8.984656768573628938e-11
8.487968357687170062e-13
2.821807240996343502e-12
1.341421071443527069e-11
2.427225954948486475e-11
7.608645657963819531e-11
8.879778162773632744e-11
9.204854760358482935e-13
2.911898847046678895e-11
4.495441291354346225e-13
4.847903328775160503e-11
2.033786116947822187e-12
9.173668362493295203e-14
1.624332829699981495e-12
5.630696256475609118e-11
1.602127111532958281e-11
6.540639141405790724e-10
3.246301014461772105e-12
2.160322962185823314e-11
6.877437530063146287e-13
9.934074396422687414e-11
5.009219775087281334e-11
9.718491289500974517e-11
3.725920667916465812e-13
2.002092068520422430e-11
5.836686602783691669e-12
8.147563179683459111e-11
4.466964124982819584e-12
9.789914712232672400e-11
1.902713663709532099e-12
5.200932046145467780e-11
4.623950094345685713e-12
2.145204500147990245e-11
4.751434662386699870e-11
1.445630073981796215e-11
2.317458377976144845e-11
9.363592366751216645e-12
1.876778073228724253e-11
1.346742487494390073e-12
2.633140016791712945e-12
2.728027493573842444e-13
5.204335573605334275e-11
2.007920218982661709e-11
3.529362349249942632e-12
2.741489257829243797e-10
4.448070330034109565e-13
1.730337119247582489e-12
3.807474897431911698e-13
8.390661498935969576e-10
3.216498456470873180e-10
1.697647057652407199e-11
7.585009009769549948e-12
3.754894398882990814e-12
3.374033366067286099e-13
8.133488457393034388e-13
9.693587078862808681e-12
8.676142269903319715e-12
3.760157463172930647e-11
3.952330823731031728e-11
2.334181459229256461e-12
2.522111165748075479e-11
6.834384447262920048e-11
3.109945287405047054e-11
9.130892222874997799e-12
8.265146345109997128e-10
1.468765213619160903e-11
1.253152095981313607e-11
1.259108182299906176e-11
2.511959553124637479e-13
7.245187227944427377e-10
2.800618417730937892e-11
3.987211602551887779e-12
2.833036756577644866e-11
2.083994652193887909e-12
2.965384882092081398e-12
4.223801213301681123e-13
1.129028190383074559e-10
3.135060266945544072e-11
2.920162592637276511e-12
1.267797390507030553e-12
1.746781885803017076e-11
8.198863463149130837e-12
4.396387767724441176e-11
1.777222141154111146e-12
8.002962442049676994e-13
1.106421811808422362e-11
2.106071827351341241e-12
3.209429033299016076e-12
8.941190344537164325e-13
9.538793366292708242e-11
7.562660567228540742e-12
1.029707541455593400e-09
7.003793545123926378e-09
9.370493270210999981e-11
5.253524004711351836e-11
1.038018108967531106e-11
1.747203456133744615e-13
7.576294452915632860e-11
1.259699115851997675e-11
2.693592690474616580e-13
1.266474286554242212e-10
1.102722774204423217e-10
1.531184792673279116e-12
8.681472207783258455e-12
2.470423605266391931e-12
1.165068996139551061e-11
2.802975039573052385e-11
3.716922169355596495e-12
6.806307687595714029e-12
1.528337027247028690e-12
1.853320231656740980e-12
2.752221627683182348e-12
2.069395522996675396e-11
7.130540515681849101e-12
3.335746262544958540e-11
3.600759967969935360e-11
3.064322667140073619e-12
2.434795529256128521e-13
3.933369688985388635e-12
2.219638917111410592e-10
6.426505595041875907e-12
1.561420480758468621e-12
2.805959804785818079e-11
8.512157450256407909e-13
7.587668271469283354e-09
2.318909647636147042e-10
1.048682581744619924e-11
4.375257101063567688e-11
2.221309291020046039e-12
3.876588286488846791e-11
3.499466124864958338e-12
1.770914795015676724e-12
2.232213199004906556e-11
1.486208183430759444e-12
1.458416178622135018e-12
4.970112429253381592e-12
2.086732175943240009e-11
2.866600880280234520e-11
3.110439683595700444e-10
1.369070330194122054e-12
3.821102722428859622e-12
2.892336890825131235e-11
3.508918849925990457e-11
3.359133804448077854e-11
7.388204631419981183e-12
1.498523934063619723e-13
4.419094951080282385e-11
5.348638754121282091e-10
1.363788162261903025e-11
2.343410132610301844e-09
7.207977270606846787e-12
6.923401522224148508e-12
9.243746740272840157e-11
7.256090693574801520e-12
2.860344610906145890e-13
5.006648307742667114e-12
4.847046097822271804e-10
2.798956162328170016e-12
2.591659525874590031e-12
5.017680281688141619e-12
5.996571511915349539e-13
2.063132000310052838e-12
5.891120924417236893e-12
8.876776917687845270e-12
1.156312268157932976e-09
7.875846502747307909e-11
1.587941236835810344e-11
5.671049393973781605e-11
1.515081788326655410e-12
6.814413183037215660e-12
2.550705957213295072e-12
9.509437681742838322e-11
5.074697172896547315e-12
2.546963855099004803e-11
1.612577692905459159e-12
1.379332498913088401e-11
8.724553024475056873e-11
1.810750876497790873e-12
7.077446961822886351e-10
3.197360598505838425e-09
3.160057285289674667e-12
9.794210581448581365e-11
6.365796561755288074e-13
1.850295333616358562e-10
1.797608150657867276e-13
6.603009111705304690e-11
1.952818323713856330e-10
2.066404556147483085e-12
4.587600785366241496e-11
3.752160041003982371e-12
1.451971355648229434e-12
5.928754154282955824e-10
1.916807858270974663e-11
5.393840213883949186e-13
1.777443296713254739e-11
3.283836397249828565e-11
1.962419809986570840e-12
2.351269526301713597e-11
5.624596708525553268e-12
2.424237199871726034e-11
1.204491888173730985e-11
2.407675794846575457e-11
7.298648664610940529e-12
3.826339852602833602e-12
4.680296428194452574e-11
1.185299471420653283e-12
7.147124905793056371e-12
1.776032662950677299e-12
7.907691862429899743e-12
1.470860239161098093e-10
1.176621213655471010e-11
6.422446125267655681e-13
2.482034022754930902e-11
6.638109766726740801e-12
1.586618163240682833e-11
6.577667577278845101e-11
3.489158961755833843e-10
1.452082811631560944e-11
1.471838796673896610e-11
3.749956074827753838e-12
1.249127971197916409e-12
1.301087623056806919e-11
8.285262233231893703e-12
1.546403456675893295e-11
3.319971251039555149e-12
3.289671052925102757e-12
6.436941366212700633e-13
7.642024513199174862e-11
1.562713608689592082e-12
9.060565492324812453e-11
3.968216033545246546e-11
4.337616377192432537e-11
2.591316050626346623e-10
1.357651241862961600e-13
7.460306786395698442e-13
1.972224161761459982e-09
1.520243024348555405e-12
1.002111588155329969e-11
9.097155667658896050e-11
3.034463305628953833e-11
1.526188758704805082e-10
6.339410333483508353e-12
1.370176107989840020e-11
1.345131037805424867e-11
1.879673500182477142e-10
1.409790079814898789e-11
2.572953135271394132e-12
3.461269899168728514e-12
1.957425541099233612e-12
8.973052335881082087e-13
2.357475673009368222e-11
6.283438802904758869e-14
1.911645321206467685e-11
5.594267410424791365e-11
1.208121927151473152e-12
1.691573790763012397e-11
1.813707170561507098e-11
4.034981116590730110e-12
1.830586463663630425e-12
2.987990133096474210e-10
3.586329800839282989e-12
1.474032874926312076e-11
2.807816262481721559e-12
9.489665130091307077e-12
1.149862583621485967e-11
6.806722720187341480e-12
5.180396042692159142e-12
1.867258951626649122e-11
8.088488212543154532e-12
1.506989498467614652e-11
8.224549513657919420e-12
1.167575367985729251e-12
9.137012674242939170e-11
1.490913469071042385e-11
1.685592811162539562e-11
2.351609358630657454e-12
5.247172488176410354e-12
1.476321777500733123e-13
2.314313324314198894e-11
5.037306292574039723e-13
3.507574092287413237e-11
1.685952159130588157e-12
1.507930724731210148e-10
3.221267003139516305e-11
1.654690794106183915e-11
3.271139956129154314e-11
3.545990584497005216e-11
4.237424213598961487e-12
7.232967558223890592e-10
1.189283480723668518e-11
8.393886280488871421e-12
2.294968798333130167e-10
1.190271214923654952e-10
3.097636296772732223e-12
1.111631793559997305e-11
2.356697823002740222e-11
3.805378755161736848e-12
1.747982730782027261e-10
3.078135619657973443e-12
2.158197752455404128e-11
4.906047790242951123e-12
1.930795627547166049e-11
3.553085256569055161e-11
6.745110654911290471e-13
1.421451584909805277e-11
1.680372529490326006e-12
2.946667562730986845e-11
4.207809881778823424e-12
1.861209320344614504e-12
2.557365126956701040e-12
9.280443635795165847e-10
7.808442260837100690e-12
3.038343882044713951e-11
6.571456486609283942e-12
8.026313641495974593e-11
1.753922202786528661e-12
4.203768930177709251e-11
4.579216866806845587e-11
4.995604624413729766e-11
2.056036547612438703e-13
1.005383450103369825e-11
2.705472781569517871e-12
3.824842189931870751e-13
6.590548419505015687e-12
2.054736936152323779e-11
4.147333084597581987e-12
2.766933166961638157e-12
2.498831697117509520e-10
4.763233696358781799e-10
2.385207645543702126e-13
3.018627882378499550e-12
3.878333765250374654e-11
3.497778022082398408e-12
1.038883649245869734e-11
1.580492030653357638e-12
2.413860257510780372e-11
7.717662446615758398e-12
6.591541548695012409e-12
3.900334048789755315e-12
1.318322256915749335e-10
5.145937929246224840e-12
1.289546702927524269e-12
1.022819185575972456e-13
2.878369591285956375e-11
5.020386775571317184e-13
1.147012779895151269e-11
6.310833106093483025e-11
7.204051244436016077e-11
1.972218395540625835e-11
2.486790504421798609e-12
7.856731237820824276e-11
1.745852767909283898e-11
6.941546643046692111e-11
7.917758462760993154e-12
1.885733106124498626e-12
2.161469891959200140e-10
1.135831359522221362e-11
2.959599926244393941e-11
4.566166889041767263e-12
1.597871002179118705e-10
3.796303005287882115e-08
9.148081597798451980e-12
1.389621788949399472e-13
4.901754783320777520e-12
2.916875629921378277e-10
4.672447151410352717e-11
3.259274143976864657e-12
1.327594718186775324e-11
4.320631699639143619e-11
9.155171759589464386e-11
8.509563713399170837e-12
5.300757662668464931e-12
9.670416550866534067e-11
3.289530919794309005e-13
6.224127550163993661e-12
1.163015257016342119e-11
1.860844811574224877e-11
4.021723509772812122e-10
2.043853096749675968e-13
5.720277224986747289e-13
6.136929939920543475e-12
6.322464795628646161e-13
9.028939054744888892e-12
9.422140151427171872e-12
1.413405937428224846e-11
2.906450080608635744e-11
2.498696909103426123e-11
9.190649977175446850e-12
2.170334224838033066e-11
9.585941068701586687e-11
2.451881362872110337e-12
7.136609012081684966e-12
9.244557896970206912e-11
2.916141494946344892e-10
2.041401631069916789e-10
1.677469690930522006e-10
7.843909549665184500e-12
3.105177226458977202e-09
1.326404481041820738e-12
3.337556468176183788e-13
1.725090181814437074e-09
4.632243755242626548e-10
1.291542012227253622e-10
1.141997846114406467e-12
2.841670232456294798e-10
8.833716536038593858e-10
5.468940925124066155e-11
1.138414536250298426e-11
6.815625841483097247e-11
4.680853686427066673e-13
6.162370960738350334e-12
9.359122634874927904e-13
1.071936376467741425e-12
2.072751150404561482e-13
1.089018097921723438e-09
4.216363857448973684e-13
5.651817555629712331e-11
1.071734628127485323e-11
7.626430043039533757e-11
1.328400861533296506e-10
1.363203855353489757e-10
2.857755915589010876e-12
3.287933293683042990e-12
3.513306867652943311e-10
7.261337798408762367e-12
6.034955955108722847e-12
2.010141619129823809e-12
1.055382604225885146e-11
2.281983074725602023e-10
2.575941127069825143e-10
9.760549313231337010e-11
3.797373873681841872e-12
1.248321238045413395e-11
3.974222687053163838e-11
6.272752282876492558e-12
7.012087438473812995e-11
9.473141021620890001e-11
2.821404088138024235e-08
1.576002384151564684e-10
1.817011402449608681e-10
2.348759381431975157e-11
8.942385498755811568e-09
1.114675907132323118e-08
1.627859999575598238e-11
7.718006095336349404e-11
2.627326828319453966e-11
2.517868413765000923e-10
2.096865216183463332e-12
