1.663614927705910572e-16
4.117079873094779685e-15
3.956305608167625006e-16
4.437091104324271493e-17
7.119859184365659433e-17
6.335506013463687277e-17
7.739564205008544069e-18
4.111148825813870644e-07
8.350642019649967551e-06
9.360331086616380247e-12
1.025650120389798303e-10
1.365504410932860679e-11
1.494545585956075229e-06
3.005320298177238669e-11
3.765046607817623681e-11
2.209526832330777069e-11
1.598314702810910148e-09
1.407607754314033066e-13
9.132213873996875009e-10
6.417435010589063460e-15
4.865699423234337573e-12
1.511200480308616534e-05
1.941818482009693980e-06
9.994415640830993652e-01
5.239067860096646712e-11
2.118918297912248489e-16
5.464131456887666482e-17
1.015915517787108064e-17
2.100936350924856229e-17
8.068168817098502268e-16
7.078208986162389383e-17
6.096768619227205152e-18
2.507729978805817855e-16
1.592940351471583871e-16
4.197753832090121012e-15
4.624509783224045253e-15
2.923995680997881763e-14
1.232236257204654545e-14
1.554427113318690521e-15
6.117352582607135658e-14
7.228236970557508356e-15
2.364358641054713217e-14
6.633793991558945002e-13
9.640580663348888128e-16
3.152317022408216091e-16
1.006247189250849411e-15
8.429921368747542968e-17
2.642544801481996365e-16
5.735611075136386097e-16
7.581710516300967117e-17
9.964070751536981954e-17
4.319008027857672597e-16
3.195867883135785985e-17
5.182221190376326694e-18
9.422894784091309043e-17
1.507307227155486041e-18
1.588208587200204934e-15
1.776612960987676484e-16
5.107506101547474469e-18
8.575290751342102094e-17
1.600133117031650974e-16
8.506383297593984676e-17
1.117354247947649698e-16
1.302672510131359408e-15
2.804229957699694439e-17
6.279440704161578124e-18
8.152568768149696856e-16
2.066228348730498720e-16
4.155371850359982451e-16
6.916880973445967205e-17
5.291088085155655772e-18
3.850382152880004621e-17
6.171601167703039906e-18
1.399031189969245428e-14
9.645105936869594228e-16
8.323133013411437137e-17
1.490560934974834682e-16
4.209297144155743414e-16
2.349099766026400624e-16
4.050109213120118429e-17
4.933659220114350319e-04
1.206318870572431479e-06
2.185383527830708772e-05
4.252065721743747417e-08
5.974676309250526174e-10
1.917364222947526287e-08
3.218900474166730419e-06
3.081281410577396684e-11
1.596010962279237333e-10
6.532878079647252978e-13
6.466572416430338421e-11
1.281952677345543634e-08
1.023308694725333368e-11
1.055208258549100719e-07
3.739739420915988433e-11
1.178596709973649820e-14
1.693393203439086392e-10
1.991046043314792513e-11
4.263229038455745856e-13
8.523548533645453062e-10
5.355580562360628960e-11
3.739488678834810426e-15
1.444591715773514955e-15
2.464814260439790678e-16
7.692540621693794850e-15
8.804740727096961334e-17
1.009129642370355795e-16
1.525018235269139620e-16
1.981129992544513360e-17
1.326592932320057663e-15
3.535898010154694135e-17
3.103049677767511670e-19
3.221539043017120074e-15
1.316600219943502665e-16
1.815346785048880575e-17
8.472646954686691156e-15
3.428170771736116116e-16
1.446371292291026838e-17
4.261092414786955829e-16
7.559592765512483225e-16
3.067088434906590382e-17
4.724847188573421536e-16
4.140591191604843914e-17
1.431409315545616678e-16
9.787842635184968582e-16
2.286538144152769515e-17
2.273475605704352621e-16
8.615845537018884670e-11
4.301477507517859067e-10
1.382491939937863235e-14
6.499094746528419342e-14
3.171038938701818688e-14
6.821165323963945207e-16
3.936126598269584775e-12
1.887754189078272304e-11
8.722213229450659355e-11
1.137854360422352329e-05
3.634040568467611365e-10
3.816540833367909613e-11
8.564357448052895005e-13
6.168106796806613334e-14
1.992435079770094042e-12
2.029833549507809032e-13
8.895655323470919029e-10
2.866885982083511308e-12
1.370104930117216346e-13
3.174262935834448740e-11
7.057960928256071351e-17
2.199898750485597865e-17
1.013085939706717294e-18
4.179293426631071340e-14
1.176794732081661021e-15
4.053264146150844681e-16
9.319221921814322936e-18
1.683563699258897731e-18
8.583996661853100199e-17
3.513097206703588455e-16
2.243364775569544321e-17
7.729174609719724903e-19
2.989785746450659976e-15
1.911890369532174248e-15
1.703196247935511993e-16
1.454832820561852277e-16
8.596130805869212077e-15
1.253823828895628289e-16
3.167541645541724089e-16
3.055935062399170378e-17
1.070046388464401116e-14
1.541887657419872560e-17
3.976095209491241648e-16
3.304784805798562271e-16
1.803522899936925086e-17
2.561112875053804527e-14
9.553559674721533515e-16
1.373011290741658983e-17
7.277001497746440781e-18
4.634099043219911188e-15
1.391392858609142962e-15
1.427890364811851970e-14
1.569694183390767800e-14
2.159464081619329179e-14
9.764635520616976854e-18
1.596687942867592116e-16
1.214418770928394568e-15
4.073319239363866343e-17
2.976051318969168309e-15
1.232499515044661181e-14
1.600903175859823540e-15
7.640446295492642464e-17
1.250208321699832511e-16
3.779583433379345961e-17
2.094752500866642504e-15
6.090870457500232541e-16
4.202702727963572669e-16
3.207434184204992461e-17
1.361725000235969058e-15
4.895326002621497340e-17
1.707957404250160655e-14
4.195976756966781490e-15
4.540031375746111236e-15
1.367091165715061864e-15
3.611955943989964945e-17
2.778156099826389934e-16
2.763304369713020842e-17
1.988603238506684944e-17
5.040705266384781780e-12
1.382431902242561850e-13
1.808710109853575720e-14
6.836075759283910536e-13
9.752785601682689709e-13
7.687615463918689995e-14
7.184692700805059284e-15
3.712867619148733922e-14
1.296582554998837802e-14
4.478302494462238492e-13
1.357921614779725172e-13
3.962351009367121035e-14
1.139463279590732792e-13
2.270236678768994265e-14
6.641991491719177396e-15
8.661538690056189149e-14
1.821015973917875647e-14
7.223519738195130751e-16
1.473106127030765315e-15
3.801291167281799568e-15
1.536076382744442520e-16
8.006115183382652226e-16
2.127968347321804177e-14
1.369418415207422656e-16
2.316104887967864937e-17
1.110817287720826887e-17
8.185819575889756450e-16
6.321268818988440980e-15
1.281596106942185873e-15
1.213942954405439201e-13
9.336525481437748207e-16
2.888297646842438726e-15
2.703392505126417600e-18
1.648782327302259626e-14
3.487736764977086845e-14
5.202187354394309515e-14
6.945290696724892854e-13
8.173280100138603788e-15
1.648912685672842063e-16
3.558661967672594253e-15
3.322191544622874956e-15
3.023678499285619922e-15
3.646734256536389462e-17
6.380934772705099556e-17
1.123548017555769159e-15
1.097972744451042218e-16
4.054342853197084873e-14
9.438795180698048362e-17
1.313469903807805992e-16
2.461649057134578968e-15
4.079432699660674256e-16
9.464896585670984352e-14
3.472221514251464056e-16
5.144838747825462735e-17
8.213157034866796959e-16
1.862960293724167911e-17
5.413237019030748816e-18
1.797390414486028454e-16
1.601378652510808821e-16
1.042268705288848865e-14
9.305479473989611955e-17
1.138693072531794456e-15
8.442642506596102076e-15
3.530897207043443551e-17
8.505706332980671278e-16
1.113303213615732501e-17
3.191664813007281541e-17
4.763378717344019658e-15
7.355706078669636258e-18
2.338566315757252361e-17
3.579410886748535595e-15
8.833568371138106334e-14
7.413655870843263718e-17
4.283956811883554586e-17
6.108874821082224988e-18
3.809183595291188525e-17
1.979032130162180873e-15
2.644754710441382835e-15
3.416641065137208987e-17
5.316984111604970564e-19
1.111233746689467734e-15
3.847009347093376802e-15
6.297581966134948098e-16
1.260947878907849387e-14
1.895224440429574254e-16
1.680371912850340405e-14
6.335242639156650393e-16
5.761179294044849186e-16
2.328951647419946758e-13
2.117935682518709561e-13
4.414140223046175704e-13
1.077709929642596239e-16
1.660588950147447868e-14
1.172725111464600900e-12
3.665905740860703199e-13
2.228734969742717080e-18
7.425863309679092694e-15
2.042762889113594431e-17
5.860835201831155280e-18
1.364277189915385070e-16
2.202116388620628030e-16
5.107294343310660894e-17
1.764703810098179029e-17
1.068259027184708374e-16
9.683773652656243081e-17
4.918405334328461876e-17
3.805135849829386838e-15
1.045074967794749725e-15
4.740696167633284559e-17
1.448425181751996006e-17
1.720179655574654741e-16
2.908320235166109505e-15
3.912896823982067219e-17
2.995637690288086798e-18
6.197795661596879144e-16
5.465712943500806615e-18
1.267937086568823521e-14
1.706208005928372667e-15
1.424030202737153628e-15
2.145014985970459457e-17
1.010347358111152258e-15
9.851258933154713980e-16
3.642702247358560984e-17
2.229833258801034362e-17
2.765582259683869369e-17
4.793107456210277464e-15
4.379335503718224942e-14
2.748562460233677351e-19
8.071146998175938189e-18
1.180810303526356846e-15
5.348809244607973575e-16
5.627638620679577958e-15
4.761561831672159184e-15
1.292198391873188349e-17
1.552421761161704740e-18
3.408524818730024331e-13
4.178711345589718185e-14
8.547180771847386060e-15
2.995490658934205498e-17
9.400823964222058959e-15
2.738291076499017526e-15
4.866304231863731455e-15
1.240092403087143455e-14
7.726183076292841151e-15
9.204622334517756355e-15
7.316845087169780715e-15
1.811597175332177700e-17
1.829671125979509538e-14
2.572335828670863512e-16
5.399587569600294845e-13
1.681403387221859329e-15
3.568371726575536584e-13
1.874981940541697867e-12
5.045080699777118594e-16
4.246636103476166685e-15
1.272145502004620732e-13
4.690329471007175725e-17
1.734491336009700213e-16
3.436025943530715684e-16
3.935822276272295250e-14
5.561705599226360371e-18
2.186481298614836519e-15
1.176275195953133124e-13
4.423876794777063370e-16
2.244879222833631727e-14
1.034208382114424306e-15
2.340610344431226508e-13
1.994282018170923099e-13
6.014891818124923351e-13
1.504597964976732948e-15
2.690279766740986088e-15
8.194787007823219321e-16
4.159777448713153358e-14
5.403568759977661617e-15
1.132918086600709362e-14
3.746313646807311951e-15
1.150903814796117725e-14
1.714709887378200893e-15
1.848817119906066841e-15
6.193707139439601043e-16
1.171267497993691890e-16
2.543977694992381570e-16
1.073442802647455688e-16
4.868081651094205800e-17
9.323778032628265012e-17
3.335623687221315244e-17
2.019543598446985923e-15
2.885046165290615285e-17
8.106543380076062328e-17
3.627312188102542381e-16
5.729903131863076180e-16
1.874375830869697002e-14
1.124705302789734949e-16
1.064987693298183661e-16
8.012141568692482396e-14
1.798412280327551962e-16
1.181967906397677856e-16
4.384609389589925823e-18
4.683732209313697797e-17
6.381789746586234366e-16
4.005509540315390499e-15
1.017564369989334516e-16
2.391368827676758346e-16
3.644792597617442509e-14
4.098683164513363536e-15
2.429416753574033467e-16
1.599296142600645319e-17
7.137133494882624829e-15
8.673929193887743461e-16
4.559987313164744942e-17
2.457989451285966763e-15
4.476433600967416604e-16
1.968595425561048273e-12
1.326171692247476259e-17
5.161820848519237649e-18
1.498770537118300971e-17
5.686771854199884624e-14
3.057402646241961960e-18
6.962246866960825455e-19
2.405136322530417433e-17
1.360428290202511659e-13
3.312003644091537045e-16
1.605640737012935249e-14
4.544294069053168503e-15
9.171886205172272155e-15
1.946929978507936916e-16
9.886260021983711278e-18
6.970940535198757776e-18
1.011422719377250796e-16
1.078387506369562926e-18
1.379863324063803243e-17
4.494642268234542298e-15
1.032077852000656826e-12
2.776014496133265644e-17
1.480972564363563365e-14
2.922566905822453209e-15
2.081899864461744616e-18
2.880267096876110156e-14
1.120345002170396425e-18
6.719099442006578118e-17
7.248058282677087832e-16
7.729887019022286198e-18
1.719590724154340666e-14
2.879241441620938868e-13
4.825525101167594047e-15
6.798046089064231114e-16
8.887513051400447580e-18
2.091468772505819296e-17
4.780320765952534754e-17
1.269266563013054269e-16
8.947357252612943984e-16
5.338598791824415019e-15
2.606154942578971538e-16
2.566976545334467147e-14
4.530568323659386193e-15
4.688958910818025183e-14
1.418093692916983059e-16
8.663451290451089359e-15
9.360026410559318770e-16
1.173350818540855694e-17
1.813167461919823866e-16
1.190327894112409348e-19
4.507262212115684119e-15
1.071451044376656603e-15
3.221489703347942511e-15
2.513399540898705311e-16
1.169937915670342735e-14
1.756445805315733077e-14
1.920394788565326634e-19
3.188339495246030085e-19
1.301896174656698790e-17
5.095659684035633036e-16
4.264958541164742923e-18
2.149660696988353278e-16
4.039418333836789074e-16
1.513646222382209600e-17
1.965480231663377608e-17
6.926960892992961831e-19
3.738563888262998181e-14
6.874840759583878403e-18
3.669910089201565965e-19
4.913864774510035797e-18
1.184816451729514466e-16
6.018664435109358224e-14
3.897937880673399413e-14
1.685075301517986322e-16
6.942572059777385451e-14
3.749165624111510043e-19
7.712390494705564556e-18
6.462221708268545139e-14
1.036886184132940170e-16
1.417573661009483222e-17
5.759284650748430767e-14
6.439008145662242439e-17
2.624740863762425517e-17
1.143830835576660140e-14
1.508570693494956649e-13
8.792187434120856586e-17
1.323772206726582436e-15
2.940459418042016236e-15
1.090688750795577866e-15
5.595870649992805423e-15
6.526325992867830082e-17
3.598821639351602950e-17
1.759643820559739051e-15
1.878031127438190050e-16
3.818118006174598279e-16
3.570132616884487547e-18
3.330461418454494309e-17
5.011972299451316129e-16
2.168307783215021878e-15
7.310863790482524075e-18
2.826356244992099878e-15
6.079360020900875447e-15
1.356080605609526896e-14
3.209476286342232748e-18
2.522561889671710178e-17
3.579733691004734208e-14
2.866770569185766700e-16
1.452875115662510775e-16
1.955376882225532418e-17
3.222750880812483736e-18
5.136266344265330688e-18
5.825572492318019710e-18
1.426023186889620517e-18
1.042478388294941667e-16
1.166148267434142088e-18
1.350678241383339789e-17
1.124421596383241512e-17
9.673140742190241442e-17
3.166839137591095053e-17
8.371382471776545042e-15
5.694618767423248462e-14
3.226853666541372456e-14
4.492205883840883710e-16
1.729133587920520746e-16
2.134811216806250329e-17
7.547018582090008450e-19
3.215018106933123640e-16
4.448191537272488103e-17
5.372998983569229295e-17
1.107415672887825071e-17
2.545449553290988520e-19
1.623607807984191355e-17
3.009627704998328775e-15
1.638877541412404932e-18
1.037811650345876749e-17
1.575890239987844848e-16
6.279204130506387958e-17
5.198342841253311697e-16
6.117719284345825726e-16
4.559465527634346492e-17
1.023671165195638721e-12
7.453185177955947804e-17
1.074188323989937481e-16
1.771564247575346828e-16
3.484852363681801776e-17
1.053368479139553393e-14
1.434787124120589217e-17
6.673546874506981964e-19
9.969051040569041223e-17
3.464377459764297201e-15
4.197527356655848894e-16
3.059363065617201616e-14
2.713529438097132444e-17
7.809201728365300788e-17
5.431853545896867257e-18
1.466898540197693768e-15
8.732922921081637344e-17
7.187488756563945730e-15
8.594997998563932957e-19
3.482595020877369066e-16
5.992527152997150094e-17
4.590342591714174914e-15
1.833224474191866651e-17
2.187237444926850433e-14
3.089153246135870881e-16
1.236026136720554461e-14
8.255405450089065358e-16
1.230872677096384970e-16
1.909906697779043482e-16
4.425701833141041167e-15
5.264836184927305354e-17
7.955455730994148624e-16
6.955243128714338970e-18
3.872327750839403977e-18
5.722732849072058268e-18
3.152820742314036383e-17
1.703734808688733019e-17
6.303656830184374286e-18
1.002258616981347317e-16
2.593590532295434077e-15
1.356998325193308854e-19
4.191029356635877330e-17
9.348173904998168947e-17
2.061440888866464261e-13
1.077304105569654863e-14
1.150170263087971819e-15
1.702611662853008518e-16
5.639926527645396093e-17
4.714613611955839059e-19
1.848052803365706619e-18
5.431441940824060870e-17
1.345951483209028023e-17
2.077658317199866655e-15
5.247995383225766749e-16
4.480311423679065198e-16
1.849930809413028636e-16
1.142687679911045737e-15
1.669521844312486444e-15
4.383507667732066445e-17
6.900129610482724773e-14
1.711963965381880061e-16
2.445594388034876059e-17
2.110739188954883355e-15
9.330462479158306029e-18
1.484383057822388080e-14
1.996851982836737242e-16
1.203483105740753620e-17
3.108944647404500439e-15
1.257162065150096292e-16
1.392564351497309962e-18
4.613156084115877157e-18
3.221105836486576335e-13
1.023630118508410370e-16
2.346134522053745032e-17
3.991379306910792209e-18
6.260981672484089780e-16
9.805102519672051053e-17
4.364143120776271811e-14
1.602753095816626932e-17
9.751268281918119927e-19
1.725720177491983924e-16
6.909387957867155604e-18
4.359810266671402287e-17
2.681424904162724333e-17
4.542593226895081868e-16
8.449270777636383391e-17
8.648889100021893428e-15
2.294148215582075823e-13
1.417192643619891168e-13
2.336742995281970714e-13
3.844482039006786385e-17
4.683336568826713684e-18
1.095046498139976010e-13
8.099337313451745372e-18
8.309582636924960970e-18
3.279839304337096861e-14
3.050720026126713461e-15
3.513189255362153356e-17
2.994793841986190827e-17
5.342630139257753454e-16
1.497389079320888411e-15
1.603401274544623484e-17
7.178853043908451324e-16
3.914827040015292359e-15
9.884940668906689199e-18
9.402705745521696669e-19
9.490688230695109445e-15
2.255431686345467888e-15
1.992948087392180977e-16
2.858189225457574180e-15
7.067932491278724593e-16
3.563905948649045627e-15
5.878094842299957048e-19
9.705524796997243471e-16
6.713495472027543667e-15
2.490504716790454404e-15
5.603467053222018802e-18
7.531639619461907246e-17
1.686334899067557571e-17
7.118047301482143679e-15
1.796672416420376506e-14
1.883008670230615643e-17
1.095383642663971639e-15
2.714440494823798348e-17
1.683354421736741203e-15
1.552333057290664758e-14
8.417192217173209446e-18
3.620345077413579743e-16
1.060244023416248248e-18
1.789582507791630166e-18
1.831212440069892667e-16
1.435345471034062511e-17
5.879581265181199525e-17
7.050593832727547472e-15
2.757879512460744948e-18
9.093069915161712617e-18
9.337842617670728644e-16
2.265709372369214755e-16
2.798174188287528424e-15
1.140571050454975647e-15
1.748639393915728102e-19
3.215912508080370769e-13
1.296167170041504293e-14
2.237843344980752861e-17
6.626329937227740108e-14
2.676601283138682608e-17
1.541742159658846933e-15
5.157299330398512540e-16
6.139927429431649413e-17
4.993822500974024609e-16
3.307505667531045196e-18
9.923294824742967535e-13
8.295931675275998354e-18
2.017100768661994321e-17
4.334473261287760020e-16
1.375999894294813072e-17
8.708472123919059889e-17
8.078940693907412816e-18
2.173649384738644309e-15
8.238088163026180410e-12
1.019204845168061521e-14
7.519418098703330167e-15
2.274014530417043170e-15
8.224875206296468171e-18
6.102010528943402692e-16
3.289662968127970112e-18
7.650457483775359446e-15
2.596877231889017576e-15
3.730826072883240696e-15
3.441245056149231263e-17
1.689639829721841739e-15
5.888677657880881863e-15
1.067265748705154699e-15
2.971923515658961290e-14
1.024424092782453069e-14
1.169869298060681256e-17
2.677270297818390432e-13
4.788110987525436658e-18
8.392545378205456923e-16
1.885997387521103958e-19
1.772045018182252449e-15
1.890007518979414103e-13
1.540464141624214741e-18
1.367179071853119100e-16
2.582185729969022455e-17
6.225255410955679494e-17
5.168885745853238345e-14
2.343888226411829090e-14
4.861064595239857210e-18
2.021167850297795048e-17
1.670819803190145452e-17
5.036864463645139629e-18
2.462389628628275243e-16
1.075574281649882330e-16
2.308529005435287773e-16
1.193070920149405631e-16
2.102333657502805306e-15
1.468924934175101673e-16
2.969495283957420025e-16
1.516566434642317805e-15
1.379879801501605299e-16
1.033182664919968751e-16
7.439598839792340894e-19
1.505654320941077467e-15
9.001032009944774886e-17
3.819926315637867803e-15
2.778746590978467039e-18
7.231322499826118959e-16
2.371347351083830839e-16
2.964219592185005818e-17
2.301276285824422826e-15
1.264010919451710388e-14
2.542687557934594864e-16
5.437394597209788474e-16
1.945161118942441270e-18
8.781624834006921955e-18
1.259995813875135554e-14
1.113150979295798241e-16
1.090874873050847198e-17
1.636029910115145193e-17
3.968333227864452304e-18
4.184972243882396529e-18
5.417107734606574354e-15
2.376093435505974294e-15
2.782008564489180102e-14
2.268054171325451472e-15
9.921254559542257156e-16
9.944021216977676648e-17
7.858438124043386537e-20
1.008767353805669820e-17
1.747986995491272733e-14
2.933957685783120833e-17
7.410718784098659431e-16
4.581278809782961866e-16
3.699828266903759134e-16
8.193353086922636197e-15
6.148009563042721281e-18
1.054762152740252137e-17
1.665819251541801084e-15
1.462456593543173811e-15
7.922317353642947238e-18
1.035774263138128014e-18
1.326410184961687548e-16
1.105119915815745398e-17
6.933018026425957946e-18
2.361340289969149353e-13
1.895482926099190949e-18
3.151980591509478524e-16
1.273267602548748762e-16
4.562736530648626185e-17
1.270924232960610537e-15
3.376953601091404761e-16
4.128302927297001156e-18
6.453414984954956011e-18
9.024862884869080601e-16
3.353115976373300614e-16
9.937959108053296027e-16
3.394039579126504084e-16
1.378481005998553627e-15
7.418688437690036338e-18
1.404060606912245447e-16
8.680384114341413264e-16
2.106908694209162596e-16
7.298495124219141162e-17
2.210845989584369654e-15
3.451368092485655216e-17
3.008670541224319164e-18
4.274491152523538775e-16
2.373635007079863413e-14
4.903250392889755345e-17
1.403631531784901940e-17
1.092091291772443178e-16
9.851244432678575926e-19
6.288987758093869153e-16
2.190267969331704219e-18
5.843213825122706151e-13
4.351388509244428398e-16
4.231290831087234153e-15
2.785720093457458996e-14
3.490082527433301064e-16
1.271791779987056152e-16
3.099704497331801285e-17
1.152115580130459727e-15
3.024589906736865549e-15
6.168874118659575085e-17
2.710219061285695227e-17
5.642991092848562151e-14
3.815686492220386403e-16
1.796463202921999389e-18
9.833725351146549963e-16
1.122648828554787676e-14
7.841437287708737298e-18
7.527701742114298322e-14
1.774243280438614172e-15
9.034748818154722354e-16
4.102337314278655341e-18
1.981855841546795172e-13
8.450270011816347448e-17
4.105691515118945617e-16
4.332060011481473315e-16
5.290784923461155088e-18
1.704242975041070363e-12
6.932889234404583439e-17
4.635882259332118303e-16
9.844675171048832918e-18
8.536884239340562786e-15
1.989577393893965374e-14
3.110106988366370152e-15
2.711721347009544633e-15
8.204577120506702931e-16
8.236210062230282309e-18
8.963383963007942601e-15
1.179491261469245086e-15
1.568022759745730491e-16
7.279501237557576030e-18
1.256830464986136034e-17
7.715547412969760935e-16
4.282710819387108303e-19
5.092025912691912088e-16
9.582974746699511213e-17
1.319571717401589158e-16
1.402277602558275145e-17
2.903374833303565272e-16
2.754993634482630349e-14
7.792172685171763490e-19
1.331245369970692765e-17
8.603117980651112801e-15
4.078452259024227403e-16
5.908608025492420330e-17
1.405779595758610270e-18
4.230981717001045537e-16
1.231920800959273362e-15
4.683392403518061014e-17
2.682396675946351630e-17
5.504889888216155363e-16
2.203083779655731246e-15
1.432199847921130543e-18
2.664842993449302575e-18
2.667711463245989872e-14
1.703857541612120574e-18
1.198576899004354600e-16
7.392479517766314175e-16
1.071606369043359361e-15
2.399000425124930141e-14
7.068090912909640749e-17
1.056405661355721496e-16
4.664617719718822434e-17
7.175297411354114585e-15
5.628387821321424386e-16
3.458166483145075412e-18
2.821553314071283819e-14
1.988422972690152488e-15
7.087692446449187335e-17
1.356446502666917072e-16
1.224849664036476056e-15
4.918526141928225570e-10
2.517720563012092877e-14
2.329928895800973646e-17
7.368123217716914778e-17
2.664319773918594203e-14
3.472949962586102755e-16
8.030883154679307014e-18
1.836901483920566971e-15
7.701083795999801723e-15
1.147475110128927042e-15
1.291701289412268481e-16
3.249801051690978453e-17
5.151754440967549076e-16
7.283406072886103309e-21
4.030517771184044989e-18
5.317803074178137877e-16
8.489919227030627222e-16
2.159952014948595019e-16
4.918084222814668791e-18
1.247787312939400059e-17
8.958388797959747178e-16
1.642601611927695232e-18
4.152452051690180523e-18
6.343462167467467318e-17
1.491801044149174181e-16
8.604721308141146784e-16
2.831320069821246892e-15
2.672734213774997204e-17
1.107762013410301024e-17
7.239654127653549071e-17
3.179706759199969952e-17
1.047137036417615817e-17
5.577931779660039169e-13
6.969827811838751443e-17
1.538864657446917250e-13
3.166904401479680997e-14
7.717986206113363278e-17
4.333700756651952257e-14
2.036872370535481810e-17
2.729099624203340594e-18
2.800206084802719930e-13
4.598965810633697318e-15
4.513578706209948888e-14
1.482450449748267560e-18
4.979634275591041451e-15
4.636717984389526759e-14
8.939379049282755729e-15
4.700772460804535189e-17
6.465819226602123604e-15
4.091319682109755289e-18
1.389811527505957988e-16
1.557399113702589446e-17
1.274296962646622000e-17
5.013322489821574185e-19
4.668861529485111850e-14
1.477955860492384115e-18
1.676618815740175007e-15
5.571522264407506933e-16
1.058366989967890470e-14
4.066507770978961683e-15
1.980144292892255242e-13
1.143368355587459292e-14
1.033888944814191028e-15
2.759507303651959065e-13
3.652125700655001889e-15
3.164885879614726637e-15
6.186318682798938595e-15
7.319804620287487240e-15
3.575862242216013703e-15
7.716400798664119643e-16
2.779153639940459483e-15
4.804106708425966588e-16
1.095639234855805624e-14
1.428055832698098097e-15
2.097590140649283215e-16
6.004546259351112997e-15
3.371140985721637895e-13
2.726393416585537466e-11
1.680217117579229681e-15
7.755683539779813923e-15
1.188374837140929782e-15
6.519704752201010978e-14
1.811507622509131443e-13
4.755428635507680246e-14
1.628572968213719274e-14
2.823080556826830685e-15
1.684146122256716116e-13
8.207288105702671973e-19
