4.368277828348254843e-08
1.342424482686510601e-08
2.351649763809859905e-09
1.881116096225099454e-10
2.301093343648474843e-10
1.653967518500110145e-09
8.463670875258344495e-10
4.331288437242619693e-06
1.279115822399035096e-04
2.012503318837843835e-05
2.329974790882261004e-08
1.342814357485622168e-07
7.759449545119423419e-07
1.281878638792477432e-07
1.073668727258336730e-07
6.666377430519787595e-06
8.395861186727415770e-06
5.654692358803004026e-06
7.023187936283648014e-05
5.472541531048591423e-08
4.907683887722669169e-06
1.064453925937414169e-02
3.160234482493251562e-04
8.454045057296752930e-01
1.501983380876481533e-03
1.073647659666221443e-08
7.249839395484514171e-09
6.295666765687712996e-10
3.505091106248414690e-09
5.644209544186651328e-09
1.999201360014524198e-10
4.367832207030630798e-10
4.059891312024888066e-10
4.239688600193858292e-09
2.199610626973935723e-08
1.934545394988163025e-07
6.667530101367447060e-07
9.628619324075771146e-08
3.290221706198082074e-10
1.126780233562385547e-07
4.793212493581222589e-09
3.162577977278147046e-09
1.802800824179939809e-07
9.104411446969606914e-08
1.476993816140748095e-08
2.791875619578831902e-09
8.770076886932542948e-10
2.702976509283416817e-09
9.540022460896580014e-08
1.427216567151390336e-08
6.407843500255694380e-08
8.338773938021404319e-08
4.055499402966233902e-08
1.023783084974638768e-07
1.677165073488140479e-08
7.095819487545895754e-10
1.540486493922799127e-08
9.804317357975378400e-09
1.083319833838913837e-08
9.954706392534262704e-09
7.835910587061789556e-09
4.282503240915502829e-09
1.101074520448719340e-08
3.875875336234457791e-06
2.247854880010891065e-08
9.419319546566384815e-09
6.348994219251835602e-09
2.387785524859964426e-09
9.689668623025227134e-09
2.744857674485956522e-08
1.751698230911813425e-10
9.901853559313167352e-09
2.023340428536357649e-08
1.465102039688304103e-09
3.055993458289663067e-09
2.488802275379953244e-09
6.863001722479111777e-09
9.172222981135291775e-10
4.923377816545837504e-10
5.236035161004792826e-09
5.005748826079070568e-04
3.769942168219131418e-06
2.866421418730169535e-04
6.752871559001505375e-05
1.927577068272512406e-05
8.434032497461885214e-05
7.005166844464838505e-05
4.034988209605216980e-02
2.985781466122716665e-04
7.685138371016364545e-06
4.776100013259565458e-06
2.167782076867297292e-04
1.287362181301432429e-07
6.192509457468986511e-02
2.713306230361922644e-06
4.705092351287021302e-07
2.198688016505911946e-04
4.707356765720760450e-06
6.516193479910725728e-06
1.496864715591073036e-04
7.537951023550704122e-05
1.106173044718161691e-06
1.157275253405032345e-08
1.375160429972765996e-09
4.715086099338350323e-09
1.347745470781092081e-08
7.030646287375930115e-09
3.733390263604974280e-10
6.881437086825314964e-11
1.243121938721003517e-09
5.037871161905904671e-11
9.979847503949201837e-11
1.643403885198679859e-10
1.153922291052822402e-09
2.034135526685076911e-09
2.508780405641175548e-10
7.070218299709551957e-10
1.314769543236948834e-10
1.556410333947155777e-09
2.697922441008415717e-10
1.892359380306629646e-09
7.652591893503313258e-10
4.043085866101137071e-09
9.958993629766155209e-10
4.685551004968147026e-07
6.586423628718307555e-10
4.856109736550706657e-09
1.216672593727707863e-03
3.197580948472023010e-02
5.874487760593183339e-05
6.880204068693274166e-07
3.187244583386927843e-04
8.799978786555584520e-06
1.276001626138167921e-06
2.281132852658629417e-03
2.667650987859815359e-04
1.156225334852933884e-04
2.994503120135050267e-05
8.443718543276190758e-04
1.278858832165497006e-07
1.860536968933956814e-07
5.241398866928648204e-06
5.527363455826161953e-08
1.777005491021554917e-05
1.308866194449365139e-04
1.096165669878246263e-05
2.715574228204786777e-04
3.851955909794924082e-08
9.580832793787408264e-10
1.051484677105918308e-08
1.446388786519037239e-08
9.813331258712310046e-10
6.754934944730450752e-10
1.853165065845985282e-09
3.667995074341234840e-10
1.431785467964630243e-09
4.824045607421112436e-10
1.656461745547233022e-09
7.138253321770093862e-10
1.114195055662570155e-10
7.054771877790244616e-09
8.558604380759504693e-10
3.926187430725036620e-10
4.880323922762386246e-10
6.513621286785564735e-08
3.087345135099894833e-08
5.305460959448282665e-09
6.863875023910281925e-10
5.626340018882736160e-11
8.603946888285918249e-09
1.128386095672340161e-08
4.150742527464501563e-10
5.788945767193354186e-09
1.313830155780237874e-09
5.195416985515066699e-09
5.535164548930993078e-10
1.332879140392151385e-09
2.549403887996959384e-08
1.661873194613860960e-09
3.845479934483364559e-09
4.604842285260701829e-09
2.524411790716385440e-08
1.542772576357265280e-10
3.984779173293873100e-09
4.389820451589088179e-11
1.011198000333557445e-10
1.995479337324468361e-10
1.128400595185041766e-09
1.988279957343408455e-10
6.180967404567638823e-10
4.012867815816889561e-10
1.651671716063063400e-10
6.751379455494088688e-10
4.693710420333729871e-10
3.373649803961598082e-09
3.127575531891579885e-09
1.126639337378776418e-09
1.905470448093637970e-09
2.432508194871729756e-09
1.191987730742027907e-09
1.042553487984321237e-09
9.796574662601642558e-10
1.569976371129655490e-09
8.505877113762494446e-10
8.122079675487725581e-10
2.917126380452828016e-07
1.346717581895973126e-08
6.017008419290093002e-11
4.340064307939428545e-09
8.877009682883851838e-10
5.893076693297416568e-09
1.625968665264210244e-10
8.343896951146234642e-08
1.054695428215346453e-10
2.512920538322305219e-08
2.470494475659279487e-09
7.425672077232547963e-09
6.890112480562038400e-09
1.494887880149065040e-09
4.873951242601037848e-10
1.210627154080157197e-09
9.383258614548140031e-09
4.100439099374852958e-09
1.452677755864328901e-09
3.954221838853300142e-09
2.098301532527102609e-09
1.686743522633094017e-09
1.720360209844784549e-08
1.402561977670302440e-08
3.939310744272006559e-08
7.878288021956336706e-10
4.538416753518959013e-09
1.933551985189296829e-08
1.750894895735655155e-08
1.620196776741522626e-08
3.729272002317429724e-09
1.642032398940784788e-09
6.659398588126919094e-10
4.259425256947224625e-09
1.112293546157161472e-08
8.513184823755182151e-09
3.581115182171856759e-09
1.532037829932164641e-09
1.112795966484725341e-09
8.966539510879556474e-09
8.306826337900474755e-10
7.759582310029600194e-09
1.859764287015508444e-10
3.130737058487653712e-10
2.442052116080617452e-09
1.077039679664437699e-09
2.473120375157122908e-09
2.389977105110574485e-09
8.530080114477200937e-11
5.697900484769036211e-10
1.542067251669720918e-09
1.321201370529934138e-08
1.703972296596134584e-09
1.594310683472599521e-09
5.547488579615844628e-10
3.454863894969406601e-10
1.450632414190522468e-08
3.695471359477231488e-11
1.120561005096831764e-10
2.151173461584221513e-09
5.892537124907448742e-09
2.809557475558221995e-09
1.421533024625887265e-08
1.478121003373189524e-08
4.377625817397756691e-09
2.448002911492608291e-09
7.751930763966186078e-10
7.440133398262105402e-09
3.263129211283910536e-10
1.418008488407451750e-10
1.863263499046752258e-08
4.707668779246887425e-07
7.095548593127887216e-10
5.677267544967889989e-10
2.733675286137327021e-09
3.234004353203090432e-08
5.557210247530974812e-10
8.938360607224637988e-10
3.292822681189022660e-09
1.460692677923702831e-10
7.621759223752633261e-09
2.371200735762357681e-10
1.316508568827146064e-10
4.200817471655682311e-09
1.935060334190552567e-09
5.818210913055565925e-10
5.041824735485533893e-10
1.683833628085551481e-10
1.665849680421160883e-09
3.140750770569411543e-09
4.406419762403857021e-08
8.524571049051132832e-10
5.342873237168532796e-07
1.802248448257159907e-06
3.052169574857543921e-07
1.965681922788675706e-10
1.636548230266043902e-09
1.384331649312287027e-09
9.489263819162374602e-10
7.718866656958311978e-10
1.847423214407228897e-09
5.843827199925044624e-09
4.496498284822791902e-09
4.136628817263954261e-09
5.193898644506589335e-10
1.620863554485652003e-09
1.782984093701145412e-09
6.891843762346638869e-10
1.314632291915529549e-09
1.573618901851148166e-09
4.622045413071873554e-09
2.319559122554437636e-08
8.332489365159290173e-09
4.206211490220823634e-10
1.181127373683921178e-08
4.409585196984977529e-10
2.847446900489103427e-08
3.307130924667944782e-08
8.967749876021002819e-10
1.545591876705998402e-09
5.417348791780796091e-10
9.689668623025227134e-09
7.333796903097322684e-10
7.287068864991752548e-11
3.627426414798406995e-10
3.037886386891841539e-08
1.741403110600003856e-08
4.336731151965977915e-08
8.001238005483912730e-10
2.741634652636548708e-08
4.305002221371978521e-08
4.221444083185588170e-09
2.434355792502174154e-07
4.110499163267888889e-10
1.652304161547935024e-11
3.748699839434266323e-08
2.505228691163097210e-09
9.448775095677319769e-09
5.125044832965386377e-09
6.248455974855460227e-08
1.107830360780326373e-08
8.822329533586525940e-08
1.162378304719879907e-09
8.526530592689596233e-08
9.445567883403782616e-09
8.061425416094891716e-10
1.175994301938487752e-10
2.778672847369989540e-10
2.615933580862872532e-10
1.314429121102023146e-09
2.840177204532778887e-09
1.283506190219441123e-08
9.170884851528171566e-08
8.545575802543226018e-09
1.382424752449651351e-08
3.053355968063442560e-08
2.081183403390696185e-08
1.181537001571086876e-07
2.459850520608597435e-06
9.971801091523957439e-07
9.756822905160333903e-09
8.577640642215555999e-07
5.827907443745061755e-06
3.208763743600684393e-08
6.311664435543207219e-08
9.331990895589115098e-07
2.298118602084286977e-07
5.063762387180759106e-07
2.758051032003550063e-08
2.362874624850519467e-07
8.072638593148440123e-07
1.127005244683232377e-08
6.520870670101430733e-07
1.853191520240216050e-07
2.684451061440995545e-08
1.271398559765657410e-07
5.366181099475397787e-08
2.186167513684722508e-08
9.428047178516862914e-07
1.119175365715818771e-07
3.375496930857480038e-07
5.814586643282382283e-07
1.024166751406596632e-09
2.283553968140950019e-08
1.527277326829334925e-08
2.528845577387528465e-08
3.503508949620481872e-08
1.937577875921192572e-10
2.005215993250430984e-10
1.950558896623988403e-07
2.881094296469655092e-08
5.524217194796676722e-10
4.467098912996902982e-10
4.847836354571199990e-09
2.244576080556726083e-09
5.967408789331329899e-10
1.503142277314850617e-09
4.129576888778352384e-11
9.738127665359641583e-11
3.984254703937040176e-09
9.790597221837060715e-10
5.875475661554219187e-10
2.457976600034328385e-10
1.704233199006921495e-08
7.852434674715524920e-11
9.006621837226447269e-11
6.928920215365508284e-10
4.334562930807805969e-09
1.586091147309787175e-09
3.818770022423478849e-10
5.989390927663151842e-11
6.813838382413450745e-10
1.438758889804603314e-08
8.718568228482936888e-11
2.291692530187461330e-11
6.245017836192801042e-10
1.085727174832129549e-09
1.238402436154473207e-10
1.067433696988473457e-09
1.043601982608777234e-09
4.190899849376705788e-10
8.837727077937174158e-11
4.189207647442572124e-09
2.202146021090811701e-08
5.603416841637454127e-09
4.664331143544586666e-10
6.132457319729667233e-10
9.953309010324318251e-11
7.004324203974121588e-11
1.897526719085718128e-10
1.756120804330407736e-10
9.329218508824510536e-10
5.929310376018293027e-10
3.332987705273460222e-11
6.186328960211540107e-08
2.267903920216696179e-10
2.115197322849482475e-10
9.973593062539976017e-10
2.212821453850821740e-10
2.674727106466434634e-10
4.724290750268700378e-11
1.903976282191521818e-10
4.056861158119318134e-08
2.466115978094762795e-09
1.552004497140657691e-10
3.267328407829950265e-09
7.181174543902102414e-10
1.801896853947937416e-09
5.744033026999773028e-11
3.398720194169868591e-10
5.936617863966375808e-11
6.577228361948073143e-08
2.984915370429774839e-10
8.504782300633451086e-08
2.411391641921056816e-10
6.742619795829796203e-09
3.028899868695589248e-07
8.560335218454895312e-10
1.659291704037002546e-09
1.271374117095547263e-09
1.314933162355202967e-09
7.115104616595147036e-10
7.129984602727290621e-09
6.786677886339020915e-10
1.626516343833372957e-08
9.322868033123654641e-10
2.523808495524804130e-09
3.554981864439810124e-09
1.166237384442325720e-10
5.642591949239772475e-10
2.268359278190246187e-09
1.309723718367905576e-10
5.171498784761752177e-10
1.271092259225170551e-10
4.850027934821810049e-09
9.536147427269270338e-10
4.707804701631346234e-10
1.615008682342988777e-10
4.703700623442941264e-11
4.744753201446627600e-11
8.482623631289598620e-11
6.060202895064037421e-10
7.536185364642733475e-08
1.045054531800815312e-08
1.035360686074682235e-08
8.730280143254276481e-08
1.304855885564393247e-07
6.985045875040896135e-11
6.806725755953424439e-12
8.535508300155925099e-09
1.563200784093776718e-11
1.634879120970822441e-09
7.276596686311975759e-11
9.929272959396939768e-10
5.798549196356361790e-09
4.019386767861732324e-10
2.482024719085984543e-08
4.189884827976442239e-10
3.830590067366301810e-09
2.257706466224362885e-09
8.048764432722066431e-10
7.706788540673414900e-10
2.495379736178193752e-10
8.446834343089903996e-10
1.779269787061110719e-10
7.779480393210747025e-10
1.741348037986867325e-10
5.745821596292444156e-10
1.370248081666858297e-10
2.454117797867638728e-09
6.649286898863238093e-09
6.488674181293063725e-11
7.447483185707426401e-10
3.602820797254935314e-08
2.178951186149191699e-10
5.117215678973607851e-11
1.881711730877810851e-10
8.231562098615086143e-10
3.720376673399528045e-09
9.300445924509403994e-08
1.458149956334864328e-08
6.753642783907665148e-11
5.713637341031585493e-10
1.913474656500824267e-10
1.971177387982692153e-11
6.549239622843927577e-11
6.551263698195697316e-11
4.393162569837905096e-11
3.874618126342710411e-10
2.336313920103805231e-10
1.523302373129808984e-09
8.734435397173001547e-10
6.330514445984647409e-10
2.649316321878814051e-09
3.980151486171479291e-10
3.809296628132230467e-11
2.907761254000718054e-10
2.393684972457066351e-10
5.873100339393033664e-10
1.369261037886815302e-09
1.363694757117173140e-08
5.697857186071075830e-10
1.187222264942278116e-10
6.280049397178188997e-11
9.646048543254792662e-11
2.829869116816041696e-10
1.407300144473655479e-11
3.066474407731334395e-09
6.686552787155131128e-12
3.809213389160959196e-09
5.361899257927404960e-10
7.502849896923180495e-09
3.911897472619330074e-09
2.102343854559762804e-09
4.823215091209753780e-11
2.240064134184649447e-09
2.445445401733081781e-09
2.853378511247228744e-08
2.219662231794927720e-09
1.964189227932067183e-11
3.880682997170481485e-10
1.438993368907404147e-10
1.378222092007774791e-09
4.381562490607393556e-08
4.463796443587852991e-09
2.728585801747840378e-09
9.544790513515977182e-10
7.457508388597489102e-09
1.148939698936146669e-08
4.340006132252938187e-09
2.076633448533371507e-10
3.843805829184532286e-10
5.616031639732455005e-09
4.676251830204591897e-09
4.106860337915740899e-11
5.148893311712754439e-09
2.588442238327104405e-10
1.302723373619585345e-09
1.318849029985358356e-09
5.324151675090149638e-10
9.352949525975873257e-10
1.704286572978830350e-10
6.305657329619407392e-09
3.098219736319407502e-10
3.673079840282866826e-09
4.556657717813550335e-09
1.443611757911966720e-10
7.075030838965545854e-11
1.285042028342786580e-08
4.599320924114636000e-09
1.993129661315151679e-09
7.350735842237554607e-08
6.615014647159966898e-10
1.770590785099557252e-09
2.574050000925254267e-11
1.834341212259005260e-08
1.378375458216396510e-08
3.050552865868638719e-10
5.796135793545431625e-10
1.203634275581677571e-10
1.844967789654816670e-10
6.893736692603624761e-10
4.566740041678230000e-10
2.163947021571743790e-09
1.280447303741993892e-08
1.071021049625642263e-09
3.134220383227415141e-10
1.519014136697194317e-09
1.760089496372074791e-08
3.260125946979997025e-09
6.741153413258871296e-09
2.683058752950273629e-08
8.748641255884592738e-10
1.854703279846603436e-09
1.567702190286013320e-09
1.501047203200656099e-10
1.388537107516185642e-08
5.415075610137876083e-10
4.057207458885159213e-09
1.304879537755709862e-09
3.321661001809417257e-10
7.213462605015763529e-10
2.040320551399688043e-10
1.001117633236958682e-09
3.452095553857503774e-11
2.737999826862846930e-10
2.515632424593405858e-10
2.886785921418777434e-09
1.569894630959467463e-10
8.359180569961210949e-10
2.151816641537962482e-10
3.634372525151974287e-10
3.686792537926919522e-10
5.188508997444607473e-11
1.584592700110132313e-11
4.364498693010254726e-11
3.225950839791380531e-09
3.161068629076169145e-10
1.115677932261860406e-07
2.286743461255014154e-09
1.368271052015757050e-10
2.387793573976892958e-10
5.841325340094627450e-11
1.192264481586491343e-10
1.258111392843375143e-09
3.716709828793796078e-09
3.190227249039168100e-10
6.648995576341576452e-09
4.228809746820161308e-09
1.110497582779146342e-09
7.958388809070626735e-11
1.034864527404977252e-09
3.865900100041841370e-10
1.209477851205065235e-09
9.927998007031035854e-11
1.188224185710851089e-09
1.007468969360658662e-10
2.650578645457812854e-10
1.228017687537885649e-10
4.012601806380189373e-09
9.574967485548313562e-10
4.094671268717320345e-09
4.494455918546691464e-10
7.664862633482982801e-10
4.704062139815334831e-10
4.187370450381422415e-09
2.201062621054461488e-08
1.563780993585339729e-09
1.122717918633497902e-09
1.912143998694659786e-09
1.127856141813765589e-09
1.537210891910945065e-08
9.912506371279050654e-10
1.971465213301826225e-09
1.156126999690698653e-10
5.974706146494312975e-11
1.301367458239610642e-09
1.954329365005946784e-09
8.082851749025010690e-11
1.929774784414917121e-09
3.397825631967776872e-10
1.720513620462327253e-09
2.686285395514520502e-11
1.202055815996416754e-10
1.812825445313137607e-08
2.473700577709792015e-09
8.319114286337025987e-10
4.049474089384830222e-10
4.716282475669686391e-09
1.617364686623545822e-09
8.111118443565601410e-10
3.774258405808694761e-10
1.318433417996089929e-10
1.970629492920039638e-10
1.712049169100282597e-08
1.140828986834208081e-09
5.090081689473890947e-09
2.179017799530669208e-10
5.448372863980921466e-10
1.391798409855482532e-08
7.298409099298908131e-10
2.372834151387337442e-10
3.033734685686795274e-08
5.973895156330399914e-08
1.357845641480892596e-10
1.533283278121189142e-09
1.682985972806250174e-10
1.348649247834288190e-10
1.965749368837421684e-10
1.920388570386677429e-10
1.198899290955068864e-08
8.345325319680796383e-09
1.424031670360648150e-09
1.460523479934749957e-09
2.695710599187606249e-10
5.257558832738595811e-10
4.360789784829677274e-10
1.241450831024337731e-10
4.904081030154827658e-10
1.002701921493098780e-09
1.788525660906259418e-09
3.086523536754981478e-10
5.145928128058585571e-09
2.673954568876979465e-08
1.248584291513310518e-10
1.367669710816699080e-08
8.782166105447686277e-09
7.965060278003477379e-10
6.842428401654387926e-09
2.896331230406445911e-10
4.698773370392927973e-09
5.223319173019991268e-12
4.776254391991585635e-10
4.332413983121341516e-09
7.357822684461723384e-11
6.666748486594542555e-09
2.209987193246831794e-10
1.736078503178362098e-10
1.113350078796315756e-09
8.553578401127026609e-10
2.675778487670754657e-10
1.947600553053874251e-10
2.371057128414122417e-09
9.371409204206315735e-11
6.309846867225132883e-08
1.057195331277682726e-09
1.982298947211802442e-08
2.078556216034144200e-09
2.878902449765519123e-08
6.123865858853605459e-10
4.906784423219789915e-10
1.771375224279836402e-08
2.940124255168541367e-10
3.249241986580386765e-10
2.646214358748011364e-10
2.608559479533312242e-10
5.158536264815438699e-09
8.233158599324497118e-11
5.283038242986926036e-11
7.628153664285264313e-10
3.306376838985158884e-10
1.376057712221268048e-09
2.058818948658114323e-10
4.772004125186413148e-09
4.525673447108857772e-10
1.085181100535237420e-08
1.351451506259593316e-09
5.240245737336834964e-11
9.584378846128061014e-10
9.118132360264041836e-10
2.552203726136070827e-10
7.058088835609765965e-11
9.987360272134537809e-09
2.806230248175722863e-10
4.087147009723679503e-10
2.205961108225906742e-10
4.631117267450690633e-09
4.585280155566806570e-09
1.470342625431442229e-09
1.181593756172105714e-08
8.525059547181967901e-10
6.660856588514008081e-11
6.242157724045682698e-07
4.068884118524351834e-10
5.461180396792997271e-10
1.550596873123311070e-09
9.017542823563928778e-10
2.597375203805540878e-09
2.739782622995790007e-09
3.267073056534286479e-09
9.545669144017665531e-09
1.464748056179132618e-08
4.713773371634033538e-09
9.846116283407368996e-11
9.665704903127902980e-10
3.787556379641898729e-10
8.103490101163401960e-11
3.062049946933598221e-09
1.623985113052839324e-10
3.060345088456983831e-09
5.662151636443013558e-09
3.049022978540705253e-10
1.489529388720711722e-08
1.443703379067073911e-09
2.591262759921164616e-10
3.323537001165277616e-10
4.112147955481759709e-09
7.636645094066807360e-09
5.988080031826825689e-10
8.895247871620881597e-10
1.101105540080027367e-09
2.073309968153580485e-09
3.973887441333090464e-09
2.157578421480010888e-10
4.029995503973538007e-10
1.004269445381567039e-09
1.925370307631624200e-09
7.976857507863144292e-10
1.492152373883115501e-10
2.765951911953834497e-09
4.268002617990873659e-10
4.902799277672897915e-10
4.767780059644621815e-10
9.688882335323611983e-11
4.866090863586691739e-11
4.815413623404651844e-10
7.889034564501073987e-11
4.353866989159627110e-10
1.349986344933995497e-08
6.796189833124799407e-09
1.151185990977410256e-08
1.025955653766175146e-09
5.312225326292718819e-09
2.499514484277653992e-10
2.791155362391606332e-10
8.121854477849410614e-08
4.229679106959594037e-10
2.865198911461419584e-10
5.873413977397490271e-10
5.276002412735181224e-10
1.786894798794236294e-10
4.298731148821843817e-09
1.234066737687555815e-09
1.066186361420307094e-09
4.226737626567000916e-09
1.500747304206129229e-09
8.054358957565455057e-09
2.670908771928992564e-10
5.397401414697355904e-10
1.620216738551505387e-10
1.441595620654823051e-09
4.125776387198243356e-10
2.275864080525380473e-10
5.038536809998106492e-10
2.089948630823457165e-10
2.731516124399036016e-10
9.690588331778826614e-10
3.328971232008370862e-08
2.140436095032782760e-07
2.645963226299841153e-09
3.075670829133514417e-09
1.928269988127340184e-09
2.478196536870314048e-09
6.200875923845217130e-10
1.381359138186155633e-09
7.504734611529784161e-10
4.647254248091314821e-10
1.190599285827431686e-09
4.830795208299321075e-10
1.026648072111058241e-10
1.518868503191939112e-10
7.592315109938851947e-10
1.171338470662419695e-09
2.278283256496038689e-10
3.169260964774878175e-10
5.567578398313344223e-09
4.476051820856419283e-11
7.453583528160834248e-09
2.546850952356294329e-09
4.295508393425961913e-10
4.150518470580344399e-11
8.407501916884996263e-10
5.585732432145107396e-10
2.038042401508732837e-09
2.403337806544669775e-10
2.018400863113001265e-10
5.634690047884305386e-09
3.279482796436639092e-10
6.227223736665621345e-10
4.276662357582949880e-11
3.839550455353446523e-09
8.964329278882132712e-10
7.229605247793813305e-10
8.936570927708942236e-10
5.335591080068979863e-09
3.265226977688939769e-10
9.632044051244292859e-10
6.961388132609158674e-10
2.842659441171235812e-09
4.163136946289114348e-09
1.250002767960722849e-09
2.581697078340994267e-10
1.016537853892884868e-09
1.165808671821366715e-09
4.227084016150683965e-09
2.663420595183652040e-10
1.162986507097230060e-08
6.881260219415707979e-07
9.361118824546821315e-11
5.719184154040490853e-11
1.805611354877001418e-10
7.759164422083131285e-10
1.246560543677333044e-08
2.468623083728971324e-10
1.275381578125234228e-09
2.853718372719526997e-10
8.680579810516064754e-09
7.298547877176986276e-10
3.628234171437760835e-11
5.190729512882796826e-10
1.433705064390888850e-11
3.005504733977204523e-10
1.203046551268016628e-10
1.428764884181532580e-10
1.106233549208468503e-09
2.469554075124058556e-11
8.718302468846417241e-11
1.206311717183439214e-10
2.599250675805464539e-11
2.456444214704589513e-10
7.535372326117339981e-10
2.845300883791423985e-09
6.334451851941480527e-10
2.819893651917482202e-08
1.588569692456687221e-10
1.611187294692228988e-10
2.823044298327914703e-10
9.259526478899715585e-11
1.183560138784400806e-09
1.615376166164139704e-09
2.171546276130698061e-09
3.111545909817436950e-09
2.093205164754863290e-09
4.171266110297722207e-10
6.576732491936354563e-10
3.889167321524666932e-10
3.561792180639677952e-11
1.319430231738749626e-09
7.661592249519344477e-09
3.198167286555531064e-09
2.900593654153738044e-10
6.023356036166660488e-08
1.502224317162514922e-10
1.211908767784208862e-10
6.023358894990948897e-11
5.554780593830521696e-11
5.170903982776309249e-11
1.044276401462873594e-10
3.319423555470102372e-11
1.105295976272513414e-11
5.870297997701001691e-11
1.441122776668635197e-09
3.287528929640792796e-11
4.300066136497804337e-10
7.716272065749762987e-11
1.855300219011368767e-10
4.176735624028538041e-10
3.735721954001292033e-09
4.101336492645657472e-10
3.885331986697160289e-11
1.128448534615245080e-08
7.283692399218111291e-11
1.552759448797402797e-10
2.687110429999695072e-11
6.031293797725822969e-10
4.403914122264040998e-09
4.072148840350564569e-08
7.813713009952039101e-10
2.305706181537914290e-10
1.330100196650363387e-10
9.625892305464844867e-10
1.230486545988895841e-10
9.740464435026296997e-08
1.904333357671816884e-09
1.680969674566767935e-08
6.627502019407316425e-11
1.089411227894743206e-09
3.571849205297183971e-10
1.620118705858430985e-09
2.624061856693060690e-08
4.396241426452007772e-10
2.865801818074942275e-09
2.547753397141860887e-10
7.236538834831662825e-08
9.370877407377520285e-10
