2.658679818523523863e-07
9.798284281714586541e-07
1.430660176993114874e-07
1.245653749037956004e-07
2.563307361924671568e-07
8.620305891327006975e-08
1.058074303728062660e-07
2.405964769423007965e-04
2.016630023717880249e-04
3.207275294698774815e-04
2.051144474535249174e-05
7.338180694205220789e-06
1.839494361774995923e-04
1.452977903682040051e-05
5.092815626994706690e-06
2.177948917960748076e-04
1.415090628142934293e-05
2.057154597423505038e-05
3.994132857769727707e-04
2.444276287860702723e-05
6.522615149151533842e-05
1.972287148237228394e-02
5.595268681645393372e-03
5.218831822276115417e-02
1.188369914889335632e-01
4.940479811921250075e-07
1.071552219400473405e-06
3.559631238658766961e-07
1.447774167218085495e-07
2.023211180812722887e-07
7.023806460892956238e-07
1.165837602457031608e-06
4.785135843121679500e-07
1.751597977772689774e-07
1.311408504989231005e-05
1.694607817626092583e-05
2.584537724032998085e-04
8.867990004546300042e-07
3.747654091057484038e-06
3.581446362659335136e-04
1.085122130461968482e-05
1.166955098597100005e-05
1.247427571797743440e-04
1.243853766936808825e-04
1.774834890966303647e-05
1.545138047731597908e-06
2.865042006305884570e-06
5.214063276071101427e-05
5.327735379978548735e-06
4.675166564993560314e-05
4.930938666802830994e-05
2.781655712169595063e-05
2.694990826057619415e-07
3.973661648615234299e-07
2.242579103040043265e-05
7.769749288399907527e-08
2.813480250551947393e-06
2.003512236115057021e-06
2.001966277020983398e-05
1.063468971551628783e-06
1.342718951491406187e-05
9.927137398335617036e-06
1.449374030926264822e-05
1.871683889476116747e-05
6.258593998609285336e-07
2.736642272793687880e-07
8.896019426174461842e-05
8.812706073513254523e-05
5.579466233029961586e-05
1.814790448406711221e-05
1.678247372183250263e-06
1.691530269454233348e-05
1.575236819917336106e-05
5.224919295869767666e-04
1.163904671557247639e-04
1.785737367754336447e-06
1.253375085070729256e-04
8.217185677494853735e-05
1.522808588561019860e-06
1.760803797878907062e-06
6.194094568490982056e-02
1.705089234746992588e-04
7.026651501655578613e-02
1.334294378757476807e-01
1.602875650860369205e-03
8.163625607267022133e-04
1.540209632366895676e-03
1.199122380057815462e-05
1.458439328416716307e-05
2.468954107825993560e-06
2.729548896240885369e-06
2.526272146496921778e-04
8.373251148441340774e-06
4.042598593514412642e-04
2.516887616366147995e-05
7.660781164986474323e-08
5.477107151818927377e-06
1.967718890227843076e-05
2.759391463769134134e-06
3.969997633248567581e-04
2.792098093777894974e-04
7.611680193804204464e-04
7.591587745992001146e-06
3.305636084860452684e-07
3.217782432329840958e-05
1.359505574782815529e-07
5.027880547459062655e-07
1.524090720295134815e-07
7.322793038611052907e-08
2.922172654962196248e-07
3.540750867614406161e-06
1.750080116380559048e-07
4.444485966814681888e-06
2.793303337966790423e-06
7.612511126353638247e-06
8.501437150698620826e-06
3.902708613168215379e-06
1.979319819156444282e-07
2.438474098198639695e-07
8.645318303024396300e-06
1.534623947918589693e-07
3.637014742707833648e-07
5.058027952031807217e-08
1.284211975871585310e-06
6.530071345878241118e-07
5.354847303351562005e-07
9.278581387661688495e-07
1.005273734335787594e-04
1.913997693918645382e-04
3.407497615626198240e-06
6.561083409906132147e-07
1.420881108060711995e-05
4.290996366762556136e-05
1.259594806469976902e-03
1.229287299793213606e-04
1.041170471580699086e-04
5.265155778033658862e-05
2.028129711106885225e-05
5.643583368510007858e-03
3.275627477705711499e-06
5.265218533168081194e-06
2.141240547643974423e-04
1.079506091627990827e-05
1.176999558083480224e-05
1.044231248670257628e-04
1.284459358430467546e-06
4.772297688759863377e-05
2.094165438393247314e-06
1.280712808693351690e-06
6.634290006246601479e-09
1.170586983789689839e-06
2.441609922243515030e-06
1.022143010231957305e-06
2.776347116650867974e-07
1.195238183981928159e-07
4.179548511729080928e-07
9.555452379572670907e-06
1.691804573056288064e-05
1.054777385434135795e-06
7.927861588541418314e-06
4.658520992961712182e-05
3.479205759049364133e-07
1.254341839285189053e-07
9.335074082628125325e-07
1.871534004749264568e-05
9.668927305028773844e-06
3.500728325889213011e-06
4.736647497338708490e-06
5.133985041538835503e-07
6.246623343031387776e-06
1.988209987757727504e-05
1.265910441361484118e-06
4.895487654721364379e-05
3.341917545185424387e-05
1.328931830357760191e-06
2.776638439172529615e-07
1.374743587803095579e-04
6.435230170609429479e-05
8.990883543447125703e-06
3.492668383842101321e-06
8.948613299253338482e-07
6.465689693868625909e-06
2.518617520763655193e-06
5.663542833644896746e-05
1.026950758387101814e-05
2.017031874856911600e-06
4.556349267659243196e-06
6.200098596309544519e-06
1.229383315148879774e-06
9.040023769557592459e-07
1.942052222148049623e-06
6.559760095115052536e-06
6.297544132394250482e-06
2.089748477374087088e-06
7.112252120577977621e-08
1.262019850400974974e-05
2.050797093033907004e-06
1.204428263008594513e-04
7.621452823514118791e-06
4.789029844687320292e-05
1.337753383268136531e-05
9.539867278363090008e-07
1.503961129856179468e-06
1.825464664761966560e-06
5.868816970178158954e-07
5.888908635824918747e-04
5.725315713789314032e-05
3.251041562180034816e-06
6.236531044123694301e-05
3.441140279392129742e-06
4.252085273037664592e-05
1.720425825624261051e-05
1.259053678950294852e-04
1.274670921702636406e-05
2.025559952016919851e-04
1.309630079049384221e-05
1.645089832891244441e-05
5.866098217666149139e-05
1.558098301757127047e-05
6.000969278829870746e-06
4.372706371214007959e-06
5.521915591089054942e-05
6.094691798352869228e-06
1.099170958696049638e-06
2.559292770456522703e-04
1.316851466981461272e-05
3.131472112727351487e-05
1.156218513642670587e-05
1.263291505892993882e-05
2.895751265441504074e-07
2.334798182346276008e-06
3.668239878606982529e-05
9.966328798327594995e-05
1.431383498129434884e-05
2.396798663539811969e-05
8.258544767159037292e-06
4.619617357093375176e-06
5.760125532106030732e-07
4.069805981998797506e-06
1.155870177171891555e-05
3.686100171762518585e-05
1.273978250537766144e-05
3.123025817330926657e-05
1.365040702694386709e-06
2.218253882801946020e-07
4.719173034573032055e-07
9.271730050386395305e-06
4.946429612573410850e-07
7.619810276082716882e-06
5.976969077892135829e-06
1.304111947320052423e-06
1.181068819278152660e-05
1.267877337340905797e-06
2.326695175725035369e-05
3.550737801560899243e-07
3.210427394151338376e-06
4.349834853201173246e-06
2.738108378252945840e-06
8.333133337146136910e-06
8.242778903877479024e-07
7.464463465112203266e-07
1.624594005988910794e-07
4.090200036444002762e-07
1.316795419370464515e-06
7.074309451127192006e-06
1.419890168108395301e-06
6.404025043593719602e-07
1.683027076069265604e-04
8.656294880893256050e-07
2.783186937449499965e-05
1.251314279215876013e-05
2.406581006653141230e-05
1.689134980551898479e-03
4.759646344609791413e-06
6.063477940188022330e-06
1.243752776645123959e-04
1.091671292670071125e-04
1.314952714892569929e-05
1.824899072744301520e-06
6.036136255715973675e-06
1.787704604794271290e-05
4.790921229869127274e-05
1.381699839839711785e-04
1.244038685399573296e-06
2.024475236339640105e-07
2.797503293550107628e-05
1.363534738629823551e-05
2.427480831102002412e-05
5.827693385072052479e-04
9.386186320625711232e-06
2.943190702353604138e-05
2.202200630563311279e-05
9.226686961483210325e-05
1.497572869993746281e-03
4.182182310614734888e-04
1.417805033270269632e-04
1.369992673971864861e-06
1.639030961086973548e-05
4.891791468253359199e-05
4.984535917174071074e-05
4.602433989475684939e-07
1.286020960833411664e-06
3.344530114191002212e-06
7.017911229922901839e-06
1.085471353690081742e-06
1.796351284610864241e-06
1.732083887873159256e-06
4.486764373723417521e-05
2.243456219730433077e-05
2.528279765101615340e-06
1.904322402879188303e-06
1.684971939539536834e-04
3.568805550457909703e-05
1.122155936172930524e-06
5.495508958119899035e-06
9.387251338921487331e-06
2.865488932002335787e-05
1.969909135368652642e-06
6.094750006013782695e-06
4.125788473174907267e-05
1.314372752858616877e-06
2.233297163911629468e-05
6.387584107869770378e-06
3.931262654077727348e-06
1.492807996328338049e-06
4.271325053650798509e-07
2.458166636642999947e-05
2.291468626935966313e-05
3.657653678601491265e-06
1.762734314070257824e-08
1.055309257935732603e-05
2.125258033629506826e-04
1.273718794436717872e-06
3.883539534399460535e-08
2.166780404877499677e-06
1.994085141632240266e-05
7.808286682120524347e-06
3.160740016028285027e-05
6.856531342691596365e-08
1.969046934391371906e-06
9.187618643045425415e-02
2.955231502710375935e-05
1.045183671521954238e-04
2.291950659127905965e-04
4.370684564491966739e-06
6.658078928012400866e-05
9.188524563796818256e-05
2.332808508072048426e-04
1.236981916008517146e-04
1.999958622036501765e-04
7.468472904292866588e-05
1.820148900151252747e-04
8.114697266137227416e-05
3.845995161100290716e-05
8.467828592984005809e-05
2.238291926914826035e-04
2.852124089258722961e-05
1.317727037530858070e-05
7.478600423382886220e-07
2.806444285852194298e-07
2.061624763882718980e-05
8.870311830833088607e-06
1.522310526524961460e-06
1.146020658779889345e-04
7.841931619623210281e-07
1.863536226665019058e-06
7.668398211535532027e-06
2.411782770650461316e-05
4.225246357236756012e-06
4.305412949179299176e-05
8.391912729166506324e-07
5.689319095836253837e-06
6.947043584659695625e-05
7.072356424941972364e-07
2.246449184895027429e-05
4.704068942373851314e-06
3.207105407909693895e-07
1.910284709083498456e-06
1.037553900573584542e-07
9.021275104714732151e-07
4.049921642490517115e-07
6.622264663747046143e-06
3.917895128324744292e-07
1.268583037017378956e-05
5.700416636500449385e-07
5.268390668788924813e-05
5.492920172400772572e-04
9.751998959472985007e-07
2.250848410767503083e-06
2.827030584739986807e-06
1.173080136140924878e-06
2.795499085550545715e-06
3.405056361316383118e-07
1.688166975100102718e-07
9.269268161915533710e-07
3.326941168779740110e-06
9.563898493070155382e-05
3.273133870607125573e-07
2.406048622560774675e-07
3.973931234213523567e-05
2.011457354456069879e-06
1.482493244111537933e-04
5.038734161644242704e-05
1.544822680443758145e-06
4.025007910968270153e-06
1.043107549776323140e-04
2.677299744391348213e-05
1.214228859680588357e-06
4.406732841744087636e-06
2.078304678434506059e-04
5.546285592572530732e-06
1.025634901452576742e-06
6.088321970310062170e-05
2.074100048048421741e-04
9.605263585399370641e-06
3.471110858299653046e-06
1.039348035192233510e-06
5.072430576547048986e-05
2.896937758123385720e-06
1.971793182065084693e-07
3.388370532775297761e-05
7.438086322508752346e-05
1.637487372363466420e-07
4.358962542028166354e-06
2.343107325941673480e-06
1.594649814069271088e-02
5.999550012347754091e-06
4.170653846813365817e-05
8.534744119970127940e-05
7.130372068786527961e-06
6.671807568636722863e-07
9.400433214068470988e-07
3.524747626215685159e-06
4.252114749192514864e-08
7.821877261449117213e-07
1.823457751015666872e-05
1.678188141340797301e-06
1.072231025318615139e-04
2.097820299695740687e-07
7.281556463567540050e-05
6.807132649555569515e-06
1.253938080481020734e-06
2.495238150004297495e-04
2.819183748670184286e-07
6.923137789272004738e-06
6.204244982654927298e-06
9.228315320797264576e-07
6.721320823999121785e-05
8.620065636932849884e-03
2.411683635727968067e-05
1.023216896101075690e-06
2.916299990829429589e-06
1.680874220255645923e-06
4.295868336612329585e-07
4.057816340719000436e-07
7.847377787584264297e-07
1.911126892082393169e-04
4.852108031627722085e-05
1.454868470318615437e-04
3.244097797505673952e-06
1.253649970749393106e-04
2.381142112426459789e-04
7.084581884555518627e-04
3.401888534426689148e-05
1.155576956080039963e-05
5.521917955775279552e-06
4.758156890716236376e-08
2.690375993097404717e-07
2.367464503549854271e-06
1.000984502752544358e-05
5.723893536924151704e-06
9.126927761826664209e-05
3.288843117843498476e-06
2.201609504481893964e-06
1.505521686340216547e-05
8.723251994524616748e-06
1.032676391332643107e-05
8.944721798798127566e-07
1.011589756672037765e-05
1.933224893946317025e-06
6.213333847426838474e-08
1.440136315977724735e-06
2.495612818620429607e-07
1.138525456190109253e-02
4.226733096857060445e-08
4.956106280928906926e-08
5.783802862424636260e-06
5.296583822200773284e-06
1.159091843874193728e-04
4.102811508346349001e-04
7.645050209248438478e-05
2.356735203647986054e-04
1.000285101326880977e-05
5.648531100632681046e-07
6.320766406133770943e-04
1.890900591661193175e-07
1.853820776887005195e-06
6.802525371313095093e-03
1.319338366556621622e-06
1.052833340509096161e-05
3.108181408606469631e-05
2.483624266460537910e-03
1.322400748904328793e-06
8.187370440282393247e-06
2.273437758049112745e-06
4.691692447522655129e-05
2.057287019852083176e-06
7.039327101665548980e-06
3.670909904940344859e-07
7.490334610338322818e-07
3.161798360906686867e-07
2.507666977180633694e-06
2.325060449948068708e-05
2.674516963452333584e-06
8.579006535001099110e-04
5.147109040990471840e-04
1.689519081082835328e-06
1.421962770109530538e-05
3.552675480023026466e-05
1.061367129295831546e-05
6.087938686505367514e-07
2.242136218910673051e-07
5.339635436030221172e-07
1.933367639139760286e-05
7.980084628798067570e-04
1.036567482515238225e-04
7.869242324431979796e-08
1.052199422701960430e-06
2.266020828756154515e-07
1.324247591583116446e-07
5.103962052999122534e-07
8.503272965754149482e-07
9.722450613480759785e-07
6.571212452399777249e-06
4.046356934850336984e-06
2.345882990084646735e-07
3.489615210128249601e-06
3.383839793968945742e-05
4.068348425789736211e-05
2.698550451896153390e-05
1.349638068859349005e-06
4.485068075155140832e-06
1.139317646448034793e-06
7.295886916836025193e-06
7.312339533882550313e-08
1.718898965918924659e-05
6.250041042221710086e-05
3.607500218549830606e-07
1.030629874776423094e-07
9.120806680584792048e-06
2.440963839944743086e-07
6.512346999443252571e-07
1.353217794530792162e-05
9.470643817621748894e-06
1.631975464988499880e-06
2.205446662628673948e-06
3.612859245549771003e-06
8.152122609317302704e-05
9.643851626606192440e-06
2.588532424852019176e-06
1.721260218801035080e-06
1.199785174321732484e-06
2.283658832311630249e-01
3.297723378636874259e-05
1.243036535925057251e-06
4.031823209516005591e-06
7.170335447881370783e-05
8.817787602311000228e-07
8.316743333125486970e-05
3.151986902594217099e-07
9.903285535983741283e-05
5.436096216726582497e-06
3.336332156322896481e-05
9.508050879958318546e-07
1.023214849737996701e-06
1.211131802847376093e-06
4.267829808668466285e-06
4.420511743319366360e-07
2.681498299352824688e-04
1.952874299604445696e-06
2.842099820554722100e-05
3.211301736882887781e-05
2.760843074156582588e-07
3.438007524891872890e-06
7.743348760413937271e-06
7.387184268736746162e-06
9.066660277312621474e-05
3.778194877668283880e-05
1.990570126508828253e-05
1.564042122481623664e-06
8.515002747344624368e-08
7.189439088506333064e-07
4.262136883426137501e-07
6.476409453171072528e-06
2.066379383904859424e-04
5.113096995046362281e-05
1.979998778551816940e-03
3.565536462701857090e-05
9.617532441552611999e-07
1.105907085729995742e-05
7.381138857454061508e-04
6.351080810418352485e-05
2.595333796762133716e-07
2.004770976782310754e-05
5.424821665656054392e-06
1.534149191684264224e-06
3.151324108330300078e-06
3.711550675689068157e-07
6.304971520876279101e-06
1.053652449627406895e-04
1.433998659194912761e-05
3.129682154394686222e-04
3.204703943993081339e-06
2.319710574738564901e-06
1.221125130541622639e-04
4.421628716499981238e-07
1.412571291439235210e-04
2.050688436838754569e-07
1.469081212235323619e-06
2.441627475491259247e-05
2.013791345234494656e-06
1.430570846423506737e-04
2.166047852369956672e-05
2.151022636098787189e-05
2.819671635734266602e-06
3.588709773794107605e-07
2.125234641425777227e-05
4.557764157198107569e-07
3.535677387844771147e-05
1.068838400897220708e-06
1.146038016486272682e-06
9.060828887186289649e-08
5.409794994193362072e-07
8.227330567933677230e-07
1.043149768520379439e-05
1.599164392018792569e-07
1.195731874759076163e-05
2.672892878763377666e-04
1.937176193678169511e-06
4.262362836016109213e-06
3.578434871087665670e-06
2.883994341118523153e-07
3.709940585849835770e-07
7.426802185364067554e-04
4.934099706588312984e-05
8.179152246157173067e-06
2.976704563479870558e-04
4.779919393627096724e-08
1.504354685266662273e-07
1.025168457999825478e-03
6.895476417412282899e-06
1.841528614932030905e-06
2.248412492917850614e-04
5.228483496466651559e-05
1.879484159417188494e-07
6.055970970919588581e-06
2.675124051165767014e-06
4.192533197056036443e-06
6.292783382377820089e-06
4.131501327719888650e-07
8.949615221354179084e-06
3.977834694524062797e-06
1.512795506641850807e-07
9.117110748775303364e-04
3.202937932655913755e-06
1.142670225817710161e-04
1.692626210569869727e-05
3.820945130428299308e-05
7.863804057706147432e-06
2.142893862355776946e-07
1.574368798173964024e-04
1.074442116077989340e-04
2.689369466679636389e-06
1.620395195800483634e-08
2.169404069718439132e-06
1.416378552221431164e-07
7.323362660827115178e-05
6.983594968914985657e-03
5.000540568289579824e-06
1.309550134465098381e-05
1.413804966432508081e-07
3.899512648786185309e-06
1.685588358668610454e-04
5.342454642232041806e-06
3.853736529890738893e-08
9.024381242284107429e-09
5.874307618114471552e-08
2.559710310379159637e-06
5.055457208413827175e-08
1.330060331383720040e-04
1.488089674239745364e-05
3.862321875658381032e-07
1.195530671793676447e-06
9.417442015546839684e-06
5.954050266154808924e-07
2.438149880617856979e-03
4.348594811744987965e-04
1.456940594835032243e-07
6.236460176296532154e-04
7.107055716915056109e-05
1.211266408063238487e-05
1.687380863586440682e-04
1.395078044197362033e-07
1.711807562969624996e-03
2.280022272316273302e-05
1.342210111943131778e-06
3.586703087421483360e-06
4.724608686501596821e-07
1.846256316639482975e-03
4.177440189323533559e-07
4.465205620363121852e-06
1.900575880426913500e-04
1.462698691057084943e-07
4.975991032551974058e-07
1.408017880066836369e-07
3.810326961684040725e-05
1.085540838539600372e-02
1.034390948007057887e-06
2.773338383121881634e-05
4.733306013804394752e-06
1.296006502116142656e-07
1.557585710543207824e-05
1.642124743739259429e-06
6.595651939278468490e-05
7.475299207726493478e-05
1.498720030213007703e-05
1.283409289953851840e-07
8.298970897158142179e-07
2.471445259288884699e-05
2.698447190141450847e-07
9.219483763445168734e-05
3.221677388864918612e-06
5.356438123271800578e-06
1.880389027064666152e-04
1.058707184142804181e-07
6.806337478337809443e-05
6.147345033014062210e-08
4.588850060827098787e-06
3.049309725611237809e-06
6.370391503196515259e-08
2.400107177891186439e-06
1.597874870640225708e-05
3.370756758158677258e-07
6.351734919007867575e-05
1.333987529505975544e-05
2.061297436739550903e-06
3.742971330211730674e-06
6.352522063934884500e-07
1.853554931585676968e-05
2.898886123148258775e-06
7.147685664676828310e-06
1.872018629001104273e-06
1.640573486838547979e-06
2.954336814582347870e-04
2.532229927965090610e-06
7.302576559595763683e-04
5.383670577430166304e-05
2.044930624833796173e-06
3.347028496136772446e-06
8.245298886322416365e-06
1.172065458376891911e-05
5.346407192519109230e-07
1.404508907398849260e-06
9.408290497958660126e-05
7.379460148513317108e-04
2.422464785922784358e-05
1.091190782176454377e-07
9.242054375135921873e-07
2.960066012747120112e-05
1.911085746542084962e-05
5.840548328706063330e-05
1.586880784998356830e-06
5.732803401770070195e-06
8.945486115408129990e-06
7.582872285638586618e-07
1.740024231366987806e-06
3.766258669202215970e-05
9.761713590705767274e-05
6.858123811070981901e-07
1.487532699684379622e-06
4.720247034128988162e-06
1.137434082920663059e-06
9.202086403092835099e-06
5.800609942525625229e-04
5.258669716567965224e-06
5.780472278615889081e-08
1.647143108129967004e-05
1.564818783663213253e-03
2.234334601780574303e-07
3.691153779072919860e-06
9.513887562206946313e-06
5.861053941771388054e-04
7.774957339279353619e-05
2.935160239303513663e-07
1.359267025691224262e-05
8.573354716645553708e-05
6.151130219222977757e-05
3.105199297692706750e-08
5.355648795557499398e-07
7.116889833014283795e-07
1.701879455140442587e-07
3.230171330415032571e-08
2.533122606109827757e-04
1.307756701862672344e-05
8.845914635458029807e-06
5.998752021696418524e-05
8.350595635420177132e-06
7.053150056890444830e-06
1.293934910790994763e-04
5.395700242161183269e-08
7.552927741016901564e-07
1.081078721654193942e-06
5.195008634473197162e-05
3.210132126696407795e-05
7.004301210145058576e-07
1.056884415447711945e-02
5.720163471778505482e-07
1.173452801594976336e-06
3.662434028228744864e-05
1.637529385334346443e-05
2.728988147282507271e-05
1.412781330145662650e-06
1.001293767899369413e-07
1.925919974610224017e-07
9.485318878432735801e-05
3.667806449811905622e-04
3.062791847696644254e-06
2.262245516249095090e-06
4.863019967160653323e-06
3.653597389075002866e-07
6.981620117585407570e-07
2.116707946697715670e-06
3.174632147420197725e-04
1.188621445180615410e-05
2.580611726443748921e-05
2.075163502013310790e-04
1.556794268253725022e-05
2.454401055729249492e-06
3.460611708305805223e-07
4.433210997376590967e-04
4.370182432467117906e-05
3.983422629971755669e-06
1.244937152478087228e-06
3.981806730735115707e-05
1.359638554276898503e-04
4.860779881710186601e-06
7.467279829143080860e-06
9.852177026914432645e-05
2.999549053583905334e-07
1.692379009909927845e-05
7.361139432759955525e-05
3.786336310440674424e-05
1.659739609749522060e-06
1.438874023733660579e-04
7.503193046431988478e-06
3.453371755313128233e-05
5.758639417763333768e-06
2.012631739489734173e-04
6.538594025187194347e-04
1.457874714105855674e-05
2.184856526810108335e-07
8.031310244405176491e-06
1.220357371494174004e-04
5.355552304536104202e-03
3.026402055184007622e-06
1.511025743639038410e-06
5.157073610462248325e-05
2.211465107393451035e-05
1.299039467994589359e-05
8.219364099204540253e-05
7.010609988356009126e-05
1.963980338359760935e-07
5.413307226262986660e-04
1.095506086130626500e-04
2.169494806025795697e-08
1.424308720743283629e-06
1.269973836315330118e-05
3.921186817024135962e-06
7.341806394833838567e-06
1.130541088059544563e-03
2.221828908659517765e-04
3.420878158522100421e-07
9.328448868473060429e-06
5.491448519023833796e-06
4.004572110716253519e-05
5.027157385484315455e-05
5.837574690303881653e-07
3.649148993645212613e-06
1.238448021467775106e-04
1.433406578144058585e-05
2.313247478014091030e-07
3.570842864064616151e-06
5.217903162701986730e-05
3.256294803577475250e-06
1.884415496533620171e-06
4.815595275431405753e-06
2.411876994301564991e-05
2.327807123947422951e-05
4.614089630194939673e-05
1.891450847324449569e-05
6.598456820938736200e-05
8.102620654426573310e-07
1.422569766873493791e-06
2.096503294524154626e-06
9.863585000857710838e-05
2.362093800911679864e-05
4.389216030631359899e-07
1.469959261157782748e-05
3.686137006297940388e-06
3.648117115062632365e-07
4.041466581838903949e-06
2.829008553817402571e-05
5.713575705885887146e-02
2.430381027807015926e-05
6.107195105187201989e-08
4.007513325632316992e-07
7.157242180255707353e-06
6.116016447776928544e-05
9.389520982949761674e-07
6.538019533763872460e-06
2.639903868839610368e-06
1.218428078573197126e-04
2.243316998828959186e-07
3.864623110416687268e-08
3.047586858428985579e-07
7.372315646847482640e-09
2.240509555662129060e-09
8.211829793935976340e-08
9.668511324889550451e-08
1.620785639033783809e-07
4.125955399558733916e-08
2.230715878681621689e-08
2.480453247244440718e-07
2.549991773292958896e-09
1.404782068448184873e-08
8.049927657793887192e-08
3.111455555426800856e-07
3.764577627407561522e-07
8.909170219340012409e-07
6.734701685218169587e-08
2.223766060183152149e-08
1.934098747824464226e-08
5.209462017319310689e-08
3.519960500852903351e-08
3.596036094677401707e-06
1.056009324429396656e-08
2.002654582611285150e-06
4.530596561380662024e-05
1.294360686188156251e-06
3.077902306358737405e-07
5.861059548806224484e-07
9.845252435525253532e-08
1.606340731541422429e-07
8.047136930144915823e-07
8.269522368209436536e-06
2.036140323014024034e-08
9.286427626875592978e-08
2.643933783019747352e-07
1.255793217569589615e-02
8.643182525247539161e-08
2.978324289415468229e-07
2.265637277787391213e-08
5.772098887746324181e-08
9.056992666955920868e-08
9.111859355925844284e-08
3.531281222990401147e-08
6.910887805133825168e-06
5.449108542165959079e-08
3.495158671285025775e-05
4.221204221721563954e-07
4.492857624427415431e-05
1.323309697909280658e-05
1.645519805606454611e-04
2.328787331862258725e-06
2.187147947552148253e-05
2.852905163308605552e-05
2.619324959596269764e-06
3.523488771861593705e-07
1.181739207822829485e-05
1.875564885267522186e-05
5.991456418996676803e-05
2.705035694816615433e-05
8.543078729417175055e-05
3.862062840198632330e-06
1.207736786454916000e-04
1.176500745714292862e-06
1.516533188805624377e-06
3.677957283798605204e-05
6.192721002662437968e-07
1.417697694705566391e-05
8.003707563375428435e-08
8.643389264761935920e-06
3.025963451364077628e-06
8.679903658048715442e-07
6.221522653504507616e-06
4.235871529090218246e-05
1.163516844826517627e-05
3.093130089837359264e-07
1.870266423793509603e-04
2.509126261429628357e-06
