5.869823326065670699e-06
3.379540285095572472e-04
1.101096950151259080e-05
4.375771140985307284e-07
6.222447268555697519e-07
3.066510316784842871e-06
2.857825165847316384e-06
8.095055236481130123e-04
1.301103475270792842e-04
1.878693637991091236e-06
3.971308760810643435e-04
3.708318399731069803e-04
4.070691938977688551e-04
5.152547237230464816e-05
1.158314116764813662e-04
1.275017129955813289e-04
6.929850787855684757e-04
4.289772186893969774e-04
2.963391307275742292e-05
3.246251435484737158e-05
1.368446282867807895e-05
2.066748565994203091e-04
2.458950439176987857e-05
4.261459980625659227e-04
4.363857442513108253e-05
1.034066281135892496e-05
2.478606120348558761e-06
1.633212923479732126e-05
1.007933096843771636e-04
1.887751750473398715e-05
1.344003067060839385e-05
3.457015554886311293e-04
1.867576247605029494e-05
2.903103222706704400e-06
6.910840397722495254e-07
1.611851075722370297e-06
2.011328433582093567e-05
1.961336420208681375e-05
2.248901910206768662e-05
7.316301111131906509e-03
9.068755753105506301e-05
2.353233321628067642e-05
1.662094000494107604e-04
2.588991192169487476e-04
1.017270733427722007e-05
4.077726771356537938e-05
7.613087072968482971e-04
1.949587836861610413e-03
1.126650931837502867e-05
1.923494164657313377e-05
2.757441689027473330e-05
3.350036218762397766e-02
2.642971423938433873e-07
3.716999685821065214e-07
2.544063306686439319e-07
3.015026741195470095e-04
1.902630174299702048e-05
1.394734681525733322e-06
2.458263281823747093e-07
1.655739652051124722e-05
8.884220005711540580e-05
1.258439988305326551e-05
1.863175202743150294e-05
2.777241661533480510e-06
1.269837957806885242e-03
1.775027385519933887e-06
1.041477617036434822e-06
4.374669799744879128e-07
1.326566803072637413e-06
1.267281618311244529e-06
9.336523731917623081e-08
8.004678420547861606e-06
4.351030838734004647e-06
3.131017365376465023e-06
1.722666524983651470e-06
4.704942568878323073e-07
9.168373253487516195e-06
4.997007181373191997e-07
1.116589260163891595e-06
3.895183454005746171e-06
4.254394298186525702e-05
1.758481084834784269e-05
7.250715862028300762e-04
8.881585381459444761e-05
4.006630333606153727e-04
3.891361411660909653e-04
1.062115770764648914e-03
1.458272784948348999e-01
5.138077139854431152e-01
6.811199709773063660e-03
1.014750674366950989e-01
2.017945516854524612e-04
3.854971146211028099e-04
2.697224845178425312e-04
1.094125560484826565e-03
3.064239281229674816e-04
6.339993327856063843e-03
6.702324753860011697e-05
1.917019517350126989e-06
1.947690361703280360e-05
1.800488576009229291e-06
3.810525640801643021e-06
1.791294016584288329e-05
7.389388338197022676e-05
7.373861990345176309e-06
1.891318941488862038e-03
1.091313461074605584e-04
4.315674289046000922e-07
2.845326207534526475e-06
4.820968115382129326e-06
1.030871658258547541e-06
3.514315096708742203e-07
4.632892159861512482e-05
3.213473064533900470e-06
5.355887878977227956e-06
5.382960807764902711e-06
3.135961605948978104e-07
2.355400965825538151e-06
1.090939258574508131e-05
1.104913849303557072e-06
3.209688941296917619e-07
8.712404451216571033e-06
2.841370296664535999e-04
5.542593498830683529e-05
1.516091288067400455e-04
4.873555553785990924e-06
1.089102966034261044e-06
9.559911632095463574e-06
4.378731682663783431e-05
5.397485801950097084e-05
1.537831485620699823e-05
2.847840050890226848e-06
2.267795480292988941e-06
1.519916713732527569e-05
8.318696200149133801e-05
2.782593219308182597e-05
1.136931314249522984e-04
4.610345513356151059e-06
9.929971383826341480e-06
6.947184374439530075e-07
1.211615085594530683e-06
5.279071501718135551e-06
8.182333885997650214e-07
1.022742026179912500e-06
1.394960145262302831e-05
6.451051376643590629e-06
7.722992449998855591e-07
9.586953098050798872e-08
8.809438867274366203e-08
8.297240583488019183e-07
8.168016393028665334e-06
1.323281048826174811e-05
1.190151351693202741e-06
1.460151361243333668e-05
4.359009381005307660e-06
1.809585592127405107e-05
7.359165010711876675e-06
3.990596815128810704e-05
1.471724226576043293e-05
2.617560312501154840e-06
9.102686249207181390e-07
1.682354377408046275e-05
1.020197032630676404e-05
7.537225883424980566e-06
1.221703223563963547e-05
9.314956514572259039e-06
1.749173134157899767e-05
1.271772248401248362e-06
4.959675788995809853e-05
1.209538731927750632e-05
8.485709258820861578e-06
1.702441077213734388e-04
2.042308733507525176e-05
4.268823886377504095e-06
5.388888439483707771e-06
8.502813670929754153e-07
1.679194042480958160e-06
6.196743015607353300e-06
1.357543169433483854e-05
8.128827175823971629e-06
1.998024163185618818e-05
1.068725614459253848e-04
4.684922259912127629e-06
8.569449164497200400e-06
1.162775060947751626e-05
2.630676135595422238e-06
3.398799162823706865e-05
5.737246283388230950e-06
4.225090378895401955e-06
5.926799531152937561e-06
1.761172029546287376e-06
4.681012433138675988e-05
5.498875907505862415e-06
9.397796929988544434e-06
1.675757857810822316e-06
1.321855779679026455e-05
2.932792313004028983e-06
3.603557274800550658e-07
3.081290969930705614e-06
4.913705197395756841e-06
2.675243422345374711e-07
1.305153091379906982e-05
3.058431957470020279e-06
8.020905806915834546e-05
7.282118076545884833e-06
1.287919985770713538e-06
4.081307906744768843e-06
2.353667468923958950e-06
3.432750418141949922e-06
3.689899676828645170e-05
5.331767169991508126e-06
1.352482740912819281e-05
1.871634412964340299e-05
4.728651219920720905e-06
4.021597760583972558e-06
4.083049861947074533e-05
4.791390438185771927e-06
6.373754331434611231e-06
1.257166059076553211e-05
2.081838147205417044e-06
1.478213675909501035e-06
9.485542250331491232e-06
5.304885689838556573e-06
6.350667717924807221e-06
4.664743755711242557e-06
3.046602796530351043e-05
1.204870841320371255e-06
7.424887826346093789e-06
4.231301863910630345e-05
2.872387267416343093e-05
7.917214679764583707e-05
5.488318947755033150e-06
1.355749304821074475e-06
1.256853693121229298e-06
4.025086127512622625e-06
3.137309249723330140e-06
7.765217560518067330e-06
2.244832830911036581e-05
1.017745216813636944e-05
2.317311009392142296e-05
1.183304334517742973e-06
3.239940269850194454e-06
5.667856385116465390e-05
7.326470040425192565e-06
2.421935278107412159e-06
1.553968832013197243e-05
4.127440206502797082e-06
7.358659786405041814e-06
2.845679091478814371e-06
6.578349712071940303e-06
1.704700116533786058e-05
2.442638833599630743e-05
1.684612357166770380e-06
9.976506407838314772e-05
2.217078508692793548e-05
1.293061814067186788e-06
3.554343948053428903e-07
9.180569577438291162e-06
2.471514380886219442e-05
2.259597204101737589e-05
1.751329727994743735e-05
4.130151501158252358e-05
6.875007443341019098e-07
2.221383510914165527e-05
7.057747552607906982e-06
1.230533380294218659e-04
6.639520870521664619e-05
5.028702435083687305e-05
5.213248732616193593e-05
3.109642420895397663e-06
1.460539237996272277e-06
1.126937877415912226e-05
6.470361313404282555e-06
4.233923846186371520e-06
1.842943333940638695e-06
1.460886096538160928e-06
6.713721631967928261e-06
1.623912976356223226e-05
4.006519247923279181e-06
1.242235839526983909e-06
3.551324698491953313e-05
6.429159111576154828e-05
4.549314689938910306e-05
1.074450556188821793e-04
6.272327300393953919e-05
2.314984158147126436e-04
1.185614928544964641e-05
7.204324447229737416e-06
1.141896609624382108e-05
7.332669611059827730e-06
5.081861672806553543e-06
6.849638339190278202e-06
2.400917219347320497e-05
3.669736770461895503e-06
9.625783832234446891e-07
7.903273058218474034e-07
1.841987455009075347e-06
5.278915523376781493e-06
2.915617915277834982e-05
7.849704161344561726e-06
3.023598765139468014e-06
2.460506721035926603e-06
8.863257221491949167e-07
1.734570446387806442e-06
9.036376468429807574e-06
5.503463853528955951e-07
3.251744419685564935e-05
2.742201331784599461e-06
8.211295607907231897e-07
3.367928457009838894e-06
8.539528835171950050e-07
2.042055530182551593e-05
1.787086330296006054e-05
4.804864511243067682e-05
4.852157417190028355e-06
1.972318750631529838e-05
2.877731094486080110e-05
4.114377134101232514e-06
3.613890385167906061e-06
6.028170446370495483e-06
2.353290483370074071e-06
3.272326648584567010e-05
1.016075293591711670e-05
2.303328983543906361e-05
1.461251258660922758e-06
6.935348937986418605e-05
3.797980070885387249e-06
6.049467174307210371e-06
3.373531626493786462e-06
1.786689949767605867e-06
5.737093033530982211e-06
2.342611651329207234e-06
5.876537034055218101e-05
1.391757723467890173e-05
4.985644773114472628e-05
1.786713983165100217e-04
6.962134193599922583e-07
8.607999188825488091e-05
5.212389078224077821e-05
5.321267053659539670e-06
6.351533556880895048e-06
8.582690497860312462e-06
4.221106792101636529e-06
1.006527782010380179e-06
1.244360532837163191e-06
8.554172381991520524e-06
2.346327846680651419e-06
5.450567641673842445e-07
2.377930513830506243e-06
1.372072006233793218e-06
4.291455582006165059e-07
1.952056294385329238e-07
3.077413168739440152e-07
5.131181524120620452e-07
1.451778734917752445e-05
9.190232049149926752e-06
6.244942778721451759e-05
1.336569039267487824e-05
2.049268005066551268e-05
8.253086707554757595e-05
1.371437406305631157e-06
6.241048686206340790e-05
1.431505370419472456e-05
1.582402728672605008e-05
2.849242009688168764e-04
7.958411151776090264e-05
4.608736162481363863e-06
1.065405558620113879e-05
1.159511703008320183e-05
1.061487819242756814e-05
1.016521637211553752e-04
8.643339242553338408e-05
1.608944694453384727e-05
1.130604941863566637e-04
6.258190114749595523e-05
2.428176048852037638e-05
3.257096977904438972e-04
8.953418582677841187e-03
1.393237762385979295e-04
3.917552749044261873e-05
6.982434424571692944e-04
7.594943162985146046e-04
4.056593403220176697e-03
6.675421609543263912e-04
1.979366934392601252e-04
1.497508947068126872e-05
3.402812581043690443e-06
4.703816739493049681e-05
6.457418930949643254e-05
6.680949809378944337e-06
2.699995275179389864e-05
9.636787581257522106e-07
2.792447594401892275e-05
2.547494295868091285e-05
3.697700549309956841e-06
3.234157929909997620e-06
2.211170431110076606e-05
4.548659853753633797e-05
1.437184255337342620e-04
2.023172328335931525e-06
4.931699550070334226e-06
3.048334910999983549e-04
6.592109566554427147e-04
5.025993345952883828e-07
4.286189778213156387e-06
7.046694463497260585e-07
3.451229713391512632e-04
2.810562000377103686e-05
4.145191269344650209e-06
2.879394742194563150e-05
1.815148152672918513e-06
4.201947012916207314e-05
3.161542917951010168e-05
1.247001491719856858e-04
1.473690554121276364e-05
3.764908979064784944e-05
2.000832864723633975e-05
1.898131813504733145e-05
1.011968720376899000e-06
2.806174779834691435e-05
8.332921424880623817e-04
3.722576890140771866e-03
4.318575065553886816e-06
1.688354132056701928e-05
6.925679190317168832e-05
1.141731559073377866e-06
8.906773473427165300e-06
1.078149307431885973e-05
5.012669589632423595e-06
5.547313321585534140e-06
3.984753675467800349e-06
5.504873115569353104e-06
2.394689217908307910e-04
3.252378974138991907e-06
2.344363019801676273e-05
1.295301353820832446e-05
1.813661924643383827e-06
3.154447085762512870e-07
5.255828000372275710e-06
4.726660699816420674e-05
2.546662290114909410e-04
6.962553015910089016e-05
1.415101723978295922e-05
3.405835286685032770e-06
1.519697798357810825e-05
7.763766916468739510e-06
6.779464456485584378e-06
1.800607969926204532e-05
2.742622746154665947e-04
5.135725018590164836e-07
1.789615453162696213e-05
2.799810135911684483e-05
1.645876363909337670e-05
1.312648237217217684e-04
1.761158782755956054e-04
1.237408287124708295e-04
9.580351761542260647e-04
2.642937761265784502e-04
1.176185287476982921e-05
4.601870023179799318e-05
5.113034831083496101e-07
3.380998969078063965e-04
1.047639889293350279e-04
2.834621409419924021e-05
2.152325123461196199e-06
1.328828261648595799e-06
3.208321140846237540e-05
5.174120306037366390e-04
3.380756970727816224e-05
7.053485023789107800e-05
6.418120028683915734e-05
1.274007718166103587e-05
6.642902690146001987e-07
8.467682164337020367e-06
1.650886406423524022e-05
1.464360821046284400e-06
9.550640359520912170e-03
8.505859113938640803e-06
4.039533450850285590e-06
5.335320452104497235e-07
1.615311921341344714e-04
3.119484608760103583e-05
1.748561044223606586e-05
1.366776905342703685e-05
8.672463991388212889e-08
1.046504985424689949e-05
5.749115371145308018e-04
4.782458927365951240e-05
3.042311618628446013e-05
3.746858055819757283e-06
4.934016760671511292e-05
5.709899705834686756e-04
2.529820631025359035e-05
3.280624014223576523e-06
2.915659919381141663e-03
4.470019484870135784e-05
1.108906231820583344e-03
7.983564864844083786e-05
2.434453926980495453e-04
3.742483677342534065e-04
2.853519390555447899e-06
8.721021004021167755e-05
4.711026849690824747e-05
5.705624062102288008e-05
3.981386180385015905e-05
6.408679382730042562e-06
3.288321750005707145e-05
2.381696867814753205e-05
5.431669706013053656e-05
2.097036049235612154e-04
6.680481305920693558e-07
3.547810933923756238e-07
4.541754606179893017e-05
6.959836900932714343e-05
4.712869122158735991e-05
5.470867836265824735e-05
2.251082187285646796e-04
6.161368219181895256e-06
6.664236570941284299e-05
1.092325965146301314e-05
3.413668600842356682e-04
2.050614966719876975e-05
6.220456270966678858e-06
4.532935854513198137e-04
4.580179302138276398e-05
7.532780728070065379e-07
1.125862036133185029e-04
6.388904876075685024e-05
1.452888136554975063e-05
1.585166864970233291e-05
4.119667937629856169e-05
2.358401843594037928e-06
8.012412581592798233e-05
1.235295144397241529e-06
5.417794454842805862e-05
6.134632258181227371e-06
5.485012025019386783e-06
3.984325758210616186e-07
1.058268480846891180e-05
1.581858123245183378e-05
4.432102286955341697e-06
2.899105602409690619e-04
4.006295785075053573e-05
3.048933831450995058e-05
5.527243160940997768e-07
1.308959326706826687e-04
3.638840978965163231e-03
1.424214133294299245e-06
2.196856439695693552e-05
1.934440660988911986e-06
3.171991011186037213e-06
5.716876216865784954e-07
1.219758531078696251e-03
2.770888386294245720e-05
3.853503756090503884e-07
3.535501491569448262e-06
5.622992466669529676e-05
6.769314950361149386e-06
1.011262182146310806e-03
4.156982686254195869e-05
1.530730514787137508e-05
1.688715019554365426e-05
1.089397046598605812e-04
1.590340048096550163e-06
1.845193582994397730e-05
4.332592652644962072e-06
7.594280032208189368e-05
3.269215085310861468e-06
6.703980034217238426e-05
8.989356138044968247e-05
3.444452886469662189e-05
3.609075520216720179e-06
1.925796968862414360e-04
1.484055928813177161e-06
8.278500445157987997e-07
1.011390850180760026e-06
2.183668811994721182e-06
1.218808582052588463e-03
3.156337334075942636e-05
5.206792266108095646e-04
9.141809277934953570e-05
3.309745807200670242e-06
2.197562716901302338e-04
4.687623877543956041e-04
2.222086914116516709e-05
5.374382017180323601e-04
2.479108331954194000e-07
4.078411075170151889e-05
1.977095280381035991e-06
6.488902727141976357e-05
3.455505748206633143e-06
1.171724943560548127e-05
6.335681246127933264e-05
2.700823242776095867e-04
4.195192363113164902e-03
4.289068783691618592e-06
9.577592572895810008e-05
1.039624385157367215e-05
1.140253967605531216e-03
1.035103764479572419e-06
2.141494333045557141e-04
1.200697261083405465e-05
2.459693860146217048e-05
4.020639607915654778e-06
8.448306289210449904e-06
1.181420611828798428e-05
5.242942715995013714e-04
6.853313971078023314e-05
7.418758741550846025e-06
2.109782570869356277e-07
1.967687421711161733e-05
3.297518705949187279e-04
2.608319300634320825e-05
5.003995611332356930e-04
1.262502977624535561e-03
1.294793764827772975e-05
5.789433544123312458e-06
1.210325135616585612e-04
5.462093758978880942e-05
7.347118225879967213e-04
1.407851232215762138e-04
3.855902832583524287e-06
1.973651706066448241e-06
1.031718875310616568e-05
3.028031205758452415e-04
1.846894974733004346e-06
1.305597561440663412e-05
5.955560027359751984e-06
4.795157565240515396e-06
2.395015826550661586e-06
1.289701003770460375e-06
3.850467692245729268e-06
2.025583817157894373e-04
3.510933083816780709e-06
2.050202419923152775e-05
8.135306188705726527e-07
1.835445004871871788e-06
1.816248732211533934e-05
4.247678589308634400e-06
1.049354750648490153e-06
3.349936719132529106e-07
1.645459793508052826e-03
9.739269502460956573e-03
1.475214958190917969e-03
1.524572326161433011e-05
2.451375803502742201e-05
9.319857053924351931e-05
1.363453066005604342e-07
5.258686087472597137e-06
1.409389255968562793e-06
2.403681282885372639e-04
2.346731707802973688e-05
2.495108055882155895e-04
7.595964234496932477e-06
2.939079786301590502e-05
3.770003968384116888e-05
2.890417590606375597e-06
6.198923983902204782e-06
5.923847129452042282e-05
1.764822172845015302e-06
2.961121253974852152e-06
1.322028424510790501e-07
1.381472338835010305e-05
1.730650365061592311e-05
3.771447809413075447e-04
8.345423339051194489e-06
1.140699259849498048e-05
8.358286322618369013e-06
2.201242750743404031e-06
1.938929926836863160e-05
1.233421880897367373e-05
8.511830856150481850e-06
1.021430080072605051e-06
4.719399657915346324e-05
7.407966768369078636e-05
2.198892616434022784e-06
1.790988244465552270e-05
1.706381954136304557e-05
1.574730413267388940e-04
5.512569259735755622e-06
8.305414667120203376e-06
1.038321934174746275e-04
7.472275228792568669e-06
2.092749637085944414e-04
1.668179174885153770e-03
2.241865217911254149e-07
6.355002142299781553e-07
5.035884678363800049e-04
4.653562427847646177e-05
7.621891199960373342e-06
1.654480001889169216e-05
4.211442501400597394e-05
5.885294285690179095e-06
1.038593268276599701e-06
3.790637947531649843e-06
7.933320739539340138e-05
1.177727594040334225e-03
3.965429277741350234e-05
1.818940836528781801e-05
5.434706341475248337e-03
2.090357884299010038e-05
1.853008143370971084e-06
4.082337181898765266e-05
1.568205880175810307e-05
5.007148865843191743e-05
2.547550138842780143e-05
4.778142101713456213e-05
1.495694159530103207e-04
2.328804839635267854e-05
2.461848453094717115e-05
6.163698708405718207e-05
3.398975650270585902e-06
4.716236219337588409e-07
3.037852548004593700e-05
2.590772346593439579e-04
4.049392373417504132e-06
1.068275232682935894e-04
7.363724989772890694e-07
1.240421624970622361e-05
2.624799672048538923e-04
9.662016964284703135e-06
2.287290408276021481e-05
3.075806889683008194e-04
6.121696060290560126e-05
3.434690734138712287e-05
3.371326965861953795e-05
4.410534984344849363e-06
6.148440297693014145e-05
1.733493263600394130e-05
1.356220764137106016e-05
4.364025699032936245e-06
6.638938066316768527e-05
9.060192496690433472e-06
8.510943735018372536e-05
1.618842725292779505e-05
1.040535426000133157e-04
3.238611679989844561e-04
9.474797989241778851e-04
8.435091876890510321e-05
7.920163625385612249e-06
3.320305258966982365e-04
6.302198744378983974e-05
9.319946548203006387e-05
6.551116239279508591e-04
7.125105639715911821e-06
3.707404248416423798e-04
3.574784273041586857e-07
3.526561195030808449e-04
1.177542799268849194e-06
1.106173804146237671e-04
1.823395541578065604e-05
4.457055638340534642e-06
2.049208414973691106e-04
4.342756874393671751e-04
2.856608261936344206e-05
6.974504174195317319e-08
7.251853276102337986e-06
7.118649705262214411e-07
2.698275784496217966e-05
2.648963345563970506e-06
1.923590607475489378e-04
2.141775075870100409e-05
5.282869096845388412e-04
2.044179382210131735e-05
1.239638222614303231e-04
1.521279773442074656e-05
4.350763629190623760e-05
8.845711272442713380e-05
3.367864337633363903e-06
5.432762918644584715e-05
1.305938712903298438e-05
2.861692337319254875e-04
2.728399522311519831e-06
1.358163535769563168e-05
1.516256020295259077e-06
9.106438374146819115e-04
5.175000405870378017e-04
2.493810461601242423e-05
1.656806562095880508e-04
3.677034101201570593e-06
2.575399093984742649e-06
9.749960554472636431e-06
1.624696014914661646e-04
2.458350172673817724e-05
4.340566229075193405e-04
7.555246156698558480e-06
1.094471517717465758e-04
1.950950245372951031e-04
5.851326859556138515e-04
8.788846316747367382e-04
3.343560092616826296e-05
2.150976069970056415e-04
9.344309546577278525e-06
3.820909842033870518e-05
7.893730071373283863e-05
8.918805542634800076e-05
8.959230035543441772e-05
6.730389486619969830e-06
2.127645529981236905e-06
1.016340451315045357e-03
3.558212518692016602e-02
8.956725423558964394e-07
1.376890509163786191e-06
2.850422617939329939e-07
8.636985876364633441e-05
7.055204150674398988e-06
8.093673386611044407e-05
1.700135385362955276e-06
7.578566146548837423e-05
9.443836006539640948e-07
1.016363148664822802e-05
5.035286812926642597e-05
7.104942483238119166e-07
5.118572516948916018e-05
1.051816525432514027e-06
2.644715095811989158e-06
1.432618410035502166e-05
3.099132527495385148e-06
3.690058365464210510e-04
7.994140032678842545e-04
1.278331183129921556e-06
1.005528520181542262e-05
4.663952568080276251e-04
2.496582601452246308e-05
4.496716792345978320e-05
1.822382103000563802e-07
1.969068080143188126e-06
1.681678986642509699e-05
6.915300673426827416e-06
5.483911445480771363e-05
7.216795347630977631e-05
6.786149606341496110e-05
6.010062861605547369e-05
1.211631229125487152e-06
1.982244793907739222e-05
4.159455329499905929e-06
1.378016986564034596e-05
6.558867880812613294e-06
1.157842052634805441e-05
2.598997889435850084e-05
3.836310934275388718e-04
1.257608528248965740e-05
2.472417327226139605e-05
6.059314910089597106e-05
4.136008647037670016e-05
2.748622682702261955e-05
1.114342594519257545e-03
3.226490207453025505e-06
3.367445242474786937e-05
4.291963341529481113e-05
6.759761017747223377e-04
5.850308807566761971e-04
1.844540092861279845e-04
2.866055365302599967e-05
1.243501756107434630e-04
2.549594137235544622e-05
1.178755042019474786e-06
8.635149424662813544e-05
8.676062861923128366e-06
1.365302741760388017e-04
1.017786562442779541e-04
3.990341792814433575e-05
4.841533518629148602e-05
1.055195316439494491e-04
4.045508831040933728e-06
6.945611443370580673e-03
4.855353381572058424e-07
1.047515979735180736e-06
5.937146397627657279e-06
1.087036525859730318e-05
2.191528801631648093e-05
5.066453567792450485e-08
5.295663868309929967e-05
1.380252115268376656e-06
1.529190512883360498e-06
1.807249500416219234e-04
2.068648427666630596e-05
2.317422768101096153e-04
4.341998646850697696e-06
6.242346717044711113e-05
1.681096036918461323e-04
5.854287883266806602e-04
1.755272533046081662e-04
1.172098782262764871e-04
1.329334645561175421e-05
9.573910801918827929e-07
1.910758437588810921e-04
1.787910587154328823e-04
1.924331627378705889e-06
3.119072644039988518e-04
2.024421883106697351e-05
1.010572759696515277e-05
3.497302241157740355e-04
3.280455075582722202e-06
1.040121787809766829e-04
5.741868562836316414e-07
1.805665488063823432e-05
2.012742697843350470e-05
4.732899105874821544e-05
7.238645775942131877e-05
1.566909730854604277e-07
1.634112663850828540e-06
1.207841414725407958e-04
9.346305741928517818e-04
4.623375934897921979e-05
3.796354576479643583e-04
7.293690032383892685e-06
4.992574686184525490e-04
1.676405929629254388e-07
4.288101263227872550e-05
8.414663170697167516e-06
2.604610563139431179e-05
1.368504308629781008e-04
1.921430566653725691e-06
2.507354146530360595e-08
8.098320449789753184e-07
1.682754600551561452e-06
6.795300287194550037e-04
1.006854745355667546e-05
4.248968980391509831e-05
4.022160283057019114e-05
4.170968895778059959e-05
1.280546530324500054e-05
1.616661211301106960e-05
2.577887062216177583e-05
8.288572530545934569e-07
2.206497129009221680e-06
5.246829005045583472e-06
1.843157042458187789e-05
7.206530426628887653e-06
5.639750725094927475e-06
1.254886592505499721e-05
2.406880048511084169e-05
1.527333665762853343e-06
8.363334018213208765e-06
2.038452112174127251e-05
4.359464583103545010e-05
3.657597335404716432e-05
6.230214057723060250e-05
6.546900294779334217e-06
6.121342721598921344e-06
4.993607490177964792e-06
5.233191586739849299e-06
4.744427133118733764e-05
2.074707845167722553e-05
1.085869917005766183e-05
3.303177436464466155e-06
6.572511665581259876e-06
1.525080733699724078e-04
2.201638562837615609e-05
1.517323544248938560e-04
1.144308553193695843e-04
1.538328069727867842e-04
9.847054752754047513e-05
7.667413447052240372e-04
7.279434939846396446e-04
3.998453903477638960e-04
7.286873005796223879e-05
3.445618688147078501e-07
1.521119429526152089e-06
2.725244939938420430e-06
7.694427949900273234e-06
1.691243596724234521e-05
1.576080285303760320e-05
1.100524286812287755e-06
3.188096161466091871e-05
7.899608135630842298e-06
1.586881239745707717e-06
1.212970710184890777e-05
4.725445705844322219e-06
1.446716737518727314e-06
1.668887271080166101e-04
4.687603450292954221e-06
1.329259885096689686e-05
9.370643283546087332e-08
4.307314895868330495e-07
4.337439634127804311e-07
7.912952781907733879e-08
7.083327204782108311e-07
2.444225515318976250e-07
2.668209617695538327e-06
1.173841064883163199e-05
9.288349247071892023e-05
8.057011655182577670e-06
6.145801876300538424e-07
2.140830474672839046e-06
3.638946509454399347e-06
7.935636676847934723e-05
2.064082582364790142e-05
6.455100447055883706e-06
8.063707355177029967e-06
2.190470468121930026e-06
3.502512299746740609e-06
1.022170636133523658e-06
1.793804358385386877e-06
2.422653778921812773e-06
1.353767402179073542e-06
3.146459903291543014e-06
3.357261011842638254e-04
6.112283699621912092e-06
