8.384075954381842166e-06
7.698332069594471250e-07
3.297967850812710822e-05
2.705891711229924113e-05
1.592045737197622657e-05
2.961204472740064375e-06
8.302465175802353770e-06
7.364037446677684784e-05
3.365966404089704156e-05
7.723110684310086071e-06
2.811978811223525554e-05
1.245313324034214020e-04
3.646192999440245330e-05
9.457879350520670414e-04
7.767195813357830048e-03
2.214206906501203775e-04
4.326836642576381564e-05
8.363709449768066406e-01
3.720053238794207573e-03
5.158572923392057419e-03
1.925735501572489738e-03
2.213658990513067693e-05
2.553343620093073696e-06
5.968602999928407371e-05
4.425066072144545615e-05
1.629667167435400188e-06
5.195249741518637165e-07
1.028228453492374683e-07
2.401097844995092601e-06
1.049804609465354588e-06
1.755211269482970238e-05
3.825979320026817732e-07
1.657570578572631348e-06
7.189095049398019910e-05
3.475274145603179932e-02
3.505066842990345322e-06
2.040134277194738388e-04
4.307960352889494970e-06
1.961773932634969242e-06
3.045896883122622967e-04
1.744130827319168020e-06
5.791874718852341175e-04
5.552018046728335321e-05
7.437009571731323376e-06
3.776664698307286017e-06
1.249330352948163636e-06
2.394794319116044790e-05
1.663306790078422637e-07
4.932854153594234958e-06
1.531030466139782220e-05
1.589309977134689689e-04
1.188675469165900722e-07
1.017474573927756865e-06
3.732759239483129932e-07
1.930046664710971527e-06
7.919701943137624767e-07
1.644183498683560174e-06
1.820775082705949899e-06
1.147273087553912774e-05
1.788310328265652061e-06
1.635384796827565879e-05
1.290918476115621161e-06
5.337274615158094093e-06
2.896059925205918262e-07
8.541707643416884821e-07
1.773278017935808748e-05
2.930568143710843287e-06
3.347950269017019309e-06
4.650753908208571374e-06
1.228717974299797788e-05
9.909068410252075410e-08
2.994820715684909374e-05
9.055363534571370110e-07
4.586398972605820745e-06
1.052216134667105507e-06
4.901648367194866296e-07
1.339139998890459538e-04
8.814762622932903469e-06
1.899230937851825729e-06
2.438135197735391557e-06
5.101282149553298950e-04
5.524145090021193027e-04
6.307574803940951824e-04
5.751448334194719791e-04
5.282474309206008911e-02
2.422422636300325394e-03
1.981855457415804267e-04
8.608311763964593410e-04
5.226811845204792917e-05
6.115405540185747668e-06
3.725035355728323339e-07
1.199661983264377341e-05
2.031083022302482277e-05
1.844153121055569500e-05
4.404121078550815582e-03
3.913415639544837177e-06
7.907988788247166667e-07
2.978281350806355476e-03
6.584325339645147324e-03
5.039538373239338398e-04
1.731895167722541373e-06
3.684382221535997814e-08
7.764092879369854927e-05
2.356547163799405098e-03
6.911373930051922798e-06
7.398642196676519234e-07
4.268186785338912159e-06
2.924246291513554752e-05
4.720214292319724336e-06
1.846380683900861186e-07
3.178378392476588488e-06
6.054430627955298405e-07
1.864280648078420199e-06
3.094170892836700659e-07
7.872979949752334505e-06
7.650543921045027673e-06
5.856932148162741214e-06
5.071418627267121337e-07
1.667542710492853075e-05
2.200868948420975357e-05
2.647837027325294912e-05
7.960387051753059495e-07
6.828274763392983004e-06
5.447543571790447459e-06
6.105432403273880482e-04
5.831677754031261429e-06
1.505425188952358440e-05
9.303615115641150624e-06
2.563025373092386872e-05
1.070567350325291045e-06
3.754458930416149087e-07
4.678675613831728697e-04
2.419965858280193061e-05
1.359956604574108496e-05
4.687608088715933263e-05
2.125681248799082823e-06
8.981952560134232044e-04
5.070304032415151596e-04
4.107112996280193329e-03
5.013958434574306011e-04
1.084286603145301342e-03
2.003832923946902156e-04
4.457754585018847138e-06
6.606181705137714744e-05
2.028399321716278791e-04
1.334287480858620256e-05
1.223040908371331170e-05
1.200811821036040783e-04
5.759264240623451769e-06
2.798355126287788153e-06
4.531779268290847540e-05
4.249256562616210431e-06
3.900724550476297736e-06
8.217312824854161590e-06
1.341907136520603672e-05
1.747499103657901287e-03
1.215823090205958579e-06
9.632731962483376265e-05
2.079875412164255977e-05
9.188912031277141068e-08
7.212539640022441745e-05
6.029679298080736771e-06
2.705438646444235928e-06
2.107519350147413206e-07
2.509305195417255163e-04
6.670215384474431630e-07
2.111092953782645054e-06
1.235718229963822523e-07
3.558560877081617946e-07
6.794402725063264370e-05
4.424622966325841844e-05
8.005316885828506202e-06
2.176641464757267386e-05
1.206075012305518612e-06
1.081778827938251197e-04
7.276757969520986080e-07
4.943976091453805566e-05
5.337531183613464236e-05
1.505559339420869946e-06
5.735902959713712335e-06
4.167012775724288076e-06
2.324745037185493857e-05
8.493785571772605181e-06
4.828801593248499557e-06
4.721391348994075088e-07
4.901010470348410308e-06
2.118563315889332443e-06
4.737376002594828606e-05
1.683682421571575105e-05
2.285877371832611971e-06
7.965376767060661223e-07
1.046344323185621761e-06
1.663360162638127804e-04
3.276624920545145869e-05
3.769852810364682227e-06
5.164171398064354435e-06
1.014400855638086796e-03
7.276908036146778613e-06
5.623981705866754055e-04
1.629036887607071549e-05
3.887416460202075541e-05
4.739816358778625727e-05
8.944959699874743819e-05
6.467992352554574609e-05
2.793960738927125931e-04
2.713742833293508738e-05
3.970713464696018491e-07
1.249768843081255909e-06
2.430625045235501602e-06
4.401257172048644861e-07
5.185530426388140768e-06
9.231828812517051119e-08
1.460104103898629546e-04
6.250879778235685080e-07
3.052465444852714427e-06
5.220861112320562825e-06
2.160978738174890168e-06
6.677331839455291629e-05
8.224187695304863155e-06
1.708716263237874955e-05
9.437335535267266096e-08
9.076641731553536374e-07
6.105787520027661230e-07
4.813036866835318506e-06
4.207151050650281832e-06
5.554774816118879244e-06
2.016576581809204072e-05
8.746917046664748341e-06
2.694308022910263389e-06
3.071881292271427810e-05
1.784466076060198247e-05
2.540869172662496567e-05
4.669154805014841259e-05
2.587455810498795472e-06
1.340819039796770085e-06
8.583218914282042533e-06
1.030262751555710565e-06
4.149231699557276443e-06
5.435822458821348846e-07
9.719908575789304450e-07
7.106721113814273849e-07
4.089317542366188718e-07
3.984858267358504236e-06
5.782811740573379211e-07
3.101609991063014604e-07
1.099574910767842084e-05
3.701397872646339238e-07
1.147810962720541283e-06
3.636889596236869693e-05
2.972583170048892498e-04
1.196615194203332067e-04
5.004809281672351062e-06
5.360423074307618663e-06
1.432033741366467439e-06
8.013978003873489797e-06
7.767061447339074221e-07
5.968054210825357586e-06
3.920205926988273859e-06
3.989420747529948130e-06
9.263279025617521256e-06
6.883499850118823815e-07
4.711806104751303792e-05
3.769437455503066303e-07
1.428576615580823272e-05
2.686750121938530356e-05
6.138940079836174846e-05
1.359758152830181643e-05
4.785451892530545592e-06
5.405369165600859560e-07
5.517823956324718893e-05
2.420396185698336922e-06
9.529099429528287146e-07
2.029808820225298405e-05
3.418525693632545881e-07
1.825586195991490968e-06
3.186250978615134954e-06
1.164550553767185193e-06
1.571545908518601209e-06
9.589199180481955409e-06
4.107980657863663509e-06
2.903187705669552088e-04
4.014168371213600039e-05
1.619868817215319723e-05
5.936730303801596165e-06
8.515668014297261834e-06
8.401564628002233803e-06
2.483957587173790671e-06
7.038419425953179598e-06
1.388162047533114674e-07
1.952628053913940676e-06
1.311485675614676438e-07
7.617440189733315492e-08
1.368056655337568372e-05
4.936364561558548303e-08
2.873344442377856467e-07
1.359207772111403756e-06
1.219014734488155227e-06
2.804953282975475304e-07
1.225503865498467349e-06
1.545293798699276522e-06
2.303244400536641479e-05
2.783581578569283010e-07
1.855876871559303254e-05
9.598732503945939243e-06
9.420327842235565186e-07
4.437274765223264694e-05
2.807124928949633613e-06
6.466323611675761640e-06
9.358726092614233494e-04
4.683916995418258011e-05
1.073142811947036535e-05
1.574331463416456245e-06
2.472391088303993456e-06
2.115471318120398792e-07
5.936186880717286840e-06
2.537098851007613121e-07
9.215447062160819769e-05
6.993263468757504597e-06
1.136824994318885729e-05
5.769310519099235535e-05
5.605272963293828070e-05
2.079356590911629610e-06
7.273864071066782344e-07
2.983489082453161245e-07
2.729703373915981501e-05
5.018253546040796209e-08
3.175860456394730136e-06
2.052697709586936980e-05
6.257712357182754204e-06
9.343195301880768966e-07
5.935872832196764648e-05
1.115348859457299113e-04
1.354066989733837545e-05
3.929668764612870291e-06
1.502612485637655482e-05
9.702529496280476451e-06
5.609350409940816462e-06
4.779110022354871035e-04
3.915656634490005672e-07
5.187817730956112428e-09
5.313985093380324543e-05
2.545278050547494786e-07
1.275661134059191681e-06
3.857574483845382929e-06
6.511935453090700321e-07
2.827727918486289127e-08
4.250774168212956283e-07
1.394310888969130247e-08
2.203803148859151406e-07
1.719865991844926612e-07
1.688327415649837349e-07
1.843652519539773493e-08
1.458744147697643712e-08
1.936710987138212658e-07
7.306656613081941032e-08
1.405415559929679148e-06
8.777412585914134979e-04
6.034169564372859895e-05
5.626068741548806429e-05
1.916170731419697404e-04
1.042279531247913837e-03
7.854089490137994289e-04
3.172736614942550659e-04
1.163487104349769652e-04
9.065910489880479872e-06
5.574451833467719553e-08
9.438430197405978106e-07
7.638976740054204129e-07
5.237821554260335688e-08
4.346286459622206166e-07
4.313783676934690448e-07
4.438451242094743066e-07
1.021841171677806415e-07
2.603146356250363169e-07
2.113730914743428002e-07
1.084129280570778064e-06
7.580639760362828383e-08
1.137185449806565885e-06
5.792542765448160935e-07
6.367353222458405071e-08
9.170470889330317732e-07
8.330293610470107524e-08
4.814202370084785798e-08
4.197682937956415117e-05
4.976027980774233583e-07
1.166873975222415538e-08
8.117031313759071054e-08
5.821409132522603613e-08
2.427971139695728198e-07
9.583586361259222031e-04
2.265389593958389014e-05
2.301521832123398781e-03
8.137436111610441003e-07
1.905548998593076249e-07
1.870034175226464868e-04
8.942622662289068103e-05
4.221851850161328912e-05
8.159456192515790462e-04
9.186446163766959216e-07
1.068427391004433957e-08
1.789084613790237199e-08
2.133630459866253659e-06
1.283402895069229999e-07
1.579062711698497878e-07
8.885112947609741241e-07
1.495091396463976707e-06
7.957563639138243161e-07
2.037932844700662827e-08
2.784120454180083470e-07
1.336150319275475340e-07
3.401329422558774240e-07
2.007253527835928253e-07
3.369758487679064274e-04
2.680122008769103559e-07
1.239946669784330879e-07
1.796209403437387664e-07
6.529027274382315227e-08
5.164619309994122887e-08
3.386610842426307499e-06
3.119347184110665694e-06
7.154069976422761101e-07
1.384160555062408093e-07
1.297018883406053646e-07
3.787499380791814474e-08
9.634155730964266695e-07
1.145046368833391170e-07
2.029305505857337266e-07
3.612682576203951612e-06
1.278159970752312802e-06
2.848495796570205130e-06
3.272149626809550682e-07
9.844129635894205421e-07
9.507394871377528034e-09
3.225317755095602479e-07
8.363688721146900207e-06
3.845729850127099780e-07
1.059118517332535703e-06
1.217009867104934528e-06
2.549158807596541010e-06
5.207082054425882234e-08
9.417135515832342207e-06
1.379112063659704290e-06
1.304683223679603543e-07
1.908540667727720574e-07
3.134454345854464918e-06
1.275464001082582399e-06
1.836211140471277758e-06
4.656259022794984048e-07
3.526811269694007933e-06
2.954517697162373224e-07
1.551779973851807881e-06
2.402829750280943699e-06
5.869171104677661788e-08
7.363692589024140034e-07
6.139715225117470254e-08
5.198111921345116571e-06
1.016760506900027394e-06
2.586107541446835967e-07
1.846738450694829226e-05
2.803316760946472641e-07
5.166915343579603359e-06
4.077691301063168794e-06
4.946076842315960675e-06
2.814753133861813694e-05
6.354107995321101043e-07
2.118310682419632940e-08
3.824697003551591479e-08
4.290923527605627896e-08
5.630036881143496430e-08
1.284029167436528951e-06
4.214638806843140628e-07
1.370901880903829806e-08
8.066455592370402883e-08
4.127607553527923301e-06
9.148807045278317673e-09
1.503503099797853793e-08
7.339952201590449476e-09
2.114822791554615833e-06
3.139998170809121802e-06
4.487480055104242638e-06
1.022445076159783639e-06
1.709825596662994940e-06
1.468415462113625836e-06
4.571586131874028069e-08
1.753910282786819153e-06
3.229973799534491263e-06
6.416787989849126461e-09
4.253235488249629270e-07
1.268977825930051040e-06
4.856307896261569113e-06
6.538909502751266700e-08
2.152532232457815553e-07
1.173564555756456684e-06
9.258579325432947371e-08
3.329160449538903777e-07
1.755974039951979648e-06
1.382419782203214709e-06
1.268697644718486117e-07
1.194796936943021137e-07
2.763040640729741426e-08
6.324734869167514262e-08
3.252027909184107557e-07
3.658997798083873931e-07
2.424032118142349645e-06
2.772872278455906780e-07
1.532199689791013952e-06
1.423435264769068453e-06
1.969057848327793181e-06
2.001649818339501508e-06
4.824472625841735862e-07
7.080341646314991522e-08
2.008354442750714952e-07
5.339328481568372808e-07
6.419936937618331285e-08
9.355240422337374184e-07
1.009382231131894514e-06
2.395731613091811596e-08
6.132595764540837990e-09
1.447579325031256303e-05
1.043069460138212889e-06
6.660556550741603132e-08
3.319017878311569802e-06
5.089020191917370539e-07
8.085120839496084955e-07
2.801968079779726395e-08
8.556357897759880871e-07
1.402395781724408153e-07
9.891898571368074045e-07
6.095073956657870440e-08
8.217065783355792519e-07
1.621398837414744776e-07
5.247731849067349685e-08
1.825909095032329788e-07
1.496352410867984872e-06
8.218597940867766738e-06
3.863205222387477988e-07
3.052868748909531860e-07
2.349143414903664961e-06
4.374342665869335178e-07
4.768788858200423419e-05
3.757193312026174681e-08
1.710045580693986267e-06
1.188660235129646026e-06
5.635911293211393058e-07
3.419835138629423454e-06
1.059604073816444725e-05
9.701020076136046555e-08
7.991779682470223634e-09
4.702311855453444878e-07
1.782781993142634747e-07
5.445424022809675080e-08
6.921617057287221542e-08
8.530282684660051018e-06
1.895136620078119449e-06
2.169636275084485533e-07
1.140156413725890161e-08
6.723085022031227709e-08
1.031936335493810475e-06
3.281321596659836359e-07
7.457943524968868587e-07
2.056423454632749781e-06
3.550366045601549558e-08
5.007963045500218868e-05
1.144877728620485868e-06
2.995170333974783716e-08
3.694254857578016527e-08
1.217045905832492281e-06
1.400522705807816237e-06
2.900844719988526776e-07
7.694732317986563430e-08
9.301223258262325544e-07
2.351545980161517946e-08
7.686814933549612761e-05
2.418652798041875940e-07
5.707103809982072562e-06
3.442327667357858445e-08
9.899485675646246818e-09
4.260024866198364180e-08
5.305695367496809922e-07
1.957260842289088032e-08
1.649925280844399822e-07
1.426522339897928759e-05
6.047664413699749275e-08
7.800596080187460757e-08
8.107942448987159878e-06
4.908564733341336250e-06
1.342272426541057939e-08
6.916952770552597940e-06
7.618111794727155939e-07
1.442820803276845254e-06
2.729428594250293827e-08
5.575204227170615923e-07
5.364211830283238669e-08
6.653455670857510995e-07
1.319024800494617011e-08
1.504926316897581273e-08
5.636631499328359496e-07
1.193914567210185851e-08
8.523910537405754440e-07
7.210891794784402009e-08
1.204233853968617041e-06
2.226661308668553829e-07
4.002999176577759499e-08
8.875741741576348431e-08
6.747901579728932120e-07
1.658380881508492166e-07
2.906367626565042883e-06
9.762342934038770181e-09
2.576881570348632522e-06
4.158713693414028967e-07
2.793101430142996833e-07
7.742904017504770309e-06
1.108906104718698771e-07
4.581127086566993967e-06
6.281901505644782446e-07
1.154667302216694225e-06
3.225727414246648550e-05
8.699588249783118954e-08
6.770034360670251772e-06
3.158708068440319039e-07
2.563192992965923622e-06
5.538696541407261975e-07
2.800683205350651406e-06
4.992538833903381601e-06
1.472658510692781419e-07
7.673846624811631045e-08
1.557949985908635426e-06
6.108134016358235385e-07
6.333356736831774469e-07
3.670711379299973487e-08
5.074713271824293770e-07
8.480838005198165774e-07
1.940148649737238884e-06
1.103577318417592323e-07
7.963614656603112962e-09
1.061060146412273753e-07
1.105755984553979943e-07
1.006260504254896659e-06
2.381264181394726620e-07
8.923913128455751576e-07
8.436322787019889802e-06
8.865234946142663830e-08
4.512322959726589033e-08
2.689166194613790140e-06
3.421087967581115663e-06
3.398239414309500717e-07
3.207253257642150857e-06
2.657420736795756966e-06
1.557021619191800710e-06
4.886936153525311965e-07
8.993243909571901895e-07
3.989354127043043263e-07
1.625365229074304807e-07
1.696019694463757332e-06
1.037356796018684690e-07
3.249882638556300662e-07
2.743378217928693630e-07
8.453105238004354760e-08
3.542048148119647522e-07
4.880455435340991244e-06
3.413026945509045618e-07
4.961141542025870876e-08
2.243097014797967859e-06
6.880821690202765240e-09
9.459795364819001406e-07
7.836920872250630055e-07
4.854568942391779274e-07
2.155956053684349172e-06
3.548950999743283319e-08
6.160157681733835489e-07
7.252025397974648513e-07
9.131718798016663641e-06
7.859134711907245219e-07
9.298013310399255715e-07
4.353455005912110209e-05
5.870993025069992655e-09
3.649499603852746077e-06
6.576778105227276683e-06
1.568240122651332058e-06
1.235679974342929199e-06
6.984218998695723712e-06
4.868784344580490142e-07
1.107468278860324062e-06
3.634421830156497890e-08
2.941837635717092780e-07
1.367003577001923986e-08
6.417355052690254524e-06
1.075184457022260176e-07
3.167817297367037099e-08
8.210957957999198698e-08
7.262940027175091018e-09
1.230327370649320073e-06
1.559038719278760254e-05
2.646389020810602233e-06
3.445408225388746359e-08
3.968286819144850597e-07
1.913930645969230682e-05
2.091776707402459579e-07
2.168950352654519520e-08
1.101214976984010718e-07
5.523752406588755548e-05
2.994576334458542988e-06
6.670154562016250566e-08
2.638284968270454556e-06
1.053200094247586094e-06
9.203593265283416258e-08
1.619668864805134945e-06
1.447549493605038151e-06
1.867068021965678781e-05
1.301557176702772267e-06
3.463773623479937669e-07
4.420055290665914072e-07
7.421291456921608187e-07
3.243877472414169461e-06
5.514946224138839170e-07
1.031469992085476406e-06
9.306964443567267153e-07
1.003671243893222709e-07
1.177173203359416220e-07
7.351623594331613276e-07
1.183872541332675610e-06
5.065934601589106023e-06
3.092266751991701312e-06
9.623058758734259754e-06
2.336176052608607279e-08
6.060973191779339686e-06
7.133464663411359652e-08
3.603940115226578200e-07
1.478142512496560812e-04
6.707116995130490977e-07
1.525637571830884553e-07
3.573973117454443127e-06
5.174123884899017867e-08
5.074439741292735562e-06
2.563118357556959381e-07
9.162118175254363450e-08
4.643348106014855148e-08
3.724321868503466249e-05
1.118145519285462797e-06
2.459603365423390642e-07
1.446652504455414601e-06
4.168475697952089831e-06
1.798279072318109684e-06
6.023879706162915681e-08
1.233303379422068247e-07
9.848486115515697747e-07
8.730286253921804018e-07
1.229583745043782983e-06
9.447835225273593096e-08
3.608356346376240253e-04
7.982495162650593556e-07
2.269375727337319404e-06
8.618530046078376472e-06
2.828411925293039531e-05
4.755686120461177779e-07
4.166240046288294252e-07
1.590413012308999896e-05
9.098675946006551385e-08
7.878860742493998259e-06
6.304320265826390823e-08
2.015768814089824446e-07
5.071711257187416777e-06
8.380670379892762867e-08
2.239052463437474216e-07
4.347890580902458169e-07
1.358188512767810607e-07
4.403534603625303134e-08
1.447669546905672178e-06
6.364952423609793186e-05
2.463174951117252931e-06
3.143673529848456383e-04
9.079069229755987180e-08
1.341269239674147684e-06
2.597985542251990410e-07
2.065208491330849938e-06
3.572482114577724133e-07
3.919835478427557973e-08
1.429502617611433379e-06
1.029906542271419312e-07
5.810833592079234222e-09
8.038885113137439475e-08
1.001613100015674718e-06
1.727864969325310085e-06
2.835826990121859126e-06
1.616803820070344955e-05
3.818980189862486441e-07
1.081721521245526674e-07
2.559963377279927954e-06
1.703099428596033249e-06
1.012782604448148049e-07
5.825738185194495600e-07
4.690595233114436269e-05
2.489632834112853743e-06
1.050519699674623553e-06
7.895614544395357370e-07
3.518350786180235445e-05
9.437142693968780804e-07
1.541781557534704916e-06
1.089228085504601040e-08
2.099383891618344933e-06
6.468651463364949450e-07
8.676017387188039720e-06
1.899072594824247062e-05
5.822541737643405213e-08
3.407678832445526496e-06
1.006568072625668719e-05
6.054612185835139826e-06
1.606790078767517116e-06
7.705949087721819524e-07
6.186444920786016155e-07
8.037520871084780083e-08
2.291398232046049088e-05
1.768388671052889549e-07
5.797884568892186508e-06
1.736573358357418329e-05
3.862228936668543611e-07
7.415956702061521355e-07
4.105706921109231189e-07
1.197771143779391423e-05
6.456826895373524167e-08
7.631891563164572290e-09
3.323436459368167561e-08
1.866733043698332040e-07
1.683455934653466102e-07
5.385574581850960385e-07
2.219800165903507150e-07
1.910117646275466541e-07
1.540382299936027266e-06
5.642933047056430951e-06
3.792523628476374142e-08
2.046390363830141723e-07
1.249639467459928710e-07
8.584204458372823865e-09
9.643291605243575759e-07
1.297429577107322984e-07
1.593257729837205261e-05
1.191042571235811920e-07
1.295178435611887835e-07
6.165659556245373096e-07
4.458902225223937421e-08
3.358780668349936604e-05
2.336743563091658871e-07
1.772889845597092062e-06
2.853889213838556316e-07
1.071304183142274269e-07
3.003320853167679161e-05
1.536397689960722346e-06
1.291722639962245012e-08
1.970814537344267592e-06
2.646225084390607662e-06
1.793061301214038394e-06
4.511905899562407285e-06
1.348995101579930633e-05
2.740640638876357116e-07
1.082788081419039372e-08
2.843922175088664517e-06
1.771856106280722543e-09
3.677017801351212256e-08
5.899316946056387678e-08
1.302107079936831724e-06
7.627021147982304683e-08
1.015624775391188450e-06
1.497265316174889449e-07
2.642495246618636884e-06
1.739526211963493552e-08
4.417591625838213076e-08
6.026626664379364229e-08
9.995667227258309140e-08
3.192608346580527723e-06
2.336483717613191402e-08
1.979613216462894343e-06
7.257927450154966209e-07
3.577115137431974290e-07
1.133122111696138745e-07
2.037750057581888541e-08
7.455529527078397223e-08
2.683276761672459543e-06
1.274875955914467340e-07
1.852535369550878386e-08
8.109256668831221759e-06
2.914319566116319038e-06
3.985750751667183067e-08
3.337462430863524787e-06
8.356321814062539488e-06
2.061028538946629851e-07
2.860596559628447721e-08
4.853979135077679530e-06
2.787054498298857652e-08
4.401267261755492655e-08
5.306674566440960916e-08
9.794632660486968234e-08
2.861449104329949478e-07
2.130219769469476887e-07
9.154716167358856183e-07
1.539338200018391944e-06
7.713897502981126308e-07
8.616655577498022467e-06
7.898947842477355152e-06
2.457273192703723907e-03
2.594717079773545265e-05
6.029397070506092859e-08
2.611018032894207863e-07
5.302728567357917200e-08
3.683231852846802212e-07
1.304270335822366178e-05
2.410770321148447692e-07
4.403965476740268059e-07
3.772587717776332283e-07
1.932054800590776722e-07
3.787056925830256660e-07
3.952175404720037477e-07
1.105673277379537467e-06
6.167879291751887649e-06
9.742486781760817394e-07
1.679266858900518855e-08
5.470739665724977385e-07
5.800065991934388876e-07
2.764635155472205952e-06
4.681402288042590953e-07
1.073284579433675390e-06
2.659415798689224175e-08
2.099795528920367360e-05
1.297282992140935676e-08
3.699818762470385991e-08
1.865385854671330890e-07
4.316425439299109712e-09
2.864558812376571950e-09
5.659367730004305486e-07
7.767131648961367318e-08
1.365160073873994406e-06
3.334109166530652146e-08
2.214316374704594637e-08
1.629307178063754691e-07
3.960604733066475092e-09
5.636827893340523588e-08
6.118789031006599544e-08
2.262374110273412953e-08
1.402100195946331951e-07
1.438849039914202876e-07
8.418275569965771865e-07
3.038446294567620498e-08
2.302059343151086068e-08
4.061315284076272292e-09
4.989747139916289598e-07
4.225295526794070611e-07
3.541080673130636569e-08
1.315232680099143181e-06
1.414364987795124762e-06
1.723880842519065482e-07
1.031309153631809750e-07
4.907281692112519522e-08
9.392782374106900534e-08
7.009688829384685960e-08
1.255455117643577978e-06
6.878870095761158154e-08
3.535809511845400266e-08
1.591403417933179298e-07
1.147806383272609310e-08
9.095951014614911401e-08
1.879405786553434154e-08
4.103269546362753317e-08
6.351738761622982565e-07
2.138013677210892638e-08
2.467776205605787254e-08
5.962287552563338977e-09
2.106312649630126543e-06
2.960857159450824838e-08
1.830477813768993656e-08
4.948416972183622420e-06
3.277546625213290099e-07
9.270370355807244778e-07
2.393664999544853345e-06
1.152984850705252029e-06
2.221155591541901231e-05
4.127447823520924430e-07
8.304277798742987216e-06
2.210639195254771039e-06
2.788334859360475093e-05
1.984375376196112484e-05
1.180732951411300746e-07
6.992152634666126687e-07
6.091615887271473184e-06
2.734392978709365707e-07
6.548554551955021452e-07
4.270656290827901103e-07
1.886610561996349134e-06
1.437084762301310548e-08
8.610471013525966555e-06
2.649493922035617288e-07
1.429883056403014052e-08
6.806069041687123899e-09
6.669735341802152107e-08
1.043879478856979404e-06
1.027851315171801616e-08
6.668726655334467068e-07
7.399923561024479568e-06
1.884571361188136507e-06
1.196142278558909311e-07
4.491984327614773065e-06
1.418572355760261416e-05
