2.691272094068608567e-09
1.103719249329060403e-08
1.005179273150247354e-09
1.384589887187814838e-09
3.962714156813262889e-09
1.074612221430015779e-08
4.432299804957295919e-10
1.237191948888494153e-08
2.274077637309801503e-08
4.094349304040179049e-09
9.714837290175637463e-08
6.999260904194670729e-07
2.218667560782705550e-08
6.056162504819440073e-08
1.271875924430787563e-03
2.890801624744199216e-07
1.412403634049042012e-07
9.982197880744934082e-01
8.144861931214109063e-05
3.120327619399176911e-06
8.679946859047049657e-07
3.238580347897368483e-06
2.514324215496799297e-08
2.482085115218524152e-08
6.669829986094555352e-07
8.647332094824378146e-08
4.777796647204013425e-08
9.207134499256142135e-10
2.832102552474680124e-07
3.661361880347158149e-09
2.583480540607752118e-09
5.509643408174724755e-09
3.777780754887771764e-09
2.856109126980754809e-09
7.088789999443179113e-08
1.860435028255835732e-09
5.246562295724288560e-08
5.144984438487654188e-09
1.743329924863701308e-08
1.401291171987395501e-08
8.193811851242571720e-09
3.681988047787854157e-08
3.262300424466957338e-06
1.632573365384359931e-08
1.073675903739967907e-08
4.325049118847346108e-08
3.005604298778052907e-08
2.114140862374824792e-09
5.514897427616460845e-10
1.771124580329797027e-08
4.388126129128977482e-08
9.642940890230988771e-10
2.822140077185508744e-09
1.210927536021699780e-08
5.716962458990337836e-09
9.615062079859626465e-10
2.624080686075558333e-08
3.892935973581757025e-10
1.984534137022819777e-08
3.186203656468933332e-08
6.958534637391267097e-09
1.431451734923427921e-09
9.903965647595214250e-09
5.546028969405369935e-09
5.131665314905831110e-09
3.519711242461198708e-07
1.041773889376429452e-09
1.367247842720686890e-10
1.225364587575938913e-09
7.040341643005376682e-10
5.504242062137620906e-10
2.752446732756652636e-07
5.712888651032699272e-08
1.345289568632779265e-08
3.066708842425214243e-08
9.690529489958521481e-10
2.000682819414123514e-08
2.409869859221203114e-09
5.877468511883421343e-10
2.998681125632174371e-08
4.785371402249438688e-06
3.667241799121256918e-06
8.305440815092879348e-07
2.213780021520506125e-07
2.773565356619656086e-04
2.240465255454182625e-05
5.612190534520777874e-07
3.064377267492091050e-07
2.123391459463164210e-05
7.574489018224994652e-07
1.780299641040983261e-08
4.240321516135736601e-07
3.395555552287987666e-07
1.353857555841386784e-06
6.478161935774551239e-07
1.246207830263301730e-07
6.778829941822550609e-08
6.443219735530192338e-09
5.429723515248952026e-08
1.464514838289687759e-07
3.923752989187789808e-10
2.543601163029762802e-10
1.034737850957867522e-09
4.614630881860648515e-07
9.695988012481393525e-09
2.335178272971916158e-09
5.351016296728516863e-10
4.170876533038381240e-09
2.570233470500227213e-10
7.826492787188499278e-10
5.498221433697381144e-09
3.442591633984193322e-08
2.834644963201071732e-09
3.595822084534461283e-09
5.181285800404111797e-08
3.574557183583237929e-08
8.593196154649263008e-10
6.498497295837069032e-10
1.239260249974449835e-09
5.599408048340137611e-09
9.938211364968196904e-10
7.923689482325357858e-10
2.500054741005897085e-08
4.882877746581471001e-08
3.209182068530935794e-06
5.708362671441591374e-10
1.314262050300385454e-07
3.219632205286870885e-08
6.982723022019854398e-08
9.511787801841364853e-09
7.795753625972068335e-11
6.062334250600542873e-06
1.498250128406652948e-07
4.093670291638318304e-09
8.307991947731352411e-07
5.123489188463281607e-09
4.896929112874204293e-06
7.430121229390351800e-08
6.610652008021133952e-07
4.131083919389766379e-09
1.424920270665097632e-08
1.688446538139487529e-08
3.042010532361416608e-10
1.493121537521346909e-08
5.664558155871191047e-09
1.072250057632118114e-07
1.196802230651883292e-07
1.870251225000174600e-07
2.846658375688093656e-08
2.609819027554749482e-09
4.830905897534876203e-09
9.303879444644280738e-09
3.562134143209050308e-09
2.832780232608911319e-09
4.066252057288721744e-10
2.932244891340474169e-09
3.859908503933695556e-10
4.204328973855808727e-08
4.692627619817812956e-09
1.405235094953383168e-10
1.043946040724108570e-09
2.579924052170667892e-10
1.201879373802228201e-09
8.217968666679453804e-11
4.319997515267459676e-07
1.814459915649990762e-09
4.199029568496825959e-09
6.305603261758108147e-10
1.351847966901686959e-09
3.975692308699763089e-08
1.191534870770283305e-09
3.009285043376053181e-09
1.935887361526056338e-08
4.014835575105735188e-09
9.034294201626380527e-09
2.182086178414976985e-10
2.389219710963175203e-09
1.764233026335659815e-08
1.222129508704483669e-09
7.653376821181723244e-10
2.166902213218691031e-10
1.323100349281958188e-07
3.222049294038242806e-10
6.248107808914937777e-08
4.315848234348607093e-10
2.240079233217784349e-10
6.307768196656127202e-10
4.810364995222471407e-09
2.314316738249999617e-08
1.601071941692566725e-09
1.437893359934605542e-09
5.063344410416448227e-09
7.316008354685266113e-10
6.201181235176989048e-10
5.341540057490767879e-11
5.211751474831771702e-09
1.879162958573488140e-08
2.146377298117840837e-09
2.745458616004725627e-08
8.068604673283630291e-10
3.344265420146541601e-10
3.060394992981940732e-10
7.552449221570611826e-10
2.874566540356227051e-08
5.587989515554170339e-10
1.212092115565610584e-08
4.872864334259929819e-09
1.238586788687712215e-09
7.637151355766036431e-09
1.422350154323126503e-10
1.858914266961164685e-08
5.396689206627058866e-10
3.680576909914634598e-08
5.676268899357239661e-10
2.646946439810449192e-09
6.219306847299321817e-09
4.252531660142722103e-09
3.597557585166555327e-09
1.078947264865348643e-09
2.051101510858188703e-09
2.407906651846758450e-10
2.833794865431116250e-10
1.199912347260578827e-08
3.771984502520808746e-09
6.634537808025697814e-09
2.233024654074711179e-09
1.382082642775728232e-10
3.259788661225115902e-09
4.497283379034655582e-10
4.116729179770572955e-09
6.563562138239831256e-09
1.080638689643365069e-08
1.203802479921023405e-08
1.305105579163523544e-09
2.016861788689539026e-09
4.264772091033819379e-09
6.147530040578885746e-09
9.050626914586246130e-09
6.246981265611850631e-10
2.652630892718832456e-10
1.018989226331257214e-09
1.343552824550897640e-09
4.203683234837995997e-10
2.964064826915802087e-10
3.326477981957509655e-10
4.107362505667566666e-10
2.928299158710956362e-09
4.457139102242990703e-10
3.487985011929595203e-08
3.211009413917054189e-08
8.663295858468700317e-08
1.128949733697481861e-08
8.797028105966830935e-10
2.024593381833028616e-09
1.889231660001655655e-09
2.581264091361390456e-09
2.610744953557286863e-09
3.456274599855646557e-09
8.361812575685689808e-09
1.046035347229690160e-08
3.418608507388398721e-09
1.146323480583077981e-08
2.538619758851723418e-09
5.165246563798575608e-10
2.718994362993498726e-09
1.258831616723909974e-08
4.027613798029960890e-09
3.603444653776932682e-08
2.738543170011098482e-09
1.718597673061594833e-07
1.924205719205929199e-07
1.218833145522069117e-09
1.082471001723206427e-07
1.164825791377666064e-09
8.059211964450696541e-09
3.435857431899336234e-10
2.193766834857058257e-10
1.033474532619038655e-07
3.886336941150148050e-08
4.273472882232454140e-07
1.607009835424833000e-06
3.816899241115834229e-09
7.178696748155743990e-09
1.860205323112040787e-08
9.981685877846757649e-08
2.212940017898290535e-07
4.451731427934646490e-08
8.954663144322694279e-08
1.339313993042878792e-08
1.024136011551490810e-07
7.843084404157707468e-09
5.051265516975433911e-10
1.962214390971439570e-08
1.280761718902567736e-08
5.399077851464539890e-10
1.126035709120287720e-08
1.120957620059925830e-07
1.122867465674914911e-09
1.790637638166003853e-09
2.287829836689070362e-08
4.210658932635169549e-09
4.657060070911711591e-09
1.140626704199121377e-08
7.911374666491610697e-08
8.276347385205440332e-10
5.084003218414068215e-10
5.345774933829261499e-09
1.030853713501755919e-08
1.153216011573476862e-08
2.835630397157729021e-08
3.818707128289133834e-08
7.633380150195989700e-09
3.515699953382522835e-10
5.826473525871733727e-09
7.188174500072364026e-10
3.551725302752828384e-10
8.235912396514777356e-09
5.454060758580681068e-09
5.234545241705745866e-09
7.799908416927792132e-06
9.356635928270407021e-07
3.562659145472935052e-08
1.529777193809422897e-09
2.400534215851735098e-09
7.940639257242310123e-09
1.499426971474093762e-10
6.541927444203565756e-09
6.887471926120269927e-08
3.443423768345610370e-09
5.778219014374030849e-10
9.487834518040472176e-09
2.746409563769702800e-06
5.210777143105360665e-09
1.692598616820362167e-09
2.536387211371504691e-10
4.835704885408631526e-07
1.884058065115823410e-08
9.572070069907567813e-08
1.135085470060914759e-09
6.071419755837581533e-11
6.573535049625434112e-09
2.729343417939844585e-10
1.041117816957815023e-10
3.129187881034667384e-11
2.143001331944560661e-10
9.623422891902322363e-11
7.077308877834198597e-11
6.119481310573604560e-11
5.616374920691669104e-08
5.856958029681891276e-09
9.394018007924387348e-09
3.796364056452006253e-10
3.429938555399303368e-10
2.105340568547831026e-09
4.420775134850174481e-10
8.562022202340813237e-08
8.541327360944706015e-07
2.278413973044735030e-07
1.967352325493720855e-08
1.592757570278990897e-08
7.989576999989367323e-08
6.532118845825607423e-08
1.245694392082441482e-07
1.307577779385837857e-08
8.658297967478745250e-10
2.097028328762462479e-09
8.720768995829075720e-09
2.904984475193828075e-09
9.608832840513059637e-09
2.355604955539547518e-08
8.781190885542855540e-09
4.956405064149294049e-08
1.715289021930743729e-10
4.235322315082612477e-09
1.736430732535154675e-08
4.657548569042546660e-09
7.085365627546025280e-09
5.801234603808325119e-09
5.954766457705318317e-09
3.640302781438009561e-10
3.947950411031797557e-09
3.955734351190898224e-10
3.522230840324880319e-10
7.185049526015063748e-06
4.787149237017729320e-07
3.009178670132506284e-11
1.391042836473843636e-10
1.220098466703234408e-09
7.366715681911273350e-09
1.103980835637230484e-07
6.974949684490638901e-08
2.328138926088740845e-08
8.877773183257886558e-09
4.952598747776093546e-11
1.267188309839184512e-08
3.232281073906051461e-07
5.824884130589680353e-09
1.060610799186179065e-08
6.759978532500099391e-08
7.029177795381258420e-10
2.702427726042344602e-10
1.682430861293937596e-09
1.112506864409112950e-09
2.068544224798074538e-10
1.156431927995527076e-08
3.559342820480537739e-09
5.285349491401802879e-09
3.476715096373261815e-11
1.639513871887210428e-11
8.369631210314310010e-09
4.649764129283084912e-09
6.436725641378870932e-08
1.348307865356446200e-08
4.902357964020609415e-10
1.388578141359175788e-09
5.013285342414519619e-10
4.349518079038716678e-09
3.670359016716417955e-10
6.261794851525337435e-07
1.990425069209322828e-08
4.699901356985947132e-09
1.773480740041577519e-08
2.077792105037445936e-11
1.228427082278216176e-10
1.434625085394714006e-09
1.790280101943153568e-08
2.354201000809297284e-10
8.513539206944642501e-09
2.131527176985059668e-09
5.659428925497422824e-09
1.588422796072741505e-11
2.411846000693884662e-10
1.010508010601540718e-09
7.140824598295125725e-10
4.193045199940570456e-08
3.226786393639713424e-09
1.038917910034520276e-10
1.153396489428359928e-08
7.947824798293368076e-08
1.349829970020977044e-10
3.103746237798077345e-08
1.175873287628803610e-09
1.553476569604583801e-09
2.439798940656601189e-08
4.271412945566765984e-10
4.443464485248682649e-10
6.790941853296317277e-08
1.290515805330016974e-09
8.475569757138146088e-07
4.584489177172912378e-10
3.545648885605601208e-09
9.452255511632756679e-08
6.105544070322821426e-09
2.092207296300330199e-08
1.580645281329395857e-09
1.393236748192805408e-09
1.980472035256752861e-07
1.147444024240940053e-07
8.436160214841947891e-07
5.952991988245059929e-10
3.762939826401634491e-08
3.795491920755011961e-08
4.502830552866043945e-09
1.881375766288329032e-08
1.408620242671076994e-08
1.635421131851444443e-09
4.237614703583858500e-10
1.467657245735054516e-10
3.799464354248272002e-10
2.650725416941668300e-09
2.976115576203142155e-09
1.720830283824525964e-10
1.872691862692121845e-10
2.871437487783623510e-08
5.039457739997033059e-10
2.271526300390291908e-10
9.454693278287962244e-11
4.219786120529533946e-08
2.447116109749458701e-08
3.843327600616674999e-10
7.453012429436967068e-09
2.803733423206722364e-08
5.330063057584766284e-10
7.525391865215169673e-09
2.427145373573580400e-09
2.765633000390010920e-10
5.082080936635868795e-11
1.830016804760248306e-09
1.559415494511995348e-07
1.676084480095596518e-07
4.060083380608148218e-10
4.275670484332749766e-09
1.312996023017376501e-08
4.185194690808913265e-10
5.915566703151853289e-08
3.332709885839335584e-09
3.089717992565965687e-08
3.245032687004822947e-08
7.126249590427846670e-11
9.262287825606563274e-09
2.240963803412654443e-10
2.691514566777186701e-08
7.085389497341054721e-10
4.816856247202849772e-09
7.495279952252076328e-09
5.781495282519699686e-09
1.586704545530892574e-09
8.322828648488211911e-09
7.242096256021568479e-09
1.934967075456484054e-09
7.621853148620516549e-10
1.629093041022322552e-11
6.860384615947623388e-08
1.575933272768281768e-10
4.035549672209981509e-09
3.014001270784660846e-09
8.293492559374726625e-10
7.360760001517974160e-09
1.886805556239323778e-08
1.480405020792829873e-09
2.342275262634530009e-09
9.361739855551221012e-11
6.295304277870172882e-10
3.421902761147066485e-09
5.877580644408908483e-10
4.567173306213589967e-10
5.166665428824046558e-10
8.544729723780619679e-08
3.491336109107123775e-10
5.530519375795961423e-10
1.060733612057163100e-09
6.811561314989944549e-10
1.754837525291819134e-10
3.075581567202334554e-09
1.494146850689048733e-08
3.396074810257943000e-10
1.948699535070375077e-10
4.695920874375758558e-10
3.209972954110185128e-09
3.320225161473899789e-08
1.907585062133065890e-10
9.292129565796614088e-11
9.943785794774839815e-10
8.498041159654690091e-10
5.988805285017662072e-11
3.238039880670839921e-08
1.772858304605051671e-08
1.007007602304987870e-10
9.518920762729976559e-09
6.759952952961612027e-08
9.332323802624387099e-11
4.872153028245840289e-11
9.593816407971189619e-09
3.202371701149786531e-09
3.621534738762477446e-10
6.220151563957054819e-12
2.820520261792580641e-09
1.067194119741543545e-07
1.725295284416006325e-08
9.831443437136044849e-10
7.659616940713931399e-09
1.451161690813052019e-10
1.225255459758045617e-06
2.551849753729129588e-08
1.244058300819972374e-09
4.611289405875851344e-10
2.813185240313487157e-10
5.954161608201502531e-10
6.473396263473318868e-10
7.584597394583170171e-10
2.710766278113396766e-09
1.694125395523826683e-10
6.195879365122891613e-08
1.220542278357328314e-10
1.485392253641748539e-08
3.391167208155465573e-11
7.446681465905768960e-11
1.764295098904966608e-10
1.057637177837023046e-08
4.939789688407358881e-10
4.641727446852428329e-09
7.246279132289146219e-10
2.911617613676753535e-10
5.265565206080680127e-10
1.672628968663047999e-07
5.322304374999475840e-09
1.108728647086776320e-11
1.171730232840673125e-07
1.001569827074888508e-09
1.039501262845021756e-09
1.482957667775508526e-08
1.736272565722174477e-07
5.623540522137204789e-10
3.535660875186863450e-09
1.993056608640131344e-09
2.044421576474775293e-10
6.043607925221294863e-08
1.970970886500111874e-10
2.157810108371904789e-08
1.963270079841095139e-08
7.267838242341895238e-08
2.246305585984487152e-09
1.664797522060723622e-09
1.599693641440858016e-11
2.344757099592698069e-08
3.342538912320947020e-09
2.021121936479630676e-08
1.349659273230940926e-11
1.661458213675359730e-06
2.433782342325940817e-10
3.000716342071996223e-09
1.233502189279533923e-06
2.897367415433116378e-11
3.417213401135654749e-09
3.853740437875785574e-08
9.973759595993669791e-10
2.229870005976408720e-06
2.511342023225893172e-09
7.101059740222126493e-09
1.088713386110384818e-08
5.260297530895741147e-09
8.215982338910521321e-10
4.558105282104207845e-10
1.399840101612426224e-07
1.227034474027277611e-09
4.045919155259980471e-11
4.503417017076571938e-08
1.839117191870798251e-10
7.702138232756894354e-11
6.184699974376428599e-11
1.942976474156310474e-10
1.970390250960463163e-08
9.202411610509386719e-10
4.934488373464773758e-10
1.079337799692048350e-10
8.275084506514929217e-10
1.254703807518353642e-08
9.555082947088067158e-09
1.627817464155967286e-10
2.161098799913219182e-10
1.686465272987547337e-10
1.632728174882913663e-09
7.479320635050967780e-11
1.448221009781036628e-08
1.404670957327880387e-08
3.014840599391277465e-09
9.663852357233437829e-11
7.458383355363196188e-10
3.789365266015920497e-08
3.000283044229945517e-08
2.978784552354341031e-09
3.240614443456024674e-09
4.461996050419969606e-10
7.323397444025658842e-09
5.064981767333165408e-11
4.238398798595000017e-10
6.722323808716623716e-10
1.284854556082848376e-09
7.731480344830288232e-09
9.985604343398790661e-09
1.171617358686205534e-09
3.753734736239300318e-12
2.882388772107447039e-09
1.270551303056421943e-10
4.501332284689851804e-07
5.389762941510056748e-11
9.792889832382911663e-10
1.818753858628952003e-08
3.666713321859305097e-10
7.064153262348327189e-09
1.277038808034092199e-09
3.205212983914407232e-09
2.056880221701362643e-09
1.491529455499573942e-09
3.170784745876176203e-09
1.329399645921824913e-10
1.819777573075498367e-08
1.749578331100565265e-07
2.118673014805949606e-10
1.321374654139617633e-08
8.270643547803047113e-08
2.450712699442192388e-08
1.501403268377998756e-08
6.753968939676724403e-09
3.491579647629805550e-08
4.624031366140535226e-11
2.906431095794914654e-09
9.627883906793144320e-11
6.727595702749056272e-10
3.733704012631733349e-09
1.831460504087001340e-11
5.859447926859218114e-10
3.622480164722219342e-07
3.091584765968491411e-09
8.496026798754385823e-11
3.077965615716493630e-08
1.145303443195189175e-07
5.415333959035706357e-09
1.956210748943476574e-10
9.755720675741486048e-09
1.910889935174964194e-08
5.390254287362949981e-08
9.083394036935033000e-10
1.726920828559741494e-07
5.337359887391812663e-09
1.623869927414034464e-10
7.538503155046782922e-10
1.189684617486364004e-08
8.469861256799049443e-08
4.207858594895697024e-08
7.186327088959387765e-09
1.777558011895052914e-08
6.376752598180601694e-11
7.192658690868825033e-10
1.388615222808198268e-09
8.984494925812214206e-09
9.462483063771287561e-08
1.604660432308335771e-10
3.127806902369911768e-09
1.189881637664313985e-09
3.246850788229949103e-09
2.177104789780059946e-07
1.800441740140712454e-10
1.209565141380153364e-07
1.301473095960403725e-10
6.834590493554060231e-08
7.988760764021662908e-10
6.154918241740858775e-10
2.583785089882439934e-06
2.225834183633423891e-09
1.562641460672864469e-09
2.731677994916026364e-09
6.419970666193819397e-10
2.390243025729432702e-07
2.070541516019375194e-10
2.608933069581098607e-09
1.416914936075430731e-11
2.788002007036993746e-08
1.912803471171287129e-09
3.909074453023464457e-10
2.030716572676283249e-08
2.645404606482770760e-07
1.352817746713697034e-09
1.703188368118446760e-09
2.873835835970339758e-09
1.610888644698604821e-10
3.660319547460488820e-10
2.877594518224668718e-08
2.449394820303041342e-08
1.287257987314660568e-06
1.043793673716209014e-07
1.166947316555422276e-09
2.586976632912296736e-09
9.098297937271127012e-08
2.759832362642100634e-09
3.620381494595648064e-10
4.415403509483439848e-08
5.592798446585334204e-10
2.678658628241237238e-09
5.543770650873192096e-11
5.995429042116029450e-09
1.404598037879623007e-07
1.074391270394770004e-11
3.656476676994202535e-09
6.976488720056295278e-09
1.140967764712286225e-09
4.695848709879157923e-10
7.294823234360592323e-08
1.129425220014468323e-09
5.418987143457343336e-07
5.141533776509277232e-08
1.792965109714828031e-09
1.157711508881220652e-07
1.580958808311550001e-09
3.903657674886318318e-10
3.171299001181182575e-09
4.404811182467938124e-09
3.530514547378515999e-08
3.922086655450129911e-09
2.891450689990193723e-10
1.147646533361523780e-09
8.867466760875686305e-09
8.445755952379840892e-07
7.445257921290249215e-08
6.086548864914220758e-08
4.036065259782617431e-09
5.667538660603099743e-10
7.930800904887291836e-09
1.474739774742772624e-10
1.616398570547517011e-09
6.944264607788852572e-10
2.705678125991539673e-09
2.192346748586260219e-08
3.100395495891916653e-09
2.001427930053978343e-07
3.453247359175293241e-07
3.249440716501794668e-09
1.159515790050136275e-07
2.539974619519824728e-10
4.377866069660285575e-09
1.972265462057976038e-09
7.330801521376884011e-10
2.475059979190064041e-08
3.182440699855959565e-10
2.521604969274449104e-08
3.321769082020864516e-09
8.552278529805334983e-08
9.995308403176750289e-08
9.847620496827858005e-10
2.542950849893088616e-10
1.075589270427279587e-10
1.550057970867158019e-09
3.392690572923129366e-09
1.608277777620514826e-08
1.010812544777195399e-09
2.782273966772663698e-09
2.869816739803354722e-08
2.060676213000434132e-10
9.244827126053678512e-10
4.489904281701484479e-10
7.452706507482531606e-11
2.564163326113089170e-09
2.453444912509095133e-11
5.248001144764202763e-09
1.802993665478425100e-08
4.138538756137677410e-08
1.347049694011559495e-10
1.596951682003577844e-09
9.437276515811277022e-10
3.650243649011564173e-11
1.246671210708427679e-09
4.355113158993617617e-09
7.163527548925685551e-09
9.008323531567441478e-10
3.765024680912887334e-10
5.369577849023698946e-08
3.495607414638612909e-10
3.868229070391748792e-10
5.853795226329339130e-10
1.965629659039791477e-09
1.010158214853618119e-07
5.012101844670269202e-09
3.838612094853033341e-09
1.384429548778598473e-08
5.626737964448125240e-10
2.280668383036754676e-07
3.025291661629125883e-08
2.381024023778710585e-11
3.639705759006517383e-10
1.492076506792727741e-08
3.247118840477014601e-08
4.664220227823534515e-07
7.052638473226124916e-10
1.757493872656112899e-10
4.592724811569581789e-10
3.139804860552430910e-08
1.560349419116313641e-11
2.547661193119665768e-09
1.231780566435247692e-09
1.733540755388673915e-09
8.696032782751217383e-10
1.864506105064833719e-09
2.647683627898800296e-09
7.293598969226877671e-08
2.178871250091418688e-10
1.417738149100955525e-09
9.753570867632177510e-11
2.898447037935625303e-10
5.232381994346724241e-08
9.928126376568258138e-11
7.811146729430618052e-10
1.582355579898830911e-09
3.324843289576051575e-09
1.213881495321089687e-10
1.090197376818480279e-11
2.753411110223424885e-10
4.443475809523533826e-09
7.326468320911772025e-10
2.081664701725216560e-10
5.437817662823363207e-08
7.703111482015856382e-10
1.140033970004061814e-10
4.567426159507448347e-10
2.514613299808843294e-07
1.155205098246625539e-10
3.848576568543649046e-08
5.023752081001475744e-08
1.384213010879875583e-08
3.081424004847121978e-09
2.126636644561585854e-10
8.781143347180719871e-12
7.553990766240303856e-10
5.287749349491832618e-09
1.774972275825348333e-07
4.872476111472678895e-08
2.762224582397720951e-08
2.909860263855534868e-08
1.267016269679288598e-09
2.049491513389511965e-06
8.160672138046720647e-08
4.118493879268214641e-10
2.353192307680274098e-09
1.657634385310302605e-08
5.928513235886612165e-11
8.540903877474192996e-07
1.082615597169933608e-07
1.134735498453665059e-06
8.657096373099193443e-09
3.329190034762063988e-09
7.515529171220336480e-11
1.316470932266611271e-09
1.160745544126484674e-08
2.218629560957197100e-06
2.512683616728850211e-09
3.041586982277522111e-10
5.054831553330529914e-10
1.080095785255252849e-06
3.339743059882493981e-08
1.352154832545693353e-09
4.107304008016399166e-08
3.542098281350547495e-10
7.821333838364807889e-07
5.212335563165026997e-10
2.291845602186981523e-10
9.903733388938462667e-10
7.609875403435939489e-12
7.486763487808689721e-13
7.953272068705885545e-11
2.677686683494329145e-10
4.960166943845933929e-09
9.340859197237705303e-10
2.270547500016206754e-10
9.152243962695649770e-10
4.828172150278531305e-12
1.069903124428783769e-10
2.458397652116417476e-10
1.968678969843651316e-10
2.552377753595180820e-10
2.805202958811037206e-09
3.365227263518733025e-10
1.470363830691212570e-10
3.168810353004758440e-11
3.871622814011210778e-11
6.682527864398934980e-10
1.296559803964925095e-10
2.518689978803223539e-10
3.662234959733723372e-09
4.316649260260874144e-09
2.351522032650876781e-10
2.181283070834538762e-10
4.915391427218196441e-10
3.628469746885798486e-10
4.473790227166318800e-10
3.667890435821163919e-09
1.191323484306394676e-09
2.308872711076492834e-11
2.140309457443478891e-10
4.581331147779366120e-11
1.830965518090366118e-10
7.431452155037820972e-12
8.331254436333423996e-11
7.569292415077200076e-10
3.046743135559637494e-10
1.196197724206982116e-10
4.659622687697151378e-11
6.377257832923532987e-09
3.262648484714247843e-10
2.386912369145566259e-11
2.690599520960290647e-09
5.555816917635070240e-11
3.196009146222422714e-08
4.113362095381489780e-09
6.753737125109182671e-09
1.520060521897903527e-08
3.243322943546900206e-09
1.437787044977767437e-08
1.875534616502250174e-09
1.566042157064018170e-10
2.910913732279141186e-09
8.442594401358860523e-10
1.509298241941792185e-09
1.439200048025668366e-08
1.221712286891829535e-09
3.585959307272901242e-09
9.147589352664908802e-09
5.373642419925772629e-09
2.434946515250668853e-11
4.623906235678987287e-08
7.317404460138732247e-10
7.543781710417363229e-10
3.034781800859143175e-11
1.154194850805367878e-09
4.231179850933131092e-09
1.503381863443564725e-10
4.114240947927783054e-09
1.123662851654216865e-08
1.622944778567614321e-09
1.779503350229916236e-10
6.595831081313008326e-08
2.759344219782633445e-08
