2.580675777241747682e-11
3.581444515954324004e-11
5.170406637555746698e-12
5.124470986439533249e-11
5.137077985217786136e-10
2.564479739675107339e-10
1.427633844475195701e-10
1.195218324312463665e-08
8.040284171784151113e-08
9.952860757778125844e-09
6.658759161837224383e-07
3.312479975647875108e-06
3.283922822561180510e-08
1.391494038216478657e-06
1.167441678262548521e-05
6.307065092414632090e-08
7.187699520727619529e-05
9.937100410461425781e-01
5.788055714219808578e-03
3.932604158762842417e-05
2.755642071861075237e-06
1.778565319909830578e-06
2.469521809267405388e-10
4.275704768019750190e-08
4.786457341587890824e-10
1.701114804575354356e-08
2.429354495347979537e-09
1.136079008645651811e-10
2.724831205114242039e-08
8.711288912444103971e-10
4.135134179517052644e-10
7.896185927336318855e-10
3.781881197095771086e-10
4.990431245327497933e-12
1.381560976732032486e-10
1.777067937247522877e-10
5.005571998561997304e-11
5.034430511363652272e-11
4.467866521196128815e-09
7.280928637776185042e-10
1.400991944677798529e-08
2.904503837442007352e-08
5.239262179657089291e-08
5.611829334561946325e-10
6.320561407591185343e-09
8.035186405130900766e-10
6.488826809203374069e-09
1.138087957208711032e-09
4.296299080386312141e-11
9.925646415887001695e-11
2.039483165683364518e-10
7.737885852898696015e-12
1.453910658533175138e-09
1.594411358496472531e-08
3.793803493579162023e-09
4.229410988099147062e-10
6.477540637206402607e-08
4.075272411196984024e-11
7.118793887705976431e-10
4.757754012985060399e-08
1.892806134051738809e-09
6.643804395523034145e-10
7.032970039677621799e-11
6.249403661229280260e-09
1.226323154135400273e-09
1.040388397655078734e-08
1.426243789737213774e-09
6.028428312099265440e-10
4.907559914002490586e-10
9.460714330000730143e-12
3.506925305707397911e-11
3.031431461408828909e-08
3.033487627757125438e-10
6.302485616727082629e-11
9.767105180191748559e-11
5.694399951572393093e-10
4.981515755453358452e-10
8.674343882075774559e-11
4.075297599381855207e-10
3.064022091603391118e-10
7.997624197741970420e-05
6.149160753921023570e-07
3.326015530547010712e-06
7.531249934800143819e-07
6.002538611937779933e-06
2.252934355055913329e-04
7.253865078382659703e-06
8.057854938847697213e-10
1.882993760915496750e-09
1.093902568527482799e-08
3.343175181136359697e-10
1.219646128447493538e-05
5.810473169276519911e-08
2.695867920010641683e-07
3.488098343495948939e-08
1.004972816076588060e-08
4.592289215565870109e-09
4.658881280761306698e-09
1.231851065597311390e-09
1.667585593168041669e-06
1.837825724937403038e-11
2.006924834652146217e-11
3.285622121595999090e-11
2.161735013217480628e-09
3.138876891739528219e-08
2.152899386542728166e-10
1.807790896146688198e-11
2.769319712783713250e-12
1.933740320647636679e-11
2.277612126677652782e-11
7.099850707348309697e-10
1.214610530209103700e-11
5.862294677472235094e-11
4.115499954715495790e-11
3.843513063372938632e-09
7.409918234557721917e-10
5.879985300744072774e-12
4.652267720367531112e-12
3.763515540877726551e-11
2.181699126913017039e-10
4.591093824557468395e-11
5.827689719684059355e-11
4.205228526510396136e-11
2.271188515035049704e-10
1.741445565528465522e-08
2.584458862198157902e-11
3.017894267820508958e-10
4.014506505001236292e-09
8.853806576780698379e-10
3.187008712490779772e-10
1.616659063563563592e-11
3.289439476361621928e-08
2.375753760386345448e-10
4.247513896160626246e-09
1.242738676410226617e-07
2.247254812792753853e-11
4.200614057481288910e-06
2.061740786984955776e-07
4.614497356669744477e-06
5.927912383185685030e-08
1.328508680842332979e-08
9.036288384223212233e-10
2.266787174631801349e-10
9.062754102728831640e-09
3.270168302815790184e-10
3.559976136102704913e-08
9.424868885332671198e-09
8.343133128807522780e-11
2.169598667389749380e-10
3.388792068140245028e-12
1.973242819142129179e-10
3.002934079177066451e-08
3.338537668540197956e-09
1.146193348566804104e-10
1.089877840754205351e-10
4.202480863302326952e-10
1.007737209651748955e-11
7.767501308819646511e-09
9.956962365720301023e-09
3.729538344821037299e-10
1.606255822794722121e-10
6.771453536780214222e-11
3.580332974539857105e-10
9.158438590839423910e-11
2.786529229581446998e-08
1.461433474236883967e-10
1.409390937290311285e-09
2.840716273322385632e-10
3.062415321331002360e-10
4.878030495092389174e-07
9.754524965543964754e-10
1.233738089467806276e-07
2.111720050379517488e-06
7.832754000958175311e-09
1.873097410509672045e-08
1.333261192421053565e-11
2.433072722851647995e-06
1.089817089905409375e-07
4.356614513589818216e-10
1.460350951276723208e-08
2.047240155178542409e-09
7.038019056437860854e-10
1.457527848414130744e-10
4.399015596234789882e-10
5.022118831909949677e-10
2.784991126603131306e-10
5.167483663193195298e-10
4.924340796241821749e-11
1.379152569924713134e-09
3.027314510184453411e-10
1.702625679333991116e-10
1.730659088261532474e-10
1.608230076888261806e-10
5.706686234674407388e-10
8.654083005765755843e-11
4.661627972524229335e-09
6.042186750931932693e-09
1.052302467385857199e-09
3.724692332340850953e-09
2.230614165599220655e-10
5.072232564518053266e-11
1.163070768167573377e-11
1.062350901692710181e-10
8.722045863329697113e-10
1.992211950962996525e-10
6.588698475695764500e-09
1.085714407267346360e-09
6.460161849908274689e-10
1.452919029532040440e-08
6.506369054637417548e-11
6.634205407252125042e-10
1.508670133265610502e-10
1.587089015764320266e-09
2.568694701388096746e-10
4.790302599033680053e-10
1.677925132170798861e-09
1.854350353824862907e-11
1.469355193073340615e-09
1.059340046238865796e-10
1.374005631493702140e-10
5.145391404615118347e-11
9.559426167315976386e-12
1.753172385043910708e-09
1.559910756121496433e-09
1.469021793099045681e-09
2.589845227163323216e-09
5.215313424178358304e-12
2.431154300097659871e-08
2.986676661195786231e-12
2.577787983071289091e-11
4.390082519734050948e-09
4.504963158069585916e-08
1.389771995263799909e-07
7.698770440600632980e-12
2.716821212445097444e-10
5.617625919995816730e-09
6.178964007119702728e-09
2.058885950617650451e-09
1.582463604599126938e-10
6.981540345840642203e-11
4.572580092343514480e-09
6.313052303141830635e-10
1.596634213729686280e-10
6.319891832085033911e-11
5.253494167467565035e-11
2.957055433849831161e-11
9.734935080274453867e-10
3.224555691905273136e-11
1.020322386580119201e-07
3.693284256200968230e-08
4.736783409953204682e-08
2.801438636623743150e-09
5.021091181722781016e-11
1.663984838806698008e-09
1.510081504285665233e-09
2.006860649883535075e-10
2.276952931756781595e-10
3.522936387057029606e-10
5.585240048233686139e-10
1.049668796326841402e-08
3.459872666145002995e-11
1.279694017419785723e-09
8.268600248939605990e-10
1.177579034283837700e-09
5.881743980751252820e-09
4.550400334313309259e-10
2.239839980155977628e-10
4.031408262772373519e-10
4.723131219463994057e-09
1.161208942335179017e-07
1.691908835255162558e-08
9.170994519358544039e-10
4.827746646896002858e-09
3.451505081741856884e-09
4.690381860683601190e-09
2.847252988935622398e-10
1.200813060098226970e-10
2.426974177183183201e-09
3.414464044837473011e-09
7.765253684510753374e-08
1.553083350813722063e-08
2.545521432528730088e-11
4.179720111685547579e-11
2.037414681410609774e-10
6.224576409863402660e-09
6.944996577828987938e-09
4.483131377241988957e-08
3.157327066460879905e-09
6.649581579809549226e-11
2.678779975617828768e-10
1.207764555033463694e-09
2.637470519761819787e-10
4.605925363332374900e-11
1.036111019203644901e-08
1.690644044032019178e-12
2.840082613531080824e-10
4.430457389847930472e-10
4.406134138101869269e-11
6.075677294603565315e-09
5.444086070838238811e-08
4.251015095491084139e-09
6.481244430034394099e-09
6.247389716662610226e-09
2.687271072332464428e-09
5.024849425439015249e-10
4.771321826524399512e-08
3.951523197542883281e-08
3.972097317728184862e-09
1.233468660544190243e-09
5.576788475458727135e-10
8.675263174495739804e-09
2.986390690296047978e-09
3.142085702734220831e-09
5.358441468317209910e-10
7.609767260774447095e-10
9.048874149986119164e-11
1.642707636584361808e-10
8.254524147544017865e-11
3.026367489944448153e-10
1.898962693758221576e-07
5.202445549912226852e-07
1.021131801337560319e-08
3.990213437443657085e-10
4.110246309974030510e-10
1.620371392618835671e-09
4.372888162684773761e-11
4.558446953240036237e-09
1.185034015360741932e-10
1.149216485862858406e-10
1.291925681018435412e-11
6.324075985109089970e-11
7.096149090557446470e-08
6.819123737900056881e-11
6.469138003062369080e-10
4.473802838605989152e-12
6.506561511798736319e-09
2.640940133247227095e-09
2.895987893936080582e-10
7.634671228551326294e-10
4.614921292334095426e-11
6.532959728744458516e-10
2.301979024066369561e-10
5.629494093106757191e-11
1.038745547909947220e-10
7.258776479196482612e-12
5.048279572150704553e-10
5.075990183733836147e-10
1.608925492835311388e-11
5.658633028815529542e-08
5.680560466458928204e-09
4.207640014186608823e-09
3.997206177164258634e-10
3.208340260130171373e-08
5.285049908820838027e-08
4.904135431083034291e-10
1.471642576689191628e-07
2.931390774563169543e-08
2.827883927025709454e-09
4.772892081561508348e-10
1.683294281740188580e-09
7.139929536492672923e-09
1.832563101267226102e-09
3.173715157345213811e-08
9.844409731840642053e-10
7.901043534708218630e-12
5.013640327553026133e-13
1.862066403846007745e-11
7.738491271391811921e-12
2.223159850656131198e-10
6.098535010323757888e-10
2.531595200139236113e-08
5.918207435229305702e-08
6.615056159092747023e-12
8.558013186998891797e-10
3.683271687648925763e-09
2.907484475400679003e-09
4.698758049315188146e-11
3.127256786861210003e-10
1.219774281580043862e-10
3.703740439342517732e-11
4.270582221188590211e-10
2.491544123794930954e-11
2.693461946534636553e-11
1.043756356011726893e-06
2.241569916350272251e-07
1.401333910022728446e-12
1.923968970252154520e-11
2.467194504252034903e-11
1.321746462279449474e-10
7.774950128158764073e-11
5.583866702352224820e-10
2.869737503186087224e-10
1.386351866639046193e-10
2.170461293332648367e-12
2.418419631222690214e-10
2.234749052476558973e-10
7.924260553293649423e-11
2.287875583428800041e-10
1.167330121454313030e-09
5.266870828357639311e-10
6.245821915218385811e-11
3.651150493055865809e-10
3.939563342214569275e-09
2.210486654830035036e-11
4.343579662613450409e-10
3.357412403648396548e-10
1.874302622828505349e-11
1.185114853474722452e-11
4.531560196530115547e-11
6.580205269557382053e-10
1.282244171951774092e-10
1.857835885132885778e-09
1.028461760199661512e-08
1.737310961757998484e-09
3.988914087926787033e-09
2.128041742821551452e-09
1.755794121205411784e-11
3.870559775465132191e-11
9.706215831073450317e-10
1.003983673975028523e-09
2.179629987608677766e-08
8.993542577329094456e-10
8.142199588168086422e-12
1.048625214439269371e-10
1.441135405455540308e-10
1.779481451080755505e-08
3.235986756333630865e-10
1.143639494216586172e-08
8.945951535110907571e-09
1.816743022686750919e-08
2.079449459846394177e-11
1.797013406135139491e-11
6.060243279426558161e-11
2.015330263782644238e-10
1.002424254714640028e-09
2.266965726249736690e-09
1.724372311606714447e-10
1.246945302568747138e-08
2.105361573967456934e-08
2.136881990799643916e-11
1.779470348850509254e-09
1.777634289767959785e-10
4.623542881887487965e-09
8.433533316143382308e-10
6.373038985429957393e-09
4.814637577510438859e-11
1.583062014809399898e-09
4.922568463960885765e-10
5.102504729848078568e-08
2.928113307376634111e-10
3.967181583242052056e-10
1.448526437686226132e-10
6.752481906957541469e-11
1.780193437106447618e-09
6.817020281602026444e-10
1.475894073621475400e-09
5.705546257672722277e-09
2.897171391680330998e-09
1.025888707317790249e-09
6.562654586428351422e-11
1.030837992743727227e-08
4.436599088109005606e-09
1.250090586601970699e-09
7.116272460194750238e-09
3.320722308242096688e-10
7.923522948871664084e-10
1.778553276876593259e-10
2.454250171146643567e-11
4.632303221563383033e-11
1.126663029538121918e-08
5.765661819506773256e-12
3.516953048232629442e-11
1.240193781004705897e-10
1.429978979672341666e-08
5.019432352398878194e-12
1.034030985835876493e-10
3.185390493043449567e-11
6.646101446960983594e-09
3.891594602123404911e-09
1.252478815105817489e-10
9.328515737649922812e-11
7.162472281940779339e-10
1.720863174181630484e-10
2.994153147639622148e-09
1.901239304880064651e-10
9.637094455783312696e-10
4.507964834754574213e-11
8.226080372430999432e-10
7.908263377487401158e-09
3.015423288843521732e-08
2.045142180606696058e-11
1.370090707553117682e-10
2.056816245099568619e-10
8.183791144755758751e-11
4.158532629361388899e-09
2.449934421999699907e-10
1.174119482194591058e-11
5.001110636726480152e-09
2.007882055066190219e-11
9.574397941136680856e-10
1.538827051894564590e-11
1.318657405491308054e-09
2.487425376784813125e-09
1.186443721046259725e-09
7.438990534680556266e-10
3.950249549689033302e-08
7.195266049642157213e-10
8.736981138568467031e-10
1.794412285427426923e-09
9.210594509312386435e-10
2.933446541231177207e-10
3.358467670633302760e-11
4.258645347476885945e-08
1.441788875788940771e-11
2.296987877681289092e-10
1.772868607474720193e-08
3.788051816666637706e-11
1.539950389428668132e-09
1.008144412395495237e-08
3.116427116367503913e-09
2.500376572456275426e-10
5.893117105415512924e-10
1.805087190831500266e-10
5.248388945666704331e-10
3.073492571559199860e-10
1.076653100007263220e-09
5.805770864064641046e-10
1.183096953738527191e-09
6.699370919127645152e-11
1.156661832285577063e-11
1.315226771936295336e-08
6.985592659880524025e-10
6.554264353475502958e-10
1.030471333263172085e-10
1.596500931455580030e-09
5.103848010890033038e-08
2.644179875055385764e-10
5.668835956207374238e-10
1.074870081829715218e-09
1.429482576753571266e-08
1.030657503786613916e-11
9.289174984772330390e-10
1.130991689191063188e-10
8.930718664590386879e-11
3.193856068506306656e-09
8.211329949325829602e-10
2.612958027725653665e-08
3.783504343157773064e-10
3.727113617735255957e-10
2.376886742982975420e-10
9.409184542619186686e-10
3.926865776993082591e-11
4.485812554744228464e-10
2.692600586939875029e-10
2.478174089548534909e-11
1.867350241449572401e-12
4.881579029891724986e-10
1.767377799666292049e-09
2.675165089449649258e-10
1.787215486714899271e-09
1.518743464323790704e-10
1.200430206627078888e-11
8.110841775987864821e-09
4.297382727447285333e-10
8.629523484682266599e-11
6.452243739296648073e-10
2.123380984930811621e-11
6.825310983060717263e-09
1.062929952388991239e-11
5.336143332757004032e-11
4.472817949352503319e-10
5.705562411417730573e-11
3.423854977313567360e-09
1.927230423859338515e-11
1.240738400909435768e-09
8.980591444107677290e-12
6.554995261864871026e-12
1.811547439833915973e-10
3.243995905233276744e-10
1.512898029076836792e-09
1.177595265744457720e-08
8.682587288033616346e-11
5.356918797438936508e-10
1.283781636551850625e-09
1.879444100350013969e-10
3.826818306684742765e-10
2.498115603266626294e-11
2.382194885797161987e-08
3.967406611571355768e-11
8.278932400740401931e-11
1.422855500088360259e-09
1.252845160948368175e-09
1.640926616808258132e-09
3.698396450202423580e-11
6.196353846688040790e-11
3.650210411709764458e-10
9.836888636982621392e-09
7.322067396842157905e-10
5.562627580779633263e-10
2.424557776770086548e-10
5.533370650567803750e-09
2.827487376177995060e-11
4.588642313341217971e-11
5.746846748477807409e-11
2.831408441039684476e-09
3.849943627787233424e-11
5.567574179465850648e-10
1.191033816710929116e-11
1.732109566887629626e-09
2.509085716972947466e-10
3.281145632971771420e-10
9.105480813786925864e-09
1.713741301645477222e-11
6.331010382609747467e-09
3.464549758191992623e-10
1.093984902666989001e-10
4.741126380380933369e-10
1.756766537797105343e-10
2.214514793763555645e-09
1.210975431042982109e-09
4.271111520015580254e-10
4.299481881631095348e-10
3.597194098148293051e-09
2.148207028929149942e-10
4.927509511531980024e-10
9.645580341388626522e-12
3.562521389000039562e-09
4.145200502292389899e-11
1.324102459621112615e-11
4.343525105560130939e-12
2.024117401466796196e-10
6.475668890004726563e-10
7.132779367147179528e-10
1.338504507231164098e-08
7.556137937569928908e-10
4.092629291019278526e-10
6.649953365744920575e-10
2.356555228733014928e-10
4.577016543549916605e-11
2.703591517327907923e-11
4.453270738280501462e-11
2.520649314274869823e-11
3.627063580036171686e-11
2.199578019723702482e-10
8.254256306239327046e-11
3.271139609184459118e-11
9.189848187984850370e-11
2.276633992437382403e-08
1.653840731030697953e-09
2.099384555087624449e-10
8.530927075867111853e-10
5.956262705275605640e-10
1.240704622373911548e-10
7.586077543919600430e-09
6.610124773931413955e-12
8.051904976102974842e-11
3.266401385482176067e-11
8.398198803050149763e-11
6.784183891744843820e-12
4.438910128357065332e-09
1.655989373405830634e-10
3.392234410037886505e-11
2.340951876789176822e-10
2.493409090309484100e-10
7.686164593678768142e-09
1.018928941221020068e-09
1.921891312761658810e-09
6.146111619642624646e-09
1.200013977076253013e-10
4.569770395423944365e-10
3.970098028105439880e-09
1.185598197395165698e-08
1.685958039843171719e-09
2.045345975920653814e-10
4.344847537307572338e-10
8.619940698728623119e-13
5.006954140185371216e-08
1.887349121432180254e-08
8.164384723841067171e-10
8.067819745605220305e-10
1.659232300166291196e-11
2.027383594338516559e-09
3.190043507128592637e-10
4.331211778119126166e-10
1.438125868391537665e-10
4.896337502113823348e-11
1.734413945797541601e-09
6.969579080529086923e-11
1.457483439493145738e-10
6.224794985021375737e-11
9.942433681908724452e-11
4.758182389763554454e-11
1.158486861996266271e-09
4.702795375344237527e-10
2.124080425436325470e-12
1.965581031271312895e-09
8.327350475845207711e-10
5.563151935644716772e-12
2.737831905630372376e-10
1.510204600263520547e-10
7.968156134907644628e-10
2.035481561080132451e-09
1.512518409130247932e-11
2.050030900591082172e-08
2.905143903220164248e-10
5.323642082721846691e-10
5.254148227606947330e-10
2.970652890343927766e-10
9.196959638302359963e-09
2.339742011248091558e-10
8.389621775073408116e-10
1.807992866531549225e-09
3.755197888755112956e-11
3.401207440689724137e-11
2.275776372906435085e-10
9.123503619257178343e-10
9.488068997143273009e-09
1.712885042137735070e-11
5.409818704116275967e-10
3.223541225616521899e-11
3.762367153936629904e-11
1.577497910076886001e-09
9.242336757031566208e-11
2.063969883892013968e-09
7.838411170135728412e-11
1.555775419603833143e-08
8.316334287883364595e-10
3.223327993406854830e-10
1.997227716543648057e-09
4.752250676309799360e-11
3.499011080876357482e-09
4.004241660471308251e-10
5.493648869148159974e-10
3.218440980390369077e-08
6.844142613759984783e-11
1.018817061965160420e-11
3.853492525074386776e-11
3.342978782683303507e-09
2.990625969090388026e-09
5.806468639235617957e-10
1.177278630137834625e-08
1.373668179205367323e-09
4.973623943249627644e-11
1.191071463679804765e-09
1.224396556365192623e-10
2.305479765429829797e-11
4.157379995817223062e-10
1.631317303463220014e-10
6.696307952580582423e-10
2.276008714829913515e-08
7.151660930126979565e-10
1.126820997621180709e-10
1.245235914382192277e-09
1.292316365031354053e-09
1.339392596833022253e-09
1.589354869935277748e-09
4.783475393566050116e-09
5.704866093414473482e-11
4.150518817525039594e-10
3.887385968681655868e-10
3.095712228229352547e-11
3.685604710312873067e-09
4.930471031450167629e-10
1.535140792263689491e-09
4.879533221924248210e-09
2.843904278737596769e-10
4.799289438084386461e-11
2.036963930862611960e-10
4.703452738397118083e-09
5.981714679137439816e-08
6.968559063125212560e-10
3.033798212648264325e-11
1.485051637217793541e-09
5.620816589946286967e-10
4.814606491265749355e-09
4.875555514871621199e-11
9.478984264177370278e-10
1.094235924092856749e-09
3.585884034151831656e-09
5.521631069038690498e-11
5.854029483387535038e-10
1.994316534137396957e-08
1.900359425377473599e-09
9.350988428025175381e-09
9.874968620593449486e-10
8.713349486377808262e-10
2.995625691948333724e-10
8.592250466676887299e-09
2.395250386921787822e-10
7.648959687855949596e-09
5.600045982490087226e-10
6.744015346171750025e-10
1.460762510951951754e-09
3.524293912260390016e-10
6.077981451468872365e-10
1.443895558672636525e-09
1.750815742385114504e-10
6.631789561950540701e-10
6.114080075558803173e-11
6.677104202879036166e-09
1.136105029497791463e-10
3.297380771205560279e-11
1.839971730532852234e-08
1.773031374496802925e-11
1.103704505567293381e-08
5.353558152343396159e-10
1.645477420986196648e-09
2.557448297579867358e-08
1.759899032061085222e-10
2.216922478925908990e-10
9.838378722815122046e-11
5.759722143672263428e-10
1.828608792164843067e-11
9.403986034328681853e-09
7.521337025417906830e-11
7.584680800087895136e-11
3.399425463346261722e-10
3.123874423027750424e-11
1.990534181928182988e-09
4.078431481424615868e-10
2.142662020032659598e-10
4.813398291059201028e-11
4.810690387713201233e-11
1.086225345781066665e-10
3.895988809343720050e-10
9.886351737264931216e-10
7.697442683252120332e-10
1.189553078262406416e-08
9.236508224930162214e-10
3.401019396664928252e-11
5.664728686127773472e-10
2.890026759572172921e-11
9.188037483620625778e-12
1.516004682899918521e-11
2.440858071217633096e-10
2.882054772612718807e-08
1.488665457571869410e-08
3.249050140041731538e-09
1.746563171867165920e-10
6.393075513422274980e-10
8.874280754689323203e-10
3.054609898356375197e-10
4.207563464309060919e-11
2.029436757533531477e-10
2.002676496859479016e-11
6.540876174021548195e-10
9.685798829650593689e-10
5.458093352284087985e-11
1.879540967308912514e-10
3.017810712435675669e-08
7.294213844044605821e-11
5.259916058264479943e-09
3.652768310047349587e-09
5.834496774603792346e-11
1.084465156564462518e-11
3.171787554823168875e-10
5.000209274408362603e-11
4.881269000112098411e-11
1.561214491019313755e-09
1.798728943569471994e-10
4.765196570666319076e-10
3.571978934857611421e-09
5.334514774357757005e-11
4.778081055811789213e-11
2.003669972994170934e-11
1.864761262071468195e-10
5.400115077325295943e-11
2.483828941135524104e-11
5.261049818017227153e-09
4.700030989401859927e-11
1.335759003406877810e-10
2.105503965621480233e-10
3.623121003215601377e-08
7.276270731770839717e-12
1.180276189283180344e-11
1.321859115221979408e-11
4.255964025645653237e-09
2.485778249905479242e-10
2.049970193596095669e-10
7.235924748272282159e-09
9.302668635413624543e-10
1.432969194692379489e-11
6.631659804634537636e-11
2.502835050322005372e-09
3.961312181055554049e-11
6.634683080708470015e-11
2.747017058268852452e-10
9.312977472530903356e-11
4.916441143087979526e-10
8.674277962583687440e-11
4.963623262410621351e-12
1.300999641351552327e-09
1.257534493204204296e-10
7.235589905008055212e-10
2.134199927894542270e-09
7.526224088394428691e-09
7.799211942938200082e-09
2.768222630289418618e-11
2.869154691609310248e-08
4.507774065132252872e-08
4.755692284419410498e-09
2.232368734311762637e-09
2.870252091558000984e-10
5.742658085172713811e-12
1.345612865577550110e-08
2.597874804166622198e-09
3.603656040240821312e-09
1.788763692722739052e-09
4.862707125852239187e-09
1.150950534878347753e-08
3.022573080713186755e-09
2.325300924033157912e-10
1.103920021705562249e-05
8.285915009675903775e-11
2.351520887733382636e-11
4.655369978401324715e-10
1.551974992963778277e-09
4.924155527774587426e-10
4.397514019593984358e-10
2.136481747072593862e-08
1.039044753015083700e-10
2.456200798306440447e-09
1.438312247081796613e-10
5.630524865796182610e-11
3.133013404266193902e-09
6.391020525298163335e-12
4.445988716073046021e-11
8.615199525996430907e-11
1.214289085949005198e-10
7.401156770781014416e-11
5.439544925600614533e-10
7.493332621066883803e-10
1.062162441334280061e-10
1.289488481270861797e-11
1.066728511078807173e-10
2.462261061708659327e-09
1.903855822993349989e-10
6.519826345474655227e-10
3.382494728754181779e-09
5.262188948473855987e-11
1.280709288620229813e-10
6.135084107405930354e-11
2.216643535390971920e-10
6.792655327103602758e-11
5.406515166117564775e-11
3.656626737513768433e-11
6.873275559815539282e-11
2.682252864261158720e-09
2.714334867981449406e-10
5.768360095137481380e-11
2.878426108576803699e-10
7.103071603120625355e-11
1.656261100491107641e-10
7.143620806004946644e-09
1.496158891223231535e-10
1.206395009931138240e-12
2.642521201856595781e-10
1.331351001665481704e-10
1.157918413929870383e-10
5.463321808840682081e-11
5.147494652746331667e-10
4.639753470314644801e-09
5.776664702139555629e-10
1.442978847521203534e-09
3.441747720156485002e-10
7.622478204183380512e-10
7.066450896653364566e-11
4.385333068901431375e-11
7.913132371584197244e-10
9.739108131068263674e-11
1.363285040412165472e-09
4.174079484831061393e-11
1.074937083789251346e-10
5.211580056396769578e-10
4.058774705217871315e-10
1.911432123691270135e-09
3.841896592526872212e-11
3.843642903955668544e-10
2.896368977989283167e-10
4.838843770116341148e-10
6.251590217720703890e-11
5.648870704533237586e-09
1.274830796482717687e-10
1.773035745999962387e-10
1.900501800378151529e-08
8.463888617749049104e-11
2.229188188207498200e-11
2.845693813924299320e-07
7.998930962038741654e-10
5.767054056526887962e-10
3.417960012241927359e-11
1.485515460641906316e-10
4.778895057455656570e-10
3.445069576835102509e-11
2.165468498960265720e-10
1.568309571098325250e-08
9.948661894298993502e-10
7.294634341015182599e-10
3.105332879727029649e-08
1.047240627549683722e-09
