1.883985190076487015e-10
1.643190097877500477e-11
3.156397712644753994e-11
3.728400574387613631e-11
1.329897969526427914e-09
2.758843153927159619e-10
1.151599857140972460e-10
1.290727027480897959e-07
7.587042887280404102e-07
6.206286595755727831e-09
8.571531928680542478e-09
2.599221602395118680e-07
1.867780652364814387e-10
1.919899972335770144e-08
1.039574726746650413e-06
7.446976368896685017e-09
1.649716097062992048e-07
9.992622733116149902e-01
1.646893797442317009e-04
5.138095104939566227e-08
6.502511951111955568e-08
1.850801254477119073e-06
7.081039227196939123e-11
7.878806940198046505e-08
2.470462767689696193e-08
6.765705329314641858e-09
2.880305993713250245e-10
1.497906139402704895e-11
9.494990571567996085e-09
4.578424445123019382e-11
2.369976659366557215e-09
1.021574047577189503e-09
5.209187525778702366e-10
4.901506631127539038e-11
6.219461057277442251e-10
6.997664669938785664e-10
2.528333098439361493e-09
2.223972339621127503e-09
1.037117280944244158e-09
4.031043498997632923e-09
1.412243988418993013e-09
1.487851353232372276e-08
3.846751184255481348e-08
1.166012703057717204e-10
2.921065389571708693e-09
1.467009180800005197e-09
1.106276314999377064e-08
8.207196033893637832e-11
3.923782826431576609e-11
3.918003699254768435e-10
9.789108190716433455e-09
1.533034116318887641e-10
1.540952920819904648e-09
4.692513932980091340e-09
5.043924833358914839e-09
7.203495022700678874e-10
5.145997761246690061e-07
4.731543490343881331e-10
3.625906686011148850e-09
2.441750801551734185e-08
1.295515961174942277e-08
2.960914402549974511e-09
1.386927128699255718e-09
2.121141484678901179e-09
1.962188189708058417e-09
1.415065042920105043e-08
5.856478080268345821e-10
3.935739789628911467e-10
4.601925229774650461e-10
2.409518114546149725e-12
1.312049080492982966e-10
4.900745587121946301e-09
5.676937675502813363e-08
2.921544339784531985e-09
2.141345589734555688e-08
3.178729501840393823e-10
1.423122175658875221e-09
3.579085083860178429e-10
1.262242671495883428e-10
3.458252573196318735e-10
1.856433300417847931e-06
2.631766164995497093e-06
9.834687944021425210e-07
1.267690777240204625e-06
2.720457850955426693e-04
1.074723058991366997e-05
2.255304252685164101e-06
9.858422345132566988e-08
8.949203333941113669e-08
6.681598279101308435e-07
2.173874413813337014e-10
1.578510833155633009e-08
2.451396419189677545e-08
2.537245109124341980e-06
1.642129774381828611e-07
1.302733476649109434e-09
9.045833415655124554e-09
4.113154318474698812e-06
5.343170883520542702e-08
5.179136906008352526e-07
3.499184553223955163e-10
9.075111322143225578e-12
2.275334781698390429e-10
3.923702196484413207e-10
3.959531511554814642e-07
4.350805937747281860e-09
1.799422971737740795e-10
8.421107561273899478e-11
3.350880684038770596e-11
1.442702814852259152e-11
3.781062574148563726e-09
1.233712611237169909e-11
1.629943402470246383e-10
1.921297287932333120e-10
6.405152408461844971e-09
4.398030384322737518e-09
3.249561210394436017e-12
2.924931477576997452e-11
1.210171685084304727e-10
1.063551607893842288e-10
1.959658685324328076e-10
3.382957455833057736e-11
2.844306734584023388e-10
4.662428221280379148e-10
1.940617408990874537e-07
3.209819909866240550e-10
1.347158218312216604e-10
5.310306505634798668e-07
3.524332825577403128e-08
3.816633409314817982e-08
7.972671134393038983e-11
3.255247293054708280e-06
1.129200555283205176e-07
1.725121556717112981e-08
2.587337121440214105e-06
1.502316937518344275e-09
1.092678576242178679e-05
2.616816345835104585e-07
4.980856101610697806e-05
9.889176055821735645e-08
5.980153616746974876e-08
4.330408387431816664e-08
1.612411870688390536e-09
1.414833690205341554e-07
3.924991887060969020e-09
2.040392743651864293e-08
9.992592140406486578e-07
5.490977117439399535e-11
2.317783326377664821e-10
1.373866645448806878e-11
2.391338342622173485e-11
1.073712383004021831e-06
3.405407511536395759e-08
7.654498546116883517e-08
1.158676283807835716e-07
5.838363108523481060e-07
3.098646894628132031e-09
1.058590441971318796e-06
2.474601160429301672e-06
7.548995872852515276e-10
5.959234439245619797e-09
6.570454402776704228e-09
5.304816497186948254e-08
6.035851818353421550e-10
4.604250136708287755e-07
5.943521230733495031e-10
4.290345856361454935e-08
1.021620676944223760e-09
1.725601106450369571e-09
3.293603640486253425e-06
2.164385826119996636e-08
1.683435698396351654e-06
1.952361571966321208e-06
2.385738362420397607e-08
1.048643753165379167e-06
1.881302752471114559e-10
2.511591219445108436e-06
5.530622004812357773e-08
1.025447637914567167e-08
9.856537808161647263e-09
1.624699663693718321e-08
9.511633436432020972e-08
6.756845749578133109e-09
5.343392395218415913e-09
5.117114287855883958e-09
1.049314413137381052e-09
4.742152892589501789e-09
1.072499511423075091e-08
3.289232495262695011e-07
8.391855210732046544e-09
2.312040336960308196e-09
2.236687279832949571e-09
3.145704852158814901e-08
1.148985795396129106e-08
6.556983400685112429e-09
3.795023317820778175e-08
1.841405037339427508e-06
2.466228998798669636e-09
9.491372310321821715e-08
2.340043714355033444e-09
5.240541778306351262e-09
1.196852306151185985e-08
9.370418219134535320e-09
4.698720488249819027e-07
1.131768669893062906e-07
8.943943363703965588e-09
3.698816253283609967e-10
2.143932675835458213e-08
5.650245071819881559e-08
1.566805463149023581e-09
2.536898691118949500e-08
2.113404118375683538e-09
1.439452034901478328e-06
1.276554750795355631e-09
1.181820974416325498e-09
3.466247022743118578e-08
8.797205630628468498e-09
1.775377711510373047e-07
1.324208653841196792e-08
4.289903898779812152e-08
1.053186426958063748e-09
1.434918017739761353e-10
2.749505512156247278e-08
1.760415457852104737e-08
8.606174661807131088e-10
6.280789932588959346e-08
3.570230111549221874e-09
1.237731339642778039e-07
2.056887854484656941e-10
1.483037692651123507e-08
6.766654792045301292e-07
4.005112543836730765e-07
1.948392309714108706e-06
1.168154184494341052e-10
7.479560970580223511e-09
2.378196484187355964e-08
6.673058106088092245e-09
2.602156889963680442e-08
1.877912270131787409e-09
2.630239137602075061e-09
2.677220756197584706e-08
7.891827635830850340e-09
4.196253566846053218e-09
4.221868687981356061e-10
3.244572943650325669e-10
1.377442337968659558e-08
5.183530049635010073e-09
1.355049628060100986e-09
7.592352631036192179e-06
1.081488335330504924e-05
2.550636054365895689e-05
4.542474982827116037e-07
8.675526963486390741e-10
2.587551506394447642e-08
1.194264740433936822e-07
1.329892973522817101e-09
1.837394947301618231e-08
1.650704319899887196e-07
1.111802063746836211e-07
8.416805030719842762e-07
2.253468966983973587e-09
3.166151429923047544e-07
1.402190275001657938e-08
2.964678458283742657e-07
1.066499294211098459e-06
4.501094110764825018e-07
2.616351935103011783e-07
3.024183570232708007e-07
3.018576277824536191e-09
5.772700433226418681e-07
1.796905024775696802e-07
2.265436727100222924e-09
9.458048566557408776e-08
2.780000940560967138e-08
2.077407135203657162e-09
4.926086205614410574e-09
1.192654197623710388e-09
9.211534646169639018e-09
4.775065676199119480e-08
1.061905777532956563e-06
8.473323021007672651e-08
1.523412951343061650e-09
2.254548103763909239e-09
7.594709749980665947e-09
1.663222519709961489e-07
6.350681758249265840e-08
1.033147345452789523e-08
7.399816581710183527e-08
2.775898400031451274e-09
2.139700328029903176e-08
8.685676067266001610e-10
3.471390674913976682e-10
3.195326003790910363e-09
5.268827507620699180e-08
4.411366757994805710e-11
3.969302664330598418e-10
5.470355279868499565e-10
2.302075544080572911e-11
2.014936439920234079e-09
1.683922157269535091e-08
2.341155269647288151e-09
2.985229008434231446e-10
5.082473886197647062e-10
2.140617905155295375e-09
1.521289622052890422e-10
1.607550759175069288e-09
4.894689653589523459e-10
1.710393493503659101e-09
5.740279918065027687e-10
4.557588084708186216e-09
4.668347930447680483e-09
1.156555518022628348e-09
5.004212044745770527e-10
3.680146465345757179e-10
4.676274298343052749e-11
1.550223560631280861e-10
9.899182168426889916e-11
1.631299401116947934e-10
2.262772191841122549e-09
1.382604892796734930e-07
3.071227752116101328e-07
3.926893921146756838e-09
5.586457407780187623e-10
1.478402289478708553e-09
1.303472263458615998e-08
1.196656940205542696e-10
1.466388122040029884e-09
2.645367702669432219e-09
1.490770007439579103e-10
1.678862084075749550e-11
1.229422252890799427e-07
6.014379778207512572e-06
1.041060286866013485e-07
5.007613435026314619e-09
4.075538864722894061e-11
5.045033191208858625e-08
1.770112234567022824e-08
2.476977511989275627e-09
1.032922192223395541e-09
7.648999489351382408e-11
5.993007867743926909e-09
9.595311351029423008e-11
3.184103675168969971e-11
1.876568622716234813e-10
3.844654802853675335e-11
3.655061253660107923e-10
9.369443415563338817e-11
1.844143587836910569e-11
4.878572781308321282e-07
1.292748930126208506e-08
1.898983414960753180e-09
1.575558294941714621e-10
6.791991413734876915e-09
1.394548263533579302e-07
1.867249965759043562e-10
4.290511697035981342e-07
1.844492345526305144e-07
1.209810140956335545e-09
4.096077699244915493e-09
4.395583275140779733e-08
7.937897561482998299e-10
9.400694267469589249e-08
1.898985289017218747e-07
3.665530456942178716e-08
4.253220553529502013e-10
1.232553035329653213e-11
2.272946053594182558e-09
8.563401376893153838e-11
5.016781656763669162e-09
8.858675459855192003e-10
1.626209389371524594e-08
1.461872614072490251e-07
1.104721175648748499e-10
3.762932188067225070e-09
1.165753715781647770e-08
8.912858784348998142e-10
1.336315086364336935e-10
6.673195329653935914e-10
4.108077211739669110e-10
1.532525356617853163e-10
2.612803751134151753e-09
4.092178540471280712e-10
5.959163718038951174e-10
1.008430626825429499e-04
6.551262231369037181e-06
1.356053398911261088e-12
1.171029159058312175e-11
3.816438484682826981e-11
2.604087168123214724e-09
2.000923204903415353e-09
1.532926563463377079e-09
7.301792503966453296e-10
3.522929517552064738e-11
9.911401560591670545e-12
9.458634986359015784e-10
2.080721012154285177e-10
6.424404064286903804e-11
5.198022012820047166e-10
8.393823414110102021e-09
1.878368988128542583e-11
2.702571846868728755e-11
8.709581944543742793e-10
6.115159489894494982e-10
8.132539086602719181e-11
1.231882151842000894e-09
8.841744558729658365e-10
2.367666340763463495e-10
7.481065072978410058e-11
1.358765600034672616e-10
1.074847988391525178e-09
8.082486901983543248e-10
6.892097115240858329e-09
8.055377520577167161e-08
7.864130457946316710e-10
3.678983562238613558e-09
1.498439261560235991e-09
8.048960803419547005e-11
1.303153474019325131e-09
1.614043476649840159e-08
1.030299401350021071e-09
1.210657885053478822e-08
1.529299575864229155e-09
7.919897376806872558e-11
1.035817889794010682e-10
4.094302119561632480e-10
4.183100088539504213e-09
6.639119809470628297e-10
7.417801484166375303e-09
5.189794194393471116e-08
3.458672281908548030e-08
1.879412736549568308e-10
4.125766742135716925e-11
2.876088256442699276e-11
2.654854114325644332e-10
4.953759180637007375e-09
4.386201180039961400e-09
1.478261291154581158e-09
8.706592113938427246e-10
1.196137411341169354e-09
6.592000556526755872e-11
1.342201727538849809e-08
5.205612052527897049e-10
4.922570684406935015e-10
3.584771146591947399e-09
1.418665505070748623e-07
2.355423911470921894e-10
6.113538564278542253e-10
1.685511952231877331e-09
3.080610255778992723e-08
2.793850983895396212e-10
9.902718645093955274e-10
9.657283861486121168e-10
2.055469350281668994e-09
3.459110498038597825e-10
5.755694254538923360e-10
1.998902376953992643e-08
2.676985921823415993e-08
6.856417100742362436e-10
1.499526547377172392e-08
1.245283987039158546e-09
7.003904123337179044e-09
5.456727514285830694e-09
9.980538617782030997e-10
1.788069781127887836e-08
9.128568734251274464e-11
3.275105533995237295e-11
1.731122051262801165e-10
3.065797398935088403e-12
2.849650238001544267e-10
1.422378659299283754e-09
2.185043118663188011e-11
7.987877026494061283e-11
1.381910030850974636e-09
5.000235336893865679e-09
2.558787383366567525e-11
3.173289686575486712e-10
3.108122370587551586e-10
6.768260618628119119e-09
3.711510432324871545e-09
1.183145403871321832e-08
1.606603516890459105e-09
2.088641620767717200e-10
1.757901157972696637e-09
7.886210573460061823e-10
2.699277468209970721e-09
2.392536169182335470e-09
2.086856729088815143e-11
1.647877723165436237e-09
1.993358900165276282e-08
6.299097066175818327e-08
1.736287225106991627e-10
1.401122134980781198e-10
4.310133083773592944e-10
8.675853091499874381e-11
4.622319416114351043e-09
2.164759205225408323e-10
1.631673574031822227e-09
1.057579090968374658e-08
8.703632259354776579e-11
1.474906446974344476e-10
1.253652303495611520e-11
3.863602771048135764e-09
8.694847508650127565e-09
2.620744510295480723e-09
1.404652172354303730e-09
7.045345640221967187e-09
4.740405290526439330e-10
2.276772992360065473e-09
1.704128282931094418e-09
7.706759674874774646e-10
2.697335965695657478e-10
1.976253188873400291e-10
1.399739879559547262e-08
7.607096896844467437e-11
3.378780311091844624e-10
4.885385962438704155e-08
9.074596629687903260e-11
2.336973392580432574e-10
1.889803940002821037e-07
1.421212481034217490e-09
5.371139644161360138e-11
1.978474606367797151e-10
6.732172153078863630e-09
3.950746840786223402e-09
3.641297818823829857e-10
3.820970762014042066e-10
1.231749841013041191e-10
8.887988678374370011e-10
9.349989671392222590e-10
3.907607570852178469e-10
3.362696343600646287e-09
8.735601686460370274e-10
1.286330764127541215e-10
4.431997546738841720e-10
3.541851922861383173e-09
1.218523522084069555e-07
5.300715422151824896e-10
1.239542779529756444e-08
9.998869510141616956e-10
2.753562355906069570e-08
5.550414728522357066e-12
2.990688530157825653e-10
8.646832139191928945e-10
1.770573798687280487e-09
5.665952707012422707e-10
6.628393833807422197e-09
5.378074430240076254e-09
2.456701786446302549e-10
3.360508260552563797e-10
9.620564067613912584e-11
9.017503410646554585e-11
1.989288248016585214e-11
7.442773064525454174e-09
2.750546734819891981e-10
8.411909363514880056e-11
2.723472142251992523e-11
2.692092035405657668e-11
1.198446675232389680e-08
3.996737607536715586e-09
1.239674474184937480e-09
1.105824853908643490e-08
2.272258770030788355e-11
1.038630248473282336e-08
3.378516078011983836e-10
3.319386085443021273e-11
5.477569509082513832e-10
3.233526502111061518e-10
1.238436242445573043e-09
2.250478275955813956e-10
2.887219630043347252e-10
2.832288570342456069e-10
1.807348021243271319e-10
5.124764257402603107e-08
4.077896353926746542e-10
1.551582862191480672e-08
1.132110238888373033e-10
9.022728744700891923e-12
1.422391510130793790e-10
4.305983625219056421e-10
1.650985181900210819e-10
1.090560974859045018e-09
5.161930327624020265e-10
3.790794622648974155e-10
2.604461958599646465e-11
1.348423595004533126e-09
1.491820333932025733e-09
2.250180944352031531e-11
2.016294509132876556e-08
1.209493338816258756e-10
4.761446792400647610e-10
2.200612581049199434e-09
3.820287641786990207e-09
6.699872601156897645e-11
3.979134244325166492e-10
4.964075817071034180e-10
2.662267906128334971e-10
5.677746717225318207e-09
3.283449206969990541e-11
1.136955973812803222e-09
1.875738314671693274e-10
1.451996411994116443e-09
4.735543623901605770e-10
1.475860406108253642e-10
1.784034309171289578e-10
6.033238908464966244e-10
2.846054503180539541e-10
1.104966229625858887e-09
3.276930116147269700e-11
1.867211940620450150e-09
4.994999969198943290e-10
9.534293354818146327e-10
2.774342533484741580e-09
3.788067776122616692e-11
1.939558202934676956e-08
1.860606224646232931e-09
2.618680827737307482e-09
3.015079741430781723e-08
3.197232756324552838e-10
3.593142894331435855e-09
8.674352347526337326e-10
5.992536467047671067e-10
1.141813577021366655e-08
1.808211025355888069e-09
2.154992850833536977e-09
8.433649889560967949e-10
1.870878278686927132e-11
3.899695233400279903e-09
1.768753615793983158e-10
5.522065096852379895e-11
3.047358546059975026e-11
7.948741664876024515e-11
1.320281928229860569e-08
2.805493171109674222e-09
3.377305102247873947e-10
9.278315095395672785e-12
9.446645687916088718e-10
4.474443926483218092e-09
6.625853199437869989e-09
1.273715855010237874e-10
1.872881988385088903e-10
1.110074032695251844e-09
6.021845799786262887e-10
1.785990973168782858e-11
2.083494266003071971e-09
1.314730102563999026e-09
2.394823450657668218e-09
2.357722239665349662e-09
1.743546995669476019e-08
4.405040332500220757e-09
3.933255943167068835e-10
4.270754860868919423e-10
9.099056508254932396e-10
2.413028457604049493e-11
1.923928749647529912e-08
1.279024715999943496e-11
1.708257146848524144e-10
9.733490680119416538e-10
5.996538821051444756e-10
3.231307166284835830e-10
6.617403958131262698e-09
1.054828890900694205e-09
1.572513300129863012e-11
3.442957308141814110e-10
6.985819561711181791e-11
2.323441439244788853e-09
1.328836152225676415e-08
8.644654991840639013e-10
2.289340272909612395e-09
5.385349943765049829e-10
3.953299909653651412e-10
1.677421046508698055e-08
4.220699452162079979e-07
1.660472759290598788e-09
2.991596970147725187e-09
4.492244909393150465e-10
8.946829388456478682e-12
8.161968167996747070e-08
1.172849178887602761e-10
8.721783295584373263e-10
1.742855459951897501e-08
5.582178275176374882e-09
4.030856481929134816e-10
3.882521859566168132e-09
6.461963741877241318e-10
1.856912068554095185e-09
7.530401857636093155e-10
2.346446925649559034e-10
3.325439368317972821e-10
3.876496068588863864e-10
5.394427682325897422e-10
9.796345679102813619e-11
3.039958840211909319e-10
2.573429469521215651e-09
1.855984366194718405e-09
6.285546735873559498e-12
5.089021426485373922e-10
6.497706817043535921e-10
3.426161021558016273e-10
2.584934488680801223e-10
4.859201929718892643e-10
9.193525940531799279e-09
6.964725685065786820e-09
8.197745954285906578e-11
8.072045254436943651e-09
1.924552606169527280e-08
1.217854705970466966e-10
2.905157669985669600e-09
4.269162801051606948e-08
1.875951483043536427e-08
6.482311132316453950e-09
2.105557117548784163e-10
2.071404825443323716e-09
2.277135251194106758e-11
1.380286718255518963e-10
8.301061504845108630e-10
1.560991891302876411e-09
1.719451780957115261e-08
6.300929222824436238e-10
4.856858248913908938e-10
4.572919820589049777e-10
1.250154840759520880e-10
4.611461434933517012e-09
2.288563116792374785e-09
1.475035901421506424e-06
3.541990312161402699e-11
1.645020830665089306e-08
4.914603446426468736e-11
6.369781924142614571e-10
4.992899960143404314e-08
2.670092792700362594e-11
9.755334318128916493e-09
2.928290854242732166e-08
2.945209631732836897e-10
2.327128001411438163e-08
6.142361619332348255e-10
1.719049763648783369e-10
2.880842786545656509e-11
1.193733378812567025e-08
5.832769378599778065e-09
5.083343468381684715e-11
1.319675124733521443e-08
3.030997453024042443e-09
3.573178142257660284e-10
3.712455343141130015e-11
8.020429320687583186e-10
2.453184183570655819e-11
2.414341782053242014e-10
2.601922455269800594e-09
3.523860536702727586e-09
2.068267335175733024e-08
8.445223409481172894e-10
1.126592685807281669e-08
2.039509539031314489e-08
3.577952101263548457e-10
5.164867644680271042e-09
4.815083332054825860e-10
1.979118380290856294e-08
8.081453839459129540e-10
6.251015705061035987e-09
5.612578457547812150e-11
1.285587469812554673e-10
1.527659776456857799e-07
1.969581303606915412e-10
2.106847807326062139e-09
1.552899586698686107e-09
1.444667496741658397e-09
2.160080968260924550e-11
2.057626735663120598e-09
7.895354769971163478e-08
5.309341588599636452e-08
6.741645819374753046e-08
1.989858278150791193e-10
4.179686818872596632e-09
2.206891197564786467e-10
4.609157500112814887e-09
1.942229016504981587e-10
3.252212110727015215e-10
6.804098395818414247e-10
3.522622193941060686e-10
1.366124852131278544e-10
5.596792473916423205e-10
3.503721091036027246e-09
3.030043771445889433e-09
4.482222648594103021e-10
1.033695351537744500e-08
2.724742875770402861e-09
1.268465221748726890e-09
2.541320398563584604e-08
2.205654991982441970e-09
4.340376669187406833e-10
3.586157482082796832e-10
1.613535616229455627e-08
7.457068740279737540e-09
1.790126380463163969e-09
5.878314723872790637e-09
1.706253094369003520e-08
2.566844514717558923e-10
3.004612336710010823e-09
7.325853812467642001e-11
2.947408317410804557e-09
2.803792087391343557e-09
1.355997814034282101e-10
1.172438857111046673e-08
4.270532885652933430e-11
2.171415047769187368e-08
1.519041887831917848e-07
1.065975485659009792e-08
4.492984206905248357e-09
1.122617443449769326e-09
6.071332880885904615e-10
1.997547266485710793e-10
3.695642680767718957e-10
6.327867396738184880e-11
6.639059968449601001e-09
2.046920855036660214e-09
5.883696307940056158e-10
2.677093213776515768e-08
6.173815902954515877e-10
3.749883459303049449e-10
1.024598114685026928e-10
2.641796781333027866e-10
2.090451006742100049e-10
1.187373949163017528e-10
1.974731933529483285e-09
1.225947232619262195e-09
1.623310819098833235e-09
1.499359858492255171e-09
8.638276760564167489e-10
5.802042735147949770e-10
8.068282153494976683e-11
5.563125654584055724e-11
3.544903259822262953e-11
1.296017182461639550e-09
5.476438746931933110e-11
2.222184762590284635e-11
3.100416279266937636e-08
3.485336186326293273e-10
9.727404437498421430e-10
2.809423582661452201e-09
4.197123482096998259e-10
1.607061150821209594e-08
8.880165047742138995e-09
5.872350383739899371e-10
9.234557007964383502e-10
8.685224761606491484e-11
7.234326915295241633e-09
4.061231628771366786e-10
2.796098942658975517e-11
9.415022095282665759e-10
5.130789304530480877e-08
2.350641015169685488e-09
4.367101791302729907e-09
3.184364416597418312e-08
5.088018895094137406e-11
9.224284530651161162e-12
6.472213875952093076e-10
2.881260334486324126e-11
5.295568497598601709e-11
6.862746482205750453e-11
5.900227528776724739e-10
1.833346252588796688e-10
1.544590944035917346e-08
7.606995588993470392e-11
6.541082342437221087e-09
3.402235437821587993e-10
3.234101653148968580e-09
1.166128305030156298e-10
3.031447315393620556e-10
1.269915816948241627e-08
4.450767532304666929e-11
2.110186869686003774e-08
4.235857442580481802e-09
6.715593059425373212e-08
1.423031970038124427e-10
3.141981813614691532e-11
3.191016895165432743e-11
5.815063097713846219e-09
7.568026205717615085e-10
1.234960883556013300e-10
3.117304103739115817e-08
1.797428517136268056e-08
2.804864326910738725e-11
7.657016687367956820e-10
1.224671741795191338e-08
6.700537347192891957e-11
2.490637730778733072e-11
2.662670084419005434e-09
8.273600554664639617e-11
1.223634527036665531e-09
1.147729619677129165e-10
3.212181909351130571e-11
2.717217562064888625e-09
2.242247637562755358e-10
3.242358048716198482e-10
2.825814915397018012e-09
1.051560971632170549e-08
2.203583093773886503e-08
3.289696293151678219e-09
3.890149002927500987e-07
4.742308945537843101e-08
1.796656379227101752e-09
1.192729248700175049e-09
2.367527951463443969e-09
1.081291584048571508e-10
2.876485938330120007e-09
3.659311076376070559e-09
2.712876590038604263e-10
1.813862171573532578e-09
5.644059442033722007e-09
9.804631551091347319e-10
2.958329137214832372e-09
7.298715520853704675e-10
3.180899454946484184e-07
1.572534290283922331e-11
2.823107546345848817e-11
9.467876482815995587e-10
7.664190948553084581e-10
2.580368141380517955e-10
4.378634121948721258e-10
8.853747957004998170e-09
1.915720637679640959e-10
2.668139043038308955e-10
4.754646329430123330e-11
6.067057967129585450e-11
4.408441667269613617e-10
1.117030860170453721e-11
1.204409185232013790e-12
1.068883800914299798e-10
5.603425501377046203e-10
9.921213184327370982e-09
9.275860635149513200e-11
4.043755053029229884e-10
5.096744137844666511e-10
1.213877002387286907e-11
4.488048266360067373e-10
1.415633832380081003e-09
1.885653300170986313e-10
4.163579758742486092e-10
2.336203674957459953e-09
1.269623989275103781e-10
3.574166518305332829e-10
1.973024521539912257e-11
4.475258011393812296e-11
1.643604696788258934e-10
9.679315682298295087e-11
3.624459621320852420e-10
6.294670895634624230e-10
3.220209210397229072e-09
6.901393900804464465e-10
1.061324569895383263e-10
6.860666201813359066e-11
1.629340412589996845e-10
7.424347941986653154e-11
4.949386234187613809e-09
4.027576938625543335e-09
1.663361809400853986e-11
3.494575739892979982e-10
2.300720308712200790e-10
3.424488193015662318e-10
3.344405655192339566e-11
1.063306179216461089e-10
1.077284150774460159e-09
8.943899093560858660e-11
8.624196495832237019e-11
1.338459638261513263e-11
5.581505257978847112e-10
5.546131609523996531e-11
1.442521935235419051e-10
9.728369221306820691e-10
3.392638669996728140e-10
8.259608108573956997e-09
3.153276806333593640e-10
8.353108760239535968e-10
1.662025295168234607e-09
3.706506768175188427e-10
2.651668395969863923e-08
1.813066696776388653e-09
2.261684839410804670e-09
5.589420037921399853e-10
3.860661235144391412e-10
1.730267040755961716e-10
9.689429703030327801e-09
1.872671323566166279e-10
5.601541105959562117e-11
1.501222701705273721e-09
8.465855572126201878e-09
3.810889936950445644e-10
4.302726495097886072e-07
1.406115224256154761e-10
7.362613296812980934e-10
1.521114484370755804e-11
4.247983353966588993e-10
6.300067134645814804e-09
3.166280432287393864e-11
2.316585673289850433e-10
1.019382889211328802e-08
1.533137061748846008e-09
5.748596043630982422e-10
1.096171899916953407e-07
2.388543052234126662e-08
