4.052883923577610403e-06
6.384493076438957360e-07
2.066625711449887604e-06
7.444369742870549089e-08
4.590239939261664404e-07
2.201627182785159675e-07
2.119486310903084814e-07
1.429567928425967693e-04
3.828362387139350176e-04
8.387357411265838891e-06
2.634805859997868538e-03
2.839400200173258781e-03
1.967012695968151093e-02
2.572087338194251060e-03
2.608606033027172089e-02
1.180288661271333694e-02
4.078134298324584961e-01
2.798601612448692322e-02
7.495401892811059952e-03
1.425115973688662052e-03
2.658267912920564413e-04
6.113180145621299744e-02
2.356347627937793732e-03
5.082941800355911255e-02
2.063266147160902619e-04
9.263479796572937630e-07
1.326987899119558278e-06
2.861853829472238431e-07
5.258812620922981296e-07
4.209309167890751269e-07
1.421316119376569986e-05
8.530609193257987499e-06
1.244146687895408832e-06
2.819202506998408353e-07
1.755588243668171344e-07
1.419971454197366256e-06
1.254553626495180652e-05
1.122668254538439214e-05
7.771849936943908688e-07
6.775759393349289894e-04
2.304538065800443292e-04
1.433178385923383757e-05
2.528584991523530334e-05
1.059422447724500671e-05
8.981049859357881360e-07
2.475718702044105157e-06
6.432678201235830784e-04
6.064418266760185361e-05
2.615777702885679901e-06
7.453160151271731593e-07
5.833754130435409024e-06
2.984948196171899326e-06
1.085946678358595818e-06
2.408520003882586025e-06
2.274138296343153343e-06
2.299829611729364842e-05
1.319762532148160972e-06
3.831167305179405957e-06
1.358602366963168606e-05
1.263323501916602254e-04
3.570972467059618793e-06
1.807409262255532667e-06
1.007095875138475094e-06
1.633686792956723366e-06
1.952606253325939178e-04
9.574803243594942614e-07
7.713803711340005975e-07
2.577629402367165312e-06
4.757524436627136311e-07
8.562801099287753459e-07
4.428750798979308456e-06
2.062612793451990001e-06
1.027601756504736841e-04
1.480478476878488436e-05
1.065493197529576719e-04
1.162334001492126845e-06
6.900248763486160897e-07
2.665894271558499895e-06
2.512344281058176421e-06
3.873966306855436414e-06
7.036539318505674601e-05
2.800073889375198632e-05
2.542840549722313881e-03
1.808564556995406747e-04
5.025388672947883606e-04
2.006761357188224792e-02
6.561622139997780323e-04
1.147614209912717342e-03
9.858690202236175537e-03
5.378490779548883438e-03
1.988017745316028595e-02
8.437298983335494995e-02
1.651858538389205933e-02
1.308675040490925312e-03
1.916871406137943268e-02
1.590989762917160988e-03
2.367797773331403732e-03
7.961251867527607828e-06
4.614932095137191936e-06
8.495946531184017658e-05
5.176791091798804700e-06
3.519500978654832579e-06
6.004066108289407566e-06
2.010063326451927423e-06
5.058650458522606641e-06
4.796597058884799480e-04
5.070290626463247463e-06
4.148080634536199796e-08
2.052083516446145950e-07
2.053127019507883233e-07
1.202313626436080085e-07
6.890972770179359941e-08
6.011267942085396498e-06
2.290153497597202659e-05
4.445601007319055498e-06
1.904986106637807097e-07
7.364772613982495386e-08
1.096736923500429839e-07
4.475762125366600230e-06
1.451409275432524737e-06
2.939401042567624245e-07
4.061425045165378833e-07
1.360420583296217956e-06
1.255370989383663982e-05
1.865589365479536355e-05
1.215640168084064499e-06
9.610298548068385571e-07
3.985799849033355713e-03
9.400237468071281910e-04
3.190147108398377895e-04
1.076819899026304483e-06
2.783719217404723167e-03
7.372555410256609321e-05
4.314358811825513840e-03
2.527237520553171635e-04
5.967970937490463257e-02
1.860689930617809296e-02
2.181141753681004047e-04
1.788492409104947001e-05
3.444852336542680860e-05
1.859893927758093923e-05
3.060816670767962933e-04
5.362301017157733440e-04
1.671075151534751058e-04
4.747121129184961319e-04
8.536159839422907680e-06
6.373896030709147453e-05
2.161670948908067658e-07
7.502914201040766784e-08
2.756632078160237143e-08
1.122729281632928178e-05
1.861631244537420571e-05
1.710767776330612833e-07
1.656409494898980483e-06
7.908224688435439020e-07
1.328650569121236913e-06
7.788403877384553198e-07
1.023224626806040760e-06
2.224029231001622975e-06
7.814783202775288373e-06
1.407666673003404867e-06
2.823702743626199663e-06
7.854326895539998077e-07
7.144005849113455042e-06
2.901131892940611579e-06
4.444562364369630814e-06
2.748414544839761220e-07
2.085576369381669792e-07
2.003594318011892028e-06
7.042472702778468374e-07
1.027090911520645022e-05
6.310000117082381621e-06
8.638116014481056482e-06
8.436400662503729109e-07
1.037457059283042327e-05
2.413501363207615213e-07
8.868108807291719131e-07
1.914205768116516992e-06
3.405907409614883363e-05
2.253678394481539726e-05
1.151942706201225519e-05
8.536977702533476986e-07
7.407667726511135697e-05
4.492555490287486464e-06
2.265337116114096716e-06
2.897396370826754719e-06
2.161304109904449433e-05
3.053482259929296561e-06
2.843072763880627463e-07
1.885621827568684239e-06
2.331877624328626553e-07
4.148152584093622863e-06
5.931434770900523290e-06
2.092181148327654228e-06
9.066084061259971350e-08
7.525301043642684817e-06
1.780627258085587528e-06
4.665922006097389385e-06
1.039407015923643485e-05
4.588876436173450202e-06
7.969877060531871393e-07
1.042012740981590468e-06
1.415625138179166242e-05
5.101808710605837405e-06
1.150588332166080363e-06
1.060746762959752232e-05
6.987567644500813913e-07
2.595877049316186458e-06
1.016675105347530916e-05
1.809191599022597075e-05
9.785593420019722544e-07
1.201884401780262124e-06
2.023891511271358468e-06
1.777218813003855757e-06
8.433557013631798327e-06
1.021540811052545905e-06
8.865013683134748135e-07
3.735842710739234462e-06
1.611062202755420003e-06
1.008131789603794459e-06
1.800616928449016996e-06
2.543275741118122824e-06
1.242369421561306808e-06
4.727533814730122685e-05
6.587557436432689428e-06
6.944599590497091413e-05
7.171230436142650433e-07
3.206283145118504763e-05
1.363063347525894642e-06
2.983449860494147288e-07
9.274945114157162607e-07
5.094391894999716897e-07
1.342688847216777503e-06
2.856268338291556574e-06
6.610040145460516214e-05
2.215055428678169847e-05
3.065256532863713801e-05
1.738346691126935184e-05
8.851434358803089708e-06
3.149073791064438410e-06
1.401896042807493359e-05
4.989979061065241694e-06
9.156819032796192914e-06
6.712432877975516021e-06
1.284568384107842576e-06
1.263895228476030752e-05
5.326653081283438951e-06
4.930171826345031150e-07
2.297044602528330870e-06
4.353453732619527727e-06
4.166147391515551135e-06
1.428953623872075696e-06
1.782076310519187246e-06
3.692628752105520107e-06
8.811205771053209901e-05
2.057029087154660374e-05
3.760195113500230946e-06
1.300582198382471688e-06
1.212746497003536206e-06
4.607456503435969353e-06
2.380700379944755696e-06
1.134757440013345331e-05
4.396924850880168378e-05
1.134944113800884224e-06
1.858591645031992812e-06
1.132203692577604670e-06
1.871754420790239237e-06
3.999841283075511456e-06
3.444952653808286414e-06
8.161418918462004513e-06
7.425271064676053356e-07
2.983596459671389312e-06
1.003687884804094210e-05
2.387821950833313167e-06
9.174313504445308354e-07
3.899832336173858494e-06
7.147136216190119740e-07
7.902551260485779494e-06
9.578699064149986953e-06
6.353770345413067844e-07
7.590038876514881849e-06
4.727414307126309723e-06
1.693915351097530220e-06
5.779348157375352457e-06
7.315447146538645029e-05
2.983570766446064226e-06
3.440372665863833390e-06
4.175527010374935344e-06
4.453459951037075371e-06
3.885133708081411896e-07
2.927875812019919977e-06
8.178454322660400067e-07
2.591894599390798248e-06
2.718036512305843644e-06
6.764943918824428692e-06
2.678811870282515883e-05
1.987633595490478911e-07
7.968946192704606801e-06
2.852442594303283840e-05
5.364664248190820217e-04
3.604575340432347730e-06
7.857724085624795407e-06
8.954209079092834145e-06
1.947240343724843115e-05
1.212844290421344340e-05
3.700906518133706413e-06
8.236470603151246905e-05
2.046237568720243871e-06
1.876332498795818537e-05
1.124982663895934820e-04
1.184908069262746722e-05
5.018049851059913635e-03
1.767865964211523533e-03
1.804875559173524380e-03
2.339707680221181363e-05
9.982272051274776459e-03
3.693062171805649996e-04
6.200657662702724338e-05
5.679690730175934732e-06
5.026859798817895353e-05
1.802707265596836805e-05
6.395523814717307687e-05
1.246109059138689190e-05
4.773752298206090927e-04
9.521757419861387461e-06
1.129387419496197253e-05
3.572106606952729635e-06
6.583917979696707334e-07
2.266661795147228986e-06
9.723994054411377874e-08
2.132621830241987482e-06
1.156530061052762903e-06
1.211774645071272971e-07
9.489480703450681176e-07
7.378200280072633177e-06
3.764430948649533093e-05
4.452141365618444979e-05
7.280116278707282618e-06
1.028945234793354757e-06
1.950721468801930314e-07
2.750568910414585844e-06
3.287552203801169526e-07
1.001038413050991949e-06
6.960478913242695853e-07
2.663283282799966400e-07
2.152661409127176739e-06
1.699140557320788503e-05
9.020544098348182160e-07
1.076450189430033788e-06
2.047418547590496019e-06
7.841150363674387336e-06
6.914740424690535292e-07
7.926723242235311773e-07
6.944611641301889904e-07
6.327629671432077885e-05
6.622630735364509746e-06
2.365163891226984560e-05
1.494937168899923563e-05
1.373611939925467595e-05
1.067506491381209344e-05
9.759782187757082283e-06
6.203567863849457353e-07
6.076326144466293044e-07
8.626343515061307698e-06
5.537277087569236755e-03
5.335464375093579292e-04
1.870023843366652727e-04
2.991080691572278738e-04
3.648501879069954157e-04
7.780386949889361858e-04
9.735152707435190678e-05
1.485821558162570000e-04
1.739960571285337210e-04
8.227481739595532417e-04
6.173881120048463345e-04
5.686680015060119331e-05
1.270525681320577860e-04
2.838241343852132559e-04
5.111456848680973053e-03
2.019297564402222633e-03
5.882961559109389782e-04
7.122991606593132019e-03
1.069812942296266556e-02
2.293531433679163456e-04
3.643103991635143757e-05
1.953201353899203241e-05
3.501960236462764442e-06
6.668312380497809500e-06
2.773298729152884334e-05
6.850348199805011973e-06
1.408477174891231698e-07
2.015957079493091442e-06
1.476057320815016283e-07
8.893562153389211744e-08
7.604554070894664619e-07
2.258701442769961432e-06
6.598721711270627566e-07
7.200266054496751167e-07
1.915928987727966160e-05
1.375420924887293950e-05
7.904918675194494426e-06
2.523983130231499672e-05
5.859371867700247094e-07
6.631595965700398665e-07
5.601477823802269995e-06
1.417262319591827691e-05
8.381564384762896225e-07
8.720194841771444771e-07
2.631192501212353818e-06
1.195559798361500725e-05
7.205202109616948292e-06
1.449964292987715453e-05
5.493145636137342080e-06
9.190746823151130229e-06
1.505646650912240148e-05
4.269922101229894906e-06
2.252538479297072627e-06
4.711335714091546834e-05
5.575492991738428827e-07
6.714997198287164792e-07
5.746742317569442093e-07
1.590988977113738656e-04
1.713033697114951792e-07
6.112788497603105498e-08
3.544598939697607420e-06
1.109421064029447734e-04
2.372638164160889573e-06
3.214216803826275282e-06
6.574296094186138362e-06
2.776584324237774126e-06
1.483377673139330000e-06
3.306872145003580954e-07
2.001699840548099019e-06
2.987843572554993443e-07
8.494050121043983381e-07
1.756338434688586858e-07
1.271203132091613952e-06
6.725353887304663658e-05
3.403299899673584150e-07
6.338633511404623277e-07
1.740426705509889871e-05
7.504448831241461448e-07
3.793555952142924070e-04
2.234755584140657447e-06
2.003431973207625560e-06
1.834365866670850664e-05
4.248822006047703326e-05
2.103211954818107188e-06
2.587507246062159538e-03
1.252468700840836391e-05
2.177433771066716872e-06
5.641656457555654924e-07
1.328196361782829626e-07
6.473920620919670910e-06
1.141665507020661607e-05
1.404610543431772385e-06
2.359143691137433052e-04
3.438007752265548334e-06
6.667727575404569507e-06
2.363104385949554853e-06
7.229175025713630021e-06
6.539460173371480778e-06
2.898873754020314664e-05
7.867960448493249714e-06
2.371953797819514875e-07
5.149448497832054272e-06
3.210532781849906314e-07
7.512941238019266166e-07
1.048094782163389027e-05
1.449467163183726370e-06
2.180821184083470143e-06
1.887064399852533825e-06
8.836176675686147064e-06
1.128812385786659434e-07
2.186303049711568747e-07
2.829780214597121812e-07
6.397087872755946591e-06
1.843684799496259075e-06
2.810239675454795361e-05
2.016027025319999666e-07
6.974199209253129084e-07
7.897579052951186895e-06
5.533613034458539914e-07
2.344466338399797678e-06
1.312082190452201758e-06
1.521379289215474273e-07
4.666996460400696378e-07
3.774721335503272712e-06
1.824964238039683551e-05
5.533206785912625492e-05
2.171123924199491739e-06
7.833684321667533368e-06
1.076291027857223526e-06
4.421881669713911833e-07
7.473307196050882339e-04
7.608551300108956639e-07
1.651417392167786602e-06
3.069205922656692564e-05
1.092838374461280182e-05
4.827370958082610741e-06
3.178138001658226131e-07
7.020260909484932199e-06
3.856160617488058051e-07
2.041415200437768362e-06
8.800304840406170115e-07
1.467454012527014129e-06
2.430399399599991739e-05
7.273371011251583695e-06
7.000180630711838603e-07
7.972872140271647368e-07
5.015106580685824156e-06
1.009479660751821939e-06
1.441546032765472773e-06
4.552800874080276117e-06
1.714808263386657927e-06
6.384283551597036421e-06
3.311863565613748506e-06
4.544892581179738045e-04
2.280889020767062902e-06
2.336806574021466076e-05
1.944182440638542175e-05
7.050822858900573920e-08
1.708121999399736524e-05
1.047732985171023756e-05
1.093366881832480431e-05
9.450438369640323799e-07
2.166662397939944640e-06
2.356110371692921035e-06
1.177879425995342899e-06
2.066265949451917550e-07
1.720313548503327183e-06
1.921244177083281102e-07
2.129746007994981483e-06
3.847282243896188447e-07
7.030528195173246786e-07
7.882157433414249681e-07
9.289386980526614934e-06
1.541466735943686217e-05
5.308996696840040386e-05
1.886847712739836425e-05
3.221231736461049877e-06
2.021183490796829574e-06
1.720646650937851518e-06
4.344874184880609391e-07
1.220643071064841934e-07
4.959671969118062407e-06
5.357278496376238763e-07
4.494153316159099631e-08
1.028907945510582067e-06
1.413615827914327383e-04
1.249325265462175594e-07
3.825765020337712485e-07
3.138948613923275843e-06
3.532945584083790891e-06
4.328777265527605778e-07
1.482800598751055077e-06
2.419219754301593639e-06
2.642892999574542046e-03
3.940894657716853544e-06
1.083628376363776624e-04
1.550128700955610839e-07
4.518656714935787022e-05
8.468826308671850711e-06
1.028233600663952529e-05
1.493051399847900029e-06
8.456473779006046243e-07
5.308761501510161906e-06
5.493490817798374337e-08
1.932629402290331200e-06
1.518205317552201450e-05
7.809973681105475407e-07
1.037349647958762944e-06
2.634390966704813763e-06
8.979714039014652371e-07
1.003514535113936290e-05
1.441562631043780129e-06
3.470187493803678080e-06
5.523661457118578255e-06
8.369866009161341935e-06
1.119439457397675142e-05
1.008657389320433140e-03
1.865746753537678160e-06
4.545455794868757948e-06
3.309105886728502810e-05
2.215569793406757526e-06
1.431457803846569732e-06
2.858519337678444572e-06
4.837025699089281261e-06
1.547099782328587025e-05
4.879141783931117970e-07
2.911506271630059928e-06
8.685199645697139204e-06
2.922494559243205003e-06
7.624044542353658471e-07
4.044482011522632092e-06
3.709498560056090355e-05
2.142003177141305059e-05
1.466293610974389594e-07
8.636702659714501351e-07
2.285218579345382750e-05
3.003833116963505745e-04
3.736252438102383167e-06
2.078632678603753448e-05
8.875905223248992115e-06
5.265451932245923672e-07
4.713559746960527264e-07
4.868890300713246688e-06
1.954324631014969782e-07
5.583008714893367141e-06
1.309274807681504171e-06
7.836373697500675917e-06
1.116703970183152705e-06
3.135436145385028794e-06
1.663385887695767451e-06
1.119795069826068357e-05
2.366826805655364296e-07
1.344247630186146125e-05
9.614433338356320746e-07
1.173992359326803125e-06
9.666396363172680140e-05
3.614885599745321088e-06
1.759649785526562482e-05
8.127464070639689453e-07
2.708958390940097161e-06
1.033988155541010201e-05
2.495643798283708747e-07
1.135816773967235349e-06
1.506663522832241142e-07
6.478824616351630539e-06
1.444446411369426642e-07
1.544293809274677187e-06
8.314577826240565628e-07
2.241628635601955466e-06
9.236300684278830886e-07
1.199125745188212022e-05
1.133039631895371713e-06
3.927047146135009825e-06
2.922843123087659478e-06
7.961713890836108476e-06
3.448002871664357372e-06
5.245121315056167077e-08
8.959936508290411439e-07
1.346816497971303761e-05
1.955379048013128340e-06
1.543665275676175952e-04
7.983658579178154469e-04
1.012513439491158351e-05
4.099824479908420471e-08
4.903538410871988162e-07
3.519437086652033031e-06
2.115585857609403320e-06
5.074684850114863366e-07
1.057434419635683298e-04
6.453058745137241203e-07
8.864109304340672679e-07
5.921944648434873670e-06
1.798866264834941830e-06
5.564961611526086926e-06
5.411503138930129353e-07
5.834613716615422163e-07
1.726607843011151999e-05
2.601811672775511397e-07
1.849986688284843694e-06
4.134814844292122871e-06
1.568892002978827804e-05
8.050131441450503189e-07
1.102483111026231200e-06
2.265208604512736201e-05
5.124891322338953614e-05
1.222679657075786963e-05
1.652647824812447652e-06
3.664612449938431382e-06
3.564713551895692945e-05
3.618598327648214763e-07
1.066785989678464830e-05
4.705993887910153717e-06
3.847723201033659279e-05
3.926240315195173025e-04
4.255630585703329416e-07
3.517375444062054157e-05
1.199314425548436702e-07
2.230757854704279453e-05
4.559386070468463004e-05
8.399191528951632790e-07
3.140557396363874432e-07
3.846319174272139207e-08
3.045366838705376722e-07
1.070217967935604975e-05
9.767672963789664209e-07
2.359246991545660421e-06
1.014386543829459697e-05
4.969266456100740470e-07
3.989197466580662876e-06
2.612053549455595203e-06
3.468146360319224186e-06
2.616999336169101298e-05
8.745717423153109848e-06
7.992368864506715909e-07
2.607055102998856455e-05
5.335232344805262983e-05
3.314430330192408292e-07
4.497221380006521940e-05
4.555745817924616858e-06
1.269082804356003180e-05
9.135478649113792926e-07
1.205242199375788914e-07
3.548003223841078579e-05
2.770889068415272050e-06
8.773180161369964480e-05
4.438090400071814656e-06
1.621749674995953683e-06
1.441708377569739241e-06
1.919209466905158479e-07
9.536297511658631265e-06
1.724468319252991932e-07
4.172443652805668535e-07
1.818440970964729786e-03
2.015699237745138817e-06
3.616975736804306507e-04
1.152554204963962547e-06
4.523882637386122951e-07
7.480951353500131518e-06
1.170023324448266067e-06
2.079354453599080443e-05
1.608632737770676613e-04
9.165310984826646745e-06
3.461522339875955367e-07
1.142135897680418566e-05
1.740207881084643304e-05
1.159494786406867206e-05
1.627908204682171345e-05
3.928080786863574758e-06
2.439871195747400634e-06
2.719550684560090303e-04
9.160413014797086362e-07
9.425340067537035793e-06
3.910023451680899598e-07
1.460797284380532801e-05
3.487788781058043242e-04
4.460710556486446876e-08
9.878369382931850851e-06
4.665926553570898250e-06
3.662648850877303630e-06
8.786631951807066798e-06
5.526917902898276225e-06
3.205607015388522996e-07
4.516702389878446411e-08
2.981704710691701621e-06
3.515183607305516489e-06
2.088669680233579129e-05
3.043086735488031991e-06
5.919084742345148697e-07
2.710289209062466398e-06
1.201722261612303555e-05
1.698917003523092717e-05
4.105705556867178530e-06
1.858812356658745557e-05
6.628042683587409556e-07
3.488162838038988411e-05
3.688990659611590672e-07
1.136790524469688535e-05
4.796493726644257549e-07
1.984405344046535902e-06
6.129861276349402033e-07
1.167352456832304597e-05
2.036982550635002553e-05
4.021088670924655162e-07
1.456555855838814750e-05
5.013681857235496864e-06
7.376328994723735377e-06
3.405827783353743143e-06
1.856111794040771201e-06
4.865021764999255538e-05
5.049321885053359438e-07
2.183853666792856529e-06
7.775883568683639169e-05
1.701345900073647499e-05
7.402932169497944415e-06
2.747331109276274219e-06
1.233382022292062175e-06
2.840923843905329704e-04
6.492815828096354380e-06
3.584606929507572204e-06
5.250744652585126460e-05
1.177555350295733660e-05
4.405781339755776571e-07
8.374037747671536636e-07
1.137352228397503495e-05
7.823738997103646398e-06
1.558102849230635911e-05
2.482261334080249071e-05
8.847830031299963593e-06
5.803605745313689113e-06
1.711314325802959502e-07
6.042402674211189151e-06
1.922184492286760360e-05
7.783896762703079730e-07
2.135530166924581863e-06
3.649491588930686703e-07
1.906176657939795405e-05
3.652043574220442679e-07
3.299009847523848293e-07
3.884610123350284994e-06
4.612128989833763626e-08
5.266049356578150764e-07
4.299444753996795043e-06
1.211708308801462408e-06
3.630011924542486668e-04
1.711013510430348106e-06
4.120605581192648970e-07
1.534984789941518102e-06
2.415128165011992678e-06
1.271102519240230322e-06
7.815718277015548665e-07
8.418823540523590054e-07
8.042603440117090940e-05
1.079075218513025902e-06
2.461119663621502696e-07
1.178385537059511989e-05
2.456611809975584038e-06
5.848303530342491285e-08
8.758036528888624161e-06
4.651340532291214913e-06
8.618495144219195936e-07
1.772914947650860995e-05
4.513904059422202408e-06
7.933621191114070825e-07
3.244622064357827185e-07
4.760075000831420766e-07
1.623694856789370533e-06
1.057011377270100638e-05
2.391199132034671493e-06
9.211315773427486420e-04
1.827038147439452587e-07
3.738405212061479688e-06
1.638834801269695163e-04
3.945422577089630067e-06
1.890804242066224106e-06
8.935275559451838490e-07
7.383272168226540089e-05
3.516305514494888484e-05
3.374795369381899945e-06
1.694312049949076027e-05
8.492779306834563613e-05
4.227750878271763213e-07
2.613296828712918796e-06
8.370181603822857141e-05
9.207761308971385006e-07
1.632302314646949526e-06
3.527350372678483836e-06
1.392647504872002173e-06
2.062778094114037231e-06
2.003708141273818910e-05
4.457014147192239761e-04
2.413122729194583371e-06
1.577112743689212948e-05
5.812972631247248501e-06
5.933270017521863338e-07
1.352088525891304016e-03
7.217797701741801575e-07
1.542028940093587153e-06
2.401598919732350623e-07
1.546707426314242184e-05
6.636499892920255661e-05
2.603101165732368827e-06
4.583852728501369711e-07
2.000568201765418053e-06
4.322415918522892753e-07
6.328924428089521825e-06
8.586802096033352427e-07
2.918113750638440251e-06
3.919464859336585505e-07
1.598783273948356509e-05
1.744925793900620192e-05
3.602023639359686058e-07
2.777388181129936129e-05
6.225786819413769990e-07
5.183232588024111465e-06
1.010970095194352325e-06
1.074001556844450533e-04
1.449030492040037643e-06
1.854759830166585743e-06
3.114675337201333605e-06
7.819237362127751112e-05
2.821619318638113327e-06
1.270000495878775837e-07
4.732256684292224236e-07
5.369761765905423090e-06
2.302047050761757419e-06
7.340647130149591248e-07
3.749946017705951817e-06
1.977535077912762063e-07
1.896213689178694040e-05
7.575647487101377919e-06
2.714756647037575021e-06
4.624270150088705122e-05
1.164633616212995548e-07
2.923823103628819808e-07
1.110858192987507209e-05
2.706456371015519835e-06
1.095736479328479618e-05
1.342643400903398287e-07
2.543450364100863226e-06
7.448917926922149491e-07
8.570783393224701285e-05
8.087012247415259480e-05
6.943423613847699016e-06
1.256988252862356603e-05
5.760583917435724288e-06
2.931797382643708261e-07
3.015340723777626408e-07
2.201676579716149718e-06
2.807298442348837852e-03
1.683199479884933680e-05
2.434007456031395122e-06
5.993102604406885803e-05
9.841912287811283022e-06
3.982553153036860749e-06
5.717660087611875497e-07
4.072187948622740805e-05
3.816598564299056306e-06
1.556666575197596103e-05
3.958991328545380384e-06
4.629136469702643808e-07
1.053260575645253994e-06
3.938756520938113681e-08
2.738150151060381177e-08
1.094701360671024304e-07
1.201862005473230965e-07
1.388975988447782584e-06
1.031945870977324375e-07
3.562925598998845089e-07
4.640007318812422454e-06
1.692722690904702176e-07
3.626461477779230336e-07
3.117559117526980117e-07
1.449128603780991398e-06
1.797655386326368898e-06
1.812478785723214969e-06
2.296146703884005547e-06
2.258157678625138942e-07
1.177061903945286758e-06
6.448219380672526313e-08
1.943895040312781930e-05
5.376359331421554089e-04
9.947788385034073144e-06
1.931070117279887199e-03
6.389649570337496698e-06
2.555528408265672624e-05
5.332492946763522923e-06
1.406941373716108501e-05
1.676348074397537857e-05
1.727587732602842152e-05
3.446549817454069853e-04
2.901098923757672310e-04
1.265554965357296169e-05
1.864821824710816145e-04
4.849651668337173760e-05
1.410637378285173327e-05
1.750368880948371952e-07
1.824113269321969710e-07
2.738353721554176445e-08
1.037842878304218175e-07
1.334544776909751818e-07
6.415832132233845186e-08
3.016427854163339362e-07
6.948657301109051332e-06
4.520580532130225038e-08
2.462360725985490717e-06
1.213522153875601362e-07
8.862064078130060807e-07
1.330974555457942188e-05
2.725929152802564204e-05
1.138377228926401585e-06
8.818858532322337851e-08
4.376793003757484257e-05
4.196501322439871728e-06
5.204487479204544798e-06
7.110509159247158095e-06
7.875398466694605304e-08
8.248393896792549640e-07
3.357282309934817022e-07
6.831240170868113637e-06
3.925132148197008064e-07
5.881435572518967092e-05
1.859890471678227186e-05
2.457249138387851417e-06
1.742000225931406021e-03
5.687466182280331850e-05
1.362051716569112614e-05
4.036422978970222175e-05
4.891305707133142278e-07
1.195661752717569470e-06
3.426372927606280427e-07
1.661153760323941242e-06
6.503772965515963733e-06
7.210325634332548361e-07
5.780657374998554587e-07
5.355174187570810318e-03
5.207607500778976828e-07
