9.372906006888115371e-09
3.005445492476610525e-08
4.901690608960507234e-09
9.688452706768657663e-09
2.081783634366729530e-08
6.436131911868869793e-07
2.054318493094342557e-08
4.210499355394858867e-06
1.371603775623952970e-05
2.217201355847464583e-08
9.922579920385032892e-05
1.899162452900782228e-04
3.427858755458146334e-04
1.705163740552961826e-04
8.605752373114228249e-04
7.526671979576349258e-04
5.823457241058349609e-01
1.530902534723281860e-01
6.702671525999903679e-04
3.152613644488155842e-04
5.056479712948203087e-04
1.501995255239307880e-03
5.954913149253115989e-07
4.771758085553301498e-06
7.170437311287969351e-05
5.601016894729582418e-08
1.172808765659283381e-07
4.515907647828498739e-09
1.371635693914186049e-08
3.961955741260680952e-08
7.955254943681211444e-08
6.361685336742084473e-06
1.160508986686181743e-07
2.514733843383964995e-08
1.250962622378892775e-08
6.586947165487799793e-08
1.018155515453145199e-07
1.679505601259734249e-08
3.385198397154454142e-07
5.605652972917596344e-07
2.823669055942445993e-04
4.163406629231758416e-06
4.262328002369031310e-05
6.457896688516484573e-07
2.667300577741116285e-06
3.626331590567133389e-08
3.006433507835026830e-05
4.629725481208879501e-06
1.553508077734022663e-08
4.681512422166633769e-08
2.623282036040563980e-08
3.618246147141235269e-09
4.957980763720115647e-07
1.241497557202819735e-06
2.075637155485310359e-07
7.104164524207590148e-06
5.262564286567794625e-07
4.343934989492481691e-08
1.470465207376037142e-07
7.185387221397832036e-05
1.079062826647714246e-06
7.175259497671504505e-07
1.465069061623580637e-07
5.029448288951243740e-07
1.784908135959994979e-06
6.304206578988669207e-08
1.164892864835564978e-06
6.350783792186120991e-07
4.200422836220241152e-07
9.892286989554577303e-09
7.143340212678594980e-07
1.701290557321044616e-07
1.046567945195420180e-06
5.772921554125787225e-07
1.602655288479581941e-06
2.837135468780616065e-07
4.321523405792504491e-08
4.435658809143205872e-07
4.010398242826340720e-06
4.441066181470887386e-08
1.473850261390907690e-05
2.980202407343313098e-05
2.537624677643179893e-04
2.627317007863894105e-05
4.592383047565817833e-04
3.944956138730049133e-02
6.328320596367120743e-04
8.796100883046165109e-05
1.304545367020182312e-05
9.016011608764529228e-05
1.613295353308785707e-05
5.235985736362636089e-04
3.508333349600434303e-03
1.124557893490418792e-04
1.969709098339080811e-01
9.660294745117425919e-05
1.368548964819638059e-05
2.645821723490371369e-06
1.384773185009180452e-07
1.630155452403414529e-06
3.389273217635491164e-08
1.795417681194066972e-08
9.399276024169012089e-09
2.227400699439385789e-07
1.218804027303121984e-05
8.666488042763376143e-07
1.277610373051629722e-08
4.669827635694900891e-09
8.077407187556673307e-09
1.552258233061820647e-08
2.082685135462725157e-08
4.677165676980621356e-08
1.284845723148464458e-07
5.259792487777303904e-06
6.785723599023185670e-06
4.363923977734884829e-08
6.488398263115868758e-09
2.503863338887413192e-09
5.159630500628509253e-09
1.347689249087125063e-08
2.136792964790856786e-08
2.940284016261784927e-09
1.037226837752314168e-08
5.900110622292231710e-08
3.320373707538237795e-06
4.404671472002519295e-07
7.643110393473762088e-07
1.940380343512515537e-06
1.426388507752562873e-06
5.224054802965838462e-06
4.081956461732261232e-08
9.100500392378307879e-06
1.081902723854000214e-06
4.806819561053998768e-05
3.917493813787586987e-06
4.464009180082939565e-06
5.359115893952548504e-04
1.912061861730762757e-06
6.818694237153977156e-05
9.656656629886128940e-07
5.294139100442407653e-06
3.535429423209279776e-04
3.992344318248797208e-06
4.979199275112478063e-07
1.775659228542281198e-07
8.506947324349312112e-07
1.510638725221724599e-07
1.387581050060759935e-09
2.973489232616088884e-10
9.607447282178327441e-09
4.527878960658426877e-09
1.657795337450806983e-06
2.325748660325643868e-08
4.909206552383693634e-08
1.053520648497396905e-08
6.195752888515926315e-08
4.025599054102713126e-08
7.517603251017135335e-08
7.676900537489927956e-08
4.029062949939543614e-08
1.557667772544846230e-08
2.602410553720346797e-08
3.526337621906350250e-08
3.732612086082554015e-08
1.036025238931870263e-07
1.394450110936418241e-09
7.728187512157091987e-08
2.039198854220103385e-08
9.251979093960471801e-08
1.782332681443676847e-08
7.508310773118864745e-08
7.037631917228281964e-07
1.175878082904091571e-06
2.677792281247093342e-07
1.141425656214778428e-07
2.637453810905299179e-09
1.553372612761450000e-07
4.172839496163760487e-08
1.018456572410286753e-07
2.981130009516164137e-08
4.784612528396792186e-08
1.641845130961883115e-07
4.046337309659975290e-08
1.315162467818709047e-08
3.816001381551359373e-08
3.039724560949252918e-08
1.823748050355789019e-07
1.029901319782311475e-08
3.691659955507020641e-08
2.587152359012634406e-08
5.231654665038831808e-09
9.886118590429759934e-09
8.391700845322702662e-08
1.107247715737003091e-08
9.205758821906329104e-09
2.028754408911481733e-07
1.941136389405073714e-07
7.295492210346310458e-09
4.130405955038440879e-07
4.312934720474004280e-08
4.917966478501512029e-09
6.239605720992358329e-09
2.033706536508361751e-08
2.534932264097733423e-07
2.878013916074451117e-08
1.238536206926710292e-08
1.946235395067219542e-09
6.531811891363759059e-08
6.576006938985301531e-08
3.355593491960462416e-08
7.468062079851733870e-08
2.249202424309260095e-08
1.636677460226110270e-08
1.842346897262814309e-08
4.176404111433384969e-09
8.992906685989510152e-08
1.028595786323194261e-08
1.585496534062258434e-08
7.891110698210468399e-08
3.581493501769728027e-08
1.941909388847307127e-08
1.504973745625193260e-08
7.733466844683789532e-08
1.749834055431165325e-08
1.466003318739694805e-08
1.238800280134455534e-07
7.058834627926557914e-10
1.761798955612903228e-07
5.842012651413597268e-09
2.647695618307466248e-09
2.769976958916231524e-08
3.600507270107300428e-08
5.213080456201169000e-08
1.315749065255999994e-09
1.241291425202462051e-08
3.260171865804295521e-08
7.791356182451636414e-08
8.100438719793601194e-08
5.215972098682186697e-09
3.652116165042684770e-09
2.000447629768586921e-08
1.625539880478754640e-08
4.410692966416718264e-08
2.654391728640348447e-08
1.634009816342540944e-09
1.035963492768132710e-08
6.309427647011034423e-08
1.359340107143225396e-08
1.296413074669544585e-07
1.646679663735994836e-07
1.717835402814671397e-07
1.177115649397819652e-08
1.821951922664766244e-09
4.075268122960551409e-07
5.482834097847444355e-08
9.290532787531446957e-09
4.687926047353130343e-09
3.742785636973167129e-08
2.473938565117350663e-08
1.090793233515796601e-07
1.803596916261085426e-08
1.719924469512079668e-08
7.975038407437295973e-09
1.391396153849200346e-07
2.098900750979737495e-07
5.410447201370516268e-08
1.248081815674595418e-07
1.030663341339277395e-07
4.580177517254924169e-07
2.933378937086672522e-06
5.489596901497861836e-07
8.661050969749339856e-07
2.316352492925943807e-06
2.871271362892002799e-07
5.713238806492881849e-07
2.595965753471318749e-08
1.505405151647210005e-07
9.619009233574615791e-07
7.683818239456741139e-07
9.379608201243172516e-08
1.158482746177469380e-06
3.386688263162795920e-08
5.688851345553302963e-08
1.375966434125075466e-07
7.198350431281141937e-07
8.305051437673682813e-07
5.012629571865545586e-06
2.382721959293121472e-06
1.414906876107124845e-07
7.046715211345144780e-08
6.521690210092856432e-08
1.404275025151946465e-07
1.483951894698520846e-08
1.532315422991814557e-06
1.232757362856773398e-08
5.677079784049965383e-08
1.187328013685373662e-08
1.158330764639003974e-09
1.486769633629592136e-06
9.645028512750286609e-06
4.918058493785792962e-06
1.639977540435211267e-06
7.932281960165710188e-07
6.646103884122567251e-06
4.072740921401418746e-06
6.359086341944930609e-07
4.999862994736758992e-06
4.219487891532480717e-04
1.494580737926298752e-05
3.561201310731121339e-06
1.064630305336322635e-05
1.387075171805918217e-04
1.721024818834848702e-05
2.963644692499656230e-05
8.912059001886518672e-07
3.972602826252114028e-06
6.924147783138323575e-06
5.091941147838952020e-06
4.857078019995242357e-04
7.632709573954343796e-03
3.673652419820427895e-03
1.270047687285114080e-05
2.085911546600982547e-04
5.784586392110213637e-06
1.113626130972988904e-04
1.821924524847418070e-05
1.603507786057889462e-03
4.370154371713397268e-08
6.914262229429368745e-08
3.646714707983278458e-09
6.883032256155274808e-06
6.383515938068740070e-06
5.343814635239141353e-08
3.304233189282967942e-07
1.997195830938380823e-08
2.694272552616894245e-06
2.291595109227273497e-07
9.284453028612915659e-08
2.657461628530199960e-08
6.161283749861468095e-08
1.736932198070917366e-08
6.011670716787875790e-09
7.520459810450574878e-09
9.576876180972249131e-09
4.912903861509221315e-09
3.170032769617137092e-08
1.611659605771365023e-08
1.025477214255943181e-08
9.534182368042820599e-07
9.195046004606410861e-07
1.205622197630873416e-06
5.278717196688376134e-08
1.384313122798630502e-06
6.195231208039331250e-07
1.484642098148469813e-07
1.003782927000429481e-06
9.693776519270613790e-07
7.932375467589736218e-08
2.177794833357893367e-08
1.381065999339625705e-07
1.076737063954169571e-07
1.181244324577335192e-09
5.429851768212756724e-08
6.474846941273426637e-06
1.830682549552875571e-06
4.433838185491367767e-08
1.138598975103377597e-07
4.435817402281827526e-08
2.601717312700202456e-07
5.773039646328470553e-08
2.494341060810256749e-06
2.512593482606462203e-06
7.916271016483733547e-08
1.606388991604035255e-06
8.090838150565105025e-07
7.099965415591213969e-08
1.336782020189275499e-06
1.037321908370358869e-06
6.103409333491072175e-08
1.334844910161336884e-07
8.818669812171719968e-07
1.359550765300809871e-07
2.141389131793403067e-06
4.190056279185228050e-05
5.759078248956939206e-06
8.301685561207250430e-09
3.029728290471211949e-08
8.063780398970266106e-08
2.580061320145432546e-08
8.455582189981214469e-08
9.478431195475423010e-08
3.487009792024764465e-08
2.047855574005552626e-08
7.508263344391252758e-09
3.356022304501493636e-08
1.302559326177288312e-06
1.014792729847613373e-07
8.068880674727552105e-08
2.025935401661627111e-07
3.147703964145875943e-08
4.327072034016055113e-09
1.277790673270828847e-08
5.902755972897466563e-08
7.004186564074643684e-09
8.990960509436263237e-08
3.480559485069534276e-07
5.058592122964000737e-08
1.034622698625753401e-08
2.834371404247804094e-09
8.384189698062982643e-08
2.116172836963414738e-08
1.202326131988229463e-07
1.387308543598919641e-07
6.654223838609141239e-09
1.394992921177617973e-07
9.761982333600371931e-09
1.870093058187194401e-08
4.338643933010644105e-08
1.958453452743924572e-07
5.421779292191786226e-08
2.132958343281643465e-07
3.860136388311730116e-08
1.914111313894295563e-09
3.306940943303970926e-09
2.186226844003158476e-08
1.713592610030900687e-07
9.510747389640528127e-08
1.990756004488503095e-07
2.887935579565237276e-07
8.970708904598723166e-07
1.301542251752607626e-08
1.379414538149603686e-08
4.498424033272385714e-08
2.485269323670991071e-09
4.698025080074330617e-08
5.013495041339410818e-08
5.071150610547192628e-08
5.294053551097022137e-08
2.277863586641615257e-07
6.192905743773735594e-08
2.840603485765313962e-07
1.863864795836889243e-08
1.572173431441115099e-07
3.049817820510725142e-08
6.482674308472269331e-08
8.410528806734873797e-08
3.353845272613398265e-07
1.849769404316248256e-08
3.892969289154279977e-06
5.421115112369534472e-09
7.660104550666346768e-09
1.117636028169499696e-08
2.103782605900050839e-07
2.072002160957708838e-07
3.096410239322722191e-08
1.695344877816751250e-07
2.073239642186308629e-07
2.452599972002644790e-07
4.765141170537390281e-08
1.194343610677606193e-07
7.804251112020210712e-08
1.157898879000640591e-07
1.040624283632496372e-06
5.843969006491533946e-07
1.482226341664727443e-08
1.714358877080712773e-09
7.306256044614656275e-09
8.000645834727038164e-08
2.381529107253754773e-08
3.346951160665412317e-08
4.358791372283121746e-08
3.656068114921140477e-09
5.737692276852612849e-08
5.352771381694765296e-08
1.224714196723653004e-08
2.197594284325532499e-08
3.311024343588542251e-09
8.944947893496646429e-08
2.225020665491683758e-07
1.561469353816846706e-08
1.694988149836262892e-08
8.978591203856467473e-09
6.948579489574058243e-09
9.616325513661649893e-08
1.009954253561318183e-08
3.216344524048508902e-08
1.267597760090666270e-08
1.454961875424487516e-07
2.718938503676326945e-06
9.235203833668492734e-06
1.715626751774834702e-07
6.606915547990865889e-08
4.746156179180616164e-08
2.016464328846723220e-08
6.749541626049904153e-06
1.162995744152794941e-08
4.918475582371684141e-08
2.248920338843163336e-07
1.222725565241944423e-08
3.163304285180856823e-08
6.658210427445965252e-09
4.677203548908437369e-07
3.251901716794236563e-07
2.743527716120297555e-07
5.366264588246849598e-08
1.688762552021216834e-07
1.316713671428715315e-08
1.556149840098441928e-07
3.546471916138216329e-08
1.938038884929937922e-08
2.889442018982890659e-09
6.757337356333437128e-09
4.943042881677683908e-07
1.493469881097553298e-08
3.679463489447698521e-08
7.381584964605281129e-06
2.243850438787831081e-08
2.496374520433164435e-07
7.170187643623648910e-08
2.417142752619838575e-07
1.624446639425514149e-07
4.534957742663436875e-09
2.659565900842153496e-08
1.412503625175531852e-08
5.993103968648938462e-08
2.208603611109083431e-08
1.800734281687255134e-07
1.751673011085586040e-07
1.465391097354995509e-08
1.581391240179641500e-09
5.162573870620690286e-07
3.020386785124173912e-08
1.709162056329205370e-08
2.926744713249718188e-08
9.263518307989215828e-08
4.369912787183238834e-08
1.446780917291334845e-08
1.064419574703379112e-08
5.413143639998452272e-07
2.084517269906882575e-08
1.981701247544265243e-09
2.584564242624765029e-07
6.843908550990818185e-08
7.018201131359091960e-09
4.145246812470304576e-09
2.486804532964015380e-06
3.702583128983860661e-08
1.529431870039843488e-08
3.660458958165691001e-08
2.105934413521026727e-07
3.355856037501325773e-08
2.570056345518878516e-08
2.122963707051894744e-07
2.571537294215886504e-08
1.298378471403793810e-08
2.897727569006747217e-08
1.647709169105837645e-08
2.475098597187752603e-07
1.529256898891162564e-08
1.052086862074474993e-08
4.520156249299134288e-09
1.986678155319054895e-09
5.165474590285157319e-07
1.924880876913448446e-07
1.504514557382208295e-08
1.944997229941236583e-08
8.411374707861796196e-09
5.442779116293650077e-09
5.480146825220799656e-08
2.163825030265797977e-08
3.743513588005953352e-08
7.152283654221491815e-09
4.327761189415468834e-07
1.047077535787366287e-09
9.178246074270646204e-08
2.174017188494303809e-09
1.721305098456582527e-09
2.551300326558703091e-07
2.233494882375453017e-07
2.216473005134389496e-09
3.525760803313460201e-07
3.195383513343585946e-08
3.797529757321171928e-08
1.544856331747723743e-08
9.894103669694231940e-08
4.630166827723769529e-08
2.522577480235099756e-09
2.200774673610794707e-07
4.893033889175057993e-08
1.177443476052530968e-08
8.706648735312683129e-09
1.191027934055455262e-07
2.806683419009914360e-08
6.567402266455246718e-08
8.686279251435280457e-09
1.291315143703286594e-08
6.793528655180125497e-07
5.531306968009630509e-09
5.519400403386498510e-08
1.507125489297322929e-06
1.033846388054371346e-06
3.076735310969525017e-08
6.056270507315275609e-08
2.469384341452496301e-08
2.123595521652532625e-07
4.898992145285774313e-08
8.565148590378157678e-08
1.167495766729587103e-09
2.060935422321108490e-08
1.519690506768256455e-08
3.611130949821017566e-09
1.106245477444645076e-07
4.074502069073560051e-09
2.442990698625635559e-08
1.939603144762713782e-08
2.030895007720801004e-09
2.268065145472064614e-06
2.409804089609224320e-08
7.698234583131124964e-08
9.230857926922908518e-07
4.893258065408190305e-08
4.150177801420795731e-08
8.437924492454840220e-08
5.255257065073237754e-07
2.226889783685237489e-08
3.749728971769172858e-09
2.283638593780779047e-07
5.338106845442780468e-09
3.601672737829630933e-09
2.276288313396435115e-08
2.208245675205944281e-08
3.059182063225307502e-07
2.918588108968833694e-07
1.336295696319211856e-07
1.348864486772072269e-08
2.962285350349702640e-07
7.162758208778541302e-08
9.175909809755466995e-08
2.639976415252931474e-08
1.016026907052491879e-08
4.061799785404218710e-09
4.670079079005517997e-08
1.579634556492237607e-08
2.601045956396319525e-08
1.928853663457630319e-07
5.390690560602706682e-08
2.467288373608766960e-09
4.002757805210421793e-07
1.201098257297417149e-06
8.673134210823718604e-09
9.675142820242399466e-08
5.354384668976308603e-08
6.672407693031345843e-08
1.923478833987246617e-07
2.900529816329822097e-09
1.360348989010162768e-08
9.391731836672079226e-09
1.421031328163735452e-07
2.220015460352442460e-08
2.843446793576731579e-07
2.514494035210645961e-08
4.643704976103890658e-09
8.701913145614526002e-08
8.323601008441983140e-08
1.782652361725922674e-06
3.649604352062851831e-08
5.038082662167653325e-08
5.011630221929408435e-08
2.241267935687574209e-07
1.120708290613947611e-07
1.902023569755328936e-07
7.468240426078409655e-08
2.700407364386592235e-08
4.845446355261628923e-08
2.395628087015211349e-07
5.240040623633035466e-10
2.954290039269835688e-07
5.426836651167832315e-07
8.740258294892555568e-09
7.960495054248895030e-07
1.047165998357968419e-08
8.557767472439081757e-08
1.087268856281298213e-06
4.541105269595391292e-08
6.742351565947046765e-09
1.007918193351997616e-08
7.292041637185775471e-09
2.492271056198092083e-09
3.211538412983827584e-08
4.609081827311456436e-08
1.832593454764719354e-08
3.270646420361345008e-09
3.877144294506251754e-08
5.544121250977696036e-08
3.231753087362676524e-09
1.205276589644199703e-07
1.124247290817947942e-07
7.022151304880708267e-09
5.076473286180771538e-08
4.006044207471859409e-08
1.031725389566418016e-07
5.900650990042777266e-08
6.174683164772432065e-08
7.720504413555318024e-08
3.392804615032218862e-08
2.150227551567240880e-08
1.037529617775589941e-08
1.215185108094374300e-07
2.344612397564560524e-07
1.961793998361827107e-07
2.648700672125414712e-07
8.526131978214834817e-07
1.263655757810511204e-08
3.265815395891991102e-09
8.341441315451447736e-08
9.493394514947794960e-08
7.383598585875006393e-06
9.738289286076451390e-09
4.425018218512377643e-08
7.112057609504063294e-09
2.465299608900295425e-08
1.418523822849238059e-07
6.951744779826185550e-08
1.823432398850854952e-06
2.179365488075291069e-08
5.205228603699652012e-07
7.159571602244341193e-09
2.249193897796430974e-08
5.079855895928631071e-07
2.176038549350778339e-08
8.684536112468776992e-08
2.950121569256225484e-08
1.874796495826558385e-08
5.135902028996497393e-06
1.835661400662047527e-08
1.756732892488344078e-08
7.536255175466521905e-09
1.167789264400198590e-06
7.586604056086798664e-07
9.383709809185347694e-09
5.360211048355267849e-07
6.945866459773242241e-08
2.351367989206210041e-09
1.221512775373412296e-07
9.239907683422643458e-08
1.211163969117023953e-08
7.692222969701845159e-10
6.248052386581548490e-08
3.737522717983665643e-07
3.812745489994995296e-06
3.622052702212386066e-08
3.105755652654806909e-08
2.598959554234170355e-07
6.949345987550259451e-08
2.035307261394336820e-06
1.694080822289834032e-07
1.582800592814237461e-07
6.775599192820891403e-09
2.741581681675597792e-07
3.429192219073229353e-08
5.019991533572465414e-08
2.155512213164456625e-08
4.082423643581023498e-08
2.343225347090083233e-08
9.859788718813433661e-08
4.522199503753654426e-09
1.697709350878540135e-08
1.598750998255127342e-07
1.066009929218125762e-07
3.333664835736271925e-06
9.163282044255538494e-08
2.187030645472987089e-07
2.166985382245911751e-07
9.398899436519059236e-09
1.528498074776507565e-07
2.982494962111559289e-08
9.464439898465570877e-08
4.857005251324153505e-07
3.851511394259432564e-07
8.360478531699300220e-09
1.157553342068240454e-07
4.081514362042071298e-07
2.595630519408587134e-07
1.537540441631790600e-07
5.095440656077698804e-07
1.089210588389732948e-08
5.839519801043024927e-08
1.524869759350622189e-07
5.233593469711195212e-08
2.612846685678960057e-07
1.027131872888276121e-07
4.742771864130190806e-08
7.474461227729989332e-08
8.908328297252410266e-09
2.134000141040814924e-07
3.642710737494780915e-07
1.004023175710244686e-08
2.365327134157269029e-08
5.148129389453970362e-07
4.721472919300140347e-07
3.399911108203923504e-08
1.012768202635072612e-09
3.397214598521713924e-08
1.974457486397795947e-09
3.150102259041887010e-07
7.505929211504280829e-09
1.091385257723231916e-07
5.716958639823133126e-08
7.847310143915819936e-07
6.311160660743553308e-08
1.138567018443836787e-08
1.525286386083735124e-08
6.333551016979299675e-09
3.385610014561279968e-08
4.186101687508880786e-09
7.459005360033188481e-07
2.462615213971730554e-07
7.006832003497720507e-09
4.589819013745000120e-07
2.333459008241334232e-07
1.621347323066402168e-08
1.413535866134907337e-08
9.198422468159606069e-09
9.004951451174747490e-09
6.589039003301877528e-08
1.071399857721644366e-08
3.129529346779236221e-08
9.556858415749047708e-09
5.231719342191354372e-07
2.495639961352935643e-08
9.626982766519631696e-09
1.246629910411911624e-08
1.728533618461369770e-07
4.375665607625478515e-09
9.060876493549585575e-09
1.651854404371988494e-07
1.501121573710406665e-07
2.156669012265410856e-07
6.482819614461732272e-09
2.573627533308808779e-08
3.758902380468498450e-07
5.448761886128750120e-09
9.793368782595734956e-09
1.242862079919859752e-08
9.518346999470850278e-09
1.923810032167239115e-06
6.174062718855566345e-07
5.868100227957029347e-09
3.029375861274274939e-08
3.588952495192643255e-07
2.292954803806424025e-07
1.647626817202763050e-07
2.835610075635486282e-07
2.599765025479428004e-07
4.389995922338130185e-08
2.736031490258028498e-07
9.915067877841465815e-09
1.372533287025134996e-08
7.546415048409471638e-08
9.592323380047673709e-09
8.911014148793583445e-09
1.610842303989556967e-08
3.727568298472760944e-08
1.269324627628520830e-07
5.041626671697940765e-09
1.933055138181316579e-08
3.927186575936048030e-09
7.477921393217457080e-09
1.615005515986922546e-07
5.602681429905942423e-09
7.449148142768535763e-08
8.739325707551870437e-09
2.086359955910666031e-07
3.145615679045477009e-08
7.859382478159204766e-09
3.317479979614290642e-08
8.998525657943901024e-08
1.463237708776432555e-08
6.985334977116508526e-09
2.051478844578014105e-07
2.063039516997378087e-08
1.859464360265405958e-09
1.130976379215553607e-08
1.643208747736935038e-06
3.854243146861335845e-08
7.494771026017588156e-09
1.756050380663509713e-07
2.010089872328535421e-08
3.223517808237374993e-08
9.581133220137871831e-09
3.710760809738644639e-09
7.779368260685259884e-09
4.931563353238743730e-07
1.509365716856336803e-07
1.867561394419681164e-07
2.585678657851531170e-07
1.141166663387593871e-07
1.123907988898054100e-08
8.012271450752450619e-07
7.337294505305180792e-07
1.942820659905919456e-08
1.026227138822832785e-07
5.538158234230650123e-07
2.696778444999381463e-08
1.028864153340691701e-05
3.540401110058155609e-07
4.937782804859125463e-08
4.890395643997180741e-07
6.275965347413148265e-08
1.684218098318979173e-08
1.160561737378884573e-06
1.757067913388254965e-08
3.179625491611659527e-04
5.706192407473054118e-09
2.563289580592709171e-09
9.075629137100804655e-09
1.187262910207209643e-07
5.835286032151998370e-09
2.098751572532364662e-08
2.608499585221579764e-07
6.947847452920541400e-08
7.607176399915260845e-08
1.938064002615647041e-07
3.456074537666609103e-08
7.670738000342680607e-08
7.308388561000356276e-09
1.963835982721207074e-09
4.923842222837038207e-09
1.505648405952797475e-08
4.214552618009292928e-08
5.390279511630069464e-08
2.007174337848027790e-08
3.183780128424018585e-09
3.972949080832677282e-09
8.545479879273898405e-09
1.160663956056851021e-07
1.865974219583677041e-08
2.448915736863455095e-08
1.306807746459526243e-07
1.036922192554357025e-08
8.908401127882825676e-08
3.989776953261525705e-09
6.269719676765816985e-08
5.500019710780179594e-07
1.744635937939165160e-07
2.474048415024299175e-07
1.001601731331902556e-06
1.158734676209860481e-06
1.405524358233378734e-06
1.800787572392437141e-07
1.005469130177516490e-06
1.763955083333712537e-06
1.151810238297912292e-06
1.481142703596560750e-06
4.934155413138796575e-07
1.011032182418603043e-07
3.112011881967191584e-06
7.692800068070937414e-07
1.792000716704933438e-07
1.093548718245074269e-08
3.652520064179043402e-09
1.304450734096462838e-07
2.387746533827339590e-08
9.779015819333380932e-09
1.053607068257633728e-08
4.190433600115284207e-08
1.331762717882156721e-07
1.301326335578778526e-08
1.139649512538198906e-07
5.831250149412881001e-08
4.737816894362367748e-08
5.835219667460478377e-07
5.687603632509308227e-08
3.313888186085023335e-08
3.011584093215446956e-09
1.431007916607995867e-07
1.113523051543552356e-08
2.389167974570227670e-08
2.868095272390291939e-08
3.550320704093223867e-09
2.729185544225742888e-09
2.689334337446780410e-07
2.706744872682520509e-08
1.823840989345626440e-08
1.022588435262150597e-06
7.921539690869394690e-07
2.815227389874053188e-06
4.321455708122812212e-05
5.269646499073132873e-05
1.744379005685914308e-06
4.209917037201194034e-08
4.193352154402418819e-08
1.877393600580035127e-07
3.582627527976001147e-08
1.291259877689299174e-06
5.194653567741625011e-06
9.360458363971702056e-08
3.535849089075782103e-07
5.584374594036489725e-05
3.475217624782089842e-08
