4.928301296015808098e-21
9.324642436368382926e-18
2.877429832592108513e-20
3.792233752056363765e-21
3.863548999320652335e-21
4.926308873182935009e-21
6.152981269914366599e-22
1.942542374310939242e-15
1.014888365268853607e-14
5.427903344881620273e-19
2.609925296714887821e-12
1.677534361421706421e-10
4.746999641242963253e-14
2.105890184456171710e-10
5.665104582002530170e-15
8.801385835421893233e-12
1.000000000000000000e+00
5.160189608943710482e-09
8.242154514448429836e-09
1.076540523392566229e-09
4.687528143421104687e-10
4.400491168015437798e-15
5.323794392985696210e-18
2.784866453653216112e-16
3.026197522331195008e-16
1.718921224349747192e-18
6.623666849594268704e-20
4.972015852684674939e-21
3.448303750207664240e-19
2.095271239063664309e-19
1.508516875403768275e-19
6.970683075233100646e-19
4.100788680306765487e-21
1.316704422890258039e-21
1.650799360346801437e-21
4.767430645030998413e-19
3.005093527912304307e-20
6.725075315284148555e-20
6.513393980418146759e-20
5.677554725556249556e-19
7.190238754906325223e-16
7.116500334770326609e-18
1.717932205850348164e-17
5.043481753449198997e-20
1.335626511405564562e-18
9.026137975511524968e-19
8.525006938213371073e-18
2.041689063921893404e-19
6.334799445962643424e-22
1.661046039989962894e-20
3.092357366686240774e-21
1.457019882030162905e-21
1.023561495604792971e-16
1.087292466314443342e-15
7.598190042734070125e-19
4.787592014409120889e-17
3.189350096955562153e-14
3.718094393858545519e-19
7.081403888560314198e-18
1.029514231399859380e-15
3.415019526438809036e-16
5.772795784297722317e-19
5.818028088143653252e-19
3.056136853109602690e-18
2.941448633410401051e-17
4.233872266564387590e-19
4.991923823683194891e-17
1.543103182786406983e-16
4.995636127554271624e-18
7.611498700243452105e-21
1.411315657104486262e-19
1.496881029124561404e-18
3.127552161310664502e-16
9.058122030589714729e-17
1.418133794633079630e-16
9.967105130603490237e-14
3.095133817799320618e-19
9.936183680673736711e-18
1.115111992917589955e-16
2.472047665383352511e-18
1.941451692336407242e-13
9.196955669905568231e-14
1.450716630158055409e-10
2.359144130048562715e-12
1.141307942649307287e-16
2.462857140450580573e-10
6.693102322374855362e-11
5.401019826081136614e-16
1.676786256948490441e-17
2.596612851730355827e-16
6.465360981777659027e-15
7.139094176933369340e-11
7.899634418828682669e-11
4.364703910797462783e-12
1.553960071731808057e-09
4.379159812550881270e-10
2.522096463966616575e-12
1.536326675686400245e-14
2.987195994036406788e-12
2.010214233570326026e-13
7.278180230119328845e-18
1.207220929587756034e-21
9.419841050404674060e-20
3.704628539721035785e-20
2.165853816270262862e-17
1.517717579507801460e-19
6.758917422874580994e-21
1.490944054031704581e-24
3.434817410425296748e-21
4.661378432618685614e-21
6.032482158272326939e-20
9.371159653820402752e-22
1.993000566832168638e-20
6.690824952831637539e-16
1.493027389038120798e-16
9.151048710355567717e-20
1.051604567820180828e-20
5.452864263035489474e-21
3.314756264260416208e-21
5.300950120159425102e-20
4.402979810836764131e-21
5.361469691077616325e-21
3.593924308780164507e-20
8.658879800178210814e-21
2.533426046749757141e-16
1.594595151102414579e-18
5.229268780850596462e-20
1.790134253803815287e-15
3.251285357817033407e-15
3.004950759640504952e-16
2.670831367493880219e-18
4.014504381705630927e-18
1.164604260374556732e-16
1.793314439004281557e-13
2.729245018732225775e-14
7.831734459123490283e-18
2.060033323396034954e-13
5.340967837098766890e-16
1.718007788982511830e-13
1.774106035690170557e-13
1.495958546552094304e-15
3.556256038348554194e-13
3.088875578147849080e-16
2.362733272920358729e-12
2.638014010666604537e-18
4.259352853058784305e-12
3.936286182982616630e-18
5.234654986796281109e-21
2.531661389520267206e-21
9.114245201256451322e-23
4.245642222731578888e-21
1.685417886640481284e-17
3.331040444883281429e-16
4.009526344155801450e-20
6.327252984338061954e-18
1.872589337798775196e-17
2.113686218203655376e-20
1.965551865504424700e-16
1.617329279660245423e-18
7.504849754567364724e-21
3.834476912743037892e-21
4.635084913573296415e-20
4.634784414366392385e-20
2.554079761266301538e-20
1.717223746335211810e-18
5.261659323790904719e-22
2.379638194512665082e-20
1.876076648543237505e-19
5.565168409915054625e-20
4.698731227206938082e-19
4.175855627857508188e-19
8.041503326563875337e-18
3.114288022403356184e-17
1.002136963528659144e-18
9.119802572762078854e-17
1.472474891475567429e-21
4.548886231396735361e-20
6.684357349631225767e-20
2.460304460107924207e-20
1.668299632017880143e-18
1.512158848243262687e-18
7.593636930449848553e-20
6.343224187605235812e-19
5.025661956609333975e-19
1.529178502936847508e-18
2.468426662864856026e-20
1.756620104843943311e-17
5.138128906204381487e-21
5.554376158613681131e-19
1.083076108253181269e-19
1.430737308587605828e-20
4.128888183429776565e-20
6.212570182671872538e-18
6.346125135862853422e-20
2.471809540764513808e-20
1.148036825321854652e-16
2.247411508562276243e-17
1.333976699673827549e-18
2.286297600030639095e-17
2.013566887649045277e-18
5.268053793433044749e-19
6.650425092278722119e-21
1.468812981483047215e-19
6.677785658158433385e-19
2.198114397827229101e-18
1.699626874670429830e-19
6.659440472382626480e-20
5.837833635441528386e-20
8.915634400492683155e-20
3.584848004885441056e-19
9.031274560320326131e-18
9.400559502637805663e-21
2.894948096249303813e-19
3.648986911036206587e-21
3.254280071856770002e-20
7.298169876802285312e-18
1.401759006843113852e-20
4.485207538811991071e-17
3.588870946095804421e-19
3.300363273134379509e-19
2.916162435527933322e-19
3.461905701405333089e-19
7.532704092342807595e-20
3.773566108013328961e-18
8.074359147289634734e-19
4.976506500554186540e-16
2.708647142502679432e-21
6.855502186761062424e-17
5.606353926484525940e-21
5.460211953320433165e-21
7.946574425106064774e-18
3.183221019488789239e-16
4.547108441899539322e-16
1.971841383698290224e-20
6.875182747068380796e-21
1.434925511437069339e-18
4.485186280270248458e-19
8.321864123521659621e-20
1.491914972768916876e-19
1.139723155585523066e-18
9.008010312387425366e-19
3.971805680377161630e-19
2.029638179770338051e-18
9.706636717992055627e-19
7.044024527257231999e-21
1.370809501387165334e-18
2.650733101656737882e-19
6.894605992166649234e-17
9.214816508386859868e-17
6.918027114902720680e-17
1.151159200523670816e-16
2.234977230074211683e-20
5.526056596367162537e-19
2.194579813710759386e-17
2.299100536115612347e-18
2.946860503927059862e-18
5.234962226232707738e-18
9.703817970807810474e-20
2.559290404589320340e-18
9.402546306458627073e-18
1.405111156275484997e-19
6.319003512089070609e-18
5.627636960528088564e-19
6.987112743354782020e-18
7.403437874172518677e-17
2.342638017972256020e-20
1.252012561848078581e-19
6.592740117454559536e-19
3.511168442785928652e-19
8.923576140874289460e-17
3.994371219186396510e-18
2.452529304854398132e-18
2.454420032939541215e-18
1.761861452077324316e-17
2.555253060096540895e-17
5.394860043670025732e-17
6.412755826673706916e-20
7.404761197716481011e-18
5.001260955719632212e-18
2.805442397682544039e-18
2.479423634905487859e-18
2.700315186452567199e-18
4.012927361867798579e-18
2.502706246247987301e-17
4.760389114556685605e-15
1.050552134294602247e-16
2.172524366166012988e-16
3.345621587674672175e-16
2.104353617566011197e-20
6.297628441277664390e-20
2.285039913268282844e-19
1.224288698889568879e-19
3.003363234091905298e-20
4.830198725498656046e-20
1.964227808160786153e-21
3.887515588217095976e-20
6.275134298495050493e-20
8.045844555403280456e-22
9.649854904843353043e-19
1.991254724601193046e-18
1.259462636413341023e-17
2.827847817072655498e-16
1.104131434983744530e-17
2.518614252916362108e-17
2.640008632636684280e-17
2.110160738243802573e-17
4.256731465658017063e-15
2.914276147334728118e-16
1.871035471738904943e-14
2.214199313613210624e-16
2.428531074748560689e-16
6.642654718516877513e-17
1.519781586421637917e-17
2.314015595176678499e-17
1.753032126218933298e-17
3.013143313591546523e-18
1.842066290477507219e-18
1.142804946204560082e-19
5.037987361326680364e-18
6.054632842181564834e-14
8.628142722044793850e-15
2.402586593217015398e-13
4.331868899672749063e-16
1.235758071968572156e-16
2.417134081007131567e-17
5.645403125044987178e-17
1.830490079784562359e-15
4.166211154279537375e-20
7.568163386498395220e-19
1.089755729024453349e-21
1.284802466618775159e-18
4.776027036828894498e-17
7.876162019630983692e-19
8.157703280871063574e-19
2.213814815766065483e-20
4.266315944549942441e-18
7.325053453505411850e-19
2.911405113029987722e-19
2.085328941691083193e-18
6.590218622147079288e-21
2.180016571366318229e-20
6.663093314892357721e-22
2.510503660414809295e-21
1.282434891528715130e-22
1.038274047882780425e-22
4.339997923567807148e-20
4.033407690636093082e-22
3.522138279425059625e-21
1.323585553421359846e-18
1.465817682936810275e-20
1.032922725997413376e-19
4.046820234437152193e-20
6.414083374008672098e-18
1.359031897030482188e-18
7.103335154323131365e-21
1.926902413865701018e-16
1.611775452542763324e-16
2.997380146248429751e-18
1.675429928898087241e-18
6.242241151244149640e-18
1.281458769938288541e-19
3.244561992128979041e-20
2.702064311556598860e-20
6.150925374701970703e-19
3.344238483787840634e-19
6.800397016692099115e-22
6.691622059322004898e-22
7.936106809075582099e-22
2.065693741900605698e-18
1.611268992601163950e-19
2.820092859863627954e-15
4.623986210983523689e-16
7.608802123758271913e-20
3.989606576140029815e-17
6.475474237530520153e-17
1.137083332737651961e-17
1.215767187616624157e-19
1.735441548157841928e-15
4.634112653236119829e-20
1.418099313609245357e-19
3.619879672513732908e-17
3.907934153897055330e-18
1.695374163365414547e-17
9.266321273186943659e-16
1.594571032831858248e-14
9.568062364989443347e-22
1.200896208881153984e-21
8.003241906384476045e-20
1.246641445486224492e-19
5.312570069061234470e-20
1.175689818418161137e-20
1.929011244662955958e-18
1.485134450503197532e-20
3.204462796348337132e-20
2.956597479561968832e-20
8.749935131149709188e-19
2.151644195576392685e-21
3.872123243357647312e-20
1.494047957860443823e-15
2.720681691452723997e-20
4.475219981735206233e-20
1.264709138015913999e-19
5.133491153310215281e-19
6.761757544276607547e-20
4.045002944480767334e-18
9.255537286453865335e-18
7.870121403960844496e-20
1.578483559775653987e-19
2.436664542929953656e-20
8.865991466223042906e-18
4.955561097725978481e-21
2.088384831217189642e-19
1.736486032426035086e-17
9.661235876096317012e-19
4.903106049872864842e-18
1.255653035422712741e-18
9.183050001809771552e-19
2.295586259283180809e-18
4.464586587885534133e-17
9.627856456505160084e-21
4.861738023656051944e-19
1.683375544620863357e-16
4.138698674741626185e-19
1.974966478514864098e-19
6.510810333473625662e-20
8.303852265683317444e-20
2.223831070840227083e-17
1.079332146629098484e-17
5.564646474458170150e-17
8.820593478100417599e-16
1.202874052655730826e-18
6.162313325291353089e-20
5.403133938426602705e-19
8.674087321869542161e-21
2.155326619486545500e-19
2.342543234706284807e-17
5.631330321963137832e-19
6.680387554775218934e-18
1.094880547444949948e-14
1.867110217498315823e-18
1.695763983809608737e-15
1.966489425097916804e-16
6.440928176620585213e-19
5.023627480043365662e-20
4.112779642331524762e-18
8.605974685292511634e-18
3.411656805638209463e-18
7.369620910934003289e-18
1.426288074937178373e-16
1.916525618938367169e-20
1.827475039539031075e-16
2.912714578713750378e-20
2.141695813902665329e-20
1.223716175134372192e-16
7.528574418984030747e-18
1.718563252013497519e-15
8.142935005009694956e-19
6.663259125831083390e-18
2.590641629017285529e-20
1.780345381891250506e-18
6.007620221326037658e-17
1.199062404393086474e-18
1.869207294059066385e-16
6.067617285515733861e-17
1.946157102561091936e-20
4.000313943200918883e-20
2.212788044226521653e-17
3.895754759482521621e-20
7.009556945107913027e-20
5.363745665608358910e-19
4.351457645000025580e-18
7.871798868081965216e-21
6.731006975757978032e-19
7.315534879401611022e-18
3.704130333038621645e-22
1.385381838840935453e-18
8.044432936145041769e-22
3.062134946526377831e-18
5.738090367042779035e-17
1.708310203150705238e-20
4.184464380835683112e-20
4.215307231691400575e-19
1.857857995551757071e-20
1.867279291923051955e-20
5.411216850104438255e-20
2.729520452339976947e-18
5.327280636150180443e-21
4.124484661589456380e-18
6.973163004068565251e-17
6.371653806232254586e-17
3.022614893496796682e-20
1.094201493621563424e-19
5.066682360173721463e-19
1.247155822580261764e-18
1.960451469847422732e-17
2.026868158694051100e-18
2.547425480979224565e-19
6.622382134705397283e-19
3.027217499292865054e-21
7.659072913962234052e-18
7.938529180034462364e-22
5.630127808147638868e-19
7.407586846688962154e-18
7.723569873771443228e-16
2.988132887385546317e-18
1.469370711733373851e-15
6.195084494421175341e-17
9.487007237264579070e-16
1.346652187905921693e-17
5.997470446376312928e-19
2.637820166059931563e-20
2.030185889658121796e-20
7.476775707281470111e-17
3.543433010319471631e-20
2.107133073671160081e-20
4.632740825888988917e-17
3.514838733636705934e-20
7.742462878519477158e-20
5.207578412054139757e-17
1.662659633360085332e-16
4.376478204168529561e-18
1.379596537636739578e-18
5.351998853049978050e-17
2.749311575675920687e-19
9.212201914547671630e-20
5.595786267644157664e-18
1.237993349730165015e-18
4.301431984600714702e-19
9.274401372967684412e-20
5.362407842331428603e-22
1.316321704922533611e-15
9.152454038517507026e-18
1.152599834822105420e-17
9.292350707583944945e-21
2.377772526122673235e-17
7.896137397448373619e-19
4.537880528723231972e-20
4.003537362650461463e-19
2.096471478132478752e-18
3.980999844584476817e-18
9.441524531953178981e-22
7.013285234244327347e-17
1.584790207070547894e-17
1.305947208988615988e-17
3.054711763085841605e-20
1.145591282384453877e-16
1.159770162074081257e-19
1.706364519253615663e-18
4.570685736335260781e-18
5.207615221591398367e-18
1.086902619400469550e-15
1.535719950618493420e-18
4.463390071129476179e-19
6.163350661478282870e-19
1.970412719995788969e-20
1.204516658868850678e-20
2.917108006365658002e-19
1.318888863262314382e-17
1.198297536976287686e-20
2.073620406915548224e-18
1.739620411052515161e-19
2.840753031972419400e-19
5.259101424458536469e-18
4.450674650753311037e-18
1.818607365587442099e-17
2.799048653439027127e-19
1.761697441548900657e-20
3.813651694087954959e-18
1.307018056330111824e-18
7.260757479973489277e-20
1.309801806665862595e-20
1.613113993108069336e-19
3.193658530041771151e-15
9.466268662547486799e-21
3.050268213458692096e-17
6.409384160948758348e-19
4.412866800199403567e-21
9.239451105081546606e-18
1.120705859712622684e-18
1.120944194357788792e-20
1.118050403151174326e-17
1.900683720803041542e-19
5.266788207095838616e-19
2.132169698238123491e-17
4.313081531058816983e-19
9.319659913948669764e-19
1.802072094935871260e-20
5.570553470474084827e-16
2.135269764378819100e-18
3.352910373911208082e-20
1.555143334011020519e-20
1.007468181350654620e-19
5.702690159432321839e-19
3.385917142174061336e-20
9.646532643772958912e-21
2.863109655978196355e-19
4.182094945752467575e-16
1.665658218139799580e-21
6.221151974731957062e-19
1.368605230490834026e-17
1.971709927379861472e-16
2.647891897811331622e-20
4.888387198053096268e-19
3.308657826726754994e-19
1.184565835856245600e-15
5.256270605607226870e-19
5.068245796154932041e-20
6.648275989805604123e-19
1.941988241520795388e-21
1.162494171228794946e-19
3.162335109752057981e-21
1.384694270806144891e-19
2.769976356835085278e-19
4.930417320311711923e-17
1.057470693617511084e-18
5.662670385915182091e-20
1.283980021615228998e-17
2.184988023782989959e-19
6.192201935422550550e-17
7.596926272058308546e-16
6.070551853495372924e-19
2.603710727266453910e-19
8.040617747000076065e-17
6.252941973238441883e-18
7.912660847172003193e-19
6.985746421928603414e-20
3.201338069885629785e-18
6.498081445563112391e-20
2.378039853771426754e-21
3.678989006470037202e-17
1.759844589288524553e-19
1.921162839205767074e-16
1.342702400480980985e-17
6.389954515540500281e-18
1.647737059363154135e-19
6.431776601875058849e-17
1.959097251107581543e-18
2.955247081362581872e-18
6.745993420505907510e-19
6.845692465761158245e-20
5.751443748527671139e-22
1.233835671137774418e-17
8.313206515188555784e-19
1.957094465898831667e-19
1.541319032787288295e-18
7.992593894702416485e-20
4.493181110137544182e-20
1.467063182226816323e-15
3.830584954729642291e-15
1.773259754379708405e-21
1.161086046162409442e-17
1.753285408922497035e-18
3.299936964926184993e-18
6.154375751832082520e-19
9.155373152436858126e-21
1.310602152376121666e-19
2.660091357818068276e-20
2.659082325683748528e-16
1.114696658326508463e-21
6.588849597520508253e-17
3.793134409571766230e-19
5.940294171472999119e-20
2.113050323107755236e-19
1.653599314213711584e-19
3.616098133625385487e-17
2.221660548912887938e-17
6.026511041283278683e-17
1.109607866947213105e-17
3.826473407172833164e-19
9.756083507058944239e-19
1.024006717297693513e-16
3.257514345466912926e-17
8.592258479772733898e-19
4.190202920485875600e-18
2.397543972899795870e-19
1.490616420376243664e-21
8.513437162985591875e-18
3.448166096186797147e-15
1.635007783711728730e-19
4.617882180545698881e-18
5.668484560892634896e-20
1.709335235026023293e-18
1.120552004118687820e-18
2.873513972496979551e-20
1.545597071974919039e-21
8.823070305008585130e-19
7.585534696349891647e-19
2.459844502450904974e-20
3.163795196624313447e-21
1.033580980819246590e-19
1.083583903445235063e-20
2.850869256993486861e-20
1.407478252505518540e-17
6.961916821896416797e-18
1.460788941800370713e-19
3.871922266903130483e-17
1.916908682402631355e-17
1.167501517952613936e-21
4.795645517231240764e-20
6.545200367440517787e-20
9.902733323882704824e-18
7.295855528845938510e-19
4.116356267902627485e-19
2.035865857166127286e-17
1.046156000211127926e-18
1.238787029527909645e-18
6.478680182789622550e-19
2.074774608213395263e-19
8.446412372311645148e-18
1.694149743480849706e-20
4.264930830614222396e-19
1.097259185367429474e-15
3.261262558670097263e-21
1.319561810879778069e-19
2.584739856905433066e-19
2.091223844326442344e-18
7.057972177912402072e-17
1.655056250691055960e-20
4.122343246079921445e-19
1.054887117758823878e-20
1.671179626756606019e-17
1.093405549416891931e-17
1.687935387673729273e-15
2.513558412515874696e-15
3.961170670940355638e-18
1.017807283156739288e-15
9.485178625273559890e-20
1.817786103193677947e-20
4.698859440201883802e-18
2.066954985539595927e-18
1.067958744078739374e-17
2.922489281539410008e-18
1.115656046150078333e-17
2.140255534309617146e-15
1.201951461929398635e-19
1.121563812413314964e-21
1.145297422335941351e-18
3.061473744666817244e-15
2.925212401474965203e-17
2.982391943741698597e-19
3.021952299078674862e-16
2.769131081646632653e-19
5.316323401090693833e-19
8.648362728602178984e-18
5.921166347726649400e-16
6.123461039660649513e-20
1.933333702803245947e-20
8.040556866506992162e-17
6.578871917497225182e-19
1.863780856891820515e-17
3.968672785505905322e-18
1.168656796039285714e-19
9.291731732208980635e-17
4.147820253850189844e-18
1.029725777878436142e-16
8.922605012740576306e-21
2.603404153451926444e-18
2.413583134224169788e-20
1.014032110250386075e-16
8.788404199512253431e-19
4.083438636105595062e-17
3.672086866682287542e-19
1.264319675534129891e-17
3.077685218259338768e-19
1.315346627725178552e-17
2.255113552681879994e-18
1.544083347609818338e-20
1.291136291966670261e-17
5.919672393365929628e-17
1.143246986354029592e-16
2.672887615712064870e-20
1.851818170873078628e-17
2.058133931487330440e-19
5.955936653164744404e-17
2.092733200790167854e-17
1.591895033250236894e-20
5.362597370897073383e-20
3.424070801399160281e-17
2.474654401006721495e-16
8.864291041377575304e-20
3.565225367900516710e-18
5.696670455922043749e-18
8.413386359174852966e-18
1.888609510158212193e-16
1.368767788024812947e-16
2.330625009645467646e-18
1.009099019627091199e-19
3.320533927614877892e-17
1.248041009233270073e-18
6.714424878928918448e-16
4.647022099164716940e-18
2.556264422812236511e-19
2.738416573032831621e-18
2.512526537065156260e-20
1.362661276045150480e-17
1.904299802889363044e-17
2.378533449568160765e-18
4.465263635216908786e-19
6.316204849884074009e-19
2.124863013364095585e-16
2.080712239897271607e-18
6.605672520876329261e-21
2.468231467627339118e-18
4.977865909852371499e-19
1.004006278885593434e-14
5.140097017682063760e-18
4.090933905751575870e-19
6.976558254780729236e-20
2.011885229463724971e-18
3.278929730993423448e-19
1.731907339581370312e-18
3.508599478297280371e-18
2.465845398911357420e-22
2.074696568892479713e-18
3.352590487658697341e-20
5.858140247395457516e-18
5.987918268060127134e-18
6.217115979577551844e-20
4.478866703108404582e-16
3.162700256678124724e-19
6.368682221920203776e-19
5.283260228642028553e-22
6.547198525607716195e-20
3.369233555453720325e-19
1.970947414713622075e-19
1.516091523369281203e-19
1.756050673710261807e-17
1.669273637189161333e-18
2.580494972796964066e-18
2.981631247770879519e-18
2.928169324010658511e-18
1.740989699989141300e-17
5.938235008735624925e-19
5.747235951837447778e-21
2.060505290282458045e-20
1.285002851122166130e-19
2.852735233249762943e-16
4.803837179895172310e-17
1.235375116296281544e-18
1.247259278317967712e-20
2.294569550912776568e-19
2.010847473224140378e-20
1.221265450685915596e-20
7.527989001292541948e-21
6.095938543482508189e-19
2.740875532839768007e-16
4.250644263382574034e-16
1.599839521422440524e-20
4.150698997478239234e-19
3.791230533450786616e-16
3.266484333388468586e-18
1.433974171014572101e-17
1.774232692526773493e-15
1.658876638633859817e-17
2.418172694154131977e-20
5.200687170370960484e-18
2.189442391381588013e-20
3.939151368603438393e-20
1.000117195267957788e-17
3.278381051753359368e-18
7.977946077017750902e-19
2.114954622124823017e-18
3.526000049662945861e-19
3.702283353437477240e-20
4.198212219551542466e-21
9.772877212198331372e-20
3.678560637418894692e-21
2.518620047058059101e-20
4.824347702209853418e-18
1.657918909533600315e-20
2.418387218276118776e-18
4.957983912971320566e-20
5.974328782474289459e-15
2.515229454729836981e-21
3.122991645242972698e-20
5.443704562532914484e-19
1.771343258002897161e-17
2.603117535369676820e-17
1.102123040456465779e-19
6.060123029166003430e-17
1.647549289364104598e-18
1.310976500070915927e-20
8.812575450986818591e-19
2.227644505812994549e-16
1.708356602813190634e-19
4.165257634753113944e-20
9.377293309537995691e-18
5.081000129562804121e-21
1.009645265792931637e-20
4.039260659899598483e-21
3.830182795232250648e-19
1.558840062329656820e-17
1.758109261557110276e-16
5.893642218900774049e-19
1.348646851235032063e-17
9.058818318142137366e-16
1.718922175607451628e-17
1.074107053494754146e-18
3.045491079985075851e-16
9.661844790214996898e-15
1.331616934331972757e-19
9.465240475753613678e-17
2.927062349555909422e-19
4.842483326947348842e-21
1.356407327393106561e-16
1.955894862725113124e-17
3.742229611277676337e-18
9.162812788241284090e-14
1.037972239189997794e-16
1.865132139140487141e-17
1.246790146710967384e-17
3.981117536876006628e-20
6.369689064394945532e-12
3.717098045117202593e-21
7.124424544092825618e-20
4.103075624674147203e-20
7.175647057290318300e-20
1.824079461315043306e-20
6.010823726402333023e-19
1.167098656598934890e-17
4.497577859436599089e-17
2.226427342628847271e-18
1.118605027751891132e-17
1.555429700061677256e-18
3.918652346684211186e-18
1.211762082488218966e-19
2.457564101211415524e-21
6.264715896641399168e-17
1.200201845686878270e-18
3.076288575493831265e-19
1.671880083299315923e-18
4.180748659674700770e-19
2.105559168685321879e-19
8.384131048860383759e-19
1.796267574707130598e-18
1.921960936147982737e-17
2.136246276941332092e-19
2.118408417837310151e-20
1.409583101462099803e-19
2.688586178956871543e-19
8.132322794738522457e-18
1.407338004032660174e-18
3.738377017574710611e-18
2.978311771972704219e-18
2.298818674321884903e-19
5.938054062976628951e-19
7.368127849928345074e-19
2.429632614626685305e-17
3.104694871349888800e-15
6.609967601277048305e-18
1.705384478145404673e-15
5.677585083084730252e-16
4.165851964023233294e-17
5.557203172434172986e-16
1.108512100789764109e-17
1.718427817576707847e-20
3.916980449230119006e-17
1.324581272083720553e-17
1.133778001727951318e-18
8.880939020557485322e-21
3.363496696014147086e-17
4.857852007720436013e-16
1.532934006315414823e-18
7.784546338417965998e-20
7.402070947870517142e-20
4.964932423987222066e-19
2.400982143408326303e-14
4.683058222550589590e-18
4.643801487993353978e-16
7.862125405700933541e-16
1.233763794312422388e-19
2.521217969330495274e-18
4.158369546696020029e-19
3.989370521411427055e-21
7.584923099684485252e-20
1.054671411027055070e-17
2.617472330784694029e-20
5.622058144284301238e-19
7.870030931081346509e-20
6.646117048406840721e-20
1.468492933671823085e-20
1.143769847219224361e-17
1.212668491493818088e-19
6.106642131361973655e-20
1.567008140006372947e-17
2.299864851001611344e-17
1.029749335982281652e-16
2.412622578389263250e-15
7.094393059397120088e-15
1.193256139785190545e-14
1.680108462442687166e-18
7.559215230975132132e-20
2.077081123803316954e-17
1.330930778320337217e-20
6.907215533424407587e-17
5.505717862922096442e-16
3.760788804187587196e-19
5.302695083510999857e-18
2.549577906262712581e-16
8.677604390436541065e-19
