2.567133394748566388e-09
1.270343403803053661e-07
2.660017761613175935e-10
1.487346912298903590e-10
2.540565535724681467e-10
1.280931472003032923e-10
8.127339773400521494e-11
4.861149136559106410e-07
7.764635370222094934e-07
1.144259176300010949e-08
2.248772943858057261e-05
3.301408651168458164e-05
2.031327858276199549e-05
5.866498668183339760e-06
9.135760046774521470e-05
1.365856849588453770e-03
9.742037057876586914e-01
1.271866785828024149e-04
1.278557283512782305e-05
6.667785328318132088e-06
1.231512851518345997e-05
1.038604023051448166e-04
5.686517852154793218e-07
8.176112714863847941e-06
4.415753210196271539e-06
7.967601334257778944e-08
4.571369771610989119e-08
7.174631111439566666e-09
5.268480762765648251e-09
5.033696126588438347e-09
1.426761375711294022e-08
3.639008383515829337e-08
3.773913626048397418e-09
1.655911185949321407e-09
1.003713667735439685e-09
3.081074453348264797e-07
3.769611112147686072e-07
8.579464605418252177e-08
1.034047292236550675e-09
9.789523573999758810e-07
6.307441253738943487e-07
4.886734572551176825e-08
3.489106347842607647e-06
5.599752483931297320e-08
3.558170647011138499e-08
1.678828631668238813e-08
3.930417733499780297e-07
9.276918149225821253e-07
2.680805133437047516e-09
3.157651917717885226e-09
8.436175313875082793e-09
1.303284480336230899e-09
4.225439553806609183e-08
1.368198070395010291e-07
7.477260588473200187e-09
5.469157571269533946e-08
1.236739564092204091e-07
5.361093968758723349e-08
1.363304704682377633e-07
1.017133754999122175e-07
1.527122250877255283e-08
1.097867574628708098e-08
1.055573495278849805e-08
1.404210170363739962e-08
1.020925850525600254e-07
1.928953441421299431e-09
8.925601591158738302e-09
3.019561134465220675e-08
3.400471015879702463e-09
6.301911770201229501e-10
6.291178245021455950e-09
1.048958253591081302e-08
1.106906438508303836e-05
1.863335796770115849e-06
8.951955351221840829e-06
1.032913473864027765e-06
5.072771713798829296e-08
1.120056722925255599e-07
2.042842055516302935e-07
1.030238472310429643e-08
1.154913934442447498e-05
1.637927198316901922e-06
9.091442188946530223e-05
7.439573437295621261e-06
1.268626192540978082e-06
1.412175479345023632e-04
1.992925717786420137e-05
3.873290552292019129e-06
1.894243723654653877e-05
1.784864025466958992e-06
5.965444725006818771e-04
2.651309827342629433e-03
4.131661844439804554e-04
1.074554438673658296e-05
1.831327378749847412e-02
1.186265144497156143e-03
2.734383815550245345e-05
3.457291697372966155e-08
2.407139163551619276e-07
2.925577859969052952e-07
2.145220001636971574e-08
2.547670963082282469e-09
3.892841604624663887e-09
8.556451547292454052e-09
4.069677927986958821e-08
5.079510501104778086e-08
1.267030591556306263e-09
3.035574916432359771e-11
9.756640634295266068e-11
8.106552096265318141e-10
3.226353906260470694e-10
2.154176836910437487e-10
3.679592630589922919e-09
2.340701001912748325e-07
8.798681960797694046e-08
1.467198695870308711e-09
1.485215839203135602e-09
2.285724040596015527e-11
1.387222781090713397e-09
2.036328794474684400e-08
7.026201287452238375e-10
4.110159990133865904e-10
1.923361692135472367e-09
4.044786450219106655e-10
5.098817368320851529e-08
7.071112406720203580e-08
3.768504175383213806e-09
2.610518379242421361e-07
1.208771095662086736e-06
1.031430443276803999e-07
1.529234516794986121e-09
2.205002118671472999e-07
2.638016560752021178e-08
5.083344149170443416e-06
2.955967204343323829e-07
9.487482088843535166e-07
2.088902874675113708e-05
1.032534697742448770e-07
1.710796482257137541e-06
1.784060117415720015e-07
1.015111905644516810e-08
9.867641210803412832e-07
4.953456311795889633e-08
7.450254315699567087e-07
2.477152172275509656e-08
8.653865535279692267e-08
3.336907861140048226e-09
2.339612392709966571e-10
1.337736692252899928e-11
5.326340410394259095e-11
3.056487729580226187e-09
1.176001518388147815e-08
8.932085071577944291e-10
3.165544215644189308e-10
1.319303888358547283e-09
7.835140314327304623e-10
9.157325453479359112e-10
5.618568277299118563e-09
3.192930142503769275e-09
9.301093228941681446e-09
9.240618048522719619e-09
4.266692332777211050e-09
7.223978082393500699e-10
1.535390481421927689e-08
4.136952114208725106e-08
2.433440116078600113e-09
2.267026344426881224e-09
4.715722923265275313e-09
4.006359688446536893e-09
4.148811516557771029e-09
1.197250725226695067e-07
4.085690008537312679e-09
4.967316868942361907e-08
1.533769022898923140e-08
3.479466670341935242e-08
1.936868887497666947e-09
1.016181183643993791e-08
3.424313632649500505e-08
2.619833239236868394e-09
3.520340285945167125e-08
1.033550844908859290e-08
2.146549160642052811e-09
1.178373850052594207e-06
9.439661141641408904e-08
2.121938713628424011e-08
3.020653949192819709e-09
6.761499804497361765e-08
5.166046701532422958e-09
2.210071681219005768e-09
1.015040229646047010e-08
1.422158057984290735e-09
1.210179334520944394e-08
9.956415425449449685e-08
1.803959093216178644e-09
3.887674626668058409e-10
2.039706892276171857e-08
2.780195806906249345e-08
5.830489513414249814e-08
1.639550077925377991e-07
7.697259718497662107e-08
1.614426592411177808e-09
9.633308595269340913e-10
3.677419257996916713e-08
1.792134218803198564e-09
7.187296868771397840e-10
9.493503938529102015e-08
1.267819360606381451e-08
4.766953498602788386e-09
6.653232986764123780e-08
2.436887669432508119e-08
8.333094569934473839e-08
2.156485123805396142e-08
4.366584960280306404e-08
2.392265496808931857e-09
1.029247087558360363e-07
1.028069362973837997e-08
2.371467688888628800e-09
9.384007348955947236e-09
1.522387549357517855e-08
1.840504304517764922e-09
1.083416023561767361e-09
1.334820343146247978e-08
1.413631101065959683e-09
3.161957096153855673e-08
7.383402333971389453e-08
5.932713975198566914e-06
2.331595361226845853e-09
1.048154842919757357e-07
6.136011698743004672e-10
1.090399714964718214e-10
2.737796211960130677e-09
5.876697795059726559e-09
2.002335719453185447e-08
6.236626326483474259e-09
4.749050219743367052e-08
3.112557180884323316e-07
7.080586783558828756e-08
2.966035594909044448e-08
1.363426083145213852e-08
6.382843142915817225e-09
1.141835284101944126e-07
5.909961942052177619e-08
5.726077745293878252e-08
3.065235176791247795e-08
2.713362867723390082e-09
2.739243276650427106e-09
2.534068599402417021e-08
1.787731207514298148e-08
3.440758122863485369e-09
2.163299228641335503e-08
3.925027414197757025e-09
6.060477675262632147e-10
3.689853311783508616e-09
9.776080389656272018e-09
2.808871713000371528e-08
9.103075626626377925e-07
7.025120041248555935e-09
5.027850358274577047e-10
6.127929830235245845e-10
2.041562474630609358e-09
1.706453089944659496e-09
1.287443129882603898e-08
1.063755519226106117e-07
1.567010854408579235e-09
8.184922961618212867e-09
7.994873096883736707e-10
8.658991301757623660e-10
1.493397583374189708e-08
1.456548304190619092e-08
2.905829887822619639e-07
4.465012359844422463e-09
2.973915513848623959e-08
7.791067702100917813e-08
1.638547253435262974e-08
9.374083020929901977e-08
4.861701086156244855e-07
1.092026291615866285e-08
3.059342930100683589e-07
6.373856109576081508e-08
1.124112469774729561e-09
2.246181480813902454e-07
1.551860329129794991e-08
3.115132685138632951e-08
5.602623698308661915e-09
2.616633665297740663e-08
5.188838692049557721e-09
5.420369220132670307e-08
3.788758107248213491e-08
1.945203287334607012e-08
1.412733485750550244e-09
5.387867041406479984e-09
4.704457268189798924e-09
1.346853029104977395e-08
5.759285048867468504e-09
1.048264230973927624e-08
8.501957182716068928e-08
7.785355693457063353e-10
5.848038941991262618e-09
2.179419027470430592e-07
4.138947247156465892e-07
1.641418094777691294e-07
1.622546506041544490e-06
5.704604859602113720e-07
2.314566245331661776e-06
8.688200978212989867e-06
1.678064478483065614e-07
2.013206903939135373e-05
4.219983566144946963e-06
2.365346881560981274e-05
4.888336479780264199e-05
9.623460073271417059e-07
1.192226136481622234e-05
1.174831368189188652e-06
8.911147375556538464e-08
7.217816033744384185e-08
2.032240189464573632e-07
1.625423283257987350e-05
4.072634283147635870e-07
2.685347340047883336e-07
1.460860221413895488e-05
7.084832418513542507e-07
1.507864799350500107e-04
1.209032802762521897e-06
1.042556141328532249e-05
1.876781681175998528e-07
1.181610286948853172e-06
2.381811100349295884e-06
9.590389593583381611e-10
1.148213524260199847e-09
2.984709424058706873e-10
1.620638201416113588e-08
5.835674343757091265e-08
1.478101946394971833e-10
2.842483470821832725e-10
8.874764034771942534e-08
3.586021364299085690e-07
4.811659550796321128e-07
8.431579345824502525e-08
2.367662066404818688e-09
1.023883089423804904e-09
4.862046321107982294e-10
4.373123252410238138e-10
5.027977145743989240e-09
4.033617884147133736e-09
7.862562684257667911e-11
2.183657032972519119e-09
7.334385543344978942e-09
2.325355463739242623e-09
1.887045630866168722e-09
3.765637135444421801e-09
1.641162050702860142e-08
6.244291306245486339e-09
9.801714107027237333e-09
4.158974276080584787e-10
1.328280596624153986e-08
2.994462988681334537e-08
1.419123520918219583e-07
1.741824284806625656e-08
1.930871995625693671e-08
8.449348776196075050e-09
3.373770374182072374e-09
8.953269237110816903e-10
7.870759044514841207e-10
6.590570755804492364e-09
7.230882488329370972e-07
1.307702479635963755e-08
3.641126156139762315e-08
5.205931685736686632e-08
6.776372885042292182e-08
1.608422621757199522e-07
2.402457084826892242e-06
3.543652837834088132e-06
2.598497985673020594e-06
7.920633606772753410e-07
2.314941866643493995e-06
1.598746052877686452e-06
1.377755893372523133e-06
7.170096409936377313e-07
1.011390082794605405e-07
4.864467427978524938e-06
2.106412011926295236e-06
1.108139076677616686e-05
1.741212940942205023e-06
1.031474312185309827e-06
8.950227083914796822e-07
4.755574156689590382e-09
3.377846224950076248e-09
2.850347335936476156e-08
7.512785060725946096e-09
4.316443646956713565e-09
1.300817925597996805e-10
6.350117764952756261e-09
9.837877179563747632e-10
4.874470271865050108e-10
9.328983141543290003e-10
1.037091568178993839e-08
3.413146709707604032e-10
1.043732392180807267e-10
2.836494594760097243e-09
3.713687690698463939e-10
7.365685839033631055e-10
2.283994798846222807e-10
7.034300919528391205e-10
1.939164162578776995e-09
1.443689701119410529e-08
2.661126785596934496e-08
1.413237527003730065e-09
8.188233202588435233e-09
5.659479551667345731e-10
2.791208819630242033e-09
1.099036772700401343e-08
2.348372385441166443e-09
5.152034798783233782e-09
2.872445215018615272e-08
1.264520399502089276e-08
4.553891153058486907e-10
6.698648746805702103e-09
3.609567045259609586e-08
2.048130331999686859e-09
1.182175884961722545e-10
5.043217510269926152e-10
1.880891176142540644e-08
2.085591283007559582e-10
2.106351343345025384e-10
2.378601482444508974e-10
5.060602603634833940e-09
8.423168829096994159e-09
5.464494190476898439e-09
5.915973133596708067e-08
4.853628610135274357e-08
1.515124470330420081e-09
3.767740286431120467e-10
9.465794814644823418e-10
2.231907714200787041e-10
1.417216344279381701e-09
6.105984051707480376e-10
1.147467010298441892e-09
1.058359533345765158e-08
6.632184579302702332e-09
2.488720562965340832e-09
6.707627875357502489e-08
5.572579730994675629e-09
7.687470215955727326e-09
1.934449267437798881e-10
2.797632703277486144e-08
3.829733419280501039e-09
5.233886213318328373e-09
6.238756178333915159e-09
3.906039296452945564e-07
1.109064062809750340e-09
5.107704481588370982e-08
1.792393039545814304e-10
3.438578310976936336e-10
1.048598186059734871e-08
2.281231648026960102e-09
6.804812269223248222e-09
8.783167082526688318e-09
6.328326751514623538e-10
1.196011911730465727e-08
7.051186301509915211e-10
4.517584084595682725e-09
4.074382609076110384e-09
1.809597982571631292e-08
7.308983196452345510e-09
2.271924870456132339e-10
1.128407145500887054e-08
4.837708567073661925e-10
2.340737603745424167e-10
2.164652013192380764e-09
6.570973765107623876e-10
3.603415343889082578e-09
1.316548758900637495e-09
1.500206714410978748e-08
6.700025534378539760e-10
8.714774041296280416e-11
3.135560033840079086e-09
1.090260312586188718e-10
1.792547998924476360e-09
9.988689875228828896e-09
1.360933310490253234e-10
1.271681648873368431e-09
6.984073874782836810e-10
2.409041577333681516e-10
1.543576999551987683e-08
7.536102297756031021e-10
6.547104525189695323e-10
5.436381345091945150e-10
1.630351498249638098e-08
9.947261681020336255e-09
7.132473456294974312e-08
1.267168370233662245e-09
1.889718248548888369e-07
3.091943368005445336e-10
5.154558446740509225e-10
4.325172753283368365e-08
2.149288802488769079e-10
2.129580511933681919e-09
5.502459821116190142e-09
1.905010732494716308e-10
8.267689644014808437e-09
1.575290786703931190e-09
4.347046278496691230e-09
3.407398363464153590e-09
6.525191054151946446e-09
1.253413928203883643e-09
6.516596595673718184e-09
1.856918396825335549e-09
8.482547997346046031e-09
1.099367485934976685e-09
4.045010160158568624e-10
5.013332526893066188e-10
7.221512277055808227e-10
1.610886313230253108e-09
5.789194679195475146e-10
1.206551081267548398e-09
2.744872062976355664e-08
2.004546251210825858e-10
1.244528835542269007e-08
1.293530971224754467e-07
1.232864654809873173e-08
1.445888075934931294e-09
5.041245754178191874e-10
6.524323481471583364e-08
1.296916574133888389e-09
2.492506645523917541e-09
4.815166043670160434e-09
2.031904866584000047e-09
2.286956179986532334e-09
4.034916012418676701e-10
7.146448016692730221e-11
1.296939444728195667e-08
2.097884532759053400e-09
2.139734833761508526e-09
3.125849301621741461e-10
6.565837318284195590e-10
8.866328227163933207e-10
1.999467535984678079e-10
6.469560442923238952e-09
9.872770156960086751e-09
1.563049800701321601e-09
3.911438395398647572e-10
1.175967434541291823e-09
9.395697553316040285e-10
3.800812720111679255e-10
1.804237037550393552e-10
1.781572334103032063e-09
8.655705041604733196e-10
9.913990461907218332e-11
8.435901754921815154e-09
1.652930059492518922e-08
2.081610217530283080e-09
1.798716064982386342e-09
5.521120005624879923e-09
1.095532775607921394e-09
1.900711144031674849e-09
1.551169970248622576e-09
1.187677622915828124e-09
5.194951668840985803e-08
2.956724309832736708e-10
1.111102987394474439e-09
7.695783454941818036e-10
1.695155127379166515e-08
2.170342696672378224e-07
5.358696819612873696e-10
5.056393637126177509e-10
4.889163518484451743e-10
6.566526211670975499e-10
2.102786833546588241e-10
1.349874212408508356e-09
2.525532671882046998e-08
4.219244509329200810e-09
1.435996654919335924e-09
2.110370722618881700e-08
3.581903662563945545e-10
1.370672197964495354e-08
3.751299715304412530e-09
3.215756272378911262e-10
2.156899547856028221e-09
9.049193394616850128e-09
2.654458042261609307e-10
8.746260249381521135e-08
2.196588605452021170e-10
5.098734212616307104e-10
2.668098408875607674e-09
7.814365821090518693e-10
1.804193128229769627e-09
2.442037239092087475e-09
1.647255487569054822e-08
1.206519417706886088e-08
1.087511081188097251e-09
1.633513102561323649e-09
2.641620255872112466e-09
2.878850269283361740e-09
4.234867179153667394e-10
4.611694082168327213e-10
5.269337677304974932e-08
8.175222632189615979e-08
5.329340857507247620e-10
4.256329066976149988e-09
4.909045969725411851e-07
8.172322907284979010e-08
5.763768129440904886e-09
2.123678788379379512e-09
3.177531127107613429e-08
4.751473658970439828e-10
9.767463504672946328e-10
6.926247908545235532e-10
1.470255028834799305e-09
1.189423226577446258e-09
8.060548672972345230e-09
4.745498660696512161e-09
1.720802700333479152e-08
1.665327764577284597e-09
1.641609870262072945e-08
8.780772553507176781e-09
2.632892792675534110e-09
1.439727181917760390e-08
2.391643827426293001e-10
1.826535589444233665e-10
2.542938659644278232e-08
3.814904836474397598e-09
3.085260047441806819e-08
9.306080350768297649e-09
3.525673974991150317e-09
8.369439363775654783e-09
1.240579861061519296e-09
3.852011598581839280e-09
8.694999581448925596e-11
8.072063850672606122e-11
4.897964811512167671e-10
1.310720865177472660e-09
8.002399631834578031e-09
1.024168749808040957e-08
3.073353127547306940e-09
1.483899114695930166e-09
2.923250264075250016e-08
4.391679797599579160e-10
1.133449889501036978e-09
2.448482749883851284e-09
3.697255557266743153e-10
1.333449323182023250e-11
6.954885112264719282e-09
8.542699325708724700e-10
9.376667220450940476e-10
2.529982801036112505e-08
2.557292155813684076e-08
3.505838064299382495e-09
9.289812807899977543e-10
5.473600683814083823e-09
4.292975419595279618e-10
2.505471385916280269e-09
6.419899722942545850e-09
2.273531229946001986e-08
1.693964746252163422e-09
3.673377435564617599e-10
1.101779445455974837e-09
2.813052235595137063e-09
1.450902864519321156e-08
1.159010554196981957e-09
4.857970026250768569e-09
4.044966139815642236e-09
2.071272181547456626e-10
4.347773530088971938e-10
2.390263320606322850e-09
2.848772737706894986e-07
1.025410441002350126e-07
3.826603389711635828e-08
1.047245046237321731e-08
2.821703981581435983e-09
5.022034788026985552e-09
1.446993138642937993e-07
6.588805945284548216e-07
1.086997336585682206e-08
3.092474054611216161e-10
1.410523786660178303e-08
4.080627835634231815e-09
2.793697539971162769e-08
5.413415848920521967e-08
1.337893684727475829e-09
2.745514704471929690e-09
1.085295464609004057e-10
9.103293230339204456e-09
3.663228653749683872e-08
2.282666555775136885e-10
1.676436628406108298e-10
4.812152343269815447e-10
6.658872064857490614e-11
1.279351763416869403e-10
5.168232508623304966e-10
2.992554426484161922e-09
2.385144526328986103e-09
2.301203005927732193e-09
4.921087537468338269e-09
1.133701132971509651e-08
2.622351780168230562e-10
3.168910689410608938e-09
1.202593047366917745e-08
5.073386155629577843e-10
1.854254172428682068e-08
2.943536081545516936e-09
8.748202717789865801e-10
1.050901303756290872e-07
6.785134676334791948e-10
2.882547978089178287e-09
2.186320013919385019e-09
2.321742104127721973e-10
2.376163044104373512e-09
4.188053237541566887e-10
1.224115919740142999e-07
3.773810430818258510e-10
1.618993494822973389e-09
2.841585988733186241e-08
2.038549606897532840e-10
1.558863593764669986e-09
6.337470548345436328e-10
3.521513747273274930e-09
1.194821237504584133e-07
8.313257304770615974e-10
6.674528152394998415e-10
1.551127976062716129e-10
1.449134812148145102e-09
2.546932442726301815e-09
6.353170434181265591e-09
3.759532063440929051e-08
7.194651985287237039e-09
2.158641621008428046e-08
1.734486554383352086e-09
5.551222259647659030e-10
2.170569324277948908e-08
2.198101700656707180e-10
3.333606057864813010e-09
3.694888617289393551e-09
6.631336813001098562e-09
6.210183300936478190e-08
3.231078959942124129e-09
3.268455062155339874e-09
7.564443516017149705e-10
3.564168338243689504e-08
4.671222484375903150e-07
4.713139878376182423e-10
2.711987967529694288e-08
7.984586325449072319e-10
8.199732004499082905e-10
1.171061025928565869e-09
3.552107941118265444e-08
4.350170779154893808e-10
9.051135535509402530e-11
1.792065829064881655e-09
6.729572454844401364e-10
5.534858793510011310e-09
1.761175871806130999e-09
8.965846953756795301e-10
1.488821510520210722e-08
6.461381429900825424e-10
4.008943399469444557e-09
1.234602975408449765e-09
1.021671458545370115e-08
7.903252496888057976e-10
2.350219396873853839e-08
2.358328199392190072e-09
1.100937563336401581e-08
1.025650009367495841e-09
8.822737540548075685e-10
4.813696552474766577e-09
3.754358246510491881e-08
1.239503610861447669e-09
2.535013587934287216e-10
8.284248842471697571e-09
9.213024121379476128e-09
1.351420575446127259e-08
3.540809867530470001e-09
7.787497757760775130e-09
3.802937131869299492e-10
2.476011617957851740e-10
1.399572902016643638e-09
7.187629158522668149e-09
2.915597763220034722e-09
2.663156362103791253e-09
2.695510037398207714e-09
2.229994189306694352e-09
7.114345113024000966e-09
2.366457962921231228e-08
5.478888809307136398e-08
5.166906902331902529e-08
1.574997376962983253e-08
1.005706143364371030e-10
1.470224164634714725e-09
1.838144214616477257e-08
5.978308958987099686e-10
2.761128925499178877e-08
2.776061380771466247e-09
2.005491772649747872e-09
3.302746520716937084e-09
3.763674927270699300e-10
1.089664802833567592e-08
1.687479880274622701e-07
8.662647488222319225e-09
5.567883931689721067e-09
6.362214088895257191e-10
5.576897166292837937e-09
6.871718194467746343e-10
1.631588752992740865e-09
3.709615441493951948e-07
1.983466058064209392e-09
3.452363017686366220e-08
9.538640100004158739e-09
2.626127093563468407e-09
5.038335526563741951e-09
7.540490898350071802e-09
4.155611965650507500e-10
1.277469907634554147e-09
2.913395080739178411e-10
3.569511630718835704e-10
1.415943057248014725e-10
1.116686410007616814e-09
1.395906679135805462e-06
3.043468588259656826e-09
3.862758446437908333e-10
4.257435293197886494e-08
5.180759377054755532e-09
1.237953739519070950e-09
8.265851891842146415e-11
5.371088573902227381e-10
4.723930691064026632e-10
1.101191671182277787e-08
3.034304807414400784e-09
5.714476447593597186e-09
8.690593800153578741e-10
3.611222709754002835e-10
1.709179464626231493e-09
1.672643890060498961e-08
9.513053678134042457e-10
2.142575397101609269e-07
1.199382398953119377e-10
2.420980915740500450e-10
4.229751660034253291e-09
1.094457591221953408e-08
1.290307150014768922e-08
1.719771325348062874e-09
2.240596180813625438e-10
8.437512022396731481e-09
6.383985007296644199e-10
1.742152200279178942e-09
2.356089101596126056e-09
6.147905295961209049e-09
7.763946818784006609e-09
4.495632666134952160e-08
3.153366678887437047e-09
1.724086984289385782e-09
1.347325806477783772e-08
3.312196517057941492e-09
5.075772335771944199e-08
6.998883606001982116e-08
1.108189735532505438e-07
2.533824261519157517e-10
4.884263216098361227e-09
2.272177557216537025e-09
3.668182146920884179e-10
5.163803251662102412e-08
3.878601884110821629e-10
5.149291548711687483e-10
1.254669590444734695e-09
1.431834739662463107e-08
2.007904242873337353e-08
1.462527099427290977e-09
5.639244071709015316e-10
7.863316109357754158e-10
7.548315306138420056e-10
1.604092858542571776e-08
9.189005806264916032e-11
4.151977872624001975e-09
1.328233772968090420e-10
1.567368315136263845e-07
8.759356018295250124e-10
1.591447251758637549e-10
1.365973778533202676e-09
5.932554447696247735e-10
8.555254837894210596e-10
1.888938866434486386e-10
2.019611322623404703e-08
3.746689714034801000e-08
6.486778475478516270e-11
1.491501677719497820e-08
1.701469329873361858e-07
3.159476014147344358e-10
2.443578395183720886e-10
4.279872012347141208e-09
3.268154358249120151e-10
1.935589882817723151e-10
7.852764549731716670e-10
1.179327746569924784e-09
2.438383717162651010e-09
1.004698635398426632e-08
1.285516360027827432e-09
1.476983868542447453e-09
7.115289690773352049e-07
1.083891421060911853e-09
7.829015769011959947e-10
9.033207959419087274e-09
8.018781727514578961e-08
4.288236987726179450e-10
2.270422960748419428e-09
2.261394627112167655e-09
1.050504891408898800e-10
4.596311384830187308e-07
1.882537681296980736e-09
1.027919860341341973e-09
6.173053890279334155e-08
1.058093630490475334e-07
5.218097509640529097e-09
9.966741876255014176e-10
6.232271365647079620e-10
2.316752670594723895e-06
5.689524962271264030e-10
2.563203260752544566e-10
7.997252304825508418e-10
1.888840017727488885e-08
2.141716315406938520e-08
3.375976442843153791e-10
6.861510115641067387e-08
2.206416560568413843e-08
6.123963203208404593e-08
3.069886389539533411e-08
3.295315353923911061e-09
1.580917441401652468e-08
3.662044556485000157e-10
7.543893287831338057e-11
5.877995312708605979e-10
6.914078753972319191e-10
2.453428793458556356e-09
3.602547704595338018e-10
2.925578945767171035e-10
1.481599148922541076e-10
3.396774250763456848e-10
3.162592965288979485e-10
1.109739078408722435e-09
8.730772549370158231e-09
2.395686848899458710e-08
1.472397048729590097e-08
9.720912075295018440e-09
8.404857254618036677e-09
9.267306033677868982e-09
1.039372365951862776e-09
5.486177556690563506e-08
3.055634181237110170e-07
3.046949359486461617e-08
3.244327217544196174e-06
4.092008865086427249e-08
1.595844878465868533e-07
7.774813326477669762e-08
4.578112680064805318e-07
7.577924776569489040e-08
5.676461114489939064e-07
5.530640478923487535e-08
5.255696677863852528e-08
4.348804427678487627e-09
7.562965720353531651e-08
1.534073987841111375e-07
5.737783581594158022e-09
1.533749932614014710e-10
7.682906533190703158e-10
2.554199074467078390e-10
5.791602197824374798e-10
5.563794425178514302e-10
2.547854427437101776e-10
1.379612868390722724e-09
2.471248450319762924e-08
1.876836047687291398e-10
1.151062445359229969e-08
2.353125028164981813e-09
9.384709187543194275e-08
4.940461373337257101e-09
8.928810757424798794e-07
1.158930951206116333e-09
2.451501446287807084e-09
1.089513688157239812e-07
1.761434553770868661e-09
1.337855382033126261e-09
4.728692992728156241e-09
8.693582742580474587e-09
5.962801363779135499e-09
3.201011367082173820e-08
1.997475074233534542e-09
1.063043075788527858e-08
8.697090834175469354e-07
5.780417211553867674e-08
1.629107373446458951e-07
4.544261855699005537e-07
6.789922508687595837e-07
1.594304012542124838e-05
2.891823136508264724e-08
1.082395617579834379e-09
1.771398139283064666e-08
2.786921138309139678e-09
4.439239944531436777e-07
1.537775489168780041e-07
1.491254231211769365e-08
5.133564240367149978e-09
1.767373646544001531e-06
1.430708607141895072e-10
