6.185813108459115028e-04
6.720078090438619256e-05
2.712953428272157907e-04
8.704816718818619847e-05
1.669405319262295961e-04
2.637774196045938879e-05
3.773095086216926575e-04
1.031826104735955596e-05
1.201059058075770736e-05
6.366217712638899684e-05
8.582525879319291562e-06
1.472937874495983124e-04
3.697439296956872568e-06
6.079787635826505721e-05
2.006496470130514354e-05
4.322416862123645842e-05
3.000719698320608586e-05
5.591644367086701095e-05
6.977481098147109151e-05
2.048886562988627702e-05
2.739098621532320976e-03
1.345707369182491675e-05
1.814160059439018369e-04
1.090302175725810230e-04
5.321358003129716963e-06
1.340501876256894320e-05
6.477985607489245012e-06
4.104142499272711575e-05
5.045998477726243436e-06
1.854396759881637990e-05
6.518801092170178890e-04
2.862817927962169051e-05
3.001157529070042074e-05
1.609261234989389777e-04
1.081302107195369899e-04
1.089059805963188410e-04
1.482778316130861640e-04
5.464534297061618418e-06
1.693855892881401815e-06
2.188456419389694929e-04
2.332716576347593218e-05
2.553366357460618019e-06
2.322064756299369037e-05
8.150895155267789960e-06
1.201270970341283828e-05
1.787389555829577148e-05
9.871448128251358867e-05
9.139161193161271513e-06
6.653363379882648587e-05
1.005725498544052243e-04
1.945010590134188533e-04
1.283569963561603799e-05
6.871025107102468610e-06
6.699857476633042097e-05
4.944758074998389930e-06
7.941229705465957522e-05
4.412641828821506351e-06
1.974684164451900870e-05
1.453117351047694683e-03
1.690155113465152681e-05
5.979991783533478156e-06
7.659044058527797461e-06
1.145064288721187040e-05
9.635652531869709492e-06
1.295559486607089639e-04
1.439867482986301184e-04
3.485866955088567920e-06
2.917773417721036822e-05
2.094335286528803408e-06
9.262628736905753613e-06
1.334163812316546682e-06
4.107280346943298355e-06
2.559127096901647747e-06
2.500824848539195955e-06
1.784186906661489047e-06
1.660620227994513698e-06
2.890291943913325667e-05
1.047104797180509195e-05
3.978560016548726708e-06
1.046271427185274661e-05
7.038053354335715994e-06
4.825312134926207364e-05
1.522330421721562743e-05
5.653045263898093253e-06
2.503522773622535169e-05
6.073465192457661033e-05
2.945412234112154692e-05
4.222797542752232403e-06
2.981092620757408440e-05
7.921080396044999361e-05
3.716255014296621084e-05
5.802151008538203314e-06
9.596635209163650870e-05
8.639261977805290371e-06
8.975532182375900447e-06
4.459095634956611320e-06
2.758351365628186613e-05
1.529894187115132809e-03
9.717303328216075897e-04
2.024577232077717781e-03
5.362317315302789211e-04
1.902201802295166999e-05
1.973909384105354548e-04
6.783065618947148323e-04
1.198707468574866652e-04
2.125317951140459627e-05
3.761481639230623841e-05
1.648457146075088531e-05
1.454075973015278578e-04
7.530650473199784756e-04
4.051802079629851505e-06
9.279422670260828454e-07
1.037881811498664320e-04
6.230510189197957516e-05
2.174787186959292740e-05
6.803285032219719142e-06
1.215438078361330554e-05
3.357119567226618528e-05
2.565246904850937426e-05
4.162022087257355452e-04
1.334354055870790035e-05
1.918575071613304317e-05
3.693009603011887521e-06
1.097267522709444165e-05
2.093398943543434143e-04
3.084331910940818489e-05
1.004963723971741274e-05
6.717092765029519796e-05
4.464748781174421310e-05
3.477493009995669127e-04
5.574611350311897695e-05
3.754734643734991550e-04
1.317062764428555965e-03
7.735235703876242042e-05
9.509209194220602512e-04
1.225418964168056846e-04
1.694998354651033878e-04
2.149824285879731178e-03
6.040703738108277321e-06
2.684278588276356459e-04
3.183987864758819342e-04
1.687715703155845404e-04
3.653922249213792384e-05
2.654812706168740988e-04
8.719843463040888309e-04
1.950292289257049561e-02
1.649782992899417877e-03
2.382267994107678533e-04
6.012042285874485970e-04
2.430585300317034125e-04
1.635652151890099049e-03
1.687747135292738676e-05
1.096472533390624449e-05
8.972858631750568748e-05
1.519019497209228575e-05
9.992554259952157736e-05
1.231906935572624207e-04
2.635347664181608707e-05
3.382794966455549002e-05
1.592078115209005773e-05
1.185640667245024815e-05
1.353889965685084462e-04
8.941116539062932134e-05
1.039386279444443062e-05
5.649668673868291080e-05
8.021168468985706568e-06
1.360605710942763835e-05
2.623644286359194666e-05
3.228402783861383796e-05
6.757074879715219140e-05
3.658381683635525405e-05
9.211461292579770088e-05
4.158869705861434340e-05
1.899982744362205267e-04
1.521485683042556047e-04
4.023087967652827501e-05
3.866900442517362535e-05
6.651142757618799806e-05
5.103921284899115562e-04
2.396748459432274103e-05
1.372158749290974811e-05
6.557360175065696239e-04
2.113788359565660357e-04
4.589487434714101255e-05
2.908792521338909864e-04
9.946010686689987779e-05
8.164794417098164558e-05
2.746717291302047670e-05
2.211696410086005926e-04
5.834235926158726215e-04
6.099161328165791929e-05
9.672562591731548309e-04
1.976125349756330252e-04
3.890982407028786838e-05
1.703367342997808009e-05
1.359735324513167143e-04
5.856383722857572138e-05
5.039287498220801353e-05
2.557952393544837832e-05
9.090999810723587871e-05
3.265710620325990021e-05
5.536950266105122864e-05
9.252709423890337348e-05
1.740785781294107437e-03
1.036831090459600091e-04
3.934250707970932126e-05
5.498998507391661406e-05
5.085914744995534420e-04
5.104817100800573826e-04
6.084303604438900948e-04
1.380249977955827489e-05
1.235521922353655100e-04
1.360533060505986214e-04
2.634548400237690657e-05
2.448139821353834122e-05
1.906818797579035163e-04
2.455066423863172531e-04
1.453183213016018271e-04
3.630973224062472582e-04
1.896335888886824250e-04
2.214709456893615425e-05
1.764284388627856970e-04
2.643863845150917768e-04
5.300122429616749287e-04
1.623614516574889421e-04
1.973715552594512701e-04
9.373082320962566882e-06
4.987484135199338198e-05
8.806695404928177595e-05
2.918523678090423346e-04
2.257943851873278618e-04
3.203262458555400372e-04
2.439990203129127622e-04
1.160827014246024191e-05
6.654670869465917349e-05
5.199331280891783535e-05
4.297328268876299262e-05
6.038310675648972392e-05
1.598278176970779896e-04
1.707193150650709867e-04
3.814343072008341551e-04
3.087455988861620426e-04
8.748876280151307583e-05
1.887618418550118804e-05
1.123323818319477141e-05
2.500555710867047310e-04
7.281533271452644840e-06
1.118894288083538413e-04
3.892683889716863632e-04
6.165694212540984154e-04
9.555089054629206657e-04
6.480330193880945444e-05
3.935569566237973049e-06
1.045645985868759453e-04
5.268973836791701615e-05
4.783991244039498270e-05
1.651357742957770824e-04
3.284496197011321783e-04
1.714226440526545048e-03
1.990366436075419188e-04
4.462833021534606814e-05
8.915580838220193982e-05
1.777420038706623018e-05
5.732610588893294334e-04
5.398010034696199000e-05
1.610434992471709847e-04
3.323006676509976387e-04
1.046944642439484596e-03
6.627003585890633985e-06
8.326282841153442860e-05
1.652208447922021151e-04
1.686751056695356965e-05
7.845785876270383596e-05
8.035535574890673161e-05
2.492074418114498258e-05
7.084565822879085317e-06
1.515993426437489688e-05
1.041196373989805579e-04
3.459866275079548359e-05
2.423239173367619514e-03
5.423934999271295965e-05
2.169426079490222037e-05
4.203898060950450599e-05
4.897687904303893447e-05
5.446768773254007101e-05
1.847404928412288427e-05
1.219798432430252433e-04
6.415750976884737611e-05
6.654381650150753558e-06
3.710804594447836280e-05
2.061383020190987736e-05
2.860451786546036601e-05
8.345720561919733882e-05
9.042806595971342176e-06
1.382418442517518997e-03
1.099248620448634028e-04
1.044920273125171661e-02
1.556908682687208056e-04
2.252545236842706800e-04
1.024938319460488856e-04
5.208475158724468201e-06
3.802747596637345850e-05
2.880642568925395608e-06
3.077105930060497485e-06
2.390953341091517359e-06
3.151157579850405455e-05
7.146555162762524560e-06
4.305817583372117952e-06
9.407272955286316574e-06
1.635020453250035644e-05
3.461919550318270922e-05
6.562758699146797881e-06
8.213719411287456751e-06
7.152091257012216374e-06
8.053483725234400481e-06
5.564797447732416913e-06
2.778732778097037226e-06
1.371528810523159336e-06
4.433919457369484007e-06
1.341129791398998350e-05
1.256404812011169270e-05
1.385995119562721811e-06
3.190643155903671868e-06
1.917022927955258638e-06
6.023313744663028046e-06
6.715417839586734772e-06
3.092837005169712938e-06
6.140593322925269604e-04
1.780376915121451020e-04
3.068360456381924450e-05
2.301767381140962243e-05
7.100194488884881139e-05
1.387241445627296343e-05
2.216515895270276815e-05
1.006964521366171539e-04
3.978819950134493411e-05
1.937456545419991016e-03
6.258685025386512280e-04
1.015555899357423186e-04
1.631410782465536613e-06
2.123152444255538285e-05
3.582872886909171939e-05
4.931884905090555549e-05
1.001850887405453250e-05
5.631186068058013916e-04
1.083817624021321535e-04
2.454688365105539560e-04
2.213036204921081662e-04
3.599991614464670420e-04
8.081878331722691655e-05
1.635603839531540871e-04
1.518944827694213018e-06
1.408156367688206956e-05
7.259996891662012786e-06
2.741956632235087454e-05
2.009854651987552643e-04
2.281859749928116798e-03
1.031831954605877399e-03
9.550319373374804854e-05
4.934561729896813631e-05
3.180640516802668571e-03
5.363951277104206383e-05
1.054240055964328349e-04
3.396057581994682550e-05
1.413581503584282473e-05
1.854426773206796497e-05
4.054440432810224593e-05
9.451850928599014878e-06
3.669769648695364594e-05
3.358179674251005054e-05
3.116711450275033712e-04
1.504961401224136353e-04
1.104740425944328308e-03
4.590873140841722488e-03
1.458298211218789220e-04
8.262897608801722527e-05
4.385739157442003489e-05
8.176895789802074432e-05
4.238389374222606421e-05
1.188520673167658970e-05
1.365452335448935628e-04
3.060678427573293447e-04
2.522370195947587490e-04
5.670050086337141693e-05
2.034167846431955695e-05
1.355678105028346181e-04
4.702129808720201254e-05
1.499942754890071228e-05
2.019227249547839165e-04
9.584325016476213932e-05
3.861451696138828993e-04
8.987130131572484970e-04
6.777804810553789139e-05
8.640436863061040640e-05
1.898312621051445603e-04
2.292434073751792312e-04
1.316350608249194920e-05
1.125624621636234224e-04
4.026390797662315890e-06
1.483320647821528837e-05
1.402507905368111096e-06
3.629058483056724072e-06
6.717210908391280100e-06
4.028340117656625807e-05
2.416327515675220639e-05
4.344891567598097026e-05
3.303031917312182486e-06
1.589558269188273698e-05
4.987175270798616111e-05
7.916235517768654972e-06
5.976702141197165474e-06
8.197407055376970675e-07
3.344851211295463145e-05
9.440094800083898008e-06
1.417419298377353698e-05
5.122671154822455719e-06
1.316833277087425813e-06
4.598949162755161524e-04
9.335293725598603487e-06
1.670010169618763030e-05
4.570978035189909860e-06
4.080458893440663815e-04
3.283180831203935668e-06
2.402541895207832567e-06
1.623948946871678345e-06
1.767733629094436765e-04
2.707897010623128153e-06
1.640829723328351974e-04
4.767735663335770369e-05
8.422844075539615005e-06
4.296199222153518349e-06
4.188854632047878113e-07
3.715434559126151726e-06
2.865482529159635305e-04
2.802964991133194417e-05
1.947379860212095082e-05
9.954917004506569356e-06
1.093145646154880524e-02
5.050596428191056475e-06
9.645480531617067754e-06
1.376310101477429271e-04
1.423622597940266132e-04
5.065315781394019723e-05
4.730996352009242401e-06
2.117943040502723306e-05
1.542269019410014153e-04
2.784497155516874045e-06
1.136181526817381382e-03
3.543702041497454047e-05
6.984365172684192657e-03
1.019167120830388740e-05
7.855417607061099261e-06
1.153277207777136937e-05
2.314330231456551701e-06
5.975847216177498922e-06
2.202072937507182360e-05
1.534634611743967980e-05
3.134388680336996913e-05
6.791315536247566342e-05
3.119360599157516845e-06
8.595862239599227905e-02
2.345906750633730553e-06
6.320700776996091008e-05
2.130331413354724646e-04
7.200497293524676934e-06
2.220763235527556390e-06
1.277672345167957246e-05
4.929880788040463813e-07
1.594951936567667872e-05
2.282012974319513887e-05
1.497265202488051727e-06
1.269445638172328472e-04
3.234905656427145004e-03
1.001914915832458064e-05
1.404378417646512389e-05
9.939525625668466091e-05
1.929703103087376803e-06
2.969267825392307714e-06
1.251906451216200367e-05
1.096275900636101142e-05
1.276217062695650384e-05
1.193356183648575097e-06
2.641213541210163385e-06
1.322987023741006851e-02
1.346407661912962794e-04
6.975281849008752033e-06
8.070622243394609541e-06
9.294190931541379541e-06
1.293399691348895431e-04
8.000263187568634748e-05
2.322026148249278776e-06
7.109249509085202590e-06
1.060050180967664346e-05
8.035605105760623701e-07
1.127770883613266051e-05
1.782147819540114142e-06
3.365096290508517995e-06
5.344045348465442657e-04
1.486505516368197277e-05
1.850356602517422289e-05
6.037487401044927537e-05
1.588276245456654578e-05
2.670056164788547903e-05
2.007169086937210523e-06
5.898492418054956943e-06
2.887357732106465846e-05
8.887642616173252463e-05
6.865084287710487843e-06
1.806808904802892357e-05
9.941003327185171656e-07
4.858804459217935801e-05
1.805739157134667039e-05
4.334021923568798229e-06
9.781017979548778385e-06
2.258316271763760597e-06
1.550395245430991054e-05
2.866887371055781841e-06
6.006595504004508257e-05
3.112067497568204999e-05
7.354954504990018904e-06
7.733810889476444572e-07
4.076775439898483455e-06
1.252784204552881420e-05
1.113039179472252727e-04
3.465719828454894014e-06
4.358464851975440979e-02
2.772967036435147747e-06
4.502356659941142425e-06
1.819229282773449086e-06
2.421095450699795038e-05
2.039952050836291164e-06
2.224561103503219783e-05
7.364057182712713256e-06
4.062097559653921053e-06
3.617327593019581400e-06
6.220141131052514538e-06
6.974450661800801754e-04
2.774978929664939642e-05
2.168612118111923337e-04
6.992962880758568645e-05
8.184385660570114851e-05
4.013689249404706061e-06
3.337209136589081027e-06
1.176726982521358877e-05
1.270307166123529896e-05
3.437060740907327272e-06
6.962949896660575178e-07
5.315641828929074109e-06
9.338134987046942115e-06
3.827603450190508738e-06
1.470504230383085087e-06
1.728062488837167621e-05
5.088461421109968796e-06
1.736477088343235664e-06
1.271221553906798363e-04
2.144643076462671161e-06
3.765933797694742680e-06
6.246764678508043289e-05
1.109912773245014250e-05
1.865137528511695564e-05
4.918824288324685767e-06
4.528988029051106423e-06
1.437035389244556427e-03
4.152526798861799762e-06
3.116147695436666254e-07
9.540129212837200612e-06
5.312844677973771468e-06
1.090613659471273422e-05
1.906613215396646410e-05
1.227967550221364945e-05
9.954726920113898814e-06
4.024022473458899185e-06
1.116350085794692859e-05
1.398737913405057043e-05
1.312868407694622874e-04
3.166608803439885378e-05
2.805013173201587051e-05
1.803744453354738653e-05
4.417368472786620259e-05
5.728279120376100764e-06
2.048072055913507938e-04
9.419266461918596178e-06
1.358820190944243222e-05
5.965523996565025300e-06
3.102863956883084029e-06
5.728317319153575227e-06
7.653929401385539677e-07
2.214776759501546621e-05
2.260468818349181674e-06
4.073561285622417927e-06
4.305538823246024549e-06
1.481677827541716397e-05
3.398605485926964320e-06
4.795074346475303173e-06
7.142241884139366448e-06
4.614089993992820382e-05
2.401420533715281636e-05
6.641422714892541990e-06
1.353223160549532622e-05
1.808658635127358139e-05
5.196486017666757107e-05
1.965561295946827158e-06
9.145269359578378499e-07
2.124412276316434145e-05
2.108537410094868392e-05
1.112401878344826400e-05
2.027055870712501928e-06
1.373355985379021149e-06
2.101980135194025934e-05
2.736453607212752104e-04
2.718493078646133654e-06
1.979573244170751423e-05
5.913259883527643979e-06
5.624425739370053634e-06
9.055924238055013120e-06
1.441442600480513647e-05
1.282216835534200072e-04
2.836341991496738046e-06
2.088159999402705580e-05
1.930760845425538719e-05
1.852205059549305588e-05
1.278020863537676632e-05
4.299607462598942220e-05
4.306988103053299710e-06
5.661386239808052778e-06
1.440551423002034426e-04
7.056097729218890890e-06
5.476538262882968411e-06
9.128505189437419176e-05
2.512409309929353185e-06
5.550396963371895254e-06
1.873773726401850581e-05
6.943537300685420632e-06
2.276131453982088715e-05
1.693026570137590170e-05
6.521854174934560433e-06
3.453699946476262994e-06
5.813031384604983032e-05
5.514464646694250405e-05
4.913945667794905603e-05
6.090195256547303870e-06
2.944037305496749468e-06
2.466647856635972857e-06
7.450507382600335404e-06
6.332136763376183808e-06
4.857731710217194632e-06
8.677969453856348991e-04
5.014524049329338595e-06
8.484635145578067750e-07
2.527795732021331787e-03
6.522799594677053392e-06
3.093878603976918384e-06
1.238295135408407077e-05
3.665621261461637914e-05
4.165705104242078960e-05
4.228721536492230371e-06
4.382231782074086368e-05
6.596111779799684882e-05
2.118260272254701704e-05
3.514838908813544549e-06
1.859895928646437824e-05
2.802610879371059127e-06
1.402754037371778395e-06
2.491449413355439901e-05
2.234584389952942729e-04
1.362513194180792198e-05
2.640081766003277153e-05
7.112796083674766123e-06
5.428965232567861676e-05
5.709370270778890699e-06
1.860176416812464595e-05
4.264668968971818686e-04
1.650026068091392517e-03
4.521090431808261201e-06
1.020454783429158852e-05
5.041683834861032665e-06
1.226632048201281577e-05
1.802253427740652114e-05
1.396131119690835476e-05
1.031651845551095903e-05
4.869657004746841267e-06
8.774364687269553542e-06
2.334082964807748795e-04
5.595002221525646746e-06
2.435953774693189189e-06
4.815577085537370294e-06
1.025380583996593487e-06
1.808280103432480246e-06
8.390593961848935578e-07
6.702042583128786646e-07
5.795299330202396959e-06
4.605651156452950090e-06
3.711613317136652768e-06
1.202043960802257061e-03
5.650612001772969961e-05
2.725877675402443856e-05
2.069355541607365012e-04
3.250916051911190152e-07
2.150856889784336090e-04
1.305215209868038073e-05
1.546577914268709719e-05
7.048669067444279790e-05
5.108398681841208600e-07
4.886066890321671963e-04
1.953646642505191267e-05
4.502651063376106322e-05
4.141773388255387545e-04
9.808442882786039263e-06
1.080809306586161256e-05
1.088201543097966351e-06
3.405233883313485421e-06
8.973966032499447465e-06
8.864537448971532285e-06
1.878551984191290103e-06
3.836535142909269780e-06
5.399248038884252310e-06
4.136211355216801167e-04
9.042444617080036551e-06
4.891034681349992752e-03
6.094273885537404567e-06
1.439323114027502015e-05
1.472524218115722761e-05
1.806774344004224986e-05
1.461101237509865314e-05
1.184002321679145098e-04
3.161862332490272820e-05
2.324846718693152070e-06
5.566416657529771328e-04
3.072565232287161052e-05
5.214376415096921846e-07
1.264090769836911932e-05
1.618233568478899542e-06
5.654419965139823034e-06
2.149418432964012027e-04
2.804426230795797892e-06
2.464732824591919780e-05
3.243417495468747802e-06
4.388517481856979430e-05
2.545987990743014961e-05
2.677194061107002199e-06
1.939429921549162827e-06
4.774999979417771101e-06
5.700306246581021696e-06
1.646880991756916046e-05
5.699205939890816808e-05
1.561933117955049966e-06
1.557301402499433607e-06
4.719333901448408142e-06
4.586930117511656135e-06
6.291664612945169210e-05
6.375698831107001752e-06
6.766435035387985408e-06
1.997206709347665310e-05
3.527848548401379958e-06
1.820725515244703274e-06
4.695251482189632952e-05
1.598342896613758057e-05
4.831044861930422485e-05
2.891973825171589851e-03
1.056768633134197444e-05
4.239013833284843713e-06
7.431723133777268231e-06
1.034749766404274851e-05
1.175253328256076202e-05
1.157785482064355165e-05
1.739750041451770812e-05
6.621902457482065074e-07
6.198674782353918999e-06
8.755407179705798626e-06
4.562615686154458672e-06
1.765934212016873062e-05
4.127912234253017232e-06
6.334643785521620885e-06
2.282030436617787927e-05
5.213476833887398243e-05
2.832659083651378751e-05
9.725999007059726864e-06
2.382295178904314525e-06
3.118827862635953352e-06
3.323927376186475158e-05
2.838868531398475170e-04
1.321127683695522137e-06
7.642624404979869723e-05
5.046773367212153971e-06
1.364254148938925937e-05
4.409914254210889339e-05
7.266150419127370697e-07
2.092520617225090973e-06
1.216949840454617515e-06
6.153240519779501483e-06
4.681131713368813507e-07
9.341639088233932853e-05
6.241309893084689975e-05
1.023904678731923923e-05
7.153571004892000929e-06
3.613805893110111356e-05
1.674633676884695888e-05
3.012329034390859306e-05
2.954611773020587862e-07
1.660633643041364849e-05
2.742632432273239829e-06
4.731095395982265472e-04
4.618968159775249660e-05
1.340512153547024354e-05
5.226362645771587268e-06
4.569123484543524683e-05
2.859238156815990806e-05
1.199036796606378630e-05
1.038439131662016734e-05
7.310834917007014155e-06
4.536271262622904032e-06
1.943024926731595770e-06
8.894318852981086820e-06
6.912820026627741754e-06
2.515934174880385399e-04
1.504332067270297557e-05
1.146880640590097755e-05
4.142721081734634936e-06
3.268150248914025724e-05
5.348312697606161237e-06
4.751200322061777115e-05
8.292118436656892300e-04
2.774617769318865612e-06
6.119654699432430789e-06
1.396104471496073529e-05
3.358139889314770699e-03
8.187863386410754174e-06
6.376598776114406064e-06
1.083965889847604558e-05
8.400363003602251410e-05
8.303164577228017151e-06
4.502541287365602329e-06
1.676575338933616877e-04
2.146408223779872060e-04
4.873176294495351613e-05
6.345403380692005157e-05
2.789582067634910345e-04
2.394645562162622809e-04
6.209262210177257657e-05
5.064915399998426437e-03
1.311457526753656566e-05
2.815342122630681843e-05
5.070037514087744057e-05
2.397994467173703015e-05
4.051578343933215365e-06
1.265693845198256895e-05
7.341177479247562587e-06
8.199772310035768896e-06
2.922352905443403870e-06
7.002282018220284954e-06
6.908104842295870185e-05
1.730805379338562489e-04
3.545575076714158058e-03
1.669495133683085442e-03
2.074633357551647350e-06
2.281482011312618852e-05
3.160181449857191183e-06
1.400831592945905868e-06
7.279760029632598162e-05
6.285310973908053711e-06
8.271720162156270817e-07
2.305645102751441300e-05
8.991089998744428158e-06
2.514110019546933472e-05
2.741144498941139318e-06
2.295776766914059408e-06
2.182684875151608139e-05
8.798678754828870296e-05
8.693711606611032039e-06
6.414126801246311516e-06
1.704711212369147688e-05
2.959827834274619818e-04
2.451054169796407223e-04
1.614548637007828802e-05
2.587873723314260133e-06
4.359961167210713029e-06
8.199213334592059255e-05
1.831001463870052248e-05
1.321692366218485404e-06
3.846276376862078905e-04
3.229298818041570485e-05
1.523458081464923453e-06
8.937982784118503332e-06
3.485886963972006924e-06
6.286615098360925913e-05
2.532561211410211399e-06
6.241104074433678761e-06
4.989970420865574852e-06
6.327691487967967987e-03
5.431873432826250792e-06
2.016269718296825886e-05
1.160341639661055524e-06
2.850875034710043110e-06
2.576194674475118518e-06
1.166911260952474549e-06
7.244324478961061686e-06
6.909893727424787357e-06
4.547507614915957674e-06
2.237820590380579233e-04
7.845935760997235775e-05
5.628072176477871835e-05
4.408755557960830629e-06
1.656273161643184721e-05
1.265619084733771160e-05
8.028821866901125759e-06
5.193505785427987576e-06
2.468666934873908758e-06
7.939102215459570289e-05
1.731199008645489812e-04
1.462979344069026411e-05
1.011753920465707779e-05
3.532995106070302427e-05
9.625343227526172996e-05
8.037843508645892143e-04
9.914522524923086166e-05
1.249827764695510268e-04
2.284044239786453545e-05
2.598468427095212974e-06
3.718773996297386475e-06
1.953581340785603970e-05
3.309589010314084589e-05
3.077832298004068434e-05
1.756312826728390064e-06
2.243923745481879450e-06
1.215776592289330438e-05
1.283815981878433377e-05
2.918982545452308841e-06
1.502001850894885138e-06
3.829516572295688093e-06
3.136332088615745306e-05
3.702993581100599840e-06
6.059848601580597460e-06
3.187084757882985286e-06
1.013645260172779672e-06
2.369118192291352898e-06
7.296200692508136854e-06
2.235948522866237909e-05
9.724464325699955225e-05
6.583124559256248176e-06
4.911828000331297517e-05
5.623822653433308005e-05
1.688912743702530861e-05
5.330892236088402569e-06
2.669824425538536161e-05
2.433479858154896647e-05
5.228366262599593028e-06
4.611597887560492381e-06
1.138378938776440918e-04
8.106456516543403268e-05
3.534991947162779979e-06
2.853574733308050781e-05
1.733449316816404462e-04
1.141406482929596677e-05
4.112887836527079344e-05
3.664946780190803111e-05
5.998849883326329291e-05
5.406796844908967614e-06
1.798542257347435225e-06
3.068638325203210115e-04
1.706021180325478781e-06
9.604362958270939998e-07
3.682759415823966265e-05
2.889579263865016401e-06
1.709849016151565593e-06
6.515541031149041373e-07
1.035957302519818768e-05
5.228685949987266213e-06
3.983882834290852770e-06
9.275375305151101202e-06
6.385635515471221879e-06
8.162657613866031170e-04
6.596048478968441486e-05
3.729853779077529907e-02
4.236661829054355621e-03
7.791626267135143280e-03
2.903641760349273682e-01
4.253168776631355286e-02
1.584791950881481171e-02
1.193001307547092438e-02
2.485263198614120483e-01
3.456834005191922188e-03
1.387220891047036275e-06
5.375785985961556435e-04
5.065067089162766933e-04
1.607685815542936325e-03
3.939905218430794775e-05
7.436529813276138157e-06
6.278706132434308529e-05
5.148228956386446953e-05
9.998092536989133805e-06
2.929450238298159093e-05
6.016479164827615023e-05
1.856091694207862020e-05
2.624961780384182930e-06
8.424056431977078319e-06
4.897524195257574320e-05
3.848226333502680063e-05
5.505389708559960127e-05
3.825780368060804904e-05
4.319046274758875370e-05
