1.119047519750893116e-04
2.301413132954621688e-06
2.737853210419416428e-04
4.971737507730722427e-03
1.619478911161422729e-01
1.615032367408275604e-02
2.692805528640747070e-01
3.821654900093562901e-06
2.277554085594601929e-05
3.167195245623588562e-05
1.373705060814245371e-07
1.771028451003076043e-06
5.528258043341338634e-06
4.575263301376253366e-05
8.479960911245143507e-07
8.851836810208624229e-07
2.345083885302301496e-06
4.005113169114338234e-06
2.056427365459967405e-05
6.787520874240726698e-07
3.898918748745927587e-06
1.072339614438533317e-06
1.742249764902226161e-06
3.148938048980198801e-05
2.881023135614668718e-07
1.095844345400109887e-05
4.545212141238152981e-05
6.043066605343483388e-06
4.626154259312897921e-05
1.365170028293505311e-04
4.561822424875572324e-05
6.009133812767686322e-07
2.853135583791299723e-06
4.118994111195206642e-04
1.754463417455554008e-03
2.099422090395819396e-05
2.010087700909934938e-05
7.981543603818863630e-06
1.412528508808463812e-04
8.113967487588524818e-05
5.092796982353320345e-06
6.693649629596620798e-05
6.356623543979367241e-06
3.295821807114407420e-05
1.554931077407673001e-04
1.796013384591788054e-05
1.104244347516214475e-05
2.928778712885105051e-06
1.215260941535234451e-03
3.828945409622974694e-05
5.395359767135232687e-05
3.081248360103927553e-05
2.060884376987814903e-03
4.130628076381981373e-04
4.046784713864326477e-03
2.679013123270124197e-04
1.458707411075010896e-04
1.559331722091883421e-04
2.834554994478821754e-03
2.376597549300640821e-04
4.052786156535148621e-03
1.039670431055128574e-03
2.504644216969609261e-03
4.604064859449863434e-03
5.113834631629288197e-04
5.413841083645820618e-02
1.243434264324605465e-03
1.080472022294998169e-03
4.520468355622142553e-04
3.438433122937567532e-05
1.378749061586859170e-07
2.988885853483225219e-06
8.217127600573803647e-08
2.942099968095135409e-07
6.840505051286527305e-08
2.965357452922035009e-06
6.030179793015122414e-05
4.031674507132265717e-06
7.422530416079098359e-06
4.482531585381366313e-05
1.749859620758797973e-06
2.738667944868211634e-06
7.897000614320859313e-06
3.556737624421657529e-07
1.167972914117854089e-05
8.014547347556799650e-06
4.316001650295220315e-06
1.517981309007154778e-05
5.929798021497845184e-07
5.611744654743233696e-06
2.486168284576706355e-07
4.593402138652891153e-07
1.582506712338727084e-07
1.430507040822703857e-06
6.839351044618524611e-06
3.439366125235210347e-08
3.274272557973745279e-06
6.983859202591702342e-05
2.306968326593050733e-06
1.068649216904304922e-04
1.876061869552358985e-04
6.660623512289021164e-06
1.031320076435804367e-03
3.060213290154933929e-03
1.564314123243093491e-03
1.637420609768014401e-05
3.227074863389134407e-03
1.023693403112702072e-04
2.291521741426549852e-05
8.446219908364582807e-06
2.265766524942591786e-04
3.175508172716945410e-04
4.402141203172504902e-04
2.421726276224944741e-05
2.289709635078907013e-03
2.301229869772214442e-05
8.191500091925263405e-05
1.668693016654287931e-06
1.381917627440998331e-05
9.160131412500049919e-06
8.048394192883279175e-06
2.344207587157143280e-06
1.929716290760552511e-06
1.136469336415757425e-06
1.423819503543199971e-05
8.260700997198000550e-05
6.079060767660848796e-06
1.142289605127189134e-07
1.357951532554579899e-06
3.342486934343469329e-06
3.980771361966617405e-05
3.679855944938026369e-05
1.027681901177857071e-05
4.899626446785987355e-07
9.219015737471636385e-06
2.831520760082639754e-06
3.113865204795729369e-06
1.868208528321702033e-05
1.285763687519647647e-06
6.609011052205460146e-06
6.621754891966702417e-06
2.682405465748161077e-06
3.272606932114285883e-07
3.164351073792204261e-05
1.132680699811317027e-05
4.852312486036680639e-05
6.636272883042693138e-05
8.662442269269376993e-05
1.309436811425257474e-05
4.575215571094304323e-04
4.799572750926017761e-03
2.067541936412453651e-04
1.114918518396734726e-06
3.295996521046618000e-06
1.058294674294302240e-05
1.184555294457823038e-04
1.681565117905847728e-05
2.431694838378462009e-06
5.683683048118837178e-05
1.138691295636817813e-04
2.310626587131991982e-05
5.393206956796348095e-04
4.072891897521913052e-04
2.603459288366138935e-04
9.817845420911908150e-05
2.084616426145657897e-05
4.513304738793522120e-04
5.254306961433030665e-05
1.362606126349419355e-04
7.363423355855047703e-05
2.825265692081302404e-04
3.743095789104700089e-03
1.874367473646998405e-03
1.960303197847679257e-04
1.712525554466992617e-04
1.201155896524142008e-06
1.620437542442232370e-04
1.239564880961552262e-04
3.247757675126194954e-03
5.215230863541364670e-03
7.580893579870462418e-03
5.418228101916611195e-05
8.737261669011786580e-05
1.846099985414184630e-05
6.541411130456253886e-05
1.070032012648880482e-04
1.144937778008170426e-05
6.970428330532740802e-06
4.696366886491887271e-05
3.369293699506670237e-04
1.838766002038028091e-05
6.248153658816590905e-05
3.067222496611066163e-05
1.158645536634139717e-04
1.513934785180026665e-05
1.169414143078029156e-03
1.798109442461282015e-04
9.416286047780886292e-05
1.669679113547317684e-05
1.077383567462675273e-04
2.608317572594387457e-06
1.256591895071323961e-05
3.936938592232763767e-04
5.137267726240679622e-05
3.395656312932260334e-05
9.233348537236452103e-04
2.144683530787006021e-04
8.814896864350885153e-05
2.776342676952481270e-03
2.648872695863246918e-02
5.474474281072616577e-03
9.677527850726619363e-05
1.052411462296731770e-04
1.988896110560745001e-04
9.390745617565698922e-06
2.070185728371143341e-04
1.176404020952759311e-05
2.299984917044639587e-03
2.347235422348603606e-04
2.156356204068288207e-04
1.426622911822050810e-04
5.284610087983310223e-04
5.113031875225715339e-06
3.520493919495493174e-04
1.452534197596833110e-04
6.341417320072650909e-04
2.409971602901350707e-05
2.414853544905781746e-03
1.332170427303935867e-06
4.641449049813672900e-05
1.460927160223945975e-05
8.499278919771313667e-05
1.124993723351508379e-04
7.847118104109540582e-05
1.461446954635903239e-04
5.824235995532944798e-05
5.923993885517120361e-04
3.367701719980686903e-05
2.029507013503462076e-04
7.899633783381432295e-05
2.695112380024511367e-05
2.533995393605437130e-05
1.676557934843003750e-03
5.496367230080068111e-04
2.318073529750108719e-05
2.153956564143300056e-03
2.680397126823663712e-03
1.245919702341780066e-04
7.949891733005642891e-05
6.338738603517413139e-05
1.418087398633360863e-03
2.290629054186865687e-04
4.549407549347961321e-06
1.226725871674716473e-04
3.012466186191886663e-04
2.761252108030021191e-05
1.039464725181460381e-03
1.693537160463165492e-05
3.227048728149384260e-05
2.801580740197096020e-05
2.444428355374839157e-05
1.523517039458965883e-05
1.065634205588139594e-05
9.771426266524940729e-05
1.142465698649175465e-04
3.314422065159305930e-05
3.893466055160388350e-05
1.067022367351455614e-05
8.590953075326979160e-04
6.032518285792320967e-06
1.023758341034408659e-05
2.498050662325113080e-06
5.033598426962271333e-06
1.858519390225410461e-04
4.368114332464756444e-06
1.177673584606964141e-05
1.217363314935937524e-04
6.891448265378130600e-06
6.445202870963839814e-06
2.318856240890454501e-05
5.574449460254982114e-06
3.208487760275602341e-04
7.969902071636170149e-05
6.616887731070164591e-06
6.690351292490959167e-04
3.237256314605474472e-04
1.116547718993388116e-04
4.974118201062083244e-05
3.334244638608652167e-06
1.593051024428859819e-06
1.011723088595317677e-05
4.551477559289196506e-06
1.240637402588617988e-06
1.002247927317512222e-06
5.735481681767851114e-05
5.986363612464629114e-05
4.948990863340441138e-06
1.221074126078747213e-05
1.187622896395623684e-03
4.784753764397464693e-05
1.062583550037743407e-07
2.892577981583599467e-07
1.542247645147654111e-07
2.998133936671365518e-07
9.442462811648510979e-08
2.242492882942315191e-06
1.047692330757854506e-05
2.305846358297003462e-08
1.102441729017300531e-07
1.851712312372910674e-07
6.259685051190899685e-06
6.977671063168600085e-08
2.951587418920098571e-07
1.559478960189153440e-06
2.477596808603266254e-06
1.091561102839477826e-06
3.073192544889025157e-07
2.329268511402915465e-07
5.308785375746083446e-07
2.779706846922636032e-07
2.236857028492522659e-07
3.021019210791564547e-06
1.011468839351437055e-06
5.881629405735111504e-08
9.883566463031456806e-07
7.960930474837368820e-07
3.395753083168528974e-07
5.441559478640556335e-04
1.782973413355648518e-05
1.033445238135755062e-03
5.407733624451793730e-05
1.760880695655941963e-05
3.754734734684461728e-06
1.058149937307462096e-04
6.586353410966694355e-04
2.636452563820057549e-06
1.802950100682210177e-05
2.055905992165207863e-03
1.820212637539952993e-04
4.184073986834846437e-06
9.714314046505023725e-07
8.911115000955760479e-04
2.235097199445590377e-04
1.490100839873775840e-05
4.643733700504526496e-05
1.761650928528979421e-04
2.040295803453773260e-04
3.489908749543246813e-06
3.929129161406308413e-05
4.919303137285169214e-06
4.995248673367314041e-05
1.559600832479191013e-06
8.963391451288771350e-07
1.856713424785993993e-05
7.598195225000381470e-06
1.257808798982296139e-05
3.365475451573729515e-03
2.878333674743771553e-03
3.079644404351711273e-03
1.971891848370432854e-03
1.077191997319459915e-02
4.457053437363356352e-04
1.456175697967410088e-03
1.134768026531673968e-04
7.427798700518906116e-04
1.160655574494739994e-05
1.059712667483836412e-05
1.455327401345130056e-05
2.602612767077516764e-06
4.221839390083914623e-06
1.726017899272846989e-06
3.672905222629196942e-06
1.050211176334414631e-05
9.568384848535060883e-05
3.902296157320961356e-06
1.783969196367252152e-06
5.595426841864536982e-07
1.120018532674293965e-05
2.902664527937304229e-05
2.525387571949977428e-05
9.292154572904109955e-06
1.994557351281400770e-05
2.032689280895283446e-06
7.841937986086122692e-06
9.287390980716736522e-07
5.364115349948406219e-05
3.198329750375705771e-06
1.789025191101245582e-05
4.729341071652015671e-06
2.085136366076767445e-04
2.475600242614746094e-01
3.165155649185180664e-04
1.986704319278942421e-06
3.911577550752554089e-06
5.326019972562789917e-02
6.587314885109663010e-03
1.200436236103996634e-05
2.955845266114920378e-04
1.010067691709082283e-07
1.053818436957953963e-06
4.253065100101593998e-08
4.162413347330584656e-07
6.885538823553360999e-07
1.498789629295060877e-06
1.552289035089415847e-07
3.116330660191124480e-08
1.828333751063837553e-07
9.114816634792077821e-08
1.302519990531436633e-06
2.904253619817609433e-07
2.377601731495815329e-06
8.811039151623845100e-07
4.636867961380630732e-04
1.094229219233966433e-06
1.458036251733574318e-07
6.301750545389950275e-06
2.142770881619071588e-06
6.009496900105659734e-08
8.938051365703358897e-08
2.602132553874980658e-05
1.306237572862301022e-05
6.457982181018451229e-06
1.863265788415446877e-05
5.334905381459975615e-06
1.270031702915730421e-06
8.702899734203128901e-09
5.822403181809931993e-07
4.487411570153199136e-05
7.952266023494303226e-04
3.021235215783235617e-06
7.227945388876833022e-07
4.550531684799352661e-06
1.090666160052933265e-06
8.814119610178750008e-06
2.988888809341005981e-06
8.844039984978735447e-05
1.360431269858963788e-06
1.030459770845482126e-06
1.377307398797711357e-05
1.302483383369690273e-07
9.533880984236020595e-06
1.489189571657334454e-06
1.189166951576225983e-07
4.675584477809024975e-06
6.356390258588362485e-07
7.692688996030483395e-06
2.380863151074663620e-07
8.113967169265379198e-07
5.255344603938283399e-07
1.081389768842200283e-07
6.971458333282498643e-06
2.181709987780777737e-06
2.102542566717602313e-06
5.742799089603067841e-07
1.144422370202846650e-07
3.105195719399489462e-05
1.090819660021224990e-05
1.233065972883196082e-06
6.823539024480851367e-06
7.641192496521398425e-06
2.251412661280483007e-05
5.769915787823265418e-06
9.309051165473647416e-06
3.540912410244345665e-03
1.479471734455728438e-06
2.854895058135298314e-07
2.938759848802874330e-07
5.240965037955902517e-05
4.050641280173294945e-07
4.853868085774593055e-05
3.253157501603709534e-06
2.687913593035773374e-06
2.161743577744346112e-05
7.989870937308296561e-05
1.747682318864463014e-07
2.144754034816287458e-06
8.611208954789617565e-07
3.291197117505362257e-06
9.148808203462976962e-06
2.695004332053940743e-05
7.219402959890430793e-07
1.508610552036770969e-07
2.200762878601381090e-07
7.387241396372701274e-08
2.441125843688496388e-06
1.491090984018228482e-06
1.816964214640393038e-07
1.720747036415559705e-06
2.509168734832201153e-05
8.630570960121985991e-07
8.321139830513857305e-07
1.658745532040484250e-05
2.883729621316888370e-06
4.393333483676542528e-07
6.080384764572954737e-07
1.449625841587476316e-07
2.976909399876603857e-06
7.516605116109076334e-09
1.876150292901002103e-07
8.929736395657528192e-06
2.964393161164480262e-06
4.848181447414390277e-07
5.544676605495624244e-05
2.492568853540433338e-07
8.376547953048429918e-07
1.865042577264830470e-06
1.836638512031640857e-05
2.554762431827839464e-06
7.520187409681966528e-06
2.120000175409586518e-07
3.938862846553092822e-06
7.528736887252307497e-07
1.617556335986591876e-06
1.189265162793162744e-06
4.956455813953652978e-05
1.137508661486208439e-05
1.162196349469013512e-05
4.138221925131801981e-07
1.949834950210060924e-05
3.828034550679149106e-06
1.419100499333580956e-07
1.472799704060889781e-05
4.346709374658530578e-06
2.011780306929722428e-04
1.460731482438859530e-06
9.104682021643384360e-07
1.818661417019029614e-07
2.118593442901328672e-07
1.190018565466743894e-06
9.997331289923749864e-06
1.203921442538558040e-07
1.527367089693143498e-06
4.973206841896171682e-07
4.739750067983550252e-07
1.361959857604233548e-05
1.525194693385856226e-05
3.334689608891494572e-06
8.733213121558947023e-07
2.814550157381745521e-07
6.420045392587780952e-04
1.534536551162091200e-07
5.513247288035927340e-06
1.074874307960271835e-05
5.184701876714825630e-06
1.049408339895308018e-03
6.873915936012053862e-06
2.816366531988023780e-06
3.002049098199677246e-08
3.894722766517588752e-08
5.523881441149569582e-07
1.707294927655311767e-07
4.035157417092705145e-07
1.734623424454184715e-06
6.672264134977012873e-06
2.013909750075981719e-07
1.207559563454196905e-07
4.328935006014944520e-07
1.141366851697966922e-06
2.719797748795826919e-06
2.590426083770580590e-05
2.127298557752510533e-06
7.649383633179240860e-07
4.336705387686379254e-06
5.034620542687662237e-08
1.250240870831476059e-07
1.745202240499565960e-07
2.654562422321760096e-06
7.881092460593208671e-05
2.798989044094923884e-06
1.061126909007725772e-06
6.921667591086588800e-06
3.230504944440326653e-06
3.946917331631993875e-06
7.325854767259443179e-06
7.800091407261788845e-05
3.589119614844094031e-06
5.912507390348764602e-07
3.490800736472010612e-06
1.400112523697316647e-07
3.938477846077148570e-07
1.688119937170995399e-06
3.510201338485785527e-07
4.433116828295169398e-06
1.377773060085019097e-06
4.686646661866689101e-06
2.780668410196085460e-06
7.313125820473942440e-07
1.661567657720297575e-04
4.550513949652668089e-06
4.614360932464478537e-06
3.473921594832063420e-07
8.137114377859688830e-07
4.156042905378853902e-07
3.100005585565668298e-07
2.087105940518085845e-06
1.168767880699306261e-06
1.144066263805143535e-04
3.387720198588795029e-06
9.435252223966017482e-08
1.037528932101849932e-06
1.085117764887399971e-04
1.890051919417601312e-07
3.698416549013927579e-06
1.684593797790512326e-07
1.933714912638606620e-07
1.028597125696251169e-06
4.902435830445028841e-05
4.852293500334781129e-07
1.301463385061651934e-06
2.094154069709475152e-06
3.853268708553514443e-07
4.763629476656205952e-06
7.723463681941211689e-07
1.736682634145836346e-06
9.265968969884852413e-08
1.368508947052760050e-05
4.589694071910344064e-05
2.807806367854936980e-06
1.144486377597786486e-04
3.936686709948844509e-07
1.797164804884232581e-05
7.556985656265169382e-05
1.196851940221677069e-06
6.404286523320479318e-06
1.910515692316039349e-07
3.136176758289366262e-07
1.362932380288839340e-06
1.542391260045405943e-06
8.479103712488722522e-07
1.067793817810525070e-07
2.096828757203184068e-05
4.454263489606091753e-06
1.427078700544370804e-06
1.062260821527161170e-06
9.118238040173309855e-07
3.302900040580425411e-06
1.686998075456358492e-06
4.389215064293239266e-06
1.871762833616230637e-05
5.722824880649568513e-06
1.370877726003527641e-04
2.174264608356679673e-07
1.826881970146132517e-07
6.880048204038757831e-06
6.070865197216335218e-07
3.445451000061439117e-07
1.007863902486860752e-04
4.372388502815738320e-05
4.206092114600323839e-07
1.960201871042954735e-06
3.529893319864640944e-07
8.133405913213209715e-07
6.988003065089287702e-07
2.420513919787481427e-05
1.035724835674045607e-06
2.951707074316800572e-06
2.570380956967710517e-06
5.467424557537015062e-07
1.820702095756132621e-07
9.268761459679808468e-06
1.412979031556460541e-07
3.432538733250112273e-07
1.094503772947064135e-06
3.959490513238961285e-08
1.042762505676364526e-06
2.841535206243861467e-06
2.590861004136968404e-05
1.260880253539653495e-06
1.300905552170661394e-07
1.315032591264753137e-06
5.385733402363257483e-06
4.606811216945061460e-06
4.952059498464222997e-06
3.539593535606400110e-06
2.568594936747103930e-04
1.729836753838753793e-07
1.139562518801540136e-04
6.235566615941934288e-06
6.493935507023707032e-05
7.330582434406096581e-07
1.778166006261017174e-05
1.419239310962439049e-06
2.961261031941830879e-07
2.753145338374451967e-07
1.223524395754793659e-05
2.212797880929429084e-06
7.326584454858675599e-05
3.255419755987531971e-08
7.848652785469312221e-07
1.111195331304770662e-07
8.335802021974814124e-07
3.017392737092450261e-05
4.545053798210574314e-06
4.190403615211835131e-06
6.057531720671249786e-08
5.007742856832919642e-06
5.055017754784785211e-05
1.438095864614297170e-06
7.299047410924686119e-08
8.647716072118782904e-07
1.840023651311639696e-05
3.588106665119994432e-06
3.632424522947985679e-06
7.899049705883953720e-06
2.280623084516264498e-05
6.900825866296145250e-08
3.567708745322306640e-06
1.342091309197712690e-06
2.972055881400592625e-06
3.532860546329175122e-07
4.968163125340652186e-07
4.887747095949634968e-08
3.836008545476943254e-06
1.157679093921615276e-06
1.670916049079096410e-06
4.435935352375963703e-07
1.746825091686332598e-06
9.320087315245473292e-07
9.280007020606717560e-07
2.569983962530386634e-06
2.010567868637735955e-06
5.255271844362141564e-06
3.879849828081205487e-06
9.584105100657325238e-07
2.606042492914184550e-08
1.711775257717818022e-05
9.760565262695308775e-06
3.192540987129177665e-07
6.396061507984995842e-05
3.914396984328050166e-07
1.024384400807321072e-04
9.536286233924329281e-05
5.007761672004562570e-08
5.057103408034890890e-06
1.687846946651916369e-07
1.529514861431380268e-07
1.121075911214575171e-06
5.794255230284761637e-06
5.529842746909707785e-05
8.658460865262895823e-05
2.655391472217161208e-05
3.689735876832855865e-06
1.176398882307694294e-06
3.584366652376047568e-07
4.752700135668419534e-07
1.486689882312930422e-07
3.160817641401081346e-06
5.530290536626125686e-07
2.230089194199535996e-06
1.968122887774370611e-05
3.150723841827129945e-06
1.238664367519959342e-06
5.669955953635508195e-06
1.330453233094885945e-05
1.263815789798172773e-07
1.981076849233431858e-07
4.859090258833020926e-04
4.341027590726298513e-07
1.560739838168956339e-05
8.424916586591280065e-08
1.569975211168639362e-06
6.308708179858513176e-06
1.069740562797960592e-07
5.185643772165349219e-07
3.115855633950559422e-06
3.604744506446877494e-06
3.318570179544622079e-06
1.730296389723662287e-06
1.159868770628236234e-05
1.233574676007265225e-05
4.658673424273729324e-05
2.582211209301021881e-06
8.542721161575173028e-07
1.206073307002952788e-06
3.847153857350349426e-04
6.848021030236850493e-07
6.829309882050438318e-07
7.992771315912250429e-06
2.800232141453307122e-05
2.855002456669808453e-08
7.156523338380793575e-07
1.334986734491394600e-07
9.138599921243439894e-07
4.519130015978589654e-06
4.641781197278760374e-05
4.393122253532055765e-06
9.952567552318214439e-07
1.304721263295505196e-05
2.861623897842946462e-06
6.548236086700853775e-08
5.805998625874053687e-06
8.379316568607464433e-06
4.665289015974849463e-04
1.239034827449359000e-05
3.330402478241012432e-06
3.826494321401696652e-06
3.485292381810722873e-06
2.063302963506430387e-05
7.454885775359798572e-08
2.400643325017881580e-06
9.787065380351123167e-08
3.650994913186877966e-04
3.423999146434653085e-07
1.746574156413771561e-07
3.334880602778866887e-06
4.115830961382016540e-05
1.998111838474869728e-05
1.750425440150138456e-06
4.150745098741026595e-06
1.246220926987007260e-05
5.185045779398933519e-07
2.541124704293906689e-04
5.106715761371560802e-08
6.947191286599263549e-05
4.213157751564722275e-07
3.378755195626581553e-07
1.459643840462376829e-06
7.437707694180062390e-08
3.244493029797013151e-07
2.049189617991942214e-07
4.010563259271293646e-08
5.124503488218579150e-08
2.487409074092283845e-05
5.145070645085070282e-06
2.911255592152883764e-07
7.784017270751064643e-07
1.256702603313897271e-06
5.470116229844279587e-05
1.047904152073897421e-05
3.017590870513231494e-07
7.284226012416183949e-05
7.075522034938330762e-07
2.976721802383508475e-08
1.544356109661748633e-06
1.091761987481731921e-06
5.939913171459920704e-05
1.711803747639351059e-06
3.312496119178831577e-06
8.366967085748910904e-05
1.538240610443608603e-07
6.443126039812341332e-06
1.275175122827931773e-06
8.188086940208449960e-05
4.954811083734966815e-05
3.912112731541128596e-07
7.674564403714612126e-05
7.237609906951547600e-07
5.763082526755169965e-07
2.569051673617650522e-07
3.496211547826533206e-06
9.200907697959337384e-07
1.004051227937452495e-06
2.149473875761032104e-04
1.282512727129869745e-07
1.881040390117050265e-08
4.635233494809654076e-07
1.111656402486005391e-07
2.186528718084446155e-07
1.913487039928440936e-06
3.425023123782011680e-06
9.429037106656323886e-08
2.015051140915602446e-04
1.395688627781055402e-06
4.120386734030034859e-07
1.919797796290367842e-07
1.792397767985676182e-07
1.150322987086838111e-06
9.571112968842498958e-08
2.083334584312979132e-05
4.592026812133553904e-07
3.362034840392880142e-05
3.534513552949647419e-06
3.854029557714966359e-07
1.355404748437649687e-07
3.831690165156942385e-08
4.777694471158611123e-07
3.202829102519899607e-04
1.444667873329308350e-06
2.579709246219863417e-07
5.659362159349257126e-06
5.593869354925118387e-05
2.907069074353785254e-07
1.374575513182207942e-04
5.545715339394519106e-06
2.238851720903767273e-06
1.087775217456510291e-06
2.726751233694812981e-07
1.740320954013441224e-07
1.217873517589396215e-07
1.139410301220777910e-06
1.529264864075230435e-06
1.227761549671413377e-05
1.380260528094368055e-07
1.960097279152250849e-06
3.497247007544501685e-07
5.822297453050850891e-07
9.849388879956677556e-05
3.765099245356395841e-05
4.018000254291109741e-05
7.790552626829594374e-05
3.480074184381010127e-08
1.548295017528289463e-06
1.475726207900152076e-06
6.576219675480388105e-07
7.749375185994722415e-07
1.846679253958427580e-07
9.360979191797014209e-08
1.684846893112990074e-06
1.758523580974724609e-06
5.045376019552350044e-05
3.352087514940649271e-05
1.032610157380986493e-06
4.213577540213009343e-06
5.839304776600329205e-06
3.098988656802248443e-07
3.075444112710101763e-07
1.369733553246987867e-07
2.052902061677741585e-07
1.829753819038160145e-05
2.394414877926465124e-06
2.622213628455938306e-07
6.979990416766668204e-07
1.157300886234224890e-07
1.127966243075206876e-06
3.115739673376083374e-06
2.953012199213844724e-07
2.178541308239800856e-06
8.535225788364186883e-06
9.456025509280152619e-06
2.511186903575435281e-05
1.027689222610206343e-06
2.929256197603535838e-06
1.715542202873621136e-05
1.308814375988731626e-06
2.020692363657872193e-06
2.177174792450387031e-06
1.585625682309910189e-06
2.700053073567687534e-06
3.397026091533916770e-07
1.023284858092665672e-05
6.034747457306366414e-07
6.560706424352247268e-06
4.466501195565797389e-06
1.274530222872272134e-05
1.281669824493292253e-06
1.128497842728393152e-06
1.263261566464279895e-07
1.466955654905177653e-05
3.399484512556227855e-06
3.842498301764862845e-07
6.069794267204997595e-07
1.418247620676993392e-06
3.020123131136642769e-06
1.143203462561359629e-06
3.505031827444327064e-06
2.827914249792229384e-05
6.351781848934479058e-06
6.774949383725470398e-07
2.907756595504906727e-07
3.405024529001821065e-07
1.094585786631796509e-05
6.788822793168947101e-05
7.629614628967829049e-06
3.289467940703616478e-06
6.155630217108409852e-06
1.214213625644333661e-05
6.534016279147181194e-07
6.473140956586576067e-07
2.255511844850843772e-06
1.079045250662602484e-05
1.273921952815726399e-06
5.468900781124830246e-05
2.196964260292588733e-06
3.871885928674601018e-05
3.742688647889735876e-07
4.567355063045397401e-05
6.302862402662867680e-06
2.571859804447740316e-04
1.169181050499901175e-04
1.150871753452520352e-06
9.477290632275980897e-07
8.850840913510182872e-07
3.800822696575778536e-07
1.273130692425183952e-05
1.062727434941734828e-07
3.763211111618147697e-07
2.554492937179020373e-07
2.171378218918107450e-05
1.383096901008684654e-06
6.081761938503404963e-08
8.372566298930905759e-06
4.634086963051231578e-06
1.726615550978749525e-06
2.239183777419384569e-05
4.458458079170668498e-06
3.934343112632632256e-06
1.995712227653712034e-05
5.574580063694156706e-05
2.531629206714569591e-06
2.029083952947985381e-05
