1.650671911193057895e-04
2.787070116028189659e-04
4.839789107791148126e-05
3.808635985478758812e-03
5.698417499661445618e-02
5.917868576943874359e-03
1.938994100783020258e-04
4.657854191236765473e-08
1.676252878723971662e-07
7.717056149658674258e-08
7.277810354366920365e-09
9.984650972683084547e-08
3.376831259060963930e-08
2.543345658523321617e-07
6.162655807884220849e-08
2.088097694752377720e-08
5.910369793582503917e-08
2.488042696313641500e-07
7.230453036299877567e-08
6.487322679049611907e-08
8.874148704762774287e-08
1.475839610520779388e-07
1.785720904479148885e-08
6.654279331996804103e-07
2.839138346644176636e-08
1.378546294290572405e-04
3.647666890174150467e-03
4.132583126192912459e-05
8.122099097818136215e-05
4.951293580234050751e-03
1.984029722734703682e-06
4.949180492985760793e-06
7.605624705320224166e-05
6.728885637130588293e-05
7.038280455162748694e-05
9.857795930656720884e-07
2.829174627549946308e-05
1.250307946065731812e-07
1.695861690677702427e-03
2.608457862152135931e-06
2.305566704308148474e-05
3.911479871021583676e-05
5.292706191539764404e-05
5.406530362961348146e-06
4.774913031724281609e-05
8.357447222806513309e-05
7.215114237624220550e-06
3.522815313772298396e-05
2.795584441628307104e-05
1.778392106643877923e-05
6.246916018426418304e-05
1.424148558726301417e-05
4.753871326101943851e-05
5.813330062665045261e-06
2.831040774253779091e-06
1.008409185487835202e-06
2.033028039249984431e-07
8.380181526490559918e-08
8.489867468597367406e-05
2.163354650974724791e-07
2.941192860816954635e-06
1.303794192608620506e-06
4.570547844195971265e-06
1.878557043255568715e-07
2.002823521252139471e-06
2.325995359569787979e-03
1.022126525640487671e-05
5.006786523154005408e-07
4.040852218167856336e-06
3.127682930426090024e-07
1.149780826104063181e-09
5.655869586007611360e-07
1.371334157340697857e-08
7.179770022958109621e-08
4.663665453819021423e-09
1.646187541837207391e-07
5.901293320675904397e-07
2.012406952189849108e-07
1.844386332550129737e-07
1.964523789865779690e-06
3.906247414420249697e-08
9.983155280224309536e-08
2.291752565497517935e-08
1.950620998059093836e-08
7.074311980659331311e-08
7.020838665994233452e-08
2.715710678558025393e-08
1.163902879852685146e-06
2.764672331068140920e-07
3.963282608765439363e-07
3.984917640309504350e-08
8.118984595739675569e-09
7.410262625739960640e-09
1.547070205276668275e-08
4.481609039430622943e-07
2.083259120766456363e-09
5.382479173476895085e-08
6.297185706216623657e-08
1.220092471498901432e-08
9.338952509096998256e-07
1.239654920937027782e-06
3.332876588046929101e-07
1.949481202245806344e-06
2.865561400540173054e-04
1.480596893088659272e-06
2.590130065982521046e-07
4.499509884681174299e-07
1.157773840532172471e-05
2.012405275308992714e-05
3.500938692013733089e-05
1.243618899025022984e-03
5.054344364907592535e-05
2.446812686685007066e-05
1.280170636164257303e-05
5.532162613235414028e-04
2.761011943221092224e-02
6.302551355474861339e-06
5.790284873796736065e-08
9.797475968298385851e-07
2.906957433879142627e-06
4.195570909359958023e-06
1.998427705984795466e-06
2.392570195297594182e-07
6.602992925763828680e-07
1.505144882685272023e-05
2.908302349169389345e-06
3.583198849810287356e-05
6.063165081116039801e-09
6.654767403801997716e-09
5.011008852306986228e-07
8.388480665644237888e-08
1.011021097951925185e-07
2.364684519307047594e-07
1.648544589727407583e-08
1.352855605318836751e-07
6.309939237780781696e-09
1.835188001564347360e-08
5.940727021425118437e-08
4.300307665516811539e-08
2.746580207713122945e-08
8.465647738375992049e-08
6.465779023301365669e-08
7.100844801044559063e-09
1.872563188953790814e-07
5.079025413579074666e-07
1.812199684536608402e-06
2.356474340103886789e-07
1.785046151780989021e-05
4.189562901046883781e-07
4.688704502768814564e-04
1.445450379833346233e-05
6.127087885943183210e-07
3.014990923588811711e-09
6.139871544519337476e-08
5.036771000277440180e-09
3.298487172287423164e-08
2.378589547546994254e-09
2.089614810074635898e-07
2.787145376714761369e-07
8.676704688070913107e-09
1.456893272688830621e-08
5.808189484923786949e-09
1.182805178245871502e-07
1.823575779269503983e-08
5.904724531546889921e-08
1.339038568914929783e-08
4.207916504128661472e-08
1.047948749999250140e-08
2.041841753452899866e-07
7.149405689688137500e-08
4.678555853843135992e-08
1.237616061189328320e-06
1.144799313124167384e-07
3.298929698303254554e-07
2.530025824398762779e-07
1.232665258754650495e-08
1.075321520715988299e-07
2.882484295696485788e-08
8.904452215574565344e-07
4.867564484811737202e-08
3.710159646175270609e-08
9.014313491206848994e-07
8.795061035016260576e-08
5.860572827032228815e-08
4.526117436398635618e-08
3.358659128593899368e-08
2.828414835676085204e-08
2.779173335909490561e-08
2.723918726132978918e-07
1.075496882663173892e-07
4.539656828228544327e-08
3.181639272042957600e-07
8.057657652216221322e-08
9.725538063776184572e-08
1.697158147351274238e-08
5.611633113744574075e-08
5.937690872315215529e-08
2.968215362386672496e-08
7.915056166041267716e-09
7.392180236820422579e-07
2.173133006877492335e-09
3.841156015482738439e-08
2.451732861175059952e-08
1.039224571286467835e-06
2.998893577910166641e-08
4.144261254168668529e-07
3.153798218136216747e-07
2.099918958720081719e-07
2.156119052187932539e-07
2.354612007593459566e-07
2.392636133663472719e-07
8.997680822631082265e-08
1.341242636954120826e-07
3.435862083733809413e-08
6.793790863213189368e-09
8.169894272214150988e-08
2.189409897823679785e-08
2.393760212271445198e-08
1.615262767984404491e-08
9.669673062262518215e-09
1.661854653889349720e-08
3.771515082462428836e-07
1.455161850572039839e-06
1.165124558610841632e-06
5.759841883445915300e-07
1.449121640462180949e-07
1.054791010091093995e-08
3.944763875551871024e-07
8.049194377690582769e-08
1.240729918805527632e-08
1.323625120619453810e-08
6.286038001235283446e-08
1.611287103742142790e-08
2.161188383809076186e-08
4.014425414311517670e-08
4.571687668430968188e-07
2.050658309826758341e-07
1.844684561547182966e-06
9.613821738696515240e-09
9.560773506223085860e-09
6.871357260962440705e-09
3.460272735011926670e-09
4.040420265027933056e-08
1.361332113702928837e-08
1.043596498107035586e-08
6.033818777950727963e-08
6.856919299025321379e-08
4.412001430864620488e-09
2.014663209592981730e-07
4.815426990489868331e-08
2.028722576596919680e-07
3.685623823912465014e-07
2.145609379056168109e-08
1.791632655567809707e-07
1.975976005041957251e-08
4.083540616761638375e-09
3.481644839098407829e-08
1.707950048057682579e-07
2.024084437834972050e-07
1.973169219127157703e-07
4.828450173022247327e-08
3.857426023046173214e-08
1.425431106483188159e-09
4.253410779142541287e-08
1.158954603397432948e-07
1.115988993660721462e-06
1.675497514952439815e-06
3.725091346495901234e-07
5.754773724220285658e-07
5.933762281529197935e-08
5.988202929074759595e-07
5.154095674697600771e-07
1.450691797799663618e-06
8.871411978361720685e-07
1.128948454720557493e-07
1.523851551610277966e-07
1.884357061499031261e-06
3.210016927823744481e-07
9.835821401793509722e-07
1.248562853106705006e-06
9.926011443894822150e-07
1.861071012854154105e-07
1.131946589794097235e-07
3.008162607898157148e-08
5.767850552729214542e-07
4.699087412518565543e-07
8.187408866433543153e-07
5.645802616527362261e-07
4.300053291217409424e-08
2.467200204137043329e-07
1.269809644099950674e-07
3.410527193992152206e-09
6.532403507009121313e-09
5.011169079693900130e-08
2.120641795499977889e-07
3.917187143542832928e-07
2.151404032701975666e-06
5.307083128514022974e-08
5.092730589240090922e-06
1.531506882201938424e-06
3.163176387488420005e-08
5.505590365828538779e-07
7.965074644289416028e-08
2.376066277065547183e-07
3.083372490664260113e-08
3.396584347115094715e-08
2.160991527944133850e-07
2.727243213485053275e-07
1.639695135224883416e-08
2.382709318737852300e-08
1.525953734926588368e-06
1.426755744660113123e-07
2.299367878322300385e-07
1.733801013870106544e-07
6.356549420161172748e-07
1.732214371941154241e-07
2.235424512164740918e-09
3.767623638850636780e-06
2.328923756067524664e-06
1.617423208699619863e-07
2.085316737066023052e-07
1.537157778841446998e-08
5.983781647955765948e-08
3.890570976494700517e-09
4.108135698288606363e-08
3.908408530151064042e-08
4.670798858796842978e-08
6.458886861801147461e-01
6.259928341023623943e-05
4.209076985716819763e-02
5.211497366985895496e-08
1.854133842016381095e-07
6.879057679043398821e-08
7.053589712313623750e-08
4.804090281140815932e-07
1.578516339861835149e-08
1.441156349812899862e-08
1.452192236683913507e-06
2.597588144581663983e-09
1.959308049137575836e-09
5.261235003217734629e-08
1.458051974623231217e-05
4.353760516551119508e-07
5.000265801413661393e-08
1.843121253841673024e-06
3.135951232025036006e-08
7.094553211572929285e-08
5.619270027068523632e-08
3.574880338419461623e-07
2.379988472966942936e-08
1.468781363200832857e-07
8.569126741519994539e-09
3.555916894271149431e-09
8.473200097114386153e-08
6.038847644163070072e-09
4.043617707338853506e-07
7.674693733861204237e-06
2.525639729356043972e-06
1.792373495845822617e-06
1.008850745165545959e-06
6.719917109876405448e-06
6.639446041845076252e-07
1.771412371454061940e-06
9.512658834864851087e-06
4.237472808199527208e-07
2.890821804157894803e-07
4.378404128146939911e-08
4.591066726788994856e-08
1.161080973588468623e-07
1.326361456222002744e-07
1.756453826828874298e-08
1.437828611727809403e-08
1.815222994139276125e-08
6.447491074368372210e-08
1.185734266329063757e-08
6.887864500981777383e-09
9.224262242923941812e-09
3.830297430340579012e-07
6.658414264393286430e-08
7.572652549470149097e-08
1.396042250689788489e-07
8.219135594345061691e-08
3.820667870968463831e-08
3.687789842388156103e-07
2.264371516957908170e-07
3.777724373321689200e-07
4.737751879702045699e-08
2.456140464346390218e-07
5.438307226768301916e-08
1.431478420272469521e-03
8.339744806289672852e-02
1.883588358759880066e-02
5.429145858215633780e-06
1.895510195026872680e-06
6.902546435594558716e-02
2.577751316130161285e-02
2.560699067544192076e-05
7.770331576466560364e-04
5.076817632954089277e-09
5.365945199287125433e-08
2.745259131131660979e-09
4.088177796290892729e-09
1.394000026522235203e-09
1.245293219653831329e-07
2.318888618901837617e-06
2.541080448281718418e-06
6.019872156315386746e-09
2.949163935284104809e-08
2.450371017204133750e-09
3.777408963401285291e-08
2.543453803127704305e-08
1.146575954180661938e-07
2.871100264201231766e-07
2.263220721943071112e-07
7.935962109684169263e-09
3.386480074141218211e-08
2.350669916495462530e-07
5.835561811551315259e-09
2.924865839304402471e-06
2.836303792719263583e-05
2.016655642478326627e-08
3.178861049946135608e-07
6.118629158891053521e-08
2.214105787601283737e-09
1.831068296986870791e-09
9.120147970165248807e-10
1.179137409934583047e-08
2.566034140727424528e-08
4.585700139614345971e-07
4.198338103833521018e-07
1.719011044620799566e-09
3.292260259968315950e-07
5.492482557656330755e-08
1.482189730950267403e-07
1.759255383149138652e-06
1.568049924571823794e-06
4.956489441099165560e-09
2.093791806601075223e-09
4.606609849133747048e-08
5.190810892230501850e-09
1.781432104053237708e-07
2.139022647895671980e-08
1.946739658365004288e-09
6.035951400917838328e-07
2.414468092126753618e-08
1.851689859222460655e-07
7.486166353487533343e-09
2.983432523251394741e-08
8.245597094003187522e-09
1.697707752157384675e-09
5.697079785704772803e-08
4.290525623673602240e-08
7.316789947253710125e-07
1.126066173640083434e-08
6.091750659464878481e-09
1.061477874486627115e-07
7.526692797910072841e-07
6.853733225398173090e-07
3.201848741696267098e-08
6.715566769344150089e-08
1.346629403542465298e-07
1.253025914138561347e-07
9.726387588671059348e-07
4.396000008455303032e-07
8.849404053989928798e-08
6.004632346900962148e-09
1.686232664610542997e-08
1.962569626812182833e-07
5.007901648923507310e-08
6.597484798476216383e-07
1.946994245827227132e-07
1.656654262660595123e-07
3.084674062847625464e-07
6.968203251744853333e-06
2.518636392778716981e-07
2.355691108846258430e-08
5.420099924435817229e-09
5.922649961576098576e-07
3.125066072584559151e-08
1.509347669070848497e-07
3.606739440442652267e-08
4.785976948085135518e-09
2.802171827909205604e-09
1.197523502582953370e-08
1.439845753736790357e-08
1.829424967070281127e-08
2.114895591986964973e-09
7.208503660649512312e-08
1.885167762338824105e-06
4.128234252220863709e-07
4.994810751668410376e-07
1.256569248653249815e-07
9.482052831799592241e-08
2.594686243639898748e-09
8.911099058650506777e-08
4.360059424612927614e-09
1.095148149943270255e-06
2.597948245419701152e-10
9.250862298415540863e-10
1.382835392860215507e-07
1.375643137180304620e-07
4.956501342689989542e-08
7.817097014140017563e-08
4.874018522116330132e-09
2.653201036650898459e-08
4.695162925116846964e-09
1.184898906103626359e-06
2.040941105008187151e-08
2.753525052412442164e-08
1.586264097852563282e-08
2.045656977145426936e-08
5.728316043729364537e-09
5.832196166011271998e-07
2.090161821399760811e-08
5.829735272300240467e-08
6.739784339515608735e-07
5.871056174555633334e-08
2.929121167838388828e-09
3.074598708963094396e-08
3.601327680513577434e-09
4.683501941826762049e-08
3.239803163523902185e-07
5.915542722334521386e-09
1.920597469506901689e-06
8.391692674081241421e-09
8.706445342454571801e-09
1.714904440675013575e-09
1.527952209201544065e-09
4.431035538488004022e-09
1.381792600341213983e-07
5.716455220294847095e-08
3.789590152791788569e-08
2.097676921053448496e-09
7.313764882610485074e-08
3.229972378449019743e-08
1.518546213219451602e-07
1.261235382798986393e-08
5.490622401183031798e-10
3.232226486460376691e-09
6.179317097121383995e-06
7.073296171000720278e-09
1.969796272760504507e-07
2.131263681803829968e-05
4.380952134397375630e-08
1.277662846632665605e-07
3.496578671047245734e-08
3.198601561393843440e-08
6.930717111330864100e-10
4.178017931621980097e-10
5.986784401557088131e-08
6.694739207446787077e-10
1.813748617962573917e-08
5.653014795825583860e-06
7.324081252590985969e-08
1.127313140614205622e-07
4.269046005589416382e-09
1.204429889156699574e-08
2.240681737930572126e-07
5.354266932044993155e-07
6.186575518540848861e-08
1.398090709869848070e-08
1.053356846192343710e-09
2.246400754302158020e-07
1.529277398049089243e-07
1.524569581690116138e-09
2.799879883497169430e-09
2.514597419178699056e-09
7.120715395103616174e-07
5.875783770648013160e-08
2.280462263470894868e-09
2.210125131796303322e-07
7.071074747955208295e-08
1.121787285285336111e-08
7.666796086880367511e-09
9.480972948949784040e-07
1.322481946175457779e-08
4.739161951761161617e-08
8.064176881816820242e-08
9.910147369396327122e-09
1.867941579192233803e-09
1.269820586458081380e-07
2.085924322159371513e-08
4.836958211740238767e-08
6.803854368797601637e-09
2.314205175935057923e-06
3.615679844415353728e-08
6.625144433058949289e-09
5.766682079411111772e-06
8.018004393761657411e-08
1.780895360070644529e-07
8.979117893659349647e-09
3.951678991143126041e-06
2.750605077039836033e-09
2.345290184280202084e-08
7.700943882582578226e-09
8.622888181264443119e-09
2.008945102716097608e-06
1.837618768263382663e-08
2.177830138450076447e-09
2.743900608948024455e-07
6.826651770097669214e-06
5.681732861972932369e-09
1.880923292674197000e-07
2.066971316327936847e-10
8.500236070574374025e-09
1.324309373273990786e-08
3.968089288264309289e-07
1.696257578842619296e-09
8.522449235215390217e-08
4.548896725964368670e-08
1.659058135317081906e-08
7.422750769592312281e-08
1.319576115044185372e-09
1.128616311518726434e-08
3.488298716547433287e-08
2.754544148331206088e-08
3.540126272127963603e-05
5.073179920600523474e-08
1.269116751245746855e-06
1.143838357364757030e-08
6.991787415699945996e-08
1.512936798064856703e-08
2.799838405564969435e-08
4.419011020218022168e-06
3.494701750206274937e-10
2.014595068544622336e-08
1.063959871316910721e-07
2.518837050047295634e-08
2.564517309622260655e-08
9.849695281616277498e-09
4.292195043831270596e-08
8.306770382660033647e-08
7.160565473895985633e-09
1.502093915917157574e-08
6.157459875311133146e-09
1.248721215318937539e-08
9.245294450010987930e-07
8.333358891832176596e-08
2.155816787308140192e-07
3.904258960574225057e-08
2.200979594135787920e-07
1.633979564985565958e-07
1.301645347062674318e-09
1.684838366600160953e-07
4.258551484781492036e-07
1.840463603741682164e-08
3.838497519836892025e-08
9.867648032013676129e-08
1.602408339351768518e-08
4.547766820905962959e-07
2.966004046811576700e-07
7.110834143730926371e-09
6.126547447138364078e-08
1.066230055357664241e-07
2.025201517596997292e-08
1.823558370972477860e-08
9.645695087101557874e-08
2.505724751244997606e-06
5.998253982397727668e-06
4.865784148933016695e-07
1.899562507290397662e-09
1.125812110203128213e-09
9.748376328388985712e-09
4.586108437454328168e-10
2.648367569690890377e-08
9.925394728327319172e-09
4.682667167799081653e-06
9.829712865894180140e-08
1.754434042489094736e-09
1.157174338572986017e-07
5.923370238747338590e-08
2.653862622992164688e-07
2.637920548664851594e-09
1.911101055185326913e-09
1.169543608625644993e-07
4.804781905676236420e-09
4.521277219282637816e-08
2.174666178689221852e-06
6.467259083819953958e-08
1.552929091985788546e-07
3.485334332253842149e-07
3.191920505685175158e-09
1.711653752067832102e-08
2.300770596264101187e-08
3.579422809707466513e-06
1.143582039730972610e-06
2.792501163639826700e-07
2.102892970867742406e-09
3.723103958463980234e-08
6.003418651090441926e-09
8.734655665421087178e-09
2.049339542509187595e-08
2.060749920929083601e-06
1.550010551909508649e-06
1.505825864001053560e-08
3.317562971005827421e-07
2.916359562732395716e-06
1.891866645564732607e-07
9.441635251405955387e-10
2.322112990782443376e-08
1.410538516211090609e-05
5.706247563352917496e-08
5.491227739184978418e-07
8.059136469285022031e-09
3.073027343702960934e-08
4.408384324250391728e-09
3.186895636275721699e-09
6.307232514046745564e-09
1.236866786769041937e-08
1.249105935130501166e-06
3.742134069284475117e-08
1.190690657182358336e-08
1.732351506689155940e-07
1.458895315664676673e-08
6.929677169864589814e-07
5.022968352363932354e-08
9.544270795913689653e-08
3.332151665702554055e-09
9.831507163937658333e-09
9.283324686748528620e-08
4.768230610352475196e-08
3.721089854025194654e-07
8.501498172108767903e-08
1.496723740501693101e-07
4.100178530030973434e-10
2.533832521578460728e-08
5.881027664855764669e-09
2.437812396394178904e-09
5.267964979793759994e-07
1.557642681504489701e-09
1.641517286543603404e-07
3.278680935636657523e-07
2.263479625952413699e-09
9.432596357328293379e-07
4.269952569302404299e-08
3.510764656766696135e-07
5.995911767087136468e-09
4.287915444933787512e-08
1.009205234936416673e-07
4.504629913526514429e-08
2.506471048491221154e-07
6.898438442703991313e-08
1.703599039615255606e-08
8.449040911351346494e-10
4.149198957748012617e-06
4.782235940581358591e-09
2.612394522927274920e-09
7.453227368614534498e-09
5.479714104694721755e-07
5.989290912111755461e-06
9.069557194152366719e-08
2.646327601496523130e-08
5.863826757490642194e-08
8.676043989908066578e-07
1.195718102309228925e-08
2.155507239365306305e-08
2.823745717250858434e-07
2.454629211001702060e-08
2.521305304981069639e-06
9.656655475254183330e-10
2.177142022219413775e-08
1.560121205557152280e-07
5.659859247941767535e-10
8.666231110510125291e-08
6.216653218871215358e-07
7.367672694158500235e-09
1.899632451340949046e-08
7.986273885762784630e-06
2.201086743980340543e-07
2.154688161226658849e-07
2.734128656811662950e-07
3.615631527509322041e-08
5.153918891664943658e-07
4.586244273241391056e-08
2.386417179423006019e-07
8.219222280558824423e-08
4.223875915698727113e-09
1.597477785253431648e-05
2.416398636739813810e-08
2.517519970268722318e-09
3.039072549171351056e-09
1.307436114927895687e-08
2.279563382501237356e-08
2.135009935955167748e-06
8.072672244452405721e-06
1.446845317332190461e-06
1.159087261726199358e-07
3.614323702549882000e-07
1.350429190694057979e-08
6.408169550553566296e-09
2.428388157227345800e-08
8.577021759492708952e-08
5.050723302701953799e-06
9.964151104213669896e-08
1.381189395033288747e-05
3.303084952221979620e-07
1.790273103097206331e-07
5.358724308734963415e-08
1.336618926650601225e-09
7.627661169351540593e-09
4.457040958527613839e-09
7.010075023572426289e-06
8.938346951481435099e-09
2.234661344857613585e-09
5.820447057658384438e-08
1.681447336920882663e-08
1.647493377276987303e-06
8.911365867447784694e-09
2.289739455818562419e-07
3.886395916197216138e-07
7.034480997702985405e-09
3.289057559641150874e-08
1.995086478245866601e-07
1.548930413264315575e-06
5.936830405062210048e-08
3.247429347652541765e-08
6.630618827330181375e-07
5.535818470292497295e-10
2.377221264282525226e-08
3.282189098285925866e-08
1.976932395564290346e-09
7.257004330796235081e-09
1.420161588328028301e-08
4.295290878530977352e-08
5.718562192669196520e-07
4.709129441948789463e-08
2.355033945633522308e-09
6.882785186235196306e-08
1.083437609850079753e-06
4.858311530853143267e-10
3.096922540635205223e-08
7.964242598745840951e-09
2.395896592233270894e-09
8.354374614327753079e-08
7.689205716587821371e-08
7.975305749141625711e-08
1.994187748266540439e-08
4.333497827246901579e-08
1.708271724965015892e-06
1.462277321451210810e-08
7.280719955815584399e-07
3.283192882008734159e-07
8.824516584127195529e-08
1.570035578879469540e-06
1.185895470712239330e-07
1.392146896250778809e-05
6.826729737063885750e-10
6.446666844794890494e-08
4.146486709544205951e-09
4.193910285721358377e-08
2.235338115497143008e-06
2.759729333945415419e-08
1.105369278775469866e-06
2.774936014304785203e-08
1.987310094264671534e-09
4.361606897873571143e-07
7.180519734362178497e-09
4.291980104653703165e-09
1.020481832370023767e-08
4.509665085805636409e-09
1.341938027366040842e-08
3.987964589668990811e-07
3.784673481277422979e-07
1.020734785583954363e-08
1.570806773543154122e-08
2.523275455246221100e-08
2.201149484903908160e-09
8.988250144170706335e-09
7.093741771768691251e-08
9.305018089378336299e-09
2.120302013963737409e-07
1.073131201678734215e-07
2.455027114933727717e-08
6.470879942988005951e-10
5.523763113579605033e-10
1.119850523423338018e-08
3.375849473741254769e-06
8.708451559868990444e-08
4.728486491245575962e-09
2.193854555798679939e-07
1.548680046425943146e-07
3.281167337831902842e-09
9.444951132309142849e-08
2.646201480160925712e-08
3.653893188015899796e-08
1.779538138180214446e-06
6.801223406682765926e-08
8.949918139933288330e-08
1.058135890019684666e-08
1.352181833169652236e-08
1.011760453195620357e-08
1.928696633513027336e-07
8.535154449873516569e-08
2.344003320331466966e-07
4.157774569080174842e-08
9.646882062952499837e-06
8.521909080627665389e-07
2.935644083379429503e-08
1.019620867737103254e-06
7.712112193303255481e-08
4.285417576355143865e-10
4.768946126887385617e-09
1.255886417084184359e-07
5.069591679784934968e-08
4.839724283556279261e-07
8.539399409812631347e-09
3.264546819536917610e-07
6.595541321985365357e-07
1.879885985545115545e-06
3.219264954168465920e-06
2.506226564946700819e-06
2.121696752510615624e-06
1.812359471387026133e-07
2.835829036484938115e-06
1.276929562088469083e-09
2.140060906263840934e-10
3.312987661985289378e-09
2.295773171567816462e-08
2.236218854534399725e-08
5.106595679649217345e-08
1.707349639445965295e-08
1.800671753926508245e-07
2.764664497334479165e-09
7.174510319174487449e-09
1.597608161318930797e-06
9.584935156681240187e-08
3.111315649562129693e-08
2.844590119011058960e-09
2.974799997446098132e-07
2.134442951273740618e-07
9.861129512955812970e-08
2.389048248119252094e-08
4.973587692802539095e-07
3.111753521523041854e-09
1.361171939606720116e-07
5.432843508401674626e-08
3.992000330299561028e-08
3.887495125809437013e-08
4.027486610880259832e-08
7.901670073806599248e-07
4.611295523204717028e-08
4.528196040354259821e-09
1.142608585524840237e-08
1.316759721703419928e-06
4.579266743576226872e-09
7.662687373510834732e-09
3.870047837750689723e-09
1.351693725837321836e-07
3.771714318645535968e-08
8.265402584584080614e-08
1.232876822854223064e-08
7.252206302155173034e-08
4.899036554206759320e-08
3.372610706264822511e-07
3.056940727219625842e-07
6.683887932013021782e-08
1.081500933253209951e-08
4.706217637817644572e-09
1.355905965283454861e-08
9.301593273391972616e-09
1.011916772597487579e-08
1.480995251768035814e-06
1.934518323309930565e-08
1.956541773040498811e-08
1.069218669158544799e-07
2.040320623564184643e-06
6.216534398362227876e-09
5.258081969827799185e-09
2.413556465796773409e-08
4.817723819883212855e-08
3.290293548730005568e-08
7.629619744875526521e-07
1.215554306099875248e-07
5.276400479488074780e-04
3.314398711040666967e-08
1.963065727750290534e-07
2.204823168483471818e-08
1.442126540496246889e-05
1.852521904766035732e-07
2.288328282418206072e-08
1.961723796739534009e-07
2.147984368150446244e-08
5.918785106473478663e-08
7.736263069091364741e-05
1.035411933969498932e-08
8.135094020644828561e-08
7.163034609902751981e-10
2.261321014884742908e-06
1.473977420118899317e-07
5.434499072975995659e-09
7.862917428269611264e-09
2.403860207778052427e-06
4.030337308336129354e-08
3.493390465791890165e-09
4.539319434115896001e-06
2.000527956624864601e-07
3.698325201639818260e-08
7.485321162903346703e-08
1.280822061744402163e-06
2.509943669792846777e-06
