8.019044798857066780e-06
3.122611815342679620e-06
1.019535935483872890e-03
1.411514123901724815e-03
9.775822982192039490e-03
4.262655973434448242e-01
5.083421468734741211e-01
3.311004093120573089e-07
9.846784223555005156e-07
4.617496074388327543e-08
7.899069487393717282e-07
2.057404486777159036e-07
7.856397132854908705e-07
8.100303602986969054e-06
9.665118341217748821e-07
1.398350718773144763e-06
1.796442688828392420e-06
1.672934899943356868e-06
2.915302729888935573e-06
5.311221684678457677e-07
2.274583948747022077e-06
2.655212301760911942e-05
3.683647037178161554e-06
2.657710138009861112e-05
1.780452862476522569e-06
2.047767679869139101e-07
5.932055842094996478e-07
1.305913883697940037e-07
6.024541221449908335e-07
4.131723585487634409e-07
1.628448558221862186e-06
3.490746394163579680e-07
5.145329282640886959e-07
7.285839092219248414e-05
4.364544292911887169e-05
9.772759767656680197e-06
3.897579153999686241e-05
2.316581003469764255e-06
1.171986014014692046e-06
1.381814911383116851e-07
8.373601758648874238e-07
1.143401050285319798e-06
7.542647750824471586e-08
7.888590971560915932e-07
4.088666827328779618e-08
9.832027103584550787e-08
3.059562914131674916e-07
1.274366923098568805e-06
1.747367690541068441e-07
9.020311608765041456e-08
2.288988127929769689e-07
1.850157714216038585e-04
5.192083563088090159e-07
6.750716693204594776e-06
4.760494505262613529e-07
9.231769126927247271e-07
7.862891493459756020e-08
5.929443318564153742e-07
8.304315088025759906e-06
9.800680800253758207e-07
5.344701889953284990e-07
1.549454111682280200e-07
5.927950610384868924e-07
9.705621550892828964e-07
1.293043624173151329e-06
2.702672281884588301e-05
2.648559529916383326e-06
9.988092415369465016e-07
1.286072915718250442e-06
2.608583308756351471e-04
1.385687596666684840e-06
2.722432100199512206e-06
1.748627028064220212e-06
5.786793053630390204e-07
6.782242394365312066e-07
1.234814317285781726e-05
6.200044708748464473e-07
2.142973471563891508e-06
1.555434027977753431e-05
1.715636471999459900e-06
2.811101148836314678e-05
3.988997377746272832e-06
1.298540155403316021e-06
5.002524403607822023e-07
1.056495307238947134e-06
4.296950010029831901e-06
7.774181653985579032e-07
8.261903531092684716e-06
1.629577309358865023e-05
7.977047062013298273e-06
2.029666603675650549e-07
6.556779652555633220e-08
1.520944238109223079e-06
6.870682796034088824e-07
1.301229713135398924e-05
6.915232120263681281e-07
2.024706873271497898e-06
1.084496580006089061e-05
1.046892862177628558e-06
3.640241857283399440e-06
9.149141078523825854e-06
3.498999285511672497e-05
5.852869833233853569e-08
1.804679232009220868e-05
1.741760797813185491e-07
5.067853408036171459e-07
6.916498591635900084e-07
1.734335324726998806e-03
1.531051930214744061e-05
4.646751622203737497e-04
2.919438993558287621e-04
6.911797390785068274e-05
2.322548389201983809e-04
1.192830968648195267e-04
1.870489177235867828e-05
2.641495375428348780e-04
3.913641648978227749e-06
4.974622279405593872e-04
4.137786618230165914e-06
2.519187773941666819e-06
1.541703227303514723e-06
1.062134913354384480e-07
4.635000152575230459e-07
2.716213202802464366e-06
9.559292266203556210e-06
4.124843599129235372e-06
1.003190191113390028e-04
5.660958208864030894e-07
6.443944130296586081e-06
9.291172318626195192e-06
7.568129944957036059e-07
2.816293272189795971e-05
2.234369821962900460e-05
2.948265489521872951e-07
5.525918822968378663e-06
1.813112248782999814e-06
2.730911774051492102e-06
2.377943383180536330e-05
1.052013203661772422e-06
1.032864474836969748e-06
6.092991498007904738e-06
9.551214361636084504e-07
3.560126742740976624e-06
3.538321834639646113e-06
6.544456709889345802e-07
4.164880010648630559e-05
1.963961840374395251e-04
4.038532551930984482e-06
2.767479600152000785e-05
5.316434893757104874e-03
8.547042671125382185e-05
3.551625013642478734e-06
7.614561070568015566e-08
4.392465143610024825e-06
2.729808841195335845e-07
2.493797637725947425e-06
5.464210062200436369e-07
3.510764656766696135e-07
1.276264242733304854e-06
2.967171212731045671e-06
3.358564697464316851e-07
7.130952781153609976e-06
9.117583431361708790e-06
1.000769225356634706e-05
1.510123070147528779e-06
9.098838745558168739e-06
1.578917022015957627e-06
2.363598923693643883e-06
3.254690909670898691e-06
1.892203869147124351e-07
2.445671327677700901e-07
2.510076228645630181e-05
1.430576139682671055e-05
1.208620460602105595e-06
5.858078111486975104e-07
9.194449290816919529e-08
3.609084444633481326e-07
4.537722020359069575e-08
1.012409105896949768e-03
8.165844519680831581e-06
1.406970113748684525e-05
2.976007408506120555e-06
1.920308818625926506e-07
1.763139465538188233e-07
1.900280182098867954e-07
9.895481980493059382e-07
2.198078306037132279e-07
9.292407412431202829e-07
6.593572265956026968e-07
1.558809259449844831e-07
2.898663296946324408e-06
2.809151510518859141e-06
2.415058588667307049e-07
2.470032427481783088e-07
9.157420208794064820e-07
1.065284868673188612e-05
5.863597380084684119e-06
1.444315444132371340e-06
2.012185404964839108e-06
2.667108446985366754e-06
3.611980332607345190e-07
8.926838290790328756e-07
1.362230932500096969e-06
1.418307419953634962e-06
1.086711677089624573e-06
1.543115331514854915e-06
3.197410478605888784e-07
4.919526759294967633e-07
4.676120170188369229e-06
2.428413836241816171e-06
1.969676986846025102e-06
4.548688593786209822e-06
3.930542504804179771e-07
6.857309244878706522e-07
1.122066578318481334e-06
2.268646710490429541e-07
1.499401832916191779e-06
4.677009712850122014e-07
3.128320997802802594e-07
1.270603661396307871e-06
2.923736474258475937e-06
1.603557251428355812e-07
2.661806774995056912e-07
7.071583922879653983e-07
2.333744930638204096e-07
1.026933091452519875e-06
1.726397584889127756e-07
7.394161229967721738e-07
1.282206056885115686e-07
3.292439032520633191e-07
3.160260675372228434e-08
8.347222291149591911e-08
6.269149110949001624e-08
3.292520887043792754e-07
3.231127948311041109e-06
3.024494503733876627e-07
1.479409274907084182e-05
1.695114406174980104e-05
1.190049374599766452e-06
9.886844765105706756e-08
6.278437467699404806e-07
3.529974890170706203e-07
1.787773544492665678e-05
1.231189071404514834e-05
6.085923587306751870e-08
2.085485903080552816e-05
8.499791147187352180e-05
2.555989908614719752e-07
1.385638057627147646e-07
1.852726683182481793e-07
4.701807654328149511e-07
5.492804007189988624e-07
3.616230230818473501e-07
8.722068969291285612e-07
9.639570635044947267e-06
1.389044825828023022e-07
1.662742533881100826e-06
3.884872512571746483e-07
1.694852471700869501e-07
1.589949789604361285e-07
9.389872843712510075e-07
7.967117454654726316e-08
2.826348008966306224e-07
2.386241817475820426e-07
3.874216929489193717e-07
3.721321945704403333e-06
5.336557933333097026e-07
2.171672548456626828e-07
1.447203430871013552e-05
6.860654622187212226e-08
1.248849201829216327e-07
3.801183723339818243e-08
4.945419362911707140e-08
1.173247881069983123e-07
2.320671477207270073e-08
6.219448778210789897e-08
1.281872386016402743e-07
2.813513155786040443e-08
2.506235574628590257e-08
4.652085010548034916e-07
3.492156608331242751e-08
1.968114702322054654e-06
5.727518441744905431e-07
4.874789851783134509e-07
1.587836050020996481e-05
4.780774816026678309e-06
8.263054041890427470e-06
4.136817608468845719e-07
4.603695913374394877e-07
3.748762082977918908e-07
4.377395725896349177e-07
6.311798870228813030e-07
1.058932781461408013e-07
6.635099936147526023e-08
4.516822684763610596e-07
8.073561161836551037e-07
1.149661511590238661e-05
1.275574277315172367e-06
1.128196061017661123e-07
1.533811882836744189e-06
2.723751322264433838e-06
1.347832721876329742e-06
1.483142841607332230e-05
1.367583422506868374e-06
5.433245178210199811e-07
5.228113877819851041e-06
6.076818408473627642e-06
5.007631784792465623e-07
6.197175480338046327e-06
2.352220462853438221e-06
3.915469278581440449e-05
3.081474915234139189e-07
1.187638986266392749e-06
1.718546400297782384e-06
2.466846126480959356e-06
6.320247393887257203e-06
6.065883439987374004e-07
1.502647677398272208e-07
5.536861635846435092e-07
1.185857513519295026e-06
2.793255191591015318e-07
4.304790195419627707e-07
1.521303943263774272e-06
2.279201254395957221e-07
3.299273885204456747e-06
1.254913627235509921e-06
2.528473714846768416e-06
2.244976712972857058e-05
1.165095090982504189e-05
1.788094778021331877e-06
4.452494977158494294e-07
1.518431076874549035e-06
1.112689233195851557e-06
9.644401188779738732e-07
9.398119971137930406e-08
1.237870463910439867e-07
1.314834552346155760e-08
7.130425956347608007e-07
5.690740181307774037e-07
2.741073501510982169e-07
1.122918661167204846e-06
2.330245706616551615e-06
2.209300902222821605e-07
2.811259207646799041e-07
1.425223217665916309e-05
7.705773896304890513e-06
4.431726665643509477e-06
1.960655026778113097e-06
7.964573001117969397e-08
3.813945568253984675e-07
1.184075912874504866e-07
5.065809318693936802e-07
4.208903646940598264e-06
1.136652713285002392e-06
1.573020995238039177e-06
3.394277428014902398e-07
5.088140255793405231e-07
4.869916097050008830e-07
7.507630357395100873e-07
1.084090854419628158e-06
2.059635789919411764e-06
3.358726274882428697e-08
8.627749252809735481e-07
9.840324537435662933e-07
2.252954118375782855e-06
1.241155496245482937e-05
7.496955367969349027e-05
1.115827762987464666e-05
4.950938432557450142e-07
2.460464884279645048e-06
1.131431190515286289e-06
2.085394044115673751e-07
1.160042074843659066e-06
2.000481117647723295e-06
1.499317477282602340e-06
3.748700976302643539e-07
1.297280164180847351e-06
1.339758313179117977e-07
2.933490748091571731e-07
4.704822060830338160e-07
3.934326286980649456e-07
3.151041312321467558e-07
1.177778699457121547e-06
5.984537665426614694e-07
8.148740562319289893e-07
5.356366455089300871e-05
1.497082121204584837e-05
5.324991558808278569e-09
2.621261501190019771e-07
1.242273356183432043e-05
1.814895040297415107e-05
6.779607247153762728e-06
7.720850408077239990e-05
1.782693107088562101e-05
3.240850855945609510e-05
1.989717020478565246e-05
9.481026791036128998e-05
8.033768244786188006e-05
1.588387385709211230e-05
8.214442459575366229e-06
7.331615051953122020e-06
1.486440055487037171e-06
2.113038135576061904e-06
4.704566265445464524e-07
1.458361964523646748e-07
4.891065259471361060e-07
5.467331902764271945e-07
3.358604772074613720e-08
4.559778403745440301e-07
2.268309617647901177e-05
1.842912951133257593e-07
5.309404150466434658e-05
9.588229659129865468e-07
1.936037278937874362e-06
6.466886406997218728e-05
3.452877535892184824e-06
7.828141974641766865e-07
1.553001675347331911e-05
3.232371454942040145e-07
6.709152785333571956e-06
8.830998922348953784e-06
5.214736233938310761e-07
1.631816667213570327e-05
1.987496943911537528e-06
6.405252861441113055e-06
4.480668565065570874e-07
2.729301559156738222e-05
7.228512686197063886e-07
2.027242800295425695e-07
1.796706555978744291e-06
7.101658070496341679e-07
8.699689146851596888e-07
5.327031431079376489e-06
2.737976610660552979e-03
3.921218194591347128e-06
2.519024519642698579e-06
1.251874550689535681e-07
3.433215852055582218e-06
8.718780918570701033e-06
2.261450390506070107e-06
1.699330027804535348e-06
5.112423423270229250e-06
6.781285151191696059e-07
2.120165590895339847e-04
7.472204544001215254e-08
1.627234596526250243e-04
7.383398042293265462e-06
7.096381068549817428e-06
2.588898951216833666e-06
9.953598834044896648e-08
7.922419058559171390e-07
2.539262277423404157e-05
1.613284548511728644e-04
1.186305951250687940e-07
1.125167727877851576e-06
2.607538590382318944e-05
3.708025178639218211e-05
1.584104029461741447e-04
2.180134906666353345e-04
8.254827000200748444e-03
5.056388090451946482e-07
3.724134294316172600e-03
2.889739789679879323e-06
7.986311175045557320e-06
1.440552568965358660e-05
1.038646405504550785e-05
5.001080793931578228e-08
2.776114115476957522e-06
1.607320569974035607e-07
7.282351725734770298e-05
1.263043941435171291e-05
9.296591088059358299e-07
8.547303309569542762e-07
4.047010861540911719e-06
5.902607426833128557e-06
1.642456845729611814e-05
9.512806400380213745e-07
1.172779889202502090e-06
4.625038911854062462e-07
1.059597565244985162e-07
1.934647571033565328e-06
4.938053734804270789e-06
8.664706570016278420e-07
7.420510996780649293e-07
2.794653823912085500e-07
2.684309947653673589e-06
8.883335794962476939e-06
5.351696927391458303e-06
3.109134195256046951e-05
1.335717342954012565e-06
6.654876051470637321e-05
5.458522309709223919e-07
6.223346815659169806e-08
2.177737812303348619e-08
1.696384861133992672e-04
1.426514870672690449e-07
1.768813308444805443e-05
4.195514520688448101e-06
1.196361495203746017e-06
2.549583541622268967e-06
8.970503273530994193e-08
4.628335227607749403e-05
7.032328426248568576e-07
6.331603685794107150e-07
5.992264391352364328e-07
1.142308519774815068e-05
1.890866201392782386e-06
1.241131144524842966e-06
2.092513341267476790e-06
2.401127687789994525e-07
1.688814990075115929e-07
2.195874060362257296e-07
3.773038315557641909e-06
5.640125527861528099e-05
8.483841156703419983e-06
3.049800870940089226e-04
5.629087809211341664e-07
5.846803219355933834e-07
2.000562380999326706e-05
8.183126709582211333e-08
3.652522480024344986e-07
9.995411573981982656e-07
4.334409311468334636e-07
1.918179123094887473e-06
4.046227782964706421e-03
6.381896469065395650e-07
1.195426762023998890e-07
4.558343960070487810e-07
3.061826646444387734e-06
9.701569069875404239e-05
1.728215352159168106e-06
1.109263848775299266e-06
2.041553273102181265e-07
5.731441774514678400e-07
7.643055255357467104e-07
2.044127995759481564e-06
1.074920490395925299e-07
5.913475575880511315e-08
1.227678012583055533e-06
8.573279615120554809e-07
5.460888274910757900e-08
8.154707757057622075e-06
3.262315294705331326e-05
6.170351844048127532e-05
3.431117647778592072e-06
2.923297324741724879e-05
1.019241244648583233e-05
4.003838327548692178e-08
4.077421422721272393e-08
1.291983644478023052e-04
1.338898698577395407e-07
2.179173407057533041e-06
7.181078672147123143e-06
8.968347486870698049e-08
1.114095084631117061e-06
5.640840754495002329e-07
4.945500222675036639e-06
5.548544140765443444e-05
6.339588708215160295e-06
1.080963670574419666e-06
1.477606474509229884e-06
4.579439405461016577e-08
2.017068254644982517e-05
1.199002213070343714e-06
2.059976367263516295e-07
7.664647228011745028e-07
3.752127668121829629e-05
1.478956437495071441e-05
1.144772068073507398e-05
8.795848316367482767e-08
5.259002791717648506e-04
6.606280180676549207e-07
4.094581163371913135e-05
1.220806495894066757e-07
8.029555465327575803e-05
1.888387402004809701e-07
8.456493674202647526e-07
9.031054214574396610e-04
2.019639941863715649e-05
2.349865013684393489e-07
4.215730484702362446e-07
1.495748506386007648e-06
5.441012262963340618e-07
3.888693811404664302e-07
1.617249799892306328e-04
9.642466466175392270e-06
3.891456344717880711e-06
1.039710878103505820e-05
4.607728101291286293e-07
6.255263997445581481e-06
1.167108507615921553e-06
4.441568453330546618e-04
2.786804088827921078e-06
4.548940069071250036e-06
3.878875247664836934e-07
4.227514978083490860e-07
9.732919716043397784e-05
1.304686611547367647e-05
1.517395418204614543e-07
2.401658321105060168e-06
5.670976679539307952e-05
1.483131563873030245e-05
3.848170308629050851e-06
6.815449893338154652e-08
1.156688904302427545e-05
5.353141204977873713e-06
8.567300938011612743e-06
2.202750920332618989e-06
6.290283636189997196e-06
9.540175227584768436e-08
1.392273698002099991e-04
3.799252226599492133e-06
3.803484673881030176e-07
8.860331035975832492e-06
1.067998255166457966e-06
3.735113978109438904e-06
1.717513441690243781e-05
1.273681118618696928e-05
2.577607228886336088e-04
5.382020026445388794e-05
8.182370038412045687e-06
2.973372147607733496e-06
3.447422386670950800e-06
2.284646325279027224e-05
2.009196578001137823e-07
3.786804825267608976e-08
3.178598944941768423e-06
1.289452029595850036e-07
4.369537691673031077e-07
1.497245648351963609e-06
1.229404915648046881e-06
8.021308531169779599e-06
2.910555394919356331e-06
2.598113496787846088e-05
4.161941546954039950e-07
2.561928567956783809e-06
4.468458355404436588e-04
1.232761633218615316e-06
1.090939040295779705e-04
1.378133456455543637e-04
6.593722901016008109e-07
3.482508645902271383e-06
6.298756716205389239e-07
3.242500242777168751e-04
8.728893590159714222e-05
1.389046815347683150e-06
7.716164873272646219e-06
1.197428673549438827e-06
2.578369162620219868e-07
5.690856596629600972e-06
1.605922589078545570e-04
1.203913484459917527e-07
3.974220817326568067e-05
5.998439291943213902e-07
3.065664202495099744e-07
6.521240266010863706e-06
1.020670055140726618e-07
1.215845827573502902e-06
2.810525984386913478e-06
5.054736902820877731e-06
1.090479599952232093e-07
7.543884805727429921e-08
9.664187246016808785e-07
2.827243008596269647e-07
2.399998265900649130e-06
1.527410233848058851e-07
2.754462911980226636e-06
2.372425478824879974e-05
2.278459305671276525e-06
4.601253749569877982e-06
1.803208988349069841e-06
4.075477733067600639e-08
2.537198497520876117e-06
7.714495041000191122e-06
1.962426267709815875e-06
4.917070839383086422e-08
9.355670044897124171e-06
6.081552419345825911e-05
6.503161785076372325e-06
4.789251543115824461e-04
1.060725935531081632e-05
6.897574280628759880e-07
1.856593939919548575e-06
3.482272859400836751e-06
3.124546492472290993e-05
1.230387852046987973e-06
1.188338592328364030e-05
4.109988793743468705e-08
1.217836143041495234e-06
5.011905614082934335e-06
3.607567009566992056e-07
3.671172889880836010e-04
3.798618563450872898e-04
4.742910277855116874e-06
7.794076282152673230e-07
2.974773224195814691e-06
1.270193661184748635e-05
2.433927420497639105e-06
2.785476453937008046e-07
1.070113285095430911e-05
1.189098111353814602e-05
7.791762072884012014e-06
1.018863599711039569e-06
3.427964756497203780e-08
1.160415081358223688e-06
2.434185830679780338e-07
1.952490435996878659e-07
5.833119303133571520e-07
1.121378227253444493e-05
2.527446667954791337e-06
1.582289087309618481e-06
2.162650343962013721e-04
1.375630672555416822e-04
2.099107945241485140e-07
1.033401567838154733e-04
2.431286033242940903e-03
3.891370852215914056e-06
1.820283124231991678e-08
3.911415547008800786e-07
1.235505187651142478e-04
1.368363541587314103e-06
5.571928340941667557e-04
3.291790790171944536e-06
3.614227171055972576e-05
1.342579253105213866e-06
1.022524666041135788e-04
1.935777902417612495e-07
1.191910882880620193e-06
7.894288137322291732e-05
9.992370451072929427e-07
1.260228418686892837e-05
7.929475941637065262e-06
1.298313577535736840e-06
4.272392288839910179e-06
2.313961999789171387e-08
1.696960134722758085e-05
2.006994321845922968e-07
1.860918564489111304e-05
6.192805699356540572e-07
6.704690918013511691e-07
1.448078728571999818e-05
3.678696884890086949e-06
5.487694352268590592e-07
6.235374030438833870e-07
1.871953145382576622e-06
4.354187979060952784e-07
5.461118234961759299e-06
1.010260712064336985e-05
5.467978917295113206e-05
5.479578248923644423e-05
2.957264086944633164e-06
1.831077156566607300e-07
2.088689143420197070e-06
8.091386007436085492e-06
1.351654418613179587e-06
2.736517217272194102e-06
9.114074828175944276e-07
1.495194368317243061e-07
3.118433369309059344e-06
1.429079588888271246e-06
4.670288262786925770e-07
1.638949470361694694e-06
1.703023428945016349e-07
1.376086675008991733e-05
1.426384369551669806e-05
2.181295144509931561e-07
1.343354142591124400e-06
3.374191464899922721e-06
1.000325028144288808e-06
1.904497366922441870e-06
1.021675643642083742e-06
4.117040361961699091e-07
8.616944978712126613e-05
5.390426395024405792e-06
6.854566436231834814e-06
9.715647138364147395e-06
4.531464583124034107e-06
6.779620434826938435e-06
1.327209247392602265e-05
8.459151246142937453e-08
3.744335117517039180e-07
2.483860725988051854e-07
4.595526206685462967e-06
2.066868000838439912e-05
2.094081355608068407e-05
7.026184448477579281e-06
6.495546926998940762e-07
2.140923868864774704e-03
4.181344195330893854e-07
1.577441253175493330e-07
2.610491947052651085e-07
3.309110354621225270e-07
5.817808778374455869e-05
1.458983169868588448e-04
1.563757177791558206e-05
5.061253887106431648e-06
1.194306696561397985e-05
1.903717566165141761e-05
3.102830703483050456e-07
1.090933139380467765e-07
1.070646007406139688e-07
8.534441440133377910e-05
1.680830223449447658e-06
1.374129965370229911e-07
1.233536636391363572e-06
4.600766715157078579e-06
2.716005838010460138e-06
2.522849399611004628e-06
5.661973773385398090e-05
5.931137366133043543e-06
9.279212349611043464e-07
1.121892182709416375e-06
7.674330504414683674e-07
1.392201284033944830e-05
2.893430917083605891e-07
4.890652689937269315e-06
5.413880353444255888e-05
3.335183151875753538e-08
2.507513818272855133e-05
3.980253495683427900e-06
1.187849102279869840e-05
3.896331790542717499e-08
3.317070950288325548e-04
5.342201802704948932e-06
6.711059540975838900e-06
6.698558507878260571e-08
9.209491508954670280e-06
2.409386979707051069e-06
1.974697988771367818e-05
2.232991249684346258e-07
8.035944460971222725e-07
3.914983324193599401e-07
3.285157845311914571e-06
1.174133899439766537e-06
1.689754390099551529e-05
4.299432112020440400e-05
2.237792250525671989e-05
1.574541965965181589e-05
1.660535963310394436e-05
7.186792316815626691e-08
8.113786861940752715e-06
1.305607147514820099e-04
3.615056339185684919e-04
3.714886361194658093e-06
4.444827027327846736e-06
5.061343108536675572e-05
5.038806193624623120e-06
2.109134356942377053e-06
2.483573098288616166e-06
1.910902392410207540e-05
9.813246833800803870e-06
3.784061163969454356e-06
2.134895794370095246e-06
8.395851125442277407e-08
1.713999495223106351e-06
2.354302159801591188e-05
1.764475001664322917e-07
2.043098902504425496e-06
1.027077445314716897e-07
3.054031367355491966e-06
4.567177143144363072e-07
3.179035502398619428e-06
9.691493687569163740e-06
7.401872608170378953e-07
5.742742459347027761e-08
9.345473017674521543e-07
2.122524392689228989e-06
8.703154463773898897e-08
9.723650873638689518e-05
3.363929408806143329e-06
3.351714212840306573e-07
4.062038385654886952e-07
2.352770252400659956e-06
1.916856149364321027e-07
3.000521076046425151e-08
1.489971873525064439e-05
6.859091172373155132e-06
1.332074646143155405e-07
6.248595241231669206e-07
4.034238736494444311e-05
1.768966910731251119e-07
1.194962777617547545e-07
5.602603891929902602e-07
2.431464599794708192e-05
1.227140842274820898e-06
2.855184720829129219e-04
1.567291008086613147e-07
7.854078830860089511e-06
1.397058326801925432e-07
1.221132606588071212e-05
1.173716327684815042e-06
6.416477845050394535e-06
7.349259249167516828e-05
2.725367494349484332e-06
3.350902488818974234e-07
1.016880014503840357e-05
4.016558705188799649e-06
2.564316673669964075e-06
7.437458407366648316e-05
5.804028660350013524e-06
1.762407123351295013e-06
2.277045041410019621e-06
7.619508778589079157e-06
4.583339250530116260e-05
5.098518158774822950e-06
3.748138169612502679e-06
1.090963360184105113e-05
1.991624776565004140e-05
1.647295988504993147e-07
7.519080827478319407e-05
3.558276830517570488e-06
7.002561324043199420e-05
5.477048716784338467e-07
9.208028473040030804e-07
5.443189365905709565e-08
3.095394731644773856e-07
4.922164225718006492e-05
1.993425394175574183e-04
2.437147850287146866e-05
2.082769697153707966e-06
6.206514171935850754e-06
2.161252545192837715e-03
4.663548224925762042e-06
2.122410933225182816e-06
3.141072738799266517e-06
1.302048303841729648e-06
8.152176178555237129e-07
4.452957966805115575e-07
2.676311623872607015e-06
7.885510058258660138e-06
8.492040848295800970e-08
1.152768959400418680e-06
1.237093215422646608e-06
1.529362862129346468e-06
4.430610900385545392e-08
5.553845767281018198e-06
1.062510818883311003e-05
2.712613786570727825e-05
1.696083199931308627e-05
4.449226480573997833e-07
1.602154725333093666e-06
1.941222581081092358e-05
2.194271928601665422e-06
2.881154387068818323e-06
1.973639700736384839e-05
2.241805850644595921e-05
7.271775075423647650e-07
1.266190338355954736e-05
1.709861680865287781e-05
3.434846803429536521e-06
5.837705430167261511e-07
5.276047431834740564e-06
6.186587597767356783e-06
7.179359727160772309e-06
1.014558620227035135e-06
1.322172920481534675e-06
6.204599776538088918e-05
3.383549255886464380e-06
5.583019060395599809e-07
8.051578106460510753e-07
1.550658225824008696e-06
2.374277028138749301e-05
3.328394484469754389e-07
3.073494951877364656e-07
8.410621376242488623e-06
1.778136606844782364e-06
2.053290336334612221e-05
4.698096631727821659e-07
1.144993120760773309e-06
8.202586059269378893e-07
7.981997214301372878e-07
4.292717203497886658e-04
1.933192379510728642e-06
3.644247190095484257e-04
3.153165152980363928e-06
2.136694320142851211e-06
5.883154017283231951e-07
1.795765456336084753e-05
2.917636493293684907e-06
2.160814176477288129e-07
6.879648935864679515e-06
1.278282070416025817e-05
2.963866609206888825e-05
6.949637463549152017e-05
2.402370682830223814e-06
8.170989076461410150e-07
2.091031092277262360e-06
2.187036898249061778e-06
1.697011794021818787e-05
3.745793719645007513e-06
6.475809755102091003e-07
9.069669431482907385e-06
2.694890326893073507e-06
1.047585101332515478e-04
2.402881591478944756e-06
1.018801049212925136e-05
1.622622039576526731e-05
9.093824701267294586e-06
3.713804233029804891e-07
7.554692274425178766e-06
