3.078613417528686114e-06
6.704478437313809991e-06
3.399043634999543428e-05
8.747187530389055610e-05
1.051077386364340782e-03
5.220659295446239412e-05
6.328590679913759232e-04
1.038716982293408364e-05
7.524275815740111284e-07
1.563901378176524304e-06
5.457375351625159965e-08
6.330599688908478129e-08
1.579803807771895663e-07
4.614277031578239985e-07
9.329210115538444370e-08
6.405611543414124753e-07
6.174425948302086908e-07
7.863512792027904652e-07
2.649532916620955803e-06
5.958697713026595011e-08
1.609210613651157473e-07
1.027965140565356705e-06
4.280554549040971324e-06
1.366023411719652358e-06
2.702210011307215609e-08
6.185872507558087818e-07
2.758499988431140082e-07
5.780956144008086994e-06
2.855797447409713641e-07
6.923801976199683850e-08
6.609975002902501728e-07
3.951155491677127429e-08
3.721164887338090921e-07
7.358214352279901505e-04
2.105107763782143593e-03
3.404483948088454781e-07
4.217742457512940746e-07
3.951293194859317737e-07
4.393199560581706464e-06
2.972637048515025526e-05
2.467591571075899992e-07
2.103387942042900249e-06
5.245639840723015368e-06
1.354240453110833187e-06
4.334397942784562474e-07
3.505129825498443097e-06
9.593392178430804051e-07
4.046013941660930868e-07
3.844724858481640695e-07
1.749788566485221963e-06
1.411813855156651698e-06
2.966818101413082331e-06
1.717051077321229968e-06
6.785938353459641803e-07
1.832149109759484418e-06
2.816283313222811557e-07
1.318295403507363517e-06
7.865118050176533870e-07
7.154619197535794228e-06
6.910190677444916219e-07
2.398616970822331496e-06
4.520348966252640821e-07
1.423245180376397911e-06
7.578347776870941743e-06
8.898196597328933422e-07
3.505332570057362318e-04
8.108973474918457214e-07
6.569249308086000383e-06
8.897560519471880980e-07
2.180366038828651654e-07
6.359584858728339896e-08
5.798129336653801147e-07
1.269927309976992547e-07
1.171297370206048072e-07
1.841767698351759464e-07
1.739506956255354453e-07
4.764831373904598877e-06
2.029049852581010782e-07
1.338378865511913318e-06
7.851410828152438626e-07
4.682985021986496577e-08
8.536006248505145777e-07
1.866716843323956709e-07
2.957886522381159011e-07
3.434731468132667942e-07
4.882645612269698177e-07
1.895907217885905993e-07
6.420240765692142304e-07
1.236044590768869966e-05
3.136948180326726288e-06
6.078892056393669918e-07
8.929879982133570593e-07
9.049255822901614010e-06
1.201995729616101016e-07
1.381792344545829110e-06
1.705871710555584286e-07
6.130917995506024454e-07
1.571602751937462017e-06
1.114349288400262594e-06
6.233803105715196580e-06
1.764826265571173280e-06
1.395466938447498251e-06
2.859936330423806794e-06
2.210331103924545459e-06
1.281591539736837149e-05
4.896130008091859054e-07
5.355780103855067864e-07
5.601510565611533821e-05
9.347414561489131302e-06
1.548972977616358548e-05
4.609469499428087147e-07
6.585693199667730369e-07
8.226279169321060181e-03
1.114205929297895636e-06
2.094172714350861497e-06
2.271423909405712038e-06
8.717206583241932094e-07
8.544183174308273010e-07
1.273121015401557088e-04
9.243303793482482433e-05
6.084903816372388974e-06
1.139505402534268796e-04
5.153409074409864843e-05
4.482916210690746084e-06
1.185428754979511723e-05
7.462817302439361811e-05
3.935775794161600061e-07
2.922191413290420314e-07
5.557219537877244875e-07
1.424116271664388478e-05
1.563275873195379972e-05
2.211336777691030875e-06
1.677008640399435535e-06
8.637033488412271254e-08
8.036819849621679168e-07
6.951700584068021271e-07
2.397872265191836050e-07
4.951176038048288319e-07
1.275122798460870399e-07
4.425969018484465778e-05
8.722908205527346581e-06
8.904806236387230456e-06
4.463058758119586855e-06
8.611139492131769657e-05
1.177232188638299704e-04
2.689718712645117193e-05
1.949108809640165418e-05
6.019070860929787159e-05
1.817368683987297118e-05
3.665394160634605214e-06
1.865213416749611497e-04
4.850510595133528113e-05
8.670759257256577257e-07
2.479745671735145152e-05
4.378977337182732299e-06
2.588891038612928241e-05
3.076792199863120914e-05
7.612029548909049481e-06
2.081661295960657299e-05
3.033002140000462532e-04
6.298109656199812889e-05
5.540085840038955212e-04
1.570709719089791179e-04
5.738821710110642016e-05
2.219548332504928112e-05
3.893982011504704133e-06
2.039800529018975794e-05
6.400982783816289157e-07
6.130295805633068085e-04
4.140154123888351023e-05
1.387287775287404656e-04
5.048569291830062866e-04
1.700209104456007481e-04
4.069665155839174986e-04
7.053975878079654649e-06
1.812339746720681433e-06
3.618097616708837450e-05
8.962446736404672265e-05
5.096776658319868147e-05
3.814998126472346485e-05
8.349183190148323774e-06
2.323774060641881078e-05
1.584577257744967937e-04
1.176010755443712696e-05
4.658259858842939138e-04
1.027546604746021330e-04
5.077080277260392904e-05
9.262085768568795174e-06
3.517934601404704154e-05
1.984910108149051666e-03
7.770339834678452462e-06
4.905808018520474434e-04
3.577026654966175556e-05
9.099843737203627825e-05
9.170959742732520681e-07
7.664167060283944011e-05
2.011710967053659260e-05
1.826218976930249482e-05
1.190249986393610016e-05
1.004133227979764342e-04
6.600756023544818163e-06
1.869875995907932520e-05
1.367382938042283058e-04
1.690107746981084347e-03
1.303491153521463275e-04
2.403020880592521280e-05
3.014221510966308415e-05
4.136314091738313437e-04
1.460975909139961004e-04
8.784128585830330849e-04
6.646555993938818574e-05
8.653441909700632095e-04
2.004120324272662401e-05
1.272106455871835351e-04
2.322136970178689808e-05
7.695887325098738074e-05
5.269537268759449944e-06
3.898290378856472671e-05
1.050272330758161843e-04
2.386766209383495152e-05
4.847007858188590035e-06
4.922480002278462052e-05
1.689633791102096438e-05
4.306007176637649536e-04
1.732496602926403284e-04
1.146292488556355238e-04
4.984848055755719543e-05
1.367949153063818812e-04
6.245215899980394170e-06
7.078994531184434891e-05
2.859170199371874332e-04
8.084419096121564507e-05
3.261690653744153678e-05
1.112035533878952265e-05
1.954266554093919694e-05
3.486977584543637931e-05
1.743616885505616665e-04
4.955033073201775551e-04
1.603225246071815491e-04
4.128747241338714957e-05
1.847370731411501765e-05
4.970938243786804378e-05
2.096697862725704908e-04
8.929714567784685642e-06
5.003673322789836675e-06
8.937028906075283885e-05
9.401247370988130569e-05
4.751198503072373569e-05
2.290904194524046034e-05
1.212327551911585033e-04
7.556586206192150712e-05
3.056545392610132694e-04
2.649472207849612460e-06
3.441809385549277067e-04
2.316881182196084410e-05
5.184660039958544075e-06
3.167290415149182081e-04
9.647192200645804405e-05
9.482498862780630589e-04
7.035463204374536872e-05
2.128976848325692117e-05
2.206366480095311999e-05
1.305578098254045472e-05
1.882760552689433098e-04
6.275602499954402447e-04
4.550071389530785382e-05
7.888848631409928203e-05
7.528920104959979653e-05
4.132623507757671177e-05
3.831613355487206718e-07
4.586897375702392310e-06
2.312052629349636845e-06
3.921694315067725256e-06
9.434775711270049214e-05
9.982982192013878375e-07
4.147583183566894149e-07
8.348785740963649005e-06
6.672063591395271942e-06
1.778418663889169693e-06
3.825707608484663069e-06
2.247383690701099113e-06
2.722902763707679696e-06
2.658315452208626084e-06
7.384149398603767622e-07
2.543095433793496341e-06
1.741348455652769189e-06
2.660910013219108805e-06
7.691595556025276892e-07
1.553739821247290820e-07
8.409179486079665367e-08
9.320290672576447832e-08
3.591756012610858306e-07
6.938817591617407743e-07
2.962295866382191889e-07
6.127963388280477375e-06
1.784888809197582304e-06
1.006893489829963073e-05
2.328996373535119346e-07
2.876112148442189209e-06
4.709020799964491744e-07
1.552217270273104077e-07
1.306314743487746455e-06
4.794407004737877287e-07
1.005065428216767032e-06
9.630162622897842084e-08
1.256897348866914399e-06
1.054275230671919417e-06
1.992443827703027637e-07
1.548148702568141744e-07
7.413255502797255758e-07
6.097555797168752179e-06
5.601104362540354487e-07
3.504379719743155874e-07
2.889394750127394218e-07
1.259952910004358273e-06
5.657559540850343183e-07
1.504269704355465365e-07
1.865900003394926898e-07
4.096073382697795751e-07
2.195097067669848911e-06
5.583382289842120372e-07
2.245224322905414738e-06
3.909947281499626115e-07
6.680155820504296571e-06
3.072938739023811650e-07
1.034904289554106072e-05
3.631842275808594422e-07
4.046504851430654526e-03
6.508315709652379155e-05
1.082077415048843250e-05
6.233416570466943085e-06
7.918954452179605141e-07
1.882765900518279523e-06
2.746088739513652399e-06
3.296371914984774776e-06
2.704881119086621766e-08
4.529387297225184739e-06
4.053234079037792981e-06
5.576857802225276828e-07
2.534288796596229076e-05
1.873852397693553939e-06
4.761302079714369029e-06
8.608401003584731370e-06
4.240058842697180808e-06
3.164614952311239904e-07
1.625028235139325261e-04
8.439029625151306391e-05
2.795834234348149039e-06
2.402100790277472697e-06
5.673983196174958721e-06
4.615487705450505018e-05
1.030550083669368178e-05
7.621233180543640628e-06
1.430270231139729731e-06
4.434423171915113926e-04
5.194615732762031257e-05
1.075582349585602060e-05
2.510221520424238406e-06
1.436133857168897521e-06
2.356019649596419185e-06
8.185099886759417132e-07
7.582642410852713510e-06
8.184381954379205126e-07
7.056417416606564075e-06
1.076987018677755259e-06
2.593227463876246475e-07
1.378680369867879563e-08
8.864803646702057449e-08
6.208504288451877073e-08
8.010729857232945506e-08
3.238473667011021462e-08
2.694450245144253131e-07
4.200279363431036472e-06
2.149996544176246971e-05
1.822004719542746898e-06
9.072568474266518024e-08
4.329039882122742711e-07
1.086114522763637069e-07
1.116436237680318300e-06
1.962850717518449528e-07
1.540724611004407052e-06
6.078242904550279491e-07
3.326973683215328492e-07
1.758023842057809816e-07
4.571441891698668769e-08
7.970038495841436088e-06
4.495117082115029916e-06
1.882836642153051798e-07
9.618037921654831734e-08
5.415812847786583006e-05
2.562634472269564867e-05
2.137449046131223440e-04
3.842530986730707809e-06
1.572687688167206943e-05
1.353440020466223359e-04
1.563252735650166869e-04
2.248068631161004305e-05
1.555928429297637194e-05
2.741063553912681527e-07
7.336705311900004745e-05
8.404514119320083410e-06
3.945361186197260395e-06
9.354450412502046674e-06
3.179016493959352374e-05
1.209889887832105160e-05
2.767487967503257096e-05
2.207815668953116983e-06
9.805474292079452425e-06
5.625875201076269150e-05
1.964091325135086663e-06
4.965759217157028615e-07
6.560696874657878652e-06
2.875526552088558674e-04
4.511682200245559216e-04
3.466007547103799880e-05
2.665335614437935874e-07
2.178232762162224390e-06
7.062649092404171824e-05
1.301976567447127309e-06
1.292723936785478145e-05
2.067517198156565428e-05
7.556604032288305461e-06
9.401870556757785380e-06
4.359927459063328570e-07
2.520035309316881467e-07
1.190132593364978675e-06
4.490808294121961808e-07
1.353242550976574421e-04
1.044666161760687828e-03
4.655657448893180117e-06
5.292803325573913753e-05
1.133768932959355880e-06
1.417420025973115116e-05
4.820878384634852409e-04
6.350827788992319256e-06
6.129143457656027749e-06
5.808897640235954896e-06
8.089262701105326414e-05
1.053602289857735741e-07
3.762636879400815815e-06
2.726084494497627020e-05
3.141642764603602700e-06
1.900442953228775878e-06
1.041885752783855423e-05
6.151733396109193563e-05
2.124927006661891937e-03
1.030291173265140969e-06
2.697771124076098204e-04
1.330149984823947307e-06
2.038042657659389079e-05
5.732468252972466871e-06
1.278612853639060631e-05
8.824031283438671380e-06
4.438171288256853586e-07
2.461818553456396330e-07
8.786213356870575808e-07
3.745200228877365589e-05
2.750244129856582731e-05
4.413799388203187846e-07
1.702648660284467041e-05
8.061503060162067413e-03
1.735159287363785552e-07
6.035884507582522929e-05
3.236799268051981926e-03
7.836124638060937286e-08
6.298109269664564636e-07
1.487107397224463057e-07
1.216143004967307206e-06
2.525163381505990401e-06
1.271567725780187175e-06
7.719483505752577912e-07
1.494680054747732356e-05
1.064993673935532570e-03
5.618006980512291193e-06
1.052328116202261299e-05
1.169516508525703102e-06
7.875866003814735450e-07
4.204585479783418123e-07
1.332710417045745999e-05
8.711535883776377887e-06
1.814524125620664563e-06
2.433200165796733927e-07
1.501245776580617530e-07
3.372670562384882942e-06
4.601551336236298084e-04
4.527886403593583964e-07
3.067460784222930670e-04
1.169475854112533852e-05
2.682549848032067530e-06
1.923031732076196931e-06
4.857949420511431526e-07
4.555047416943125427e-05
3.974409537477185950e-06
6.275587111304048449e-06
8.602516572864260525e-06
2.528596212414413458e-07
1.409399146723444574e-06
8.910586188903835136e-07
3.950419227294332813e-07
2.339342017876333557e-06
2.328865775780286640e-05
3.621649739216081798e-05
6.373474025167524815e-05
8.977467018667084631e-07
1.852717332440079190e-06
3.710574446813552640e-06
2.909543127316283062e-06
3.488600839318678482e-07
7.457580863956536632e-07
3.842518196961464128e-07
1.947845303220674396e-04
1.962936039490159601e-06
4.399771285079623340e-07
2.767575097095686942e-05
3.058750007767230272e-04
2.391147427260875702e-04
6.505086275865323842e-06
2.308821422047913074e-05
4.677499873650958762e-06
5.238166522758547217e-06
2.143560550393885933e-06
2.850719056368689053e-06
5.052882443123962730e-06
6.383931031450629234e-04
6.361577788993599825e-07
3.379262852831743658e-05
1.465231662223231979e-06
5.776483362751605455e-07
1.675180811844256823e-07
3.810536509263329208e-05
3.936511632218753221e-07
7.363341296695580240e-07
1.890749672384117730e-06
2.328991058675455861e-06
4.704818934442300815e-07
6.178638045639672782e-07
2.497124114597681910e-05
3.269280568929389119e-05
8.858542059897445142e-06
3.681070211314363405e-06
1.211509370477870107e-04
7.714897947153076530e-05
5.487907401402480900e-06
5.848118235007859766e-06
9.889955981634557247e-05
1.243345650436822325e-06
2.174188011849764735e-06
6.619112014050188009e-08
5.957666644462733530e-07
3.367855924807372503e-06
4.006937004419341974e-08
9.905586466629756615e-07
8.079558938334230334e-06
2.864478574338136241e-06
1.315129156864713877e-05
4.413353451582224807e-07
1.112895461119478568e-06
2.128390224243048579e-05
5.297262032399885356e-05
1.971965830307453871e-04
2.770691196474217577e-07
4.236910172039642930e-06
5.384375072026159614e-06
3.163564770147786476e-07
9.555119362403274863e-08
8.869670296007825527e-07
1.768774041011056397e-06
3.065350711040082388e-06
1.076991520676529035e-05
1.118138607125729322e-05
1.257491476280847564e-05
8.970052476797718555e-06
5.002544867238611914e-07
1.504135639152082149e-06
1.656521135373623110e-06
5.769632025476312265e-06
3.521403186823590659e-06
3.137672365483012982e-06
2.417859468550886959e-05
1.489151827627210878e-06
4.317108448503859108e-07
1.319006486255602795e-07
2.113951723003992811e-06
3.209561612038669409e-07
1.789680140973359812e-06
6.868132913950830698e-06
1.383567820312237018e-07
7.102083600329933688e-06
1.285469443246256560e-05
4.462335255084326491e-06
8.318183404298906680e-07
1.556542883918154985e-05
7.898464815525585436e-08
2.623048885652679019e-06
8.094371150946244597e-05
2.487363872205605730e-06
2.950840098492335528e-05
1.785450649549602531e-06
2.061784243778674863e-06
1.271940050173725467e-06
4.849243487115018070e-05
6.936141744517954066e-06
7.485451988031854853e-06
4.879247353528626263e-05
4.071588080023502698e-07
3.209223450539866462e-06
2.943668505395180546e-06
2.410165507171768695e-05
8.497358066961169243e-06
4.631586125469766557e-05
5.202185639063827693e-05
2.310095396751421504e-06
2.474918801453895867e-05
6.367544074237230234e-07
1.522289821878075600e-04
1.028699171001790091e-05
2.884686728066299111e-05
1.072556551662273705e-05
8.790445917838951573e-07
5.251158654573373497e-07
2.907369889726396650e-05
2.693056785574299283e-06
1.723725404190190602e-06
8.032337177610315848e-07
7.300453717107302509e-07
2.612470183521509171e-03
1.597274831510731019e-06
1.961949692486086860e-06
3.579917029128409922e-05
1.949500898490441614e-07
1.231754322361666709e-05
3.025216756213922054e-05
2.112440142809646204e-06
6.949522912691463716e-08
7.796754744049394503e-07
2.654059699125355110e-06
3.510231408654362895e-06
3.768883834709413350e-05
1.960030291229486465e-03
1.432740711607038975e-03
7.589370852656429633e-06
4.470852582016959786e-05
6.683217361569404602e-05
2.358389110668213107e-06
1.907761770780780353e-07
2.330752977286465466e-06
4.819384485017508268e-04
1.137711592491541523e-06
6.158779797260649502e-08
2.181767058573313989e-06
3.232888730053673498e-06
4.115518379421700956e-07
9.302744729211553931e-06
2.067987452392117120e-06
2.135881004505790770e-05
4.871004421147517860e-05
7.908004045020788908e-05
4.201159026706591249e-05
4.370574970380403101e-06
1.941418304340913892e-06
2.398367541900370270e-06
2.014788549331569811e-07
1.043446786752610933e-07
5.056179816165240481e-06
2.470950676070060581e-06
4.130389424972236156e-05
7.744613412796752527e-07
3.296716386103071272e-05
1.800549398467410356e-06
1.190703528664016631e-06
1.371680627926252782e-05
1.484338281443342566e-04
8.976796525530517101e-04
2.677845429843728198e-07
2.293668558195349760e-06
2.287440565851284191e-06
7.413004368572728708e-06
2.295758349646348506e-06
1.695103674137499183e-05
3.036502448594546877e-06
1.170132350125641096e-06
4.414782779349479824e-06
6.934038538020104170e-06
2.031270742008928210e-05
7.458367235813057050e-06
5.708207950760879612e-08
3.777389849801693344e-07
1.178117656763788546e-07
2.196898947204317665e-07
1.388463147122820374e-06
5.243034684099256992e-04
6.265445335884578526e-06
1.247304112439451274e-06
1.888063154183328152e-03
1.875689486041665077e-05
1.481109961787296925e-06
1.083136230590753257e-04
1.491812872700393200e-04
2.688248059712350368e-06
2.224676791229285300e-05
1.328785128862364218e-05
6.541317328810691833e-03
8.995873031381051987e-06
8.378568963962607086e-06
3.887097409460693598e-05
2.267012177981087007e-07
3.369206751813180745e-05
5.984170911688124761e-06
1.685961365183175076e-06
1.936438593475031666e-06
1.648358920647297055e-05
5.576857802225276828e-07
1.117955008567150799e-07
1.173136865872947965e-06
1.553272340970579535e-06
1.272561860332643846e-07
2.314502489753067493e-05
3.485004526737611741e-06
9.184247028315439820e-05
5.060009698354406282e-06
2.583599325589602813e-06
2.617164454932208173e-06
5.352218977350275964e-06
1.146733193309046328e-04
2.398139986325986683e-05
1.645074235057109036e-06
2.806764598517474951e-07
4.102096227143192664e-06
6.384747393894940615e-05
3.022311290123980143e-08
4.938490747008472681e-05
4.268795237294398248e-05
3.889423894065657805e-08
1.666103344177827239e-04
9.318722504758625291e-07
2.528907207306474447e-04
4.183576947980327532e-06
5.570811481447890401e-06
3.454037823757971637e-06
2.178941258534905501e-06
6.128427776275202632e-05
3.903336164512438700e-06
8.440316605629050173e-07
2.455363699027657276e-07
2.081343700410798192e-05
1.535596965140939574e-07
6.345999281620606780e-07
5.241919097898062319e-06
5.874745738765341230e-07
2.023693923547398299e-06
4.527388227870687842e-06
2.067679815809242427e-06
2.660104655660688877e-05
1.873376049843500368e-07
2.016920461755944416e-07
3.725235956153483130e-06
9.951078027370385826e-06
1.639171205169986933e-05
1.192149473354220390e-03
2.048168568080654950e-07
1.045557746692793444e-05
2.057894789686542936e-06
1.848125634751340840e-06
9.072941793419886380e-06
3.032009990420192480e-04
4.171612999925855547e-06
2.003923356141967815e-07
2.160923031624406576e-06
3.500753564367187209e-06
3.731198830791981891e-06
6.767832473997259513e-06
7.755980959700536914e-07
3.455917578776279697e-07
1.813986756360463914e-07
1.529387955088168383e-04
2.148224972188472748e-02
1.589113526279106736e-05
1.701224277894652914e-06
1.099408450500050094e-06
1.446120768378023058e-05
3.055093839066103101e-05
1.416928085973268026e-07
4.272972091712290421e-06
5.689178692591667641e-07
2.051297315119882114e-06
5.043881969868380111e-07
1.785236122486821841e-06
7.181895853136666119e-06
1.933089833983103745e-06
4.979435743734939024e-07
3.782785370276542380e-06
5.228033114690333605e-05
1.005752943456172943e-02
4.234125299262814224e-05
7.473803179891547188e-06
2.099168952554464340e-03
2.113251139235217124e-05
5.219763261266052723e-05
1.089478871563187568e-07
2.381435479037463665e-06
2.657824893503857311e-07
2.121600322425365448e-02
2.052112540695816278e-05
4.243789135216502473e-06
2.384122552712142351e-07
3.607977705541998148e-04
3.712002944666892290e-05
7.110263140930328518e-06
1.744102628435939550e-04
1.034120373333280440e-06
1.253199428674633964e-07
9.918683645082637668e-06
7.093990461726207286e-07
1.696690196695271879e-05
1.595231879036873579e-04
5.406134206964452460e-08
5.544030955206835642e-06
3.044913228222867474e-07
9.281391726290166844e-07
3.907873178832232952e-06
4.220134286470056395e-08
6.217327154445229098e-06
3.077680012211203575e-04
7.954259672260377556e-06
3.575222581275738776e-05
1.384687834615760949e-06
1.335604338237317279e-06
1.221743900714500342e-06
7.222291742436937056e-07
7.800726393725199159e-07
9.923949983203783631e-05
1.646226223783742171e-06
7.350077794399112463e-06
2.882615990529302508e-05
7.792198448441922665e-05
1.296252230531536043e-05
3.080982132814824581e-04
6.246460834518074989e-04
2.012893324717879295e-03
1.499671043347916566e-06
1.866019192675594240e-05
9.535181743558496237e-05
4.171314835548400879e-02
2.785956021398305893e-04
3.902950709289143560e-07
1.028729548124829307e-05
1.717578470561420545e-06
4.338839687534346012e-07
1.519753425327508012e-07
4.176248182830022415e-07
1.056010569300269708e-05
1.826889820222277194e-05
1.356500615656841546e-05
6.830267466284567490e-06
9.108247240874334238e-07
1.564867346814935445e-07
1.804888597689568996e-06
5.458073104591676383e-08
5.502046406036242843e-06
3.604981770877202507e-07
1.011753383295399544e-07
2.788433084788266569e-05
1.751956151565536857e-04
5.560275894822552800e-06
2.549836835896712728e-06
8.524169743395759724e-07
3.312347325845621526e-05
2.683568254724377766e-06
1.133471141656627879e-05
7.142889808164909482e-05
4.040215280838310719e-04
4.340238956501707435e-05
1.441662607248872519e-04
2.150746240658918396e-06
1.546972470123364474e-07
1.708121635601855814e-05
3.541055411915294826e-05
2.733054316195193678e-06
1.117863757116310808e-08
2.923890715464949608e-03
6.851940997876226902e-04
9.688709496913361363e-07
7.038422336336225271e-05
7.344041250689770095e-07
1.823193542804801837e-06
1.001095483843528200e-06
1.368015546177048236e-06
1.019014052872080356e-05
1.294651610805885866e-06
1.262359583051875234e-04
9.310009190812706947e-04
1.657534909327296191e-07
2.227278173450031318e-06
3.713064700150425779e-07
6.982363629504106939e-07
2.258719177916646004e-05
1.573330337123479694e-06
3.748893732336000539e-06
1.225863816216588020e-04
7.688706682529300451e-05
1.149561796864873031e-07
1.534873774744482944e-07
1.704749593045562506e-05
4.861330580752110109e-06
1.134890155185530602e-07
1.286148716417301330e-07
8.783733278505678754e-07
1.825102003749634605e-06
1.237628312082961202e-04
1.321467379966634326e-06
6.459241831180406734e-06
7.024679234746145085e-06
2.179101329602417536e-06
2.793826162815093994e-03
3.259567165514454246e-05
2.554857383074704558e-05
1.122052435675868765e-05
4.495082976063713431e-06
2.969810338981915265e-06
4.557793363346718252e-05
3.528546812958666123e-06
1.679729621173464693e-06
2.300109542829886777e-07
7.902522725089511368e-07
7.300565130208269693e-07
1.405581002700273530e-07
7.652805322777567199e-08
1.139504206548735965e-06
1.749292891872755717e-06
7.188758172560483217e-05
1.451024758125640801e-07
3.055641570881562075e-07
2.267378931719576940e-06
3.938295094485511072e-07
4.719745902548311278e-06
1.948290218933834694e-06
9.988896181312156841e-07
1.409662672813283280e-06
3.354026887336658547e-07
5.466285415423044469e-07
1.501651809121540282e-06
3.774707408865651814e-07
2.398390506641590036e-06
4.072306580837903311e-07
1.526424853182106744e-07
5.429055818240158260e-07
9.457083649522246560e-08
2.614977745452051749e-07
7.365933356595633086e-07
5.919782779528759420e-07
2.186048368457704782e-05
2.255762410641182214e-06
9.820948889682767913e-07
2.696413048397516832e-06
2.779274836939293891e-06
1.053106097970157862e-05
1.066084450940252282e-06
1.487372060182678979e-06
1.092465026886202395e-05
3.464463986802002182e-07
1.440990558876364958e-06
1.258778297597018536e-06
2.575204689492238685e-07
1.942446260727592744e-06
2.466991304572729860e-07
8.117740435409359634e-07
5.007752292840450536e-07
6.038400215402361937e-07
1.509733237980981357e-06
3.337409566483984236e-07
8.788419072516262531e-04
1.027442249323939905e-05
6.929381750524044037e-03
4.918167833238840103e-04
2.159957948606461287e-04
6.946972571313381195e-03
1.125522702932357788e-02
2.915830910205841064e-01
4.877331256866455078e-01
2.308135735802352428e-04
6.612885044887661934e-04
2.671347601790330373e-06
6.227688572835177183e-06
7.888558902777731419e-04
5.848625733051449060e-06
1.136101445808890276e-06
2.915583081630757079e-07
2.689677785383537412e-05
1.765491219885007013e-06
4.343451678323617671e-07
1.208070443681208417e-07
1.665882336965296417e-06
7.652407703062635846e-07
6.053050469745357987e-07
2.177369680111951311e-07
2.612128753298748052e-07
3.843423428406822495e-07
1.453150559882487869e-07
4.341544808994513005e-06
1.112328300223452970e-05
