9.407332981936633587e-05
2.041724656010046601e-05
2.177133428631350398e-04
4.278954656911082566e-05
7.301878649741411209e-04
3.319752868264913559e-03
7.501912117004394531e-01
2.671253787411842495e-05
3.698631871884572320e-06
1.460163389310764614e-06
1.528456294863644871e-07
9.671161649293935625e-08
8.644948934488638770e-08
1.098314101000141818e-06
1.618802372149730218e-07
2.007481498367269523e-06
2.080590633113388321e-07
4.976908485332387500e-07
4.246874425462010549e-07
2.968240409018108039e-08
4.294438440410885960e-06
5.792600177301210351e-07
2.217684368588379584e-06
9.094625283978530206e-07
1.872167132432878134e-08
2.263272307345687295e-07
1.035064315146883018e-06
6.368523372657364234e-06
5.716543682865449227e-07
9.556306395097635686e-07
1.722852175589650869e-06
6.849148093124313164e-08
1.973524632603584905e-07
7.636582013219594955e-04
1.153874793089926243e-03
3.902385742549085990e-06
6.268347078730585054e-06
1.011358904179360252e-06
2.248994235287682386e-07
5.470301402965560555e-06
6.713408140512910904e-08
8.067836176905984757e-08
3.866207123337517260e-07
9.887999112834222615e-07
2.047070495336811291e-07
3.509987038796680281e-07
4.352935434326354880e-08
1.108483758116562967e-07
9.027766623148636427e-07
2.695912189665250480e-05
2.905175051637343131e-06
2.328411756025161594e-05
1.341639631391444709e-06
1.737943534863006789e-06
3.069223737384163542e-07
6.904252245476527605e-07
1.629974804018274881e-07
8.494628218613797799e-07
3.234875111957080662e-05
2.179991156481264625e-07
3.408179054531501606e-07
4.593845233102911152e-07
2.416317556708236225e-06
1.655259620747528970e-05
1.148263663708348759e-06
2.631419047247618437e-04
1.599921404249471379e-07
2.636950512169278227e-06
8.604760637354047503e-08
5.348446393327321857e-06
1.975031693746132078e-08
1.167111136624043866e-07
2.153413092287337349e-08
3.639484447148788604e-08
9.064128114744107734e-09
9.611515139340554015e-08
1.268048094971163664e-06
1.010644012922057300e-07
3.622859139795764349e-06
2.947353095805738121e-06
1.940128413480124436e-07
5.743278208569790877e-08
1.846748887146532070e-06
1.176883159814678947e-07
7.432585107380873524e-07
8.460655180897447281e-07
5.099679583508986980e-06
1.382096854740666458e-07
2.565424438216723502e-06
4.660348622564924881e-07
1.206067622661066707e-06
4.346831588009081315e-07
1.419473619534983300e-06
3.064460685209269286e-08
4.969161082613027247e-08
5.929920021685575193e-08
3.082967623413424008e-07
1.594302739249542356e-05
3.886623289872659370e-06
1.790400892787147313e-05
2.050574039458297193e-05
7.063124794512987137e-04
4.295122380426619202e-06
6.019628017384093255e-06
2.012394361372571439e-06
3.369370560335482878e-08
5.449257969303289428e-07
3.492396208457648754e-04
6.518929876619949937e-05
4.628306196536868811e-04
2.491507984814234078e-06
9.148175763584731612e-07
7.244971930049359798e-04
4.006041763204848394e-06
4.171209639025619254e-06
4.123352937313029543e-06
1.099461132980650291e-05
2.750669182205456309e-06
4.266024625394493341e-04
1.093918472179211676e-04
2.602956737973727286e-05
1.336687128059566021e-04
6.254705658648163080e-05
1.004825935524422675e-05
7.263277075253427029e-05
1.440351752535207197e-05
3.304773201762145618e-07
1.451040816391468979e-07
2.781515888727881247e-07
1.396388324792496860e-05
4.668769543059170246e-05
3.691594656629604287e-06
1.118571617553243414e-06
1.497540154105081456e-07
2.145256132735084975e-07
1.486673795625392813e-06
3.989088327216450125e-06
1.295474339713109657e-05
2.306845026112114283e-08
1.839005449255637359e-06
6.237222578420187347e-07
2.788970505207544193e-06
1.765625256666680798e-06
3.383140938240103424e-05
1.604184217285364866e-05
6.816642417106777430e-05
3.895986083080060780e-06
1.864952209871262312e-04
1.420309854438528419e-05
1.305595651501789689e-04
7.241407874971628189e-04
4.523040388448862359e-06
4.548457965825036808e-08
2.670846015462302603e-07
3.085988566908781650e-07
3.577284246603085194e-07
1.517559326202899683e-06
1.505583639982432942e-07
8.977148127087275498e-07
8.018183871172368526e-05
9.879403251034091227e-07
1.776362842065282166e-05
3.082982584601268172e-05
1.406586961820721626e-04
7.656065463379491121e-06
8.778283699939493090e-06
7.779361112625338137e-06
1.754301024448068347e-06
2.448858285788446665e-04
1.457230837331735529e-06
5.142971531313378364e-06
1.984480513783637434e-05
1.057537065207725391e-05
1.183299173135310411e-05
1.785501240192388650e-06
5.295714231579040643e-07
1.616729718989518005e-06
2.528593995521077886e-06
1.206728120450861752e-04
2.489559301466215402e-05
1.431054988643154502e-05
9.344135492028726730e-07
8.637410246592480689e-06
3.972414560848847032e-06
2.515141568437684327e-05
1.172885458800010383e-05
1.189858608086069580e-06
2.059632606687955558e-07
1.280274659620772582e-06
4.088766581844538450e-05
7.007068916209391318e-07
6.968617526581510901e-05
1.477690830142819323e-06
3.554525392246432602e-06
1.897817014651081990e-07
7.399849437206285074e-06
3.620946813498449046e-07
8.988160516310017556e-06
1.105091882891429123e-06
2.057741949101909995e-05
1.276164880437136162e-07
8.962963988778938074e-07
5.011723260395228863e-06
2.907288399001117796e-05
1.368821472169656772e-06
4.678983714256901294e-06
7.109779289748985320e-06
1.324102868238696828e-05
3.417801053728908300e-05
2.609085640870034695e-04
4.848527169087901711e-06
1.410568511346355081e-04
3.050273107874090783e-06
1.312553831667173654e-05
1.636295201024040580e-05
2.802471954055363312e-06
9.946846830644062720e-07
1.397282744619587902e-06
4.647431069315643981e-06
1.275866111427603755e-06
2.346954488530172966e-06
4.491339950618566945e-06
1.093853825295809656e-06
4.923459346173331141e-05
1.616070767340715975e-05
3.329029277665540576e-05
3.205566827091388404e-06
5.927871097810566425e-05
8.424182738053787034e-07
5.370132384996395558e-06
5.198659891902934760e-06
5.827455879625631496e-06
2.231578719147364609e-06
6.384492280631093308e-06
1.312893728027120233e-04
8.948970389610622078e-06
2.944773877970874310e-04
1.185831424663774669e-04
7.234788063215091825e-05
1.631100894883275032e-05
1.910900391521863639e-05
2.399351615167688578e-05
4.301236549508757889e-05
9.250898074242286384e-06
4.992417416360694915e-06
3.998404281446710229e-06
9.528772352496162057e-06
2.632342557262745686e-06
1.377581270389782730e-06
9.627680810808669776e-06
1.364348099741619080e-05
8.283180250145960599e-06
2.127997476009113598e-07
8.601208719483111054e-06
1.350175239167583641e-06
1.350568027191911824e-06
1.487355912104249001e-04
1.512558083049952984e-05
1.090522782760672271e-04
4.748675564769655466e-06
8.731569323572330177e-06
5.482857432070886716e-06
6.491288331744726747e-06
3.209933856851421297e-05
5.223777407081797719e-06
4.603318188856064808e-07
1.584019173606066033e-06
5.849511126143625006e-06
2.399323966528754681e-05
1.586950020282529294e-07
3.646434834081446752e-07
1.529220270413134131e-07
3.764349116863741074e-07
8.052702469285577536e-06
1.287084955947648268e-06
3.664986891749322240e-08
8.210708983824588358e-07
3.987937589045031928e-07
4.010731657899668789e-08
3.428547472594800638e-07
2.753785963705013273e-07
4.068960279823841120e-08
2.972953154767310480e-07
1.338188866384371067e-07
7.229520804230560316e-08
6.866885371437092545e-08
8.983622024061332922e-07
4.071118553383712424e-08
2.938559440224253194e-08
1.247760295086663973e-08
8.864808620501207770e-08
1.718786251103665563e-07
5.247136982688971329e-07
4.950354792754296795e-08
8.738917131267953664e-06
1.143132158176740631e-05
8.383472959394566715e-06
2.431119810353266075e-06
1.171574581348977517e-06
1.072877253704973555e-07
1.329403005456697429e-07
5.144381702848477289e-07
4.986429189557384234e-07
5.037228945070637565e-08
2.512770151952281594e-07
4.330727279011625797e-07
2.860417907868395559e-06
5.150274517973230104e-08
1.004778837909725553e-07
4.588067881172719353e-08
1.656435188124305569e-06
9.795796529488143278e-08
1.065072297024016734e-07
3.863319264496567484e-08
1.747941723806434311e-06
1.751260114701835846e-08
1.389011572427989449e-07
3.765196368021861417e-07
2.587411529475502903e-07
1.716913686777843395e-07
3.977994467163625814e-08
1.476426376711970079e-07
1.211653710697646602e-07
7.798227130706436583e-08
2.498003048856389796e-08
8.628126693110971246e-07
9.859942196044357843e-08
1.186552108265459538e-03
2.836132989614270627e-05
3.419480344746261835e-05
3.734335223271045834e-07
1.235677586919337045e-07
3.654514841855416307e-07
5.758022894042369444e-07
2.373193410676321946e-06
1.799868698526552180e-08
3.463118218860472552e-07
1.428460200258996338e-05
2.734035888352082111e-06
1.044991659000515938e-04
1.373794930259464309e-06
7.624967256560921669e-04
2.258204767713323236e-04
2.513328945497050881e-05
6.438043783418834209e-05
8.061420172452926636e-03
6.246953830122947693e-02
2.179849798267241567e-05
1.364004583592759445e-05
6.503595159301767126e-06
9.803180546441581100e-06
2.615762423374690115e-05
1.088999670173507184e-05
1.076618900697212666e-06
2.539046399760991335e-04
1.016761598293669522e-05
1.341478423455555458e-06
1.629114763090910856e-06
1.899461068433083710e-07
1.121286032912394148e-07
4.430775334185454994e-06
4.243627529376681196e-07
2.275953789876439259e-07
7.101694791344925761e-06
7.727803676971234381e-07
2.659391839188174345e-06
4.545758542917610612e-07
9.034674803842790425e-07
1.013353099210689834e-07
1.997473617620926234e-07
2.965727929904460325e-08
3.744459888821438653e-07
2.252266313007567078e-06
1.275513932341709733e-05
9.921182027028407902e-07
1.232672701689807582e-07
1.243047677235153969e-06
7.574579541369530489e-08
3.463319728780334117e-07
9.014381134875293355e-07
3.603907714477827540e-07
1.252788592864817474e-06
4.336501149282412371e-07
6.601627688951339223e-08
2.549731448198144790e-08
4.815638065338134766e-03
5.460248212330043316e-04
2.318628560260549420e-07
1.073773887583229225e-07
2.011091710301116109e-04
3.667048440547659993e-05
1.126689719967544079e-03
4.464327867026440799e-05
1.222383889398770407e-05
1.185501343570649624e-03
2.153532695956528187e-04
2.193806176364887506e-05
2.484033393557183444e-05
7.105775807758618612e-07
6.778507213311968371e-06
5.529990403374540620e-07
3.382542217877926305e-06
1.625516432568474556e-07
1.321316858593490906e-06
1.372975759750261204e-07
1.931340193550568074e-06
1.637327727621595841e-06
1.932570967255742289e-06
7.898078365542460233e-06
7.012238967263328959e-08
4.225033990223892033e-06
2.876015059882774949e-06
2.615077391965314746e-06
5.122686616232385859e-06
9.430481213712482713e-07
1.271609562536468729e-06
5.317064619703160133e-07
2.570218384789768606e-05
4.728066826942267653e-09
1.606479941074212547e-06
5.408151082519907504e-07
5.127398253534920514e-06
1.556657252876902930e-06
3.119591269751254003e-07
2.453742808938841335e-07
2.434802127027069218e-06
3.577056872927641962e-08
8.704278297955170274e-05
3.219008212909102440e-03
4.999080260859045666e-07
1.453144523111404851e-05
2.323259025160950841e-07
1.404748900313279592e-06
6.456791888922452927e-03
6.321162800304591656e-06
1.359483285341411829e-04
1.688925834741894505e-07
4.976702257408760488e-06
2.701432322282926179e-07
1.198081918118987232e-06
2.266686351504176855e-06
1.439851075701881200e-06
6.376176884259621147e-07
4.438396445038961247e-06
1.112303471018094569e-05
3.183387161698192358e-04
7.290295656048328965e-08
7.292368991329567507e-06
1.267993070541706402e-07
7.602972800668794662e-06
2.114005155817721970e-06
7.385752383015642408e-07
9.455354188503406476e-07
6.379033123948829598e-08
3.212335997204718296e-08
3.581534144814213505e-07
6.120047146396245807e-06
1.872186112450435758e-05
4.361855587831087178e-07
2.220101123384665698e-06
6.238957284949719906e-04
3.285508455519448034e-06
4.706262552645057440e-05
3.156169084832072258e-03
1.483407032765171607e-07
4.759509124596661422e-07
1.081590994544967543e-07
7.486177310056518763e-06
7.521227018969511846e-08
2.092407230520620942e-04
7.769152034597937018e-06
1.982743015105370432e-06
2.336667850613594055e-03
5.470257633533037733e-07
1.326705955762008671e-06
9.722661076239091926e-08
2.262357128302028286e-07
1.784448215857992182e-07
5.075848434898944106e-07
2.727815342495887307e-07
3.278682925156317651e-07
9.255291644194585388e-08
3.838302831127293757e-08
3.440734644755139016e-06
1.794000309018883854e-05
2.963386869225814735e-08
1.263312333321664482e-05
5.234244781604502350e-06
1.764496664691250771e-05
2.489295525265333708e-07
1.154868300545786042e-06
1.284159807255491614e-04
3.985800560712959850e-07
7.744374102003348526e-07
5.346105353964958340e-06
8.302959031425416470e-08
2.201138613600051031e-07
3.083685271576541709e-07
2.533217298150702845e-07
2.446940561640076339e-05
2.177994247176684439e-05
1.257874259863456246e-06
2.210571801697369665e-05
1.990318025946180569e-07
1.954906707624104456e-07
2.500486743883811869e-06
5.283614882500842214e-06
9.448849880300258519e-08
2.663771851985075045e-07
1.904546252262662165e-06
1.245439216290833429e-05
3.998167485974590818e-08
4.374792794692439202e-08
3.431365939832176082e-06
1.068713936547283083e-05
8.759204501984640956e-05
3.559511924322578125e-06
1.849742034210066777e-06
1.169035499515302945e-06
2.258652557429741137e-06
2.886928314183023758e-07
4.871266696682141628e-07
1.468422578909667209e-05
2.597927414171863347e-05
3.956618002121103927e-06
1.085339772544102743e-05
5.747859432858604123e-08
6.342369829326344188e-08
2.429441714468794089e-08
1.421497581759467721e-04
6.158160914537802455e-08
5.614582221369346371e-08
2.788183337543159723e-06
5.758594170401920564e-07
1.987599915764803882e-07
1.512112106638596742e-07
5.649321337841683999e-06
3.114607807219726965e-06
1.380690491714631207e-06
4.537163476925343275e-06
7.667095633223652840e-05
4.372455805423669517e-05
3.640008571892394684e-06
8.070180115282710176e-07
3.343596763443201780e-04
8.465516998512612190e-08
1.698128500038365019e-07
1.722919407143308490e-08
4.518823715216058190e-08
2.260472342641151045e-07
1.804784588443908433e-08
3.436882423102360917e-07
3.376724635018035769e-06
1.130651696712448029e-07
1.519572492725274060e-06
4.737292726986197522e-07
3.637223926489241421e-07
1.103392150980653241e-06
2.947687335108639672e-06
3.353545980644412339e-05
2.435237433928705286e-07
4.536823894341068808e-07
3.140305634588003159e-04
2.451962410887631449e-09
9.052794069930314436e-09
2.983793478961160872e-08
9.894865797832608223e-07
1.713974052108824253e-05
2.347807367186760530e-06
5.016122031520353630e-06
8.759726370044518262e-06
6.196901836119650397e-08
5.043112651037517935e-06
2.992215399899578188e-07
8.116816161418682896e-07
4.934585717819572892e-07
5.576624516834272072e-06
5.930652696406468749e-05
8.032169716898351908e-06
2.809126726788235828e-06
1.224717038894596044e-06
5.977739903073597816e-08
1.857494498835876584e-05
3.018782592789648334e-07
4.481496773678372847e-07
1.974822907868656330e-06
3.315142578230734216e-07
3.134067583232535981e-06
8.234390520556189585e-07
1.373113178715357208e-07
1.333203130116089596e-07
5.803048679808853194e-06
1.262403515056575998e-08
1.022998617372650187e-06
1.359855332339066081e-06
4.101817012269748375e-06
8.361424261238425970e-05
9.151813742391823325e-07
2.841840114342630841e-07
7.900158379925414920e-06
1.229743156727636233e-05
3.984723207395290956e-06
9.892889352158817928e-08
1.116529165301471949e-05
7.091595932706695748e-08
1.750947120626733522e-07
1.477723230891569983e-06
5.740869710280094296e-06
4.941930455970577896e-06
7.716171239735558629e-06
1.474443251936463639e-06
1.028342230711132288e-04
5.869342658115783706e-06
1.151330053517085616e-07
1.481670324210426770e-06
2.613559217934380285e-06
1.240483697984018363e-06
2.349007900193100795e-06
1.599418101250194013e-05
1.341566076007438824e-07
6.884304184495704249e-07
1.861437340267002583e-06
2.003737336053745821e-07
4.894697624990840268e-08
1.060301002553387661e-07
9.198084444506093860e-05
2.779842418476619059e-07
1.123128967606135120e-07
7.726635885774157941e-06
2.167613466497186892e-08
4.313197905503329821e-07
6.420439717658155132e-07
2.884971479488740442e-07
6.429149124187460984e-08
6.803129963373066857e-06
1.608891693649638910e-06
9.730244983074953780e-07
3.857927595163346268e-07
2.619560691528022289e-04
2.250684046884998679e-04
2.333930751774460077e-06
9.752341611601877958e-06
1.423634967068210244e-05
1.542401605547638610e-06
5.018277420276717748e-07
1.757174231897806749e-06
5.593141540884971619e-03
1.339130335509253200e-06
2.232014573166907212e-08
5.576417152042267844e-06
7.431319914985579089e-08
2.214447647475026315e-07
3.467938768153544515e-06
1.306030935666058213e-05
4.468337920116027817e-06
2.560621396696660668e-06
4.624504583716770867e-07
2.617935876969568199e-07
1.655058952110266546e-07
1.683797381701879203e-05
9.612638223188696429e-07
5.007819225966159138e-08
1.168974161913638454e-08
9.094304687096155249e-07
1.395402478010510094e-06
1.306452418248227332e-06
9.415056410944089293e-06
1.624024292823378346e-07
6.333746682685159612e-07
1.709467824184685014e-06
4.422536790116282646e-07
4.589536547427996993e-05
2.900785693782381713e-05
1.122736392744627665e-08
1.697703510217252187e-06
2.005329662324584206e-07
9.963741831597872078e-06
2.194857643189607188e-06
2.207699026257614605e-06
1.929863628902239725e-06
7.495374916288710665e-07
7.057497697360304301e-08
3.412715159356594086e-06
5.986711357763851993e-07
1.777809302438981831e-06
2.308266644490686303e-08
7.408774393979911110e-08
3.450648122793609218e-08
3.920753854913527903e-08
4.051804580740281381e-07
5.761036300100386143e-04
3.400392415642272681e-06
4.360225318578159204e-07
1.345125143416225910e-03
1.712689845589920878e-05
6.585319738405814860e-07
1.261644210899248719e-04
1.754076720317243598e-06
2.787592848108033650e-06
1.227478833243367262e-06
1.608489696991455276e-06
4.071047442266717553e-05
8.225842975662089884e-07
2.156271875719539821e-06
4.599440828201295517e-08
1.642376474819684518e-07
9.695781955088023096e-06
3.513584090342192212e-07
4.201910712708922802e-07
4.035034635307965800e-07
4.104001902760501252e-07
1.221950185481546214e-07
7.532228210038738325e-07
1.142034875556419138e-07
1.794917494635228650e-07
2.017870457393655670e-07
4.928304861095966771e-06
3.092296196882671211e-07
1.025630335789173841e-04
1.225640608026878908e-05
2.621718806494754972e-07
1.141593838838161901e-05
4.204297511023469269e-06
5.563776994677027687e-07
1.523905893918708898e-06
7.803227163094561547e-06
5.223809580456872936e-07
1.283398091800336260e-06
7.911153807071968913e-05
8.113978822166245664e-08
2.820654306560754776e-03
1.358452391286846250e-05
1.258213710997324597e-08
2.914101742135244422e-06
9.984924531636352185e-08
5.646034333040006459e-05
2.319499827763138455e-07
3.439474767219508067e-06
1.178802335743966978e-06
2.001145912799984217e-05
8.807154699752572924e-06
1.391716523357899860e-05
2.683019495464122883e-08
5.415794817054120358e-07
3.395925034510582918e-07
4.494754790584920556e-08
1.775832458861259511e-07
5.605245860351715237e-06
3.953440170789690455e-07
1.024468929244903848e-06
4.825333235203288496e-06
5.467412123039139260e-08
2.450754266192234354e-07
1.630680657171978964e-07
1.475474959988787305e-07
2.129297854480682872e-06
8.290213372674770653e-06
7.266249326676188502e-07
9.386076999362558126e-05
3.294855588364953292e-08
9.069412385542818811e-07
7.583947336797791650e-08
1.962780061148805544e-06
1.006019587634909840e-07
3.631402933024219237e-06
1.284874997509177774e-06
1.298377696912211832e-06
2.139541521728460793e-07
1.024978018904221244e-06
3.093443581292376621e-07
9.471310136177635286e-07
3.838528073174529709e-07
3.763261702260933816e-07
5.940281084804155398e-07
1.155293011834146455e-05
5.635539069771766663e-03
2.335311137358075939e-06
8.889087865782130393e-08
5.071036866866052151e-06
6.593734269699780270e-07
2.750370185822248459e-06
1.362230079848814057e-07
9.249445724890392739e-07
1.903512298895293497e-07
5.335365926839585882e-07
6.468682300919681438e-08
6.732231128125931718e-08
3.052113606827333570e-05
3.184987065196764888e-07
3.002420214670564746e-07
2.301731456100242212e-06
1.335731940343976021e-05
5.544216837733983994e-03
2.947798566310666502e-05
1.464675051465746947e-06
5.722513833461562172e-06
1.954050276253838092e-06
4.239612735545961186e-06
1.809751815073923353e-08
4.820951744477497414e-07
3.310738350137398811e-07
2.401021495461463928e-02
3.017854623976745643e-06
6.140452910585736390e-07
1.172350820866085996e-07
3.300165917607955635e-05
4.536460096460359637e-07
7.809503586031496525e-06
1.169382303487509489e-04
1.265360970137408003e-05
7.266694979080057237e-08
7.934065848758109496e-08
1.659857957747590262e-07
4.294533027859870344e-06
6.174974714667769149e-06
3.776635821850504726e-07
7.094806164786859881e-07
2.297483447932791023e-08
2.474458860035610996e-08
6.137361765468085650e-07
2.008650454854432610e-07
1.927411858559935354e-06
2.496186352800577879e-04
1.064427124219946563e-06
5.229659109318163246e-06
1.554628579469863325e-05
2.385263258020131616e-07
2.954295496238046326e-06
5.831230282637989148e-06
1.155354638626704400e-07
3.570292610675096512e-04
2.345098693012914737e-07
8.643326509627513587e-06
8.992215043690521270e-06
1.149755644291872159e-05
6.759025836799992248e-06
5.035886715631932020e-05
5.348111881176009774e-05
6.779726390959694982e-05
6.195927653607213870e-06
9.180876986647490412e-06
1.049175693879078608e-06
4.150124639272689819e-02
1.341627466899808496e-05
1.055887324241666647e-07
5.797701874143967871e-07
8.230162507061322685e-08
1.156234816335199866e-06
3.240631940570892766e-08
2.360739699724945240e-06
5.114059149491367862e-07
3.304724486952181906e-06
3.986076080764178187e-06
1.321014042332535610e-05
1.530946462935389718e-07
5.537264868848978949e-08
9.164652965409914032e-07
3.095054523782891920e-07
8.405885409956681542e-07
1.512031388983814395e-07
1.654426142749798601e-07
7.616441962454700842e-06
2.166604281228501350e-05
1.194880638877293677e-07
2.715729863211890915e-07
1.172458723885938525e-06
9.307826076110359281e-06
5.412190944298345130e-07
9.329924796475097537e-05
1.095798893402388785e-06
6.586856216017622501e-06
4.680724487116094679e-06
2.368680270592449233e-06
2.239252125946222804e-07
1.216155265382212747e-08
4.793589141627307981e-06
9.111511753872036934e-04
7.388169365185603965e-07
1.560585793924929021e-08
1.460362400393933058e-04
6.050985120964469388e-06
1.961852689191800891e-07
1.936783291967003606e-06
1.061878151631390210e-06
1.901479208754608408e-06
5.995681817694276106e-07
2.305643249655986438e-07
1.945639723999192938e-06
2.952650447696214542e-06
3.872663455695146695e-06
1.124544287449680269e-04
5.217441412241896614e-07
4.017170596171126817e-08
2.466851753979426576e-07
1.224846073455410078e-07
1.452091566989111016e-07
6.899319942021975294e-06
4.889786850981181487e-07
8.929950126912444830e-06
3.712578618433326483e-04
1.665016924334850046e-07
2.352223447132928413e-07
6.255770585994469002e-06
2.982755404445924796e-06
8.970022946641620365e-08
1.920234282692945271e-08
4.373598017082258593e-07
9.491401442573987879e-07
3.853467376302432967e-07
1.989945303648710251e-04
2.264302202092949301e-05
6.607605428143870085e-06
8.856122803990729153e-06
2.019354840740561485e-03
3.779635562750627287e-06
1.738319042488001287e-05
1.644466692596324719e-06
1.399461893925035838e-06
6.659216182924865279e-07
1.460682710785476957e-06
9.706291592692650738e-08
4.804582658834988251e-06
3.024329657819180284e-07
3.209978331142337993e-06
3.411611714909668081e-06
4.033201093989191577e-06
1.416083250660449266e-05
8.457548688056704123e-07
4.801474347004841547e-07
2.773693813651334494e-05
6.109273158472205978e-07
1.052281959346146323e-06
7.544866775788250379e-07
9.940189329427084886e-07
7.230676715153094847e-07
1.756482333803432994e-06
1.112313020712463185e-05
7.976152005539915990e-07
2.106423409031776828e-07
2.378026806582056452e-07
1.734605348246986978e-06
3.443577270445530303e-06
1.706415332591859624e-06
8.768774364398268517e-07
5.470872679325111676e-07
7.277435543073806912e-07
4.550722820795272128e-08
4.631493538909126073e-06
7.801917490724008530e-06
1.920465365401469171e-06
4.075695414940128103e-06
2.447505175950936973e-05
1.868818253569770604e-05
1.638239950807474088e-06
7.588712946926534642e-07
6.345809379126876593e-05
3.987699528806842864e-06
4.418066509970230982e-06
6.356351150316186249e-06
1.314656401518732309e-06
8.520697178937552962e-07
1.204669897560961545e-04
1.079312255569675472e-06
1.031142005558649544e-06
1.456120799048221670e-06
4.288941909180721268e-06
8.747934430175519083e-07
2.809760246691439534e-07
2.771140771073987707e-06
7.615341246491880156e-07
1.578380215505603701e-05
1.097967469831928611e-04
1.689012133283540606e-04
4.915209952741861343e-03
1.935169711941853166e-04
3.051072126254439354e-03
2.234643179690465331e-04
2.498684823513031006e-02
4.255526699125766754e-03
1.726261805742979050e-03
3.438345156610012054e-04
1.488902853452600539e-06
4.749642903334461153e-05
1.045132754370570183e-03
2.283566573169082403e-06
4.833761479972054076e-08
9.563576952587027336e-08
1.355971107841469347e-05
1.450582203688099980e-06
4.283066061816498404e-07
5.966375056232209317e-07
3.403507207622169517e-06
2.509789737814571708e-06
6.138120170362526551e-06
5.157532427801925223e-07
7.813164870640321169e-07
4.779980827152030542e-06
1.404415456818242092e-06
2.734833742579212412e-06
1.529346491224714555e-06
