1.280105352634564042e-04
8.247017831308767200e-06
2.640182152390480042e-02
4.239401519298553467e-01
2.941413521766662598e-01
1.574088819324970245e-02
3.639047965407371521e-02
8.901437240638188086e-07
2.898240609283675440e-06
4.725394262550253188e-07
1.266670437871653121e-06
2.190125997003633529e-06
2.765931867543258704e-06
3.190319694112986326e-05
5.870871063962113112e-06
1.760280724738549907e-06
4.025658199680037796e-06
5.491259798873215914e-05
3.574000947992317379e-05
6.545683845615712926e-06
6.823631338193081319e-06
8.564209110772935674e-07
1.446108512936916668e-06
7.067103524605045095e-06
2.894405213282880140e-07
1.138698462455067784e-05
2.652564762684050947e-05
3.613553190007223748e-06
1.450840409233933315e-05
2.176889684051275253e-03
4.949064532411284745e-05
1.042614603647962213e-04
3.447338167461566627e-05
1.143407076597213745e-03
1.045910525135695934e-03
5.649118065775837749e-06
2.603843313409015536e-05
8.372767297259997576e-06
6.037851198925636709e-05
1.542241516290232539e-04
2.329392737010493875e-04
5.277650416246615350e-05
2.595879595901351422e-05
4.537508357316255569e-05
6.428461347240954638e-05
1.965753181139007211e-04
6.945314235053956509e-04
2.169423623854527250e-06
3.264156403020024300e-03
1.171959302155300975e-04
1.721872598864138126e-03
3.896597991115413606e-05
2.168917853850871325e-05
3.272836920586996712e-06
1.798409903130959719e-05
3.685507908812724054e-05
6.101946382841560990e-06
6.347843282128451392e-07
5.179082290851511061e-05
3.259948425693437457e-05
1.153394696302711964e-04
1.198068421217612922e-04
3.557396485120989382e-05
3.527718490659026429e-06
9.036304254550486803e-05
4.173124034423381090e-04
9.007468179333955050e-06
3.135376027785241604e-05
5.552214588533388451e-06
1.699787935649510473e-05
3.461256312675686786e-07
3.703134279930964112e-05
2.048945759725029347e-07
2.066955630652955733e-06
5.344762712411466055e-07
3.694236283990903758e-06
3.741062027984298766e-05
2.244088136649224907e-05
8.385704859392717481e-06
1.700945722404867411e-05
7.272398647728550714e-07
1.795517164282500744e-05
4.639947292162105441e-06
6.730046493430563714e-07
1.264217553398339078e-05
1.662337308516725898e-05
6.229885002539958805e-06
6.980726993788266554e-06
6.457580070673429873e-07
1.608027559996116906e-05
4.701081763869296992e-07
4.375271487333520781e-07
3.610350916005700128e-07
1.561142767059209291e-06
2.249573662993498147e-05
2.676412123037152924e-07
7.163342161220498383e-06
1.219770820171106607e-05
8.186748345906380564e-06
1.525853895145701244e-05
9.394585163136071060e-07
1.285701387132576201e-06
6.696173659292981029e-05
2.595106139779090881e-02
1.282041630474850535e-04
3.888698120135813951e-05
3.435387334320694208e-04
5.947676527284784243e-06
2.106424517478444614e-06
1.265544597117695957e-05
1.597775508344057016e-06
8.594945029472000897e-06
4.696099131251685321e-05
5.763075478171231225e-06
3.080775786656886339e-05
8.470166221741237678e-07
7.507715622523392085e-07
8.733893992030061781e-06
1.730511939967982471e-05
5.761981810792349279e-06
2.808412091326317750e-06
6.810985723859630525e-06
6.434314855141565204e-06
3.021185148099903017e-05
3.153235957142896950e-05
2.073301766358781606e-05
2.602478161861654371e-05
2.716496680932323216e-07
4.644212481252907310e-07
6.614853873543324880e-07
2.762527060440334026e-07
1.814144866330025252e-06
5.341249561752192676e-06
1.215769316331716254e-06
3.611720330809475854e-06
3.457703030562697677e-07
9.923123798216693103e-07
6.850795671198284253e-06
1.254567791875160765e-06
2.863745521608507261e-06
2.023444494625437073e-06
2.188032340200152248e-06
4.127981867441121722e-07
5.827784661960322410e-06
1.941448317666072398e-05
1.196435652673244476e-03
7.914433808764442801e-06
1.938496570801362395e-04
5.862436955794692039e-04
3.246720880270004272e-02
1.830847747623920441e-02
4.320991865824908018e-05
1.198086692966171540e-06
1.017059457808500156e-05
3.838321845250902697e-06
1.900900315376929939e-05
3.309812427687575109e-06
4.319802883401280269e-06
3.300868047517724335e-05
1.366718333883909509e-05
2.669210289241163991e-06
9.821021376410499215e-05
5.546036481973715127e-05
1.354364758299198002e-05
3.074902269872836769e-05
1.005528702080482617e-05
8.467408406431786716e-06
1.102353166970715392e-06
4.105912739760242403e-05
3.109514000243507326e-05
1.126083861890947446e-05
6.984959472902119160e-04
5.313496803864836693e-04
2.430122367513831705e-05
1.023698496283032000e-04
2.288165603658853797e-07
2.621094063215423375e-05
1.286941005673725158e-05
6.894013495184481144e-04
5.455758946482092142e-05
1.592244807397946715e-04
2.189849328715354204e-05
1.093150513042928651e-05
3.103107474089483730e-06
1.538543074275366962e-05
5.004902959626633674e-06
6.934823431947734207e-06
6.616478913201717660e-06
3.695659870572853833e-06
1.278990475839236751e-05
3.741356294995057397e-06
5.747745035478146747e-06
1.970653102034702897e-05
3.133711970804142766e-06
2.044018856395268813e-06
2.006210997933521867e-04
3.814283991232514381e-05
2.075287920888513327e-05
2.358297570026479661e-05
1.711437653284519911e-05
2.177757494337129174e-07
7.373405878752237186e-06
7.507068403356242925e-06
2.044402936007827520e-04
3.185686364304274321e-05
5.126203541294671595e-05
1.241566224052803591e-05
1.868633080448489636e-05
1.577864895807579160e-04
1.777517900336533785e-04
2.081323327729478478e-05
1.879304181784391403e-05
1.956496271304786205e-05
5.372317536966875196e-05
3.929525064449990168e-06
6.577698059118120000e-06
2.588299139461014420e-06
3.749016104848124087e-05
1.667717151576653123e-05
2.213451443822123110e-05
1.062448063748888671e-05
9.746252544573508203e-06
1.545649320178199559e-05
2.543829905334860086e-04
5.293064532452262938e-05
4.051419091410934925e-05
1.433273723705497105e-06
2.985383798659313470e-05
2.165155365219106898e-06
4.254473878972930834e-06
7.271181857504416257e-06
6.001978817948838696e-06
5.472097200254211202e-06
1.052334368978335988e-06
1.492140381742501631e-05
2.009121999435592443e-05
1.443720539100468159e-04
3.750172909349203110e-04
2.481282535882201046e-05
4.097422333870781586e-06
4.986056410416495055e-06
1.183819676953135058e-05
2.643614789121784270e-05
2.646916982484981418e-05
2.113898517563939095e-06
1.546890271129086614e-04
7.304623431991785765e-05
8.946701200329698622e-06
1.791720569599419832e-04
6.268614379223436117e-05
3.941276227124035358e-04
3.582658609957434237e-05
2.775759185169590637e-06
3.727930743480101228e-05
1.788799418136477470e-04
2.657019649632275105e-06
7.675623237446416169e-06
1.745821828080806881e-05
2.268789648951496929e-05
1.181620245915837586e-05
3.052825604754616506e-06
9.384014447277877480e-06
3.809799864029628225e-06
3.107026714133098722e-05
1.162256958195939660e-04
1.993422483792528510e-05
1.351548053207807243e-05
8.324915143020916730e-06
1.838710159063339233e-05
4.662701030611060560e-05
2.871437209250871092e-05
2.925118315033614635e-05
2.832430072885472327e-05
8.796474139671772718e-05
4.219250331516377628e-05
1.399055122419667896e-06
1.254264589078957215e-05
1.081247246474958956e-04
2.343359665246680379e-05
2.488220925442874432e-04
5.005191997042857111e-05
1.612567866686731577e-04
1.071242149919271469e-04
1.797418735804967582e-05
2.786147873848676682e-03
3.874230314977467060e-04
1.507231965661048889e-03
7.935338653624057770e-04
6.576851319550769404e-06
1.865294689196161926e-05
1.377804255753289908e-05
7.342887329286895692e-06
1.798512676032260060e-05
1.571224629515199922e-06
3.371758066350594163e-05
2.547560143284499645e-05
1.820046454668045044e-03
1.129947031586198136e-05
3.555018920451402664e-04
3.056142304558306932e-05
9.808879894990241155e-07
2.162324335586163215e-06
4.375559399250050774e-07
2.141976437997072935e-06
5.770298798779549543e-07
8.215801017286139540e-07
1.901355244626756757e-05
8.608460007053508889e-07
2.372899416513973847e-06
5.967479523860674817e-07
2.485879849700722843e-05
4.294082373235141858e-06
8.219089068006724119e-06
2.866460272343829274e-05
1.299844880122691393e-04
6.227663106983527541e-06
1.081024493032600731e-06
1.644502958697557915e-06
1.502158283983590081e-06
8.234171673393575475e-07
2.019710109379957430e-06
2.591728502920886967e-07
4.004836569038161542e-07
6.232070859368832316e-08
2.055989398286328651e-06
1.603847721298734541e-07
1.204483197625449975e-07
2.506997225282248110e-05
1.744393102853791788e-06
2.030156610999256372e-05
1.140044187195599079e-04
4.705253377323970199e-05
1.554984555696137249e-05
6.696275522699579597e-05
6.330124597297981381e-05
6.198800292622763664e-06
4.574644481181167066e-05
2.157255366910248995e-04
1.242169673787429929e-04
2.727459218476724345e-07
1.721423473100003321e-06
9.484173642704263330e-05
6.547678640345111489e-05
2.338287595193833113e-05
1.926117576658725739e-03
3.202688503733952530e-06
5.412235623225569725e-06
7.339121111726853997e-06
4.657880708691664040e-06
6.656871846644207835e-06
1.782528306648600847e-05
2.563783937148400582e-06
1.671861582508427091e-06
1.451273601560387760e-05
1.199537450702337082e-06
1.311389132752083242e-05
2.006838563829660416e-03
8.331817807629704475e-04
2.150972286472097039e-04
3.668233111966401339e-04
8.792889304459095001e-03
3.280605887994170189e-04
1.658700872212648392e-03
1.860525371739640832e-04
1.734856232360471040e-05
1.661958594922907650e-05
1.862264070950914174e-05
1.277419232792453840e-05
1.558219878461386543e-06
4.437689767655683681e-06
3.029032268386799842e-05
5.564947969105560333e-06
1.327919471805216745e-05
6.768079765606671572e-05
1.651014099479652941e-05
3.909711813321337104e-05
1.729447035359044094e-06
4.432126297615468502e-05
1.989553675230126828e-05
8.207926839531864971e-06
5.109063204145058990e-05
1.368113771604839712e-05
1.835087459767237306e-05
8.339827036252245307e-05
5.223090283834608272e-06
7.599646323797060177e-06
1.620913735678186640e-06
1.257826988876331598e-05
6.817968824179843068e-05
2.229044679552316666e-03
1.427420135587453842e-02
1.200211606919765472e-02
1.476660600019386038e-05
4.018094841740094125e-06
2.931012026965618134e-02
5.298225674778223038e-03
1.010110372590133920e-05
1.287113409489393234e-04
4.209604185234638862e-07
8.335235179401934147e-06
7.913979516160907224e-08
9.244940883945673704e-07
1.499920813330390956e-06
8.032745427044574171e-06
1.313307052441814449e-06
4.549512595986016095e-06
5.238546805230726022e-07
1.464218371438619215e-06
4.395050382299814373e-06
3.837386657323804684e-07
9.427384611626621336e-06
7.289730206139211077e-07
6.845861207693815231e-05
5.154806331120198593e-06
1.222009245793742593e-06
4.486584202822996303e-06
4.209973849356174469e-05
4.691859203376225196e-07
2.293530087627004832e-06
6.574729195563122630e-05
4.104438630747608840e-06
4.247105971444398165e-05
9.576414186085457914e-07
1.640456957829883322e-06
3.347074425619211979e-06
3.742615945157012902e-06
1.520100880725294701e-07
9.321480320068076253e-06
6.684653271804563701e-06
4.913237262371694669e-06
8.226270864497564617e-08
8.877475011104252189e-06
6.595012109755771235e-07
3.188272967236116529e-05
5.076880188426002860e-05
1.057023531757295132e-03
1.053179221344180405e-05
1.776264798536431044e-05
2.092976274070679210e-06
2.722091707596518972e-08
1.492853516538161784e-05
2.242690015918924473e-06
1.241918425876065157e-06
3.635545624547376065e-07
1.807855340985042858e-07
8.864192750479560345e-06
2.049717841146048158e-05
5.224888809607364237e-06
1.436525167264335323e-06
8.556930879421997815e-06
6.269373698160052299e-04
2.060395019043426146e-07
4.988684167983592488e-07
1.362857983622234315e-05
3.529195510054705665e-06
1.429472035852086265e-06
3.697006604852504097e-06
6.808816124248551205e-06
1.245406679117877502e-06
1.839303763517818879e-06
2.700333061511628330e-05
1.096167488867649809e-05
7.358351922448491678e-06
2.265861985506489873e-05
6.744419920323707629e-07
1.027209236781345680e-06
1.690763201622758061e-05
2.256632251373957843e-05
4.521699793258449063e-06
3.058362153751659207e-06
3.047682639589766040e-06
1.262960722669959068e-05
4.819270543521270156e-05
2.949040208477526903e-06
2.444809751978027634e-06
6.222480351425474510e-06
5.605155806165385002e-08
1.318640784120361786e-06
2.428731095278635621e-04
7.749824362690560520e-06
4.098534554941579700e-05
4.142700333886750741e-07
1.078263039744342677e-06
1.823398406486376189e-06
7.227496098494157195e-06
4.681639893533429131e-06
3.579376368634257233e-07
5.286904070089804009e-07
1.800584868760779500e-06
9.534113587505999021e-07
8.810293365968391299e-07
1.946094698723754846e-06
7.845368818379938602e-04
7.997983288987597916e-07
1.068280894855888619e-07
1.430685870218439959e-06
6.436417265831551049e-07
1.825602907956636045e-06
1.528775828774087131e-05
3.334866778459399939e-05
9.809708899410907179e-06
9.064282494364306331e-06
4.936796813126420602e-06
2.607708893265225925e-06
3.951996916384814540e-07
7.041132903395919129e-07
8.694621556060155854e-07
7.150670171540696174e-07
3.926305362256243825e-05
1.472388504453192581e-07
2.561356950536719523e-06
1.020665240503149107e-05
8.510399425176728982e-07
1.663643502070044633e-06
2.895295438065659255e-06
3.572687319319811650e-06
3.879800351569429040e-05
1.648753027438942809e-07
3.306935013824841008e-06
2.613448668853379786e-05
4.017389983346220106e-06
1.055471102517913096e-06
1.501998667663428932e-07
1.502792474639136344e-05
5.394840627559460700e-07
1.081650552805513144e-04
6.016296902089379728e-05
6.403981387848034501e-06
9.854477411863626912e-07
4.530661044555017725e-06
5.691106252925237641e-06
5.392150796978967264e-07
1.964990133274113759e-06
4.141380998134991387e-07
2.569716161815449595e-05
6.184607741488434840e-07
5.314173449733061716e-06
2.196824198108515702e-06
9.554539701639441773e-07
9.238992061000317335e-05
1.788832406646179152e-07
3.545722847775323316e-06
1.371138841932406649e-05
1.610761614756484050e-06
4.748938408738467842e-06
2.854915919670020230e-06
6.412913649000984151e-07
2.348205043745110743e-07
7.063835710141574964e-06
1.384219376632245257e-05
1.815898968970941496e-07
1.560850222404042142e-07
2.172210088247084059e-06
3.833356095128692687e-05
1.605338155741264927e-07
6.158801824085458065e-08
1.044004534378473181e-06
2.617353402456501499e-06
8.065714609983842820e-06
3.937534074793802574e-06
4.491526510719268117e-07
5.004533250030362979e-07
3.781438635996892117e-06
3.287540039309533313e-06
2.303226028743665665e-05
1.381060769745090511e-06
3.740808267593820347e-07
3.021180873474804685e-06
6.191740340000251308e-06
3.036556563529302366e-06
5.935245098953600973e-06
8.119425274344393983e-07
7.651485702808713540e-07
3.181761940140859224e-06
2.482599711584043689e-06
1.511490268057968933e-06
9.450703259972215164e-07
4.205170114346401533e-07
1.058064185599505436e-06
1.037773199641378596e-05
5.036173206462990493e-06
2.654734998941421509e-06
1.477028717999928631e-06
3.666391421575099230e-05
8.476351354147482198e-08
1.055036364050465636e-06
2.004793486776179634e-06
2.677620068425312638e-05
9.587366548657882959e-06
7.425674994010478258e-06
2.520503699088294525e-07
6.396553544618654996e-06
4.748125661535596009e-07
3.053917453144094907e-06
1.837815943872556090e-07
1.158859049610327929e-06
2.019208477577194571e-05
1.675029352554702200e-06
1.240429410245269537e-04
5.823653168590681162e-07
1.467100560148537625e-06
7.040662808321940247e-07
1.966272520803613588e-06
5.766514163951796945e-07
1.712868765935127158e-06
2.117241820087656379e-06
8.018111657293047756e-06
9.201085049426183105e-07
1.627975689189042896e-05
2.052948730124626309e-06
1.284348400076851249e-06
6.237880825210595503e-06
2.761676398677082034e-07
2.936501005024183542e-06
9.252252084479550831e-07
4.214165073790354654e-06
4.145658749621361494e-06
2.700764298424473964e-06
3.251895350331324153e-06
2.252032345495535992e-06
6.475272675743326545e-05
9.623986443330068141e-07
7.540479032286384609e-07
7.488327355531509966e-06
3.575128744159883354e-07
5.294674565448076464e-07
5.891404725844040513e-06
2.900713843700941652e-05
3.209839007922710152e-07
2.055766827879779157e-07
1.780241473170462996e-05
2.394109515080344863e-06
2.932297775259939954e-06
2.909336899392656051e-06
2.686934021767228842e-05
8.647316462884191424e-08
3.920040398952551186e-06
6.439244316425174475e-06
3.049579754588194191e-05
2.801832670229487121e-05
3.609473253618489252e-07
5.770414759354025591e-07
1.233157308888621628e-05
1.045777253239066340e-06
1.592928128957282752e-06
5.835481076132964517e-08
7.752980309305712581e-06
1.327475729340221733e-06
1.358101417281432077e-05
5.234664513409370556e-06
2.457805521771661006e-06
4.983104645361891016e-06
4.774322860612301156e-06
5.409051937022013590e-06
1.285809275941574015e-06
5.574748229264514521e-06
8.791639629635028541e-06
2.014805613725911826e-05
1.129503630181716289e-06
1.579358126946317498e-06
6.126073913037544116e-06
3.795129259742680006e-07
2.204751581302843988e-06
4.331809861923829885e-07
2.140503238479141146e-05
5.084734198135265615e-07
4.771687599713914096e-06
9.630408385419286788e-06
4.989659601051243953e-07
8.169493521563708782e-04
6.719291718582098838e-07
7.223068223538575694e-07
3.450223084655590355e-05
3.505996937747113407e-05
7.290089270099997520e-04
2.833666258084122092e-06
6.613087748519319575e-07
5.498320660990430042e-06
3.299947138657444157e-06
4.761727012692062999e-08
1.040325173562450800e-06
4.304917820263653994e-05
9.441992006031796336e-07
8.980582606454845518e-07
1.141381744673708454e-05
4.126391957015584921e-07
4.627807811630191281e-06
7.272238917721551843e-07
3.679040901261032559e-06
1.569917884580718237e-07
1.940635598884909996e-07
1.301386055274633691e-05
1.725928450468927622e-05
4.596472990670008585e-06
8.564347808714956045e-07
2.099363427987555042e-06
5.184965175430988893e-06
1.609442620065237861e-06
1.116681431767574395e-07
1.172200654764310457e-06
9.722325485199689865e-04
1.391563387187488843e-06
3.771890760617679916e-06
2.466545083734672517e-06
4.352301402832381427e-06
2.130346047124476172e-06
8.926766895456239581e-06
4.268470547685865313e-06
3.106097892668913119e-06
4.338940016168635339e-06
2.571283857832895592e-06
7.975095286383293569e-07
7.446676022482279222e-07
4.759160219691693783e-05
6.511039032375265379e-07
8.331059007105068304e-07
1.033242278936086223e-05
3.946718607039656490e-06
3.448421921348199248e-06
5.561674242926528677e-06
6.034043508407194167e-06
1.231088026543147862e-05
1.343503390671685338e-05
1.511901928097358905e-07
1.148682642337917059e-07
9.363204299006611109e-06
4.592356708599254489e-05
3.195915269316174090e-06
5.096191671327687800e-05
1.943331966458572424e-07
4.087922661710763350e-06
3.376341737748589367e-06
2.022935177592444234e-06
4.377247933007311076e-06
1.517864916422695387e-06
2.596014383016154170e-06
2.592173696029931307e-04
1.433974557585315779e-05
1.379056243422382977e-06
1.260693625226849690e-05
1.299755058425944299e-05
2.698785465327091515e-05
9.951032552635297179e-05
6.715464223816525191e-06
1.537447496957611293e-05
4.541096859611570835e-05
3.666758345843845746e-07
1.761693965818267316e-05
6.463100135079002939e-07
5.926752419327385724e-05
8.417116623604670167e-05
5.373073236114578322e-06
2.885372396121965721e-06
2.573009442130569369e-05
7.312303864637215156e-07
2.124682083604056970e-07
7.961186383909080178e-06
2.467573267495026812e-06
1.310005427512805909e-05
3.238943975247821072e-07
6.492991815321147442e-06
5.130093995830975473e-06
7.593106943204475101e-07
4.059364528075093403e-06
3.721799657796509564e-05
1.204336854243592825e-06
2.904787379520712420e-06
9.655781468609347939e-06
3.651128963610972278e-07
5.386427801568061113e-06
2.125986384271527641e-06
4.812410679733147845e-06
4.557703050522832200e-06
5.052919732406735420e-06
8.260319191322196275e-06
2.831807478287373669e-06
4.591592187352944165e-06
1.281923687201924622e-05
4.977353000867879018e-06
2.142120507642175653e-07
3.036617499674321152e-06
6.024667982273967937e-07
3.137723979307338595e-05
5.616698217636439949e-06
1.133770274464040995e-05
2.156468690373003483e-05
6.405966814782004803e-06
6.594653996216948144e-07
2.044863094852189533e-06
2.439356831018812954e-05
1.844755530555630685e-07
4.213534339214675128e-06
2.206060889875516295e-05
1.613262247701641172e-05
3.589341213228181005e-05
1.907170189952012151e-05
3.742044782484299503e-06
9.554275311529636383e-05
7.998288538146880455e-07
7.149559678509831429e-05
4.616643991539604031e-07
4.003538924735039473e-05
3.920754352293442935e-06
2.510966987756546587e-05
7.715238098171539605e-06
1.688537167865433730e-06
2.672964001249056309e-05
6.789182862121379003e-06
1.576237309564021416e-06
4.186060209576680791e-07
4.457149316294817254e-06
5.426104326033964753e-05
2.220425130872172303e-06
5.143958333064801991e-06
1.075228192348731682e-05
7.131778829716495238e-07
8.873043952917214483e-07
7.339187391153245699e-07
1.511302343715215102e-05
7.947698577481787652e-06
1.547783625710508204e-07
2.087678581119689625e-07
9.012240980155183934e-07
1.048331569108995609e-06
2.216280790889868513e-06
4.908071332465624437e-06
1.814342738271079725e-07
3.162289431202225387e-06
5.118255330671672709e-07
1.010527967082452960e-06
8.479436655761674047e-05
3.014942340087145567e-04
6.858433607703773305e-07
1.123743641073815525e-04
3.910645773430587724e-06
1.422116042704146821e-06
7.624683803442167118e-06
3.124851673419470899e-06
5.421906735136872157e-06
1.656563426877255552e-06
6.087113433750346303e-06
2.181678246415685862e-05
7.485042715416057035e-06
2.577746045062667690e-06
5.162802949598699342e-07
4.930522118229418993e-05
2.839926537490100600e-06
3.828002263617236167e-06
3.873119567288085818e-07
6.583173330909630749e-07
3.969272256654221565e-06
3.498838850646279752e-05
2.462048178131226450e-05
1.444608187739504501e-05
2.705799261093488894e-06
2.249280896648997441e-06
1.515392398232506821e-07
4.667127484481170541e-07
3.336075315019115806e-05
1.099861856346251443e-05
4.343069690548873041e-07
9.986430995923001319e-06
3.828274088846228551e-07
1.216986220242688432e-06
1.593943238731299061e-06
1.790761245956673520e-07
3.708194356022431748e-07
9.314482554145797621e-07
1.662927388679236174e-05
2.862907422240823507e-06
6.903904932187288068e-07
4.962337698088958859e-06
4.330314880007790634e-07
1.367449726785707753e-07
1.303217800341371913e-07
1.507860702076868620e-06
1.436711754649877548e-03
2.633354824865818955e-06
3.115117408469814109e-07
4.097817509318701923e-06
4.138153599342331290e-06
1.494195112172747031e-05
1.607516787771601230e-05
2.270682443850091659e-06
4.709470886155031621e-06
1.840211734815966338e-05
9.237035669684701134e-07
2.825756610036478378e-06
1.377530224999645725e-06
9.810611345528741367e-07
5.971447762931347825e-07
1.291882426812662743e-06
3.197349371930613415e-07
6.250195383472600952e-06
5.200716259423643351e-05
9.462378329772036523e-06
4.031873322674073279e-05
4.438176347321132198e-06
5.086800956632941961e-05
6.079971626604674384e-06
1.981315023158458644e-07
8.424521524830197450e-07
2.350126123928930610e-06
1.087062059923482593e-06
6.611303251702338457e-05
2.778056841634679586e-05
4.516000160492694704e-07
2.187048630730714649e-05
1.253743830602616072e-04
4.700209956354228780e-06
3.950974132749252021e-06
1.064326261257519946e-05
3.985973762610228732e-06
3.888125356752425432e-04
3.970405373365792911e-07
2.069315632979851216e-05
5.765909349975117948e-07
4.286960688659746666e-07
5.805534783576149493e-06
6.016887823534489144e-07
1.602689621904573869e-06
4.457606701180338860e-05
3.807578252690291265e-07
1.780171885457093595e-07
1.961683665285818279e-06
6.563298171613496379e-08
2.111397208182097529e-07
1.267669858862063847e-06
7.865085080993594602e-07
2.233656914540915750e-06
3.435819508013082668e-06
1.928410483742482029e-06
4.667238613365043420e-07
1.093544028663018253e-06
5.302903900883393362e-06
5.144906936038751155e-07
1.274077590096567292e-06
5.104619049234315753e-06
3.866425117848848458e-07
3.928088335669599473e-05
1.927647417687694542e-06
5.658685608977975789e-07
6.951463092264020815e-06
3.834590188489528373e-06
8.167576766027195845e-07
4.827844577448558994e-07
1.453778111226711189e-07
2.047034513452672400e-06
5.278508524497738108e-06
5.327538943333820498e-08
2.385238531132927164e-07
6.918543249412323348e-07
6.539160608554084320e-07
4.053468728670850396e-06
4.948674813931575045e-06
3.542478225426748395e-06
3.022046826117730234e-07
6.221242756510036997e-07
1.928907067849650048e-06
1.981974548925791169e-07
4.418477601575432345e-07
1.994710910366848111e-04
3.776184485104749911e-06
2.390677991570555605e-06
8.763072969486529473e-07
6.860854773549363017e-05
1.057978465723863337e-06
1.817137587067918503e-07
1.530563508822524454e-06
1.365495677418948617e-06
9.565808431943878531e-05
9.351995686301961541e-06
1.598289964022114873e-05
9.413760562893003225e-05
7.396732598863309249e-06
4.566314964904449880e-05
5.714582948712632060e-05
1.392402482451871037e-04
9.867380140349268913e-05
3.158409163006581366e-05
6.899537311255699024e-06
9.559450973029015586e-07
3.292917881481116638e-06
3.083540359511971474e-04
5.928544055677775759e-07
2.645354584274173249e-07
1.762360852808342315e-07
3.456605554674752057e-05
1.126647362070798408e-06
2.125680076403568819e-08
1.975584780211647740e-07
2.878483371659967816e-07
5.670002565238974057e-07
8.216110103376195184e-08
2.658503319707961055e-07
3.796606051764683798e-07
1.633600163586379495e-06
1.409868673363234848e-05
1.526230880699586123e-05
1.527443237137049437e-04
