6.115301857789745554e-06
2.019815070752883912e-08
1.265658158808946609e-02
5.610962212085723877e-02
3.870347887277603149e-02
3.210062914149602875e-06
2.738464900176040828e-05
2.098357398949701746e-08
1.541536898130857480e-09
2.902907025870149482e-09
5.648715939443604839e-10
4.882527160354754869e-10
2.550227584663389280e-09
1.037386176960808370e-08
2.434556202468574071e-11
1.668261084830646723e-10
1.793262427440822648e-09
8.326903611077796086e-10
9.444927062673968976e-10
8.617946911648743935e-10
1.549149558632834101e-10
6.284269549183818526e-09
5.144421000302656921e-10
6.192625523482320204e-09
3.231304668283030423e-10
2.140681631956908859e-09
5.339280662042256154e-08
1.146141181962434530e-09
7.519148859103097493e-09
2.239552401306355023e-07
1.077344990996209617e-09
9.568439790497151876e-11
2.282200539660550476e-10
3.771988019707350759e-07
2.340910327802703250e-07
2.288691458574021453e-10
1.775716795826554062e-09
6.368729155159513766e-11
1.054456433280392957e-08
2.695665379803813266e-08
1.677825545165489984e-09
6.388786388811240613e-09
7.363423204509444986e-10
5.269725988910067827e-09
1.677714323022883036e-08
4.770469574921776257e-10
7.999646500778112568e-10
8.625785502536231775e-11
1.915889313863772259e-08
6.067492108741134871e-08
2.034754288615658879e-06
2.267515810672193766e-06
2.971947132834884542e-08
1.018924722373526492e-09
1.521078196731195931e-08
3.300428819130729607e-09
8.365667603094095739e-10
2.537863696971953686e-09
4.923414564927952597e-09
1.098518387365743365e-09
4.092651906262290140e-08
4.760464946684805909e-07
1.413494743474075221e-07
1.370483726503834987e-08
9.712366022540663835e-09
1.796040294266276760e-07
1.959512552218711789e-09
1.916419378744649293e-08
1.251789005785042264e-09
1.210344713342692557e-09
3.836438545318232585e-12
6.609978675520267188e-10
9.336737633036662487e-11
1.152242277285830951e-11
6.063094470931673641e-12
1.160146562151354033e-10
3.484609545356676108e-10
6.268699448419567943e-11
6.943177699447744544e-10
1.116499426245809445e-08
1.220321066419671752e-10
6.019590381711736882e-10
6.904575799993040164e-10
1.024525575488155482e-09
2.879496086016786194e-10
1.340764832491458947e-09
2.018404554604558143e-09
6.271863917106657027e-09
3.324023001294307278e-10
2.295893253290159919e-09
8.455335043233702663e-11
5.749641734942301241e-11
1.905583676964361928e-11
2.973157275931725962e-10
2.835141899026893952e-09
3.493718508940091283e-11
5.926276691603504787e-10
1.621793366268775571e-09
6.985862111008600550e-09
4.614773274624894839e-08
4.180098045480917790e-09
1.248611170012736693e-08
1.302243091139132503e-09
4.514159570589981740e-07
1.134467382257753343e-07
4.789648500036491896e-08
5.311867390389579668e-09
1.462325399659292202e-10
6.175480959935697456e-11
8.158919095890837525e-10
5.330610952647418799e-10
5.911769407340727867e-10
6.202375146813210449e-08
1.359436674341907292e-09
1.779301150861556380e-08
3.725854902381087186e-10
3.958496030964653301e-10
2.348007899222182004e-10
3.358979654422000749e-07
6.002751185008037282e-09
1.807040073131815916e-10
4.464066307718894677e-07
4.004548941338725854e-07
5.885847542685951339e-08
2.576804831733170431e-07
1.577854930046029835e-10
6.968029708787071286e-09
5.788751700208649709e-10
4.942879994196403004e-10
5.821895854296599282e-09
1.403101634878112236e-08
8.727252809315189097e-10
6.642957295355245151e-09
1.439402996794569844e-08
2.808416077471065364e-08
2.734729630249344012e-11
2.167612755954451131e-10
4.752641613592345493e-10
1.638684565818948613e-08
1.258506521217839236e-09
6.305581390364523031e-09
1.520184866876661545e-08
1.368064661555479233e-09
2.245876817852376917e-09
5.397663471740088426e-07
4.224093075322343793e-08
1.063513010990391194e-07
5.890505576644500252e-07
2.002248464805234107e-07
1.635938673416603706e-07
2.604173459985759109e-06
1.416332606751780077e-09
7.344763686134569980e-11
3.505539955539482833e-11
2.306917504246719375e-11
2.173715513142937539e-10
4.652366339397140393e-11
3.240556711858744166e-10
3.997144282230635781e-10
5.675455660991701734e-10
1.037002395065655946e-08
1.745185107537849944e-09
4.281789589555273778e-09
1.534177562767524705e-09
9.441685211442063519e-10
5.681076720165378902e-10
4.011153187377658469e-09
5.935609781460016166e-10
2.963862044680354302e-09
1.479174915886005692e-08
4.577247469939038638e-09
1.045237851826641418e-07
1.642327589479464223e-07
1.501540403126000456e-08
3.325041220136881748e-08
2.965302448032502980e-10
2.672224574951087561e-08
3.733981124298679788e-09
2.492940431864099082e-08
8.899641024129323341e-09
1.657478954086855083e-08
3.942253190558631104e-09
8.251217070709415680e-11
3.756244759678395440e-10
2.397206044779665035e-10
2.627523199016934541e-10
6.624644721675565506e-10
1.876814398338311207e-10
3.753310551246613613e-09
1.276239780523269474e-09
6.321063117376013452e-10
3.494000089254711838e-10
1.850048170215501386e-10
1.574002261861551233e-09
2.841920254681440383e-09
2.914420171862275311e-08
4.645507978295881912e-09
3.811521764873759821e-09
1.012514694309629704e-08
6.928734475053488495e-09
3.342630686131720097e-11
3.138855009243712857e-10
1.143489886112902809e-10
6.601717394971728936e-09
8.631633741096322865e-10
2.530347709139846302e-09
8.102902793183375252e-10
9.978400328236602945e-10
1.205023747452571570e-09
4.629409744438817143e-09
1.502012914045280922e-08
5.639339550889133079e-10
3.928076708348271495e-08
7.148608371920772697e-09
6.659433005040682474e-10
1.617178613244618646e-09
7.324175710365921077e-10
5.551033410711170291e-09
1.615914513308780442e-09
2.630556883431722781e-10
1.503768498611890436e-10
8.090378367242578861e-10
3.020970362754837879e-09
1.093453860789850296e-08
3.529192049711582513e-09
5.452250206872122362e-09
7.346038360944717738e-11
1.256847248498615954e-08
4.515857965348146763e-10
2.243812913249598751e-09
3.055996011802619705e-10
2.036785851089462085e-09
1.203546817762912724e-09
2.405170507202569752e-10
2.291251854913411989e-09
6.436134469822718529e-08
2.859658643217244389e-08
3.225801181727661060e-09
1.679951955324554547e-09
4.864781355529146367e-10
4.048653079458119919e-10
1.953563283363379810e-10
2.124139975023808802e-09
1.836264695853628837e-09
3.821850336205301346e-10
3.875127330132954739e-09
1.950505748027353548e-07
3.902571599212478759e-09
2.950711177618359216e-07
8.927800365654547932e-08
2.287539473400101997e-06
9.114110355312732281e-08
9.741261269846646087e-11
1.242602643003465346e-08
1.381956660218008892e-09
2.785983943542902352e-10
1.485289335967365787e-09
1.103272939673161090e-08
5.526893165352930737e-09
4.157109934066482992e-10
1.435888907774796053e-10
2.541593824290089287e-09
2.617892361223006503e-11
3.328114728251563292e-10
1.251336101404376677e-08
1.237570462775394731e-10
2.876706164944842214e-11
6.268798813380271895e-10
1.754409839627157908e-09
2.754201311461201840e-08
7.858520945092095644e-09
2.578444124878842558e-09
7.510147170819436724e-09
7.243887267804893781e-08
1.078776179497253906e-09
1.573831065471154034e-09
6.771458949117459269e-09
1.065378674169892292e-09
2.294903017618921126e-10
2.186607339638158010e-09
1.421133100087956791e-09
7.945454072455504502e-09
1.152422157701948890e-08
1.093502857707484566e-10
1.236781166369382845e-08
4.285452348540275125e-08
1.225858881070962525e-07
1.804038873842728208e-08
9.165012082590351383e-10
3.833657391538736192e-09
1.890500200829592359e-09
1.687372463976544168e-10
7.593486728296738875e-09
3.884835508838335727e-10
4.174927070721423661e-09
9.033102266187142959e-09
9.219437657748130732e-09
8.045429322756092461e-10
5.226729604679292152e-10
1.091311374601389161e-09
8.987945804284080964e-11
1.282690880594072880e-11
1.383654441022841297e-10
8.009279905962785051e-10
8.306769161414706559e-11
3.143908527611372072e-12
5.263015800949233380e-09
6.253127876609809732e-11
2.841830763766761692e-11
1.403246789599688071e-11
1.780973424292398022e-10
2.367968932048825081e-09
1.573897123741119231e-09
3.942170145876389142e-09
3.363362921504631231e-08
1.607463828712241138e-09
1.856642443953671062e-12
2.274017432690733642e-11
2.105668278629124757e-10
9.377304488467075316e-11
4.204922868233929023e-11
8.409641732987083174e-11
6.266524105180693027e-11
1.617371341022799669e-11
7.815303959546326951e-10
1.869308458024576680e-10
1.136271701729363315e-10
1.448171786933016847e-07
8.540742557627822862e-10
1.787929448937575216e-07
3.670633130781197906e-09
2.771209706153854313e-09
9.540439549482471193e-09
2.300187817994014949e-10
2.057428893920132396e-09
3.770152939841509010e-11
1.149845496595247596e-10
2.141495336616117129e-08
1.180207265250032833e-09
1.280282102555929669e-09
2.861584746938206081e-08
4.811681151295488235e-07
5.898457544617485837e-08
1.746161437665705307e-08
1.199832553311352967e-07
1.644308440518216230e-07
8.123549832816934213e-09
2.197711596041429516e-10
5.749085474349158176e-08
1.313420927573361041e-09
1.604520782905183296e-08
1.406976082307664910e-07
1.052303204573945550e-07
7.229429144217647263e-08
5.585955697995359515e-09
3.247980941978312330e-07
6.977272981600890489e-09
4.530846364758644995e-09
9.948170287543689483e-09
5.507331035659035479e-09
8.738196299873379758e-08
5.299612304554557340e-09
3.619949495714536170e-08
1.290060946956828047e-08
4.705445988406609104e-08
1.094628054865154354e-09
1.795383286484764085e-10
6.199216695534914834e-10
9.019049951319857428e-10
1.049451858747829647e-09
2.297346618496121096e-10
7.570586518790278774e-11
3.256579728105890581e-10
1.165767926636362972e-09
6.132395147240288225e-10
8.752845559456545743e-09
2.589077563452946151e-10
1.022828821639620855e-09
9.236788556243880066e-10
6.216657744140263731e-10
8.309974375286799386e-10
8.103907545020661018e-10
7.114408506758707063e-10
9.032637748873639794e-09
1.126410284491008440e-10
2.593503722891910002e-08
2.929945175367265620e-10
4.290273136753341987e-10
1.417262196490298720e-09
2.055855467915534973e-02
1.284295285586267710e-04
2.634118795394897461e-01
2.466947091050997187e-09
9.235797543416524036e-11
3.591750562191009521e-01
2.490867227315902710e-01
2.493225537136822823e-08
3.792188181250821799e-06
4.044324874996618746e-09
2.023689438246378813e-09
5.681867754070424326e-10
4.746147297396419162e-08
1.855636311276498418e-09
1.021576281345915049e-07
2.604320137322702067e-08
2.918117525396723977e-09
1.534792071211654729e-09
7.201583773763786667e-09
1.073213624636082386e-07
1.013267691973851470e-09
8.992326883117129910e-09
8.894465608477730711e-09
5.155228244291265582e-09
4.740797976410249248e-07
1.503117630363703938e-10
7.212443531301460098e-09
4.050330737470630993e-09
3.681337734651179971e-10
3.072969934070357567e-10
1.921875991683918983e-09
4.585354318464851531e-08
6.419228526510778465e-08
1.453270659368399720e-08
6.248458106483667507e-08
1.005746810278651537e-07
2.253229963722347406e-10
3.487776290000965673e-09
2.970513435229804600e-08
2.144806465764759196e-08
2.098709650510954816e-08
2.993311432053502585e-10
3.731644160342995065e-10
2.233672802276487346e-08
5.198330654820892960e-08
5.909717715191220577e-10
2.015147337885991874e-08
2.040748459108954194e-09
6.584828238231921205e-09
3.029298056844709208e-08
6.847578060131809252e-10
1.865392462718773459e-08
8.098069770312577020e-09
2.522324793474695070e-09
2.265331477957488460e-09
1.098338198168846702e-09
6.625950010885617303e-09
2.370443841215319480e-10
8.607995205522911419e-09
4.566373501546650004e-09
6.065787871989414271e-09
1.703971292954520322e-07
4.650195228883546861e-10
1.003646499242449863e-09
7.791340905782817572e-10
7.784496602880608407e-09
1.450608633213334997e-09
2.157242988687357865e-07
7.778504595989943482e-08
1.412143513235264436e-09
3.243477042502718177e-09
8.318018274167116033e-09
8.315468136288473033e-08
4.609372084019014437e-08
7.650037936457465548e-09
6.727415846619066997e-10
3.194787989713177012e-09
8.650752336691880373e-10
4.707688276539556682e-05
4.165904565756051170e-10
1.115198458023769490e-07
7.102494592459152045e-09
7.103642474248772487e-08
3.992629515892076597e-08
2.585167102608920686e-08
2.555608169529932638e-09
2.012192856781780392e-09
5.337117059411866649e-08
4.606868664325247664e-09
3.760268096897334544e-09
2.074716842770385483e-09
2.068619719963749048e-09
6.946622166381644092e-10
2.292522977009880947e-10
1.256393544757372638e-09
4.987014889934471285e-08
9.755225099938868993e-11
1.847654473863258318e-09
6.011455777610308360e-10
6.372502969753668367e-09
7.005783508873264509e-09
2.509661989336109400e-08
4.638318955585418735e-07
1.755106060485900343e-09
3.817622606927528750e-11
9.915853027564480726e-09
1.013963690787988980e-09
8.124975359180552914e-09
5.731936106312396362e-11
5.671022318409768559e-09
1.374902012685197406e-06
1.160835538804860789e-09
1.566876939307348948e-08
3.232593082103107918e-10
2.828239473728899611e-07
7.841298721444900366e-10
1.322445264406724164e-09
2.791565201221146708e-09
2.793944797740977037e-10
1.816655048614279622e-09
3.914544688399246297e-09
3.672804282928154862e-09
2.122296643980448039e-10
4.031918976465931337e-08
1.606642427987026167e-07
1.220640655219540349e-07
3.075858501233597053e-08
1.808544314307880541e-09
1.391816173423876535e-08
2.039639346307353662e-09
6.605709756968280999e-09
1.836057972326443632e-09
5.778583833659922675e-09
7.645770128128503984e-11
2.724269343445939739e-08
5.004830772037394127e-09
9.521175314830543357e-08
2.000101417820587812e-09
3.241255042141233389e-10
1.864664950224081963e-10
6.114805328749639557e-10
3.990417996035944270e-10
1.944292365996247440e-10
2.289840761449113415e-09
9.422970737027469568e-11
5.649163270504686807e-08
7.110311783797840235e-10
7.838816884486732306e-08
4.963828015291937845e-09
3.139219995063058377e-10
2.034328039357546913e-09
4.691863964012554788e-08
1.349693974361798610e-07
6.850344220765691716e-07
6.050177692173974719e-09
1.363517583286011359e-07
6.459239809686323497e-09
3.276183235811913619e-08
3.097006540109248363e-10
2.313041772006307895e-11
2.873444815421066778e-10
8.939480822256484771e-10
7.342015016786884729e-12
6.285636011682527169e-09
1.764023038752782213e-09
3.860856168103055097e-07
3.095626421867336830e-09
3.030121153990705807e-10
7.080335251430369681e-08
4.214605198171739175e-08
3.879150778374196307e-09
3.475562337929005707e-10
2.243958574510429571e-09
1.476291622282133176e-08
1.819946415793083361e-09
2.504013663084947439e-09
1.215445244451274220e-10
3.673308768270544533e-09
1.373059035358892288e-07
1.960781048637727508e-08
1.062395726947329422e-09
3.300191053767775884e-08
2.867030390873992474e-09
9.916362841977388598e-09
5.291529436846076351e-10
5.223779742102863111e-10
4.616544924118670679e-09
1.684242256771995017e-08
6.669532126579724718e-08
8.896938186175873398e-10
4.676597331609855246e-09
1.361248536113635055e-08
3.084098976202653830e-09
6.013296882656504749e-08
5.114761947311308177e-08
9.603343814612586016e-11
1.472275990010984970e-08
2.260864917502658500e-08
6.786192443541949615e-07
5.857725415836512184e-10
1.776428959487930115e-08
5.019874446676730884e-11
5.758844512371297242e-09
3.583951538321805685e-11
3.554247562931323046e-09
2.178927083207327087e-08
9.771230935484709335e-09
6.796661722319186083e-08
5.239298772607980936e-09
2.340545257606407858e-10
1.177237307636858077e-09
7.193652606929390458e-08
3.067477105656024605e-10
1.052520848254800967e-09
6.117200079813756020e-09
3.617994348559250284e-09
4.044459905871988781e-11
1.912300540141131933e-08
1.470110977397354191e-10
6.802527430238569650e-09
6.680185737906185750e-09
2.343995220144279301e-09
9.584115723271224851e-10
6.037543354153740438e-09
4.162227229542736495e-10
1.758809808904970851e-08
6.145207898100579769e-09
1.281841655043081118e-08
3.610411738463881193e-07
2.705384893886275677e-08
1.034494934160079538e-09
1.285911643833514972e-08
1.692885720494530233e-09
3.013251870243038866e-10
2.066837145875410897e-09
4.958233823515456606e-10
2.415125521793015650e-08
2.141383043108291417e-10
6.787648665351753152e-09
2.339021420993958600e-08
2.665582685135170493e-11
1.104093261261596126e-09
3.261154679634614695e-10
2.080752459221457684e-09
2.886993533124382338e-09
8.740088475178708904e-08
2.117001240975469045e-09
5.621847876113861275e-09
7.334216345356026068e-09
9.998768035757166217e-08
4.522652474747701490e-09
3.121195524258268961e-10
3.847061780248850482e-09
1.254793886573679629e-07
1.344324918051142959e-08
1.826079010225356569e-10
5.572097783179685848e-10
1.503797225632652612e-10
3.016371508124393586e-08
1.545193084595553046e-09
4.800261299564567707e-10
1.614260902726982749e-08
5.694387739119122216e-10
2.337512796657392755e-07
2.094103201955022087e-08
4.278042808891768800e-09
9.017536717337293339e-10
1.131518545527399056e-09
5.699324105989944655e-07
6.334046481759614267e-11
4.976180356663917337e-09
3.729468289748183452e-09
2.215633898572377802e-09
6.024641202584390953e-11
6.205604918818607985e-10
1.540934380095393408e-09
7.321454997821774668e-09
1.630820811726607644e-08
2.533517040603783244e-08
7.942344559808134363e-10
1.043852737581119072e-08
3.130909975723739080e-09
1.657162940205125778e-08
7.821477909786267446e-10
9.960521296648039424e-11
1.253443038251589314e-08
1.147985595473244302e-09
4.949729515146827907e-10
6.414268671761647056e-09
2.685123901002839375e-09
1.498222379492375467e-11
1.864476489865651843e-10
3.670477255468540534e-10
3.749051347146092894e-10
9.270911149883431790e-09
1.029599872026665253e-08
5.925406276752198664e-10
1.133880545012289076e-08
2.214789018850638058e-09
1.391247561599584515e-09
6.304699540216063269e-10
2.011779365318488999e-08
7.433486604035977052e-10
3.549931681945395212e-09
2.749085297182318754e-07
4.363387162698018074e-08
1.754844936030508507e-09
6.831363208448237856e-08
1.229007029479589619e-08
4.393673203040293629e-10
1.617672928944102750e-08
1.005609675530649838e-07
5.708440831142524985e-09
1.256710557839824105e-08
7.415986047476508247e-09
6.695608067985858725e-09
8.578129317982075008e-10
3.158772132749732009e-09
1.753105216550920886e-09
7.509559196705595241e-09
2.548286304193680962e-10
5.613251530256491151e-10
8.130206924361615961e-11
2.915267749425964894e-10
7.349280073398745117e-10
1.112981512507715820e-10
1.153514395113575119e-09
1.717814690493923990e-08
4.520080421066552390e-10
1.350871592364910612e-08
2.138114796323975497e-09
5.592807883481043518e-10
3.437150120078058535e-09
1.197085985893409088e-09
1.584792852504790517e-09
6.981093481073230578e-09
1.085679457446531160e-08
8.690181907411442808e-09
3.206036269798318017e-10
2.349309369265029090e-08
3.652893321159922380e-09
4.556431676405736653e-08
4.053543989357422106e-08
3.222360572818772084e-11
1.615294991097471211e-07
2.604252924420791260e-10
2.217419314831658994e-08
9.357873587134690752e-09
1.580709074744390819e-08
4.675970721734756808e-10
8.208528967657002795e-09
3.867659188472316600e-07
1.972043195408446081e-09
2.854327885160046208e-09
9.440644710423384822e-09
1.265153514395933598e-06
1.546466843471705488e-09
4.157244548608218793e-10
2.000225549636525102e-07
2.445111613180728227e-10
1.817785921787162806e-08
2.352029682128886634e-09
9.717165738720723311e-09
5.042211626005155267e-08
4.268736830681518768e-08
2.107292340625122051e-09
2.319613834345091163e-09
6.426698728745350309e-09
1.745201760883219322e-09
4.289368007448501885e-05
1.407300109779185959e-10
1.106623237490111933e-09
2.797143905386434426e-10
3.305337870074254170e-08
3.584556873548194744e-09
7.371064612016198225e-07
1.351762701773395747e-09
1.724371401223834255e-07
4.236159478754331076e-10
3.006943805061723651e-09
1.523467751951557148e-08
1.295615836838237556e-09
8.813637042415223277e-10
7.981632021980544778e-10
1.815456673881499228e-09
1.411090577718709937e-09
9.562282521358156373e-09
2.080424010841852578e-08
4.345563908714211721e-08
6.288339591264957562e-07
1.204735755599983804e-10
1.665645328330356278e-07
5.598275176765810102e-09
7.838368842882914578e-10
2.051755565446455876e-08
6.062170854193027481e-08
4.255524377327901675e-09
3.828712280551371805e-08
3.528964853671823221e-08
2.862518222457310912e-08
1.263870896828223067e-09
5.567487582069929886e-10
6.966146059994571260e-08
2.625248214371822542e-07
3.987219088230631314e-08
3.841308071628191101e-08
8.240691329319815850e-08
2.507029250864434289e-09
6.894853576966397668e-09
4.304249845432650545e-09
2.439225044170711953e-09
9.902824116281294664e-10
3.195746245410191477e-08
1.986539821530186600e-09
3.934748082912165046e-09
5.829403626478324441e-10
1.557582618438857480e-09
5.844916106667596978e-09
1.412082095697542172e-08
1.749525146976793621e-08
3.393562097997460114e-10
3.994431174714208055e-10
3.127312808715032588e-08
3.608353171813405424e-09
1.403165157398689189e-07
3.093084188776629162e-08
1.174207120424597406e-10
1.802535010142491956e-09
1.057678250537819054e-10
1.826086948319982639e-09
4.894915051067982859e-08
4.982065870962060217e-10
6.418842124489287926e-10
1.950221104607408051e-07
2.736125548352674741e-09
3.610969301348632143e-09
4.954669452494897541e-10
1.843169505910680073e-10
5.418753445951551839e-09
2.246049390919324651e-08
1.345260458585073593e-09
5.603192221315111965e-08
8.094808157110833235e-10
1.066667754123784562e-09
1.921716972219655872e-07
2.263324283546808147e-08
3.150474547908288514e-09
1.863216247954824212e-08
3.914992330322775160e-09
4.522281660257476688e-09
2.209725513679927644e-09
1.413359385082912922e-08
2.861326890979398740e-07
5.337368769176009664e-09
7.587671291275910335e-08
2.650839825424355922e-10
6.004815134019736433e-08
4.824953769855255814e-10
1.477893931678408990e-07
6.355066473062720434e-11
1.520187087322710795e-09
4.648412765817511172e-10
2.453470315799677337e-09
1.218832812455161729e-09
3.640993284648175177e-08
4.013730181551267151e-10
4.034168832323103970e-10
2.158513723315991228e-08
1.028388263435431327e-09
3.248393110055758370e-09
3.967432160578709954e-09
1.385554604382832622e-08
3.446558949349309842e-08
2.112864763148536440e-07
7.668663926096996875e-09
6.824672382776952873e-09
6.048216150134066993e-09
3.301500939301149629e-08
1.760608103751337694e-09
1.475430089215024054e-08
6.793797524551337119e-08
4.520789520512380477e-09
3.970411626141867600e-07
4.216964832881586744e-10
3.131481740581421036e-10
4.748392234965592706e-10
2.350461336675380153e-08
8.018550801125456928e-08
1.863099008403423795e-08
5.156888249757685116e-10
7.692131376302313583e-09
3.300707618336673477e-08
1.631947199598471343e-08
5.538712599673090153e-09
2.502691165418013952e-09
1.202060118110637177e-09
6.177215960967430419e-10
4.535515074621798703e-09
3.642153245664303540e-08
9.988340154976071972e-10
8.104034776579283061e-09
6.199551538799141781e-09
1.097670665473060581e-08
1.550717110276877975e-09
7.727273820812285976e-10
3.242691670735098342e-09
2.095316915529110702e-07
3.329902753534952353e-08
7.038047922236501108e-09
1.629375034895019780e-08
2.464056336748399190e-08
7.950267527645493715e-11
8.461099043621800320e-10
2.632194462393044887e-09
9.401436074085722794e-09
2.238141005861393751e-09
1.676286887075661980e-09
8.223698166887061234e-09
7.688156777874155523e-09
1.204351747219334356e-07
3.192463964296621270e-07
7.486509900900273351e-08
3.944750304185618006e-09
2.301616497391023586e-08
1.161270759553190146e-07
1.248211134452503757e-08
4.993665037034134002e-09
1.523317999518880583e-10
3.858775965426275434e-09
3.754441646464101723e-09
7.568443649574874144e-09
5.406166070365259202e-10
2.677025179309566738e-08
2.267993293170178504e-10
1.021545958934666487e-09
1.883621925102829664e-09
2.101514101626733577e-11
7.295207549162796568e-09
1.663708504295868806e-09
1.353483436439262277e-09
8.249002592108922727e-10
9.438624326563171962e-10
2.502670848336663312e-10
1.879796096559971375e-09
6.833066057421177675e-11
6.603845026376120586e-09
4.502982153820056510e-10
1.262283277903009093e-09
9.799852596081848333e-11
3.324130692927695918e-10
6.212776781922002556e-08
7.012192909661152385e-11
4.161462840990282075e-11
1.791616993651601319e-10
1.003838345781105090e-08
8.960900077514821760e-11
1.357083022346383672e-11
8.390462630236683594e-11
1.003219618489481491e-09
4.133948044993118742e-11
1.335442728622737718e-10
1.041149458314016840e-10
1.985978187457604349e-10
7.139117075283252234e-11
1.480043532176011922e-09
7.040276361891528722e-09
1.777132996316765912e-09
3.334074405447751133e-10
4.131207320678953465e-10
3.626635936004873884e-10
5.708372663448813000e-10
5.301570848992298579e-10
2.969941270691833779e-08
6.795780604917922574e-10
7.800236900834534026e-09
4.470334935557929157e-10
4.142411569318937836e-08
3.288176397830966380e-09
2.699449275223031464e-10
3.685827476562764105e-10
1.940921423582153693e-09
1.901762303191389947e-09
4.945277964907290880e-09
4.263120079173177146e-09
6.031457644439797150e-08
1.199199961554597849e-09
1.140970251611861386e-08
1.306213359697494525e-09
8.219515734708693344e-08
1.225306434093909047e-08
1.001613569862058739e-09
6.036138255893774840e-09
3.477223486925140605e-08
9.116909449602417226e-10
3.120024700820067665e-07
7.445202093725455939e-11
7.429254260393758358e-12
3.912396448479960043e-12
3.838693274360593932e-08
4.924809171580335487e-11
4.182087315340865530e-11
2.161220855056988910e-11
6.076623648709755798e-10
3.554415373141495138e-10
1.498931187504659590e-11
1.175418429255614683e-08
2.514177477319634590e-10
5.026429827914569159e-10
1.176054587048724898e-09
2.204695803698086820e-08
7.570810645063374977e-09
