2.383628157076600473e-07
7.470080731764028315e-08
1.882303878664970398e-02
9.785410761833190918e-01
2.398477634415030479e-03
6.234267493709921837e-05
7.012470450717955828e-05
4.056486258008362711e-09
1.622279643953561390e-09
1.614863381904640960e-10
3.407431448110287420e-09
4.467176406564021818e-09
1.291700968408804329e-08
2.702973347368242685e-07
8.040108023799064085e-10
1.389921733263577153e-09
3.517956148613166079e-09
9.486188723428767844e-09
2.835943035961463465e-09
1.162107521324173831e-09
1.022792606164557583e-08
4.376543358830531361e-07
1.313950637182870196e-08
1.222287124846843653e-07
5.293479543588830438e-10
8.108729659950242308e-11
1.480230160666451411e-09
7.692903952749574614e-11
4.578012274825127292e-11
2.693163423828082159e-06
5.338365860474425517e-10
1.321461690073633122e-10
5.770725911014018550e-11
4.290280912755406462e-07
6.073097580383546301e-08
5.169958350315084772e-10
4.647013884806483475e-10
4.400432102036333504e-11
6.622603354600187231e-09
1.449555253607570648e-09
4.194931513268329581e-09
3.443632601296542362e-10
5.232324643000829667e-11
2.842075359776874421e-11
3.973724682637680417e-10
5.283578262404997616e-12
1.223517398507567577e-09
9.917320437091703411e-11
6.939535751593339796e-11
1.842603986057511634e-10
4.833459854580723913e-09
1.053321074806490287e-08
6.500419091892695178e-10
7.635265336647378831e-11
5.414010351145748245e-10
2.835357781894032314e-10
2.377665772601567085e-11
8.657913969090103024e-11
7.533448531660269509e-09
3.778125035047708025e-10
8.430108278112413700e-10
1.970189150712897685e-10
1.778597408241822109e-10
3.499002754203672794e-10
5.798080349173062586e-10
3.613018506598564272e-08
2.433550583269550316e-10
2.186456710129291992e-10
1.441437802451872585e-10
7.383737621324826250e-09
2.337827501031064514e-11
2.510863295057674804e-09
5.118795665115527527e-11
4.640828693558418649e-11
3.043604951402656411e-11
1.443275499113383376e-10
4.119772925581521861e-11
1.085156894897743030e-10
2.825371714365587650e-09
1.056346454753054331e-09
6.026292354022189102e-09
3.144304514535178896e-07
1.787445853551616892e-07
4.081642046571687388e-08
3.122575265024352120e-08
1.510894875877966115e-08
1.662232449461953365e-07
8.876126500467762526e-10
2.772698563802133975e-11
1.624302292668744485e-08
5.098343275333760971e-11
2.058500037094290747e-10
4.064453495988828990e-10
3.472316323360757906e-10
8.153406838573573623e-08
5.448867398949452934e-11
1.811724659184221764e-09
1.052502156539958378e-07
1.176016937165513809e-07
3.074806500080740079e-06
1.573586239089763694e-08
7.831316706230495583e-10
5.796163896065742449e-11
5.139580316892988776e-09
1.838213581351055836e-09
1.068828359152007579e-10
2.847816427120619664e-11
2.126594367268808128e-08
2.736637583211631863e-09
3.275484417031293560e-08
4.144098397773632314e-09
1.061263965596026537e-09
2.292817669058422325e-07
1.666533222532962100e-08
8.091094017004252237e-09
6.511069017278714455e-09
4.678737397512122698e-10
4.021306665435986361e-08
8.052769562283401683e-10
2.673829824217932583e-09
1.481340161646471643e-09
3.358033850986430480e-10
1.728287374325176984e-10
3.275869797647601445e-09
1.637688384903412953e-08
5.364956257025710329e-10
5.777585343480495794e-08
4.808072606721225384e-09
2.105610619196340849e-08
1.379321723504745023e-08
5.797007318619762373e-10
1.138522787158535721e-08
3.654730846847087378e-07
6.317961975810248987e-08
4.399286979150929255e-07
4.665415276328133132e-10
3.999610864724445491e-09
2.217546679617043992e-08
2.065388571281800978e-08
1.695268458945520251e-08
4.356097917934675934e-07
1.599459125145585858e-07
5.692288240766174567e-08
2.864066175334301079e-07
1.699770564300706610e-06
1.070696882266020111e-07
3.176171276209061034e-06
1.383842459290463012e-06
9.212125405611004680e-06
1.222845639858860523e-05
5.108896630190429278e-07
1.420623729764258769e-09
8.587752731159525865e-11
1.081648104417354261e-10
8.673516765922428817e-11
1.892938861214332746e-10
2.828967338164289913e-10
1.688650885789400036e-10
4.408700626790107435e-10
2.825025491315358295e-10
1.474445232574339570e-09
2.626256434545837237e-10
5.899617461224693216e-10
1.775770502865370304e-10
6.673482599861557674e-11
6.896019866253766395e-11
1.113829098398078088e-10
1.104935726248257311e-10
5.296021260425831656e-11
3.032667672542288528e-09
3.075920629314055077e-10
1.802841542719590961e-09
2.704374502116024814e-08
4.299607780922087841e-09
5.485827347939675747e-10
7.242517696681716188e-11
2.720270675382607806e-09
1.613167099900891799e-10
6.868708712914894932e-09
1.566472507263938496e-10
1.175741060066570753e-09
7.707903759701650870e-10
1.886241683679568126e-11
7.005484387034854876e-11
9.083442331636604195e-11
1.342778666035826518e-10
1.795815302019221349e-10
1.733242438461957136e-10
3.629224420986787436e-10
1.806058497200169199e-10
8.630203218729093351e-10
1.710966229806487604e-10
1.989060721685476096e-10
1.609876010277844216e-09
8.150086716618432092e-10
3.538810078307363938e-10
3.366511791558224331e-10
3.505248591384457768e-10
2.982240010496184368e-10
9.603831507831728231e-09
2.937985965623113316e-11
5.454089957446228709e-10
2.142461034970732925e-11
1.290494289207799739e-08
3.252030866818245158e-10
1.209221389686376824e-09
1.524949472253567251e-10
1.241493685633088262e-09
6.501645888334905976e-10
6.342356639876811641e-10
2.670928478387679661e-10
2.015826394696773605e-10
1.629812951264852927e-09
5.313173789822656090e-10
4.552310750582932997e-10
3.944448656589827351e-10
2.506259089152251818e-10
1.743774791229668608e-09
1.170974095465737719e-09
3.334743314820087789e-10
1.608708860567631405e-10
3.423598904372937568e-10
3.663533088005266336e-10
8.979899046579475907e-10
1.334957366871947215e-09
1.729406173822667370e-09
2.254055830874790445e-10
1.154617623733145138e-09
7.864063567009083044e-11
8.331842854536475329e-11
3.234240930627407806e-10
1.021191797789811062e-09
4.912045770133488531e-10
3.830190331566285522e-11
6.184783241103275486e-11
3.279658544741437254e-09
6.139524444392918667e-10
7.190766315723351454e-10
1.267281557471022779e-10
5.765093610832217053e-11
2.089350081835306128e-10
2.198441567680120556e-10
3.045865781814427464e-10
4.034085288040500927e-10
6.585811757053861015e-12
1.625990786457975901e-09
3.100543599643401649e-09
1.908891794633049699e-10
3.437644835457831505e-08
3.130504966364355823e-09
4.938221920269825205e-08
5.153322657491798964e-09
2.316194805396243339e-11
1.322052245456006858e-09
4.027511935067451532e-10
5.846795270159077518e-11
4.200213232774530070e-10
4.728898383987711895e-10
3.101519485682047161e-09
5.968784910770352781e-10
1.823009104784389933e-11
1.286254158738842079e-10
1.120006604821144336e-11
3.530288561481853549e-10
8.885205904363147056e-10
5.926264340372355832e-11
5.461623861502395982e-11
1.857459602794264697e-10
3.243247337358923232e-10
1.287683404349593275e-09
7.074927754757709408e-09
1.251664744073011093e-10
1.212334455047425763e-09
1.092007151370921747e-09
2.125250114781707111e-10
1.373714163255268517e-11
8.897819286923791537e-11
2.664557741116624356e-10
5.416806239666449585e-11
1.046769870782782164e-08
1.334330562707819468e-10
2.814614319390784658e-09
9.321726723854339980e-10
1.298792462467446285e-10
4.886518745195189695e-09
2.453270031566034959e-09
2.827641454317131320e-09
2.420548206316652795e-09
1.207406952197231931e-10
1.418043321654849365e-10
8.517542920971621356e-11
8.331207251854877427e-11
6.677623454187653351e-10
9.360718797313261064e-12
1.950128503125370116e-09
1.901696439210454059e-10
7.272235080790778738e-08
3.657199196260840779e-11
2.783456520827343184e-10
1.032836594028196942e-10
1.358783224825188540e-10
1.874532473689072276e-10
4.623276206316973003e-10
2.076220584346089026e-10
1.151731210402573424e-10
2.243738701779296463e-11
2.666774578941044638e-10
2.771758933484136378e-10
1.405066341053640144e-10
1.090676438053606034e-10
2.726138759179264071e-10
8.032673970426174037e-10
8.880241542108535668e-10
7.234427640279150751e-11
3.988374519536819207e-09
4.284585131131279923e-09
3.286919694756029742e-11
3.617158794710917391e-10
3.268909032350109101e-10
6.207615671494082221e-11
9.664737760095576391e-11
2.162389711735102082e-10
1.277158157009239403e-09
4.900243058547637531e-11
1.716370046089821244e-09
3.628013445222677547e-10
3.004095194825140425e-09
1.409252003981009693e-08
2.699841461506480300e-10
2.658274711464514439e-09
3.465582709694103869e-09
2.875553839487565710e-08
1.867898502538878347e-09
4.597090208502407904e-10
3.067168186099422655e-10
7.994657019727569036e-11
8.942940832312729071e-11
3.339136522839680765e-09
3.478686783076057054e-10
4.062188432851776554e-11
3.410216109500652237e-08
1.819690065296697412e-09
9.345065832278010021e-10
9.495845776363864843e-11
9.371881048991781427e-09
5.924134072188280697e-09
7.440694171911843569e-10
4.404733522367365595e-10
1.919349124079872126e-09
5.347200460192880200e-10
7.223280196200221326e-09
1.097654145354454158e-08
1.097841106911801035e-07
6.921818851424177410e-08
1.268575383628345321e-10
5.129454194729987648e-09
1.568193042089660594e-08
2.693536949038843886e-09
2.586595937437152770e-10
1.130429527762544240e-09
7.722314343538982939e-09
1.030516574851425560e-10
6.034836519397401844e-10
6.836712085345197920e-09
6.286270393118797983e-10
4.336483602762619682e-11
7.540307787878841594e-12
7.347508018673565289e-12
1.699850503411592939e-11
4.853982840669068821e-11
7.230840926020221104e-11
9.540978423983048629e-11
2.886277050695440494e-10
2.657751241308403678e-10
1.341732169812814845e-09
2.542491550627801189e-09
2.173612262401647399e-10
5.315927906202055908e-11
2.191043527166591787e-11
1.789199760571236197e-10
1.702950558346572052e-10
7.680119734621015937e-11
6.533903279537511821e-11
3.035420803598753992e-10
3.578448926067068214e-10
3.914095991763844040e-10
4.179212254040720609e-10
5.604015515525695434e-12
7.187911377215527864e-11
2.830432777045643888e-06
3.350345707531232620e-07
6.102137831476284191e-06
3.094845340001484146e-07
4.028635647301825884e-09
1.786602297215722501e-05
3.413691274545271881e-06
8.780024529642105335e-08
8.817183925202698447e-07
3.357585320884481916e-10
7.170127269695569794e-10
1.681464550928879476e-10
3.729417885622865469e-10
5.821713250364624059e-11
1.048166922146265279e-07
3.320984376387059456e-07
6.079054855945287272e-06
1.384544562332834516e-10
1.117779646619965206e-09
1.461462204588315217e-07
2.007398025583029266e-09
8.016002445154768452e-11
8.986782845665786112e-11
4.196281377932820078e-10
1.748664102407815335e-09
7.055636630504125151e-11
3.116883418030624853e-10
1.330031224044958549e-10
1.505687841074632161e-08
1.811302219323351892e-10
3.193580677685048386e-10
3.962733266527074250e-11
5.002950276278284036e-10
2.516927499751631103e-10
7.922949518679445191e-10
7.221954145819609039e-10
2.757045614032449521e-08
6.463600210615538799e-10
4.278776499777592335e-10
3.110457724719850603e-10
3.287324190637264110e-09
4.550702176198129223e-11
8.499626003022342502e-11
1.523747621134940999e-11
3.886663790808597696e-08
3.856433575255557855e-11
3.334484244277291509e-09
2.715703439903904837e-09
7.661546419512887951e-07
5.910849587564825924e-09
1.205577443430527751e-10
1.702538998671343506e-09
9.030982073277016298e-10
2.419949218790407031e-08
4.618892768259996728e-11
6.455971174323948958e-11
9.638442044490602711e-09
2.238904756035609012e-10
3.112577751096523571e-09
1.251534609281179655e-08
2.771454887806612533e-08
4.809686870999030361e-09
5.645946557497616425e-11
3.035496021208672346e-10
7.243222688302353163e-11
4.463724667669310975e-10
9.371519116285753626e-10
1.351958878181847012e-09
3.492044209352229700e-09
4.204990522449492119e-10
3.419691196882013173e-09
9.420309510232982575e-08
2.420806888281390457e-09
7.899957132906365587e-09
6.245433059604010850e-10
7.926694717275140079e-11
1.709795083293386142e-10
1.083798495393750727e-09
1.098648616526531896e-09
1.742252009329092743e-09
6.942163288670144539e-09
4.616253768130462731e-10
1.535196636481828136e-09
1.466284871298739745e-08
1.221451495503345086e-09
4.977286985341500269e-11
2.353928829634810427e-09
2.368290452636756527e-09
2.773176133175070390e-10
7.968825599391493597e-10
1.223461332244824007e-09
8.632393133645166472e-10
1.831353402259594532e-10
7.843121985207091029e-11
6.278080633137506084e-08
3.622694748628418893e-07
5.674707578839921496e-11
4.959840524398906325e-11
1.095450744004189403e-10
1.658467668752550139e-10
4.972536271630190186e-10
6.313161660109756212e-10
2.115886632569896619e-10
6.635139659927347111e-11
1.504603212854060956e-11
1.006606908937612843e-09
2.964097370328211412e-11
3.657987454608324640e-11
8.637755399831803516e-08
6.355595605356256783e-09
8.646383053978468070e-10
9.900481129365701349e-11
1.080613487580706078e-09
2.270712229357485512e-10
4.886190341224505573e-10
1.780505048953884284e-10
8.642607185471717912e-10
4.382542662106914122e-10
3.311835250485728466e-10
7.149073777412695563e-09
3.042722671042774607e-11
2.703934631753668327e-09
1.455781051262761139e-09
3.184865260408287213e-09
3.601222375859691738e-10
3.939861770163588517e-10
3.225949729568355906e-09
2.803463572398356973e-10
9.817877621998150062e-10
6.515599726419907256e-10
7.167922505546542311e-11
1.261476756386770148e-10
1.116332443151790699e-10
3.635763218268195374e-11
4.681603438250192539e-10
6.681649677986456481e-10
6.133011964948309469e-08
4.162220568204588744e-10
1.057193110831633476e-09
8.114701272043944869e-11
1.751443712283418108e-10
2.151447464626699002e-09
1.759315193528010468e-10
4.082196386478997852e-11
2.181049264804446608e-11
1.939451932386759836e-10
8.354614916550318071e-11
1.550529127314348443e-08
1.786670256187505856e-09
5.443266459792539536e-08
1.165952195902875133e-10
2.338476523533472573e-09
1.873581567668480830e-10
2.826766598573726696e-10
1.390740439477511359e-10
6.210781888782435090e-10
1.920553938106195346e-09
4.640769435404479282e-10
6.971295068991523181e-11
4.906958173123143752e-11
1.142973937717783883e-09
3.546254262465353690e-11
2.162132799188309917e-11
2.297399770423425025e-10
1.223537660077766986e-10
4.220003546606676537e-08
7.235807786276637898e-11
1.870503613110585661e-10
7.899867000560334418e-07
1.338592570121477365e-10
1.772576974090611657e-09
2.355513006868648063e-10
3.993462852069917801e-11
5.101395927908924932e-08
8.408851392971428140e-09
1.708784364007343015e-10
2.051546710291063391e-10
9.034629988580178406e-11
1.988519349183093254e-09
5.819015755359480124e-11
5.702081168346140316e-11
2.182341418688338308e-09
5.596117458317451110e-10
1.417449047025343134e-09
3.795458045074973086e-11
6.117108153347317057e-09
7.890917363972960175e-10
1.449303677070190588e-09
7.646840938235754948e-10
2.237047908026923437e-10
1.827208384597156510e-10
1.202007715583874869e-09
1.992092535374467843e-08
5.382154721900178629e-10
5.279020554027624712e-10
2.138138971430336710e-10
1.032161689451527309e-09
7.241475419306198091e-09
2.343784610836507909e-10
3.930149816699923804e-10
8.938238482691929221e-10
1.023896314955585751e-10
7.821117364859020427e-11
3.834195808072315970e-11
2.340800331346315488e-10
4.488241028832717916e-11
1.703455043688961723e-09
4.823998422942565867e-10
2.547810851183385239e-10
4.572595635465859232e-10
1.980977326621058410e-10
1.521925252490063940e-09
1.130547530592274086e-10
2.237858787168534036e-10
8.307342314051169296e-11
8.792001793267445464e-09
1.267083382661127189e-10
3.436698703396245946e-09
1.764540874527043002e-10
3.077509080906537520e-11
1.841505392619069426e-09
1.045694694029597471e-11
3.849461027716216677e-10
6.043587158499619250e-11
8.987147137595741242e-10
1.092675394609443629e-10
6.397451318695956957e-11
3.193812159185682731e-10
2.241562491178683558e-10
1.663677196006574377e-09
1.641352387338201879e-09
3.921996949429740198e-09
7.579493144227456014e-10
2.055208642159911392e-10
3.540119586364909310e-10
7.930157225333189785e-11
8.882804714005487767e-09
7.898833670472171775e-11
2.428182765967790147e-09
1.537734561907200259e-07
8.647285665297488322e-11
5.309027870104010560e-11
3.418268168520199879e-10
1.555071627024062764e-09
1.290491269401172758e-09
2.064193260764568549e-10
1.517400760597809040e-09
1.184975312318314877e-10
3.257390135402715714e-09
1.287138928773856605e-08
2.932174147929345054e-08
6.149740439109763201e-11
3.147921368018558042e-10
2.436764678925840144e-10
3.501614997958313324e-09
8.941985346622161046e-11
2.259113174307714189e-10
6.753541059723033868e-10
3.345390187092789347e-09
1.709508229419398617e-10
2.562436374198284739e-10
1.201647892301593856e-09
7.798936496605790580e-11
2.937787346724007875e-09
5.643753242523530389e-10
6.224099013962813842e-10
5.931092422750694482e-11
8.258088102230942695e-10
8.841906264933641069e-07
3.503415613170801635e-11
6.501956195670288707e-10
2.869175341757568276e-09
4.101733952488473278e-10
1.676690342122810762e-09
2.201620219466349226e-08
9.591676786158132018e-09
1.365973889555505139e-09
5.189776941527668441e-10
1.049560793831005867e-08
3.117221183401852613e-07
2.652803254843405512e-10
1.929384207954853991e-09
9.627866559558384552e-11
8.920377325694062165e-09
5.926846569082044880e-09
4.635507977468478202e-09
1.563123797065912868e-10
3.287893290959686965e-10
6.078178516055743330e-10
2.502881790711342092e-10
1.089788537189662065e-10
1.686845108039847219e-10
1.054502485331454409e-09
1.811593319800408608e-09
3.851640534291433937e-11
1.810965422066601604e-08
2.717277514108218384e-10
1.313544051306791971e-09
5.111819995073929590e-11
1.121751649901803205e-10
2.754497324675142522e-11
9.611248463770039052e-10
6.366672966606756745e-09
2.642063900992752679e-09
1.717202735562750604e-08
2.513776742318896140e-09
1.486088058166856740e-10
4.961943633752241567e-10
1.233316834076125801e-11
5.471096464759739320e-09
9.476978091171872620e-10
1.617379563612075799e-09
9.998207417538651498e-08
1.633038981818657476e-10
8.615533286793208845e-10
6.347790626470839470e-10
1.355894507781840730e-09
6.983825073803018313e-09
7.819939834563527370e-11
9.777796350363132660e-09
6.367625177139402126e-11
5.059220820058385470e-10
8.038007481836473289e-10
2.954334554772231058e-10
1.287599193933175457e-10
2.050419972698946935e-10
8.013167018816602649e-09
1.012281369838774481e-08
8.867394596379085669e-10
3.283714633539602801e-09
6.982173506031585930e-09
6.112075429109964375e-11
4.567812350586564207e-09
2.306457247414073208e-10
3.607108611802800624e-09
5.992479845673415184e-09
4.383883034364544073e-09
5.721385865076200616e-11
5.070779707239125855e-08
1.378629921333640596e-08
1.349645284420830649e-09
2.814599753264701576e-08
2.945742538784656972e-10
1.566980573075582583e-10
3.637285805879741929e-09
4.031137576521182098e-11
2.429631495992623513e-10
6.310196115633104341e-11
8.614305713194880809e-09
1.182516584652404390e-10
4.962253177809294868e-11
1.071801314367348823e-09
8.411039920108720480e-11
5.657170842887637718e-10
3.073586662960536842e-10
5.530538373932358809e-07
9.401864842217833029e-10
4.834302749778807140e-11
8.629775782864612665e-10
6.945616859432846013e-10
9.606928585981222568e-09
9.060256017656698191e-11
1.289895634748461362e-09
8.866972156518215797e-10
8.733382905745656899e-10
3.917406843356729951e-09
4.843029088874573063e-09
1.918883107965285717e-10
1.345691891252442929e-09
4.729453095819735609e-08
8.695033582029054742e-11
3.599004150256490675e-10
1.333663873781532061e-10
1.044557551566072107e-09
8.265553519404278404e-11
9.601739403564124586e-10
5.357420063134554766e-10
7.908119992183770819e-11
4.054666324915245923e-10
2.420672995384620663e-09
9.275614720749558728e-10
8.312794896880859596e-11
3.878674811885751694e-11
7.001507151827013331e-10
4.805487119341478319e-09
2.175814806104625632e-10
5.248409484792659896e-10
1.236678953686620730e-10
1.911993896541730464e-09
3.840689710710165627e-10
8.725823397170984208e-10
1.005828593747537525e-07
2.356561390470801598e-09
1.848998398834567070e-09
1.179325637146177996e-09
6.040156708131405594e-10
9.062714467766852522e-10
1.768692137193994540e-10
8.422715302991434783e-10
9.022058794494469680e-11
5.757752954971273596e-11
8.625328229427964288e-11
4.981069445797459139e-10
9.358126717984305287e-09
2.502729135045456133e-10
1.984052699910421325e-09
2.002984444970934419e-09
2.606431293017408279e-09
5.363247623790812213e-10
1.254386178262123508e-11
7.335260177043778640e-11
5.769394337273858753e-11
1.279392876085694297e-07
1.876208344242513704e-08
4.318049473539531391e-09
1.824345813306038622e-10
1.820425060694574881e-10
8.954585961618022338e-10
3.207800247650993697e-09
8.069021006917864725e-10
1.077899783319402616e-10
1.006687511129200630e-09
2.430805334796559691e-09
4.326840041812829440e-08
4.695562827450316945e-10
2.001191461431517382e-07
1.473893368464374021e-10
1.456555986933949498e-09
2.159784573407819153e-10
2.621534633817645954e-08
3.718736651947551763e-09
1.121872150733338458e-09
1.431206153590380836e-09
1.809340871572473475e-10
1.962690600321170820e-11
2.135484671039744597e-11
2.201975130011746273e-10
1.847784425468290692e-10
2.096435663956341955e-10
2.187563241662360269e-09
2.436179313836106530e-10
3.911528601019398366e-10
3.838595274974210270e-10
1.613688915824695869e-08
8.538458132534287870e-06
5.926143464840549768e-10
2.582855040955678305e-09
7.332092710754523068e-09
1.113706571409522894e-09
6.901891835831008848e-10
2.866407555757177761e-09
1.625205386934780449e-10
2.264489706860217666e-09
2.688306910414439699e-09
1.526268333940095090e-09
3.635862166895265091e-10
2.942823540408312510e-09
4.996827951408988611e-10
3.878493526343618214e-09
2.560299888765271703e-11
5.714542616885864845e-09
1.218065787123023824e-10
2.308809143869439140e-09
4.658221586240074430e-10
1.445910946529238572e-08
7.360444892468009925e-11
1.691662809832905623e-09
2.691923073339097527e-10
6.147136966117017209e-11
6.197456992040883961e-10
4.255596430802199848e-10
9.271593909288000646e-11
3.821211791432688187e-09
1.090516899004967399e-09
2.850313540747606567e-09
4.580469337156500842e-10
2.033672119594598371e-10
8.046908916981010407e-09
1.607179167528727248e-09
7.548230374077036231e-10
4.819326604454943208e-10
5.771775279939106440e-10
3.197602325144544011e-07
1.113366135396809398e-10
4.767740022226796270e-11
1.103406740976531353e-10
8.752927271871158155e-10
5.084141996292146359e-09
7.565090220928993858e-11
2.055871306527734532e-10
6.784724781994100340e-09
5.541765379923901946e-10
8.948691093690896992e-11
8.496663927992642584e-10
4.383562679510788485e-10
7.905077148429029421e-10
1.021608686535557808e-09
1.192475562739048200e-10
8.892050290532083068e-11
2.672743804055244254e-09
5.644073056143561473e-11
1.600631710507727234e-10
5.310134554292744724e-10
2.002654708732620747e-10
1.599755883319176064e-10
6.174139671744072189e-11
1.046190163833671249e-06
7.189271955532205993e-10
1.588945086616888602e-10
1.501838653439335758e-08
2.191070880286360989e-09
7.022833869996247813e-08
5.122138824198430029e-10
4.358576555230087024e-10
2.539776167154172981e-10
2.255441833298732490e-09
1.781232827902101690e-09
1.526177378918802674e-10
5.360905608320365445e-10
7.149490102165145800e-07
1.856376830033923397e-09
2.226486911505176636e-10
5.411883163830566446e-10
1.468708044072286611e-09
8.650565774814822362e-08
1.472877642072489834e-08
2.140829291619184005e-09
6.831403775997557659e-10
3.431954165300510340e-10
3.031457584956598339e-10
2.857101000230954924e-09
1.240648694889046055e-09
5.971964256445971841e-09
3.763386477451113876e-11
2.733238982366437142e-11
1.178333264295616800e-10
9.928557975769081168e-12
2.093825113291813977e-11
1.176965330751400529e-10
5.192547086751986285e-11
8.212516777739153895e-11
5.375349818037555849e-11
6.240666317047782741e-11
1.482079042824935300e-11
5.947567438546741414e-10
1.832538010226869574e-10
6.587172474148417223e-11
8.378216176385677727e-11
1.713929664859392688e-09
4.211666779219136458e-11
7.669243712316031747e-11
1.545823608006813288e-10
1.396689014443452947e-11
2.009457739093889472e-10
9.841795434173405965e-11
3.933104397724207502e-10
9.670468419098465773e-12
2.746681770915415655e-10
4.919539886572010801e-09
8.512772153856928981e-10
6.230271853979729713e-11
8.353292363372233353e-11
5.085458720799351795e-10
3.674547888188328670e-10
1.445540215305740617e-10
4.949063381332052813e-09
3.456660652156884339e-11
1.602996485550178818e-10
4.305283907157786416e-10
2.371015606073001436e-09
5.892675236651712112e-11
9.230512187929917900e-12
4.184889587643958464e-11
1.593180622150303094e-11
1.015122499947729295e-10
2.075808830381831172e-10
3.567830753059553217e-10
5.012912307478245566e-10
2.297452089683460486e-10
9.243135701275662086e-10
2.189415454489918034e-10
3.554914584924517840e-08
3.322797681448719231e-08
2.509905616676633144e-09
2.566163402661914006e-06
1.154173467909913597e-08
2.893281418892001966e-07
1.980514774402308831e-08
7.737075691238715081e-08
7.753355646400450496e-08
7.162394677351358041e-09
1.686358785946140415e-07
1.339770738795209581e-09
6.378155781305849814e-10
6.464483249146724120e-06
1.588109643790858172e-09
1.323810366882227640e-10
7.129825202456530064e-11
6.279691211474869306e-10
3.100100176567366361e-09
2.239378821267123953e-10
6.418742620750705896e-11
3.173457885363717423e-10
1.624868350980079867e-09
2.469567779439518773e-11
1.696295326425456551e-10
4.944043840993117556e-09
1.216387768288029747e-09
1.183078968125528263e-09
2.205913923747360172e-10
5.022234295104510693e-10
