2.960659730888437480e-05
4.229319456499069929e-04
1.623524352908134460e-02
1.067347545176744461e-02
1.613093726336956024e-02
3.082151114940643311e-01
4.987114667892456055e-01
7.286466825462412089e-06
2.596811327748582698e-06
5.695641789316141512e-07
2.251452315249480307e-06
2.346949941056664102e-06
4.021928361908067018e-06
7.339379408222157508e-06
1.036973571899579838e-05
4.407490905578015372e-06
8.366724614461418241e-06
5.990752470097504556e-06
1.298244751524180174e-05
1.282665152757545002e-06
2.313337745363241993e-06
1.616687404748518020e-05
1.610643994354177266e-05
1.629827238502912223e-05
1.407334252689906862e-06
1.701947326182562392e-06
5.811848950543208048e-06
1.887952407741977368e-06
2.636812268974608742e-06
8.331780554726719856e-05
7.073501819832017645e-06
4.503164745983667672e-06
1.303784665651619434e-05
3.689270233735442162e-03
1.439164858311414719e-03
2.091328860842622817e-05
1.354247797280550003e-04
6.741875495208660141e-06
9.530464012641459703e-06
3.945103799196658656e-06
9.030354704009369016e-06
4.238767814968014136e-06
2.172483164031291381e-06
9.475515980739146471e-06
1.319973080171621405e-06
4.099200850760098547e-06
1.837708987295627594e-05
1.038677396536513697e-06
1.740278548822971061e-06
2.237374701508088037e-06
1.845125188992824405e-05
7.382890089502325282e-06
2.491987970643094741e-06
8.745336344873066992e-06
3.210994691471569240e-06
4.758544946525944397e-06
4.410780718444584636e-07
1.534389525659207720e-06
7.137902139220386744e-05
2.332913709324202500e-06
1.786221446309355088e-06
3.595908708575734636e-07
3.846600975521141663e-07
3.171149955960572697e-06
8.215929483412764966e-06
8.367578266188502312e-04
2.695036528166383505e-06
2.458686594764003530e-06
1.118197246796626132e-06
3.214256139472126961e-05
4.132785306865116581e-06
3.056176865356974304e-05
4.902901309833396226e-06
1.263476224266923964e-05
1.161328873422462493e-05
1.038091286318376660e-04
3.377913117219577543e-06
7.121688668121350929e-06
1.941382361110299826e-04
1.393086949974531308e-05
5.101717761135660112e-06
3.322110387671273202e-06
2.648662757565034553e-06
1.221434672515897546e-06
2.522567683627130464e-06
6.974079042265657336e-06
1.572594669596583117e-06
1.799528945412021130e-06
5.027850875194417313e-06
8.075943696894682944e-06
5.266156222205609083e-07
1.270320012736192439e-06
5.757279268436832353e-06
2.388870370850781910e-06
3.901777381543070078e-05
2.283778030687244609e-06
6.682058483420405537e-06
1.876759597507771105e-06
3.457134198470157571e-06
3.834790732071269304e-06
1.532012902316637337e-05
4.721396180684678257e-06
1.431934833817649633e-06
9.380045958096161485e-05
1.086985093934345059e-06
1.966630406968761235e-06
3.286667833890533075e-06
4.554752260446548462e-03
2.060860606434289366e-05
2.688385720830410719e-04
8.931180491345003247e-05
6.906116323079913855e-05
2.438144758343696594e-03
2.596935082692652941e-04
4.260236528352834284e-05
3.455811020103283226e-05
7.692271537962369621e-06
4.512480809353291988e-04
1.945013718795962632e-05
4.801966952072689310e-06
5.138539563631638885e-06
2.407147349003935233e-06
5.495153800438856706e-06
2.346378278161864728e-05
1.912701736728195101e-05
1.209893525810912251e-04
4.930136128677986562e-05
2.707605972318560816e-06
1.916346081998199224e-05
2.126705294358544052e-05
1.359607836093346123e-06
4.091084974788827822e-06
9.929810403264127672e-06
2.117869598805555142e-06
2.255839035569806583e-06
2.049679551419103518e-06
2.107452928612474352e-06
1.039051494444720447e-05
6.260231089072476607e-07
2.085824462483287789e-06
1.627114784241712186e-06
3.062147243326762691e-06
8.164386599673889577e-06
3.293649342595017515e-06
9.780236723599955440e-06
1.959340588655322790e-04
4.729916327050887048e-05
1.305390847846865654e-03
4.760555922985076904e-03
2.583187073469161987e-02
4.071988910436630249e-02
1.803161649149842560e-05
8.141593639265920501e-07
7.945234756334684789e-06
5.756142400059616193e-06
4.887337127001956105e-06
1.654081529522954952e-06
2.676883241292671300e-06
3.077176870647235774e-06
2.854924105122336186e-06
3.472717708064010367e-06
1.104521379602374509e-05
9.207356015394907445e-06
1.019581304717576131e-05
3.519538722684956156e-06
3.431022378208581358e-06
3.003128995260340162e-06
1.696123945293948054e-06
7.477743110939627513e-06
5.181640290174982511e-07
1.141775101132225245e-06
7.022023964964319021e-06
7.621411896252539009e-06
2.346229393879184499e-06
7.401162292808294296e-06
1.168038011201133486e-06
6.037568027750239708e-07
7.047923986647219863e-07
3.064979682676494122e-05
1.209204219776438549e-05
4.918088507110951468e-06
2.016436383200925775e-06
2.098141976603073999e-06
9.048087122209835798e-06
3.339469685670337640e-06
6.524910077132517472e-06
5.518445050256559625e-06
7.745825314486864954e-06
3.214640855730976909e-06
3.579330041247885674e-06
1.598142080183606595e-05
5.541111022466793656e-06
3.134617600153433159e-06
3.734229949259315617e-06
1.113126359086891171e-06
1.733190583763644099e-05
4.036048721900442615e-06
3.476521897027851082e-06
2.908049509642296471e-06
1.941899972734972835e-05
2.175165946027846076e-06
2.212152367064845748e-06
4.277671450836351141e-06
3.316389120300300419e-05
6.413650226022582501e-06
4.800762781087541953e-06
1.955209654624923132e-06
6.362761723721632734e-06
1.587316364748403430e-05
1.253678419743664563e-05
2.747177404671674594e-06
4.531797003437532112e-06
1.731527731863025110e-06
7.294845090655144304e-06
4.032177912449697033e-06
1.371513349113229197e-06
1.370194240735145286e-06
5.818481440655887127e-06
1.356689608655869961e-06
3.098423349001677707e-06
3.620230472733965144e-06
2.769893853837857023e-06
1.806194745768152643e-06
2.526074058550875634e-05
7.539051239291438833e-06
9.246557965525425971e-06
5.804016836918890476e-06
4.372328021418070421e-06
2.100672645610757172e-06
1.053879350365605205e-05
1.845616679929662496e-06
1.779427407200273592e-06
1.052139396051643416e-06
8.786005309957545251e-06
3.448204324740800075e-06
1.390584930049953982e-05
2.083030631183646619e-05
3.777940219151787460e-05
5.131052148499293253e-06
2.507378212612820789e-06
2.242011760245077312e-06
4.910107236355543137e-06
7.248700057971291244e-06
9.794414836505893618e-06
3.717972731465124525e-06
5.253110066405497491e-05
2.169707840948831290e-05
3.966796612075995654e-06
3.341072215334861539e-06
6.296194442256819457e-06
7.929345883894711733e-06
1.343863914371468127e-06
2.125688297383021563e-06
3.399267370696179569e-06
6.492772081401199102e-05
1.756043388922989834e-06
4.366952452983241528e-06
2.490222868800628930e-06
1.060183785739354789e-05
8.725783118279650807e-06
1.154704841610509902e-05
4.939249265589751303e-06
3.299053332739276811e-06
7.103347343218047172e-06
9.283809959015343338e-06
1.007378159556537867e-05
2.819962901412509382e-06
4.713001544587314129e-06
2.240974208689294755e-05
6.141147423477377743e-06
7.855455805838573724e-06
7.070760261740360875e-07
1.797138224901573267e-06
6.483301604021107778e-06
8.227804642046976369e-07
6.944044912415847648e-07
2.108066155415144749e-06
4.212436579109635204e-06
1.311969867856532801e-06
2.370595575484912843e-05
3.471164973234408535e-06
1.000796783046098426e-05
6.226213372428901494e-06
3.455594878687406890e-06
1.802736078388988972e-04
2.739084811764769256e-05
4.607960727298632264e-05
1.096787491405848414e-05
2.914874357884400524e-06
4.551525762508390471e-06
4.039148279844084755e-06
2.374945779592962936e-06
2.856383616745006293e-06
5.727048346670926549e-07
1.666524622123688459e-05
9.053050234797410667e-06
4.172552842646837234e-03
5.249446076049935073e-06
3.138266720270621590e-06
2.843595666490728036e-06
1.907636487885611132e-06
2.360851249250117689e-05
2.075812335533555597e-05
4.018297204311238602e-06
1.172699739981908351e-05
4.750912921736016870e-06
4.503755189944058657e-05
7.540036222053458914e-06
7.486587855964899063e-05
3.765703149838373065e-05
2.517816319596022367e-04
6.253771971387322992e-06
1.105566843762062490e-05
2.001070470214472152e-06
2.150445798179134727e-04
1.086388783733127639e-05
1.664526462263893336e-05
9.241374755220022053e-06
1.519328270660480484e-05
2.149122337868902832e-05
5.226124358159722760e-06
8.755191629461478442e-06
6.472663244494469836e-06
4.306150913180317730e-06
7.562295650132000446e-06
2.130024995494750328e-06
6.914957339176908135e-06
5.917026646784506738e-05
3.185947207384742796e-05
4.917954720440320671e-05
6.762507382518379018e-06
1.592035732755903155e-05
6.745065547875128686e-06
1.430267002433538437e-04
6.297407708188984543e-06
3.653613930509891361e-06
1.057469944498734549e-06
4.432544301380403340e-05
6.620005933655193076e-06
1.680831360317824874e-06
2.429344704069080763e-06
2.688913582460372709e-06
8.137099030136596411e-07
1.195529875985812396e-06
1.606176665518432856e-04
4.364970664028078318e-06
6.131795544206397608e-06
9.522531399852596223e-06
1.239197217728360556e-06
3.004913878612569533e-06
5.127628355694469064e-06
3.404526523809181526e-06
1.565912612022657413e-06
1.674637928772426676e-06
5.899567895539803430e-06
3.152701765429810621e-06
3.028581340913660824e-05
2.028999006142839789e-05
8.760570381127763540e-06
2.253378261229954660e-05
1.277924166060984135e-04
6.243766620173119009e-06
6.539487003465183079e-06
5.606967988569522277e-06
7.205424026324180886e-06
7.779664883855730295e-06
1.006849834084277973e-05
7.620953510922845453e-06
3.032710083061829209e-06
3.427137244216282852e-06
4.297937721275957301e-06
1.059744590747868642e-06
1.144073394243605435e-05
6.289941211434779689e-06
1.478000194765627384e-05
5.542173312278464437e-06
9.466907613386865705e-06
6.389967893483117223e-06
1.142935980169568211e-05
6.250802925933385268e-06
6.336566002573817968e-06
3.496638555589015596e-06
4.238472683937288821e-06
2.777628424155409448e-06
3.870326054311590269e-06
4.323103894421365112e-06
5.574758233706234023e-06
3.848633696179604158e-07
9.137010238191578537e-06
2.165998885175213218e-04
3.552476700861006975e-04
1.552760804770514369e-04
1.014980953186750412e-03
7.755460683256387711e-05
8.366903784917667508e-05
2.369157009525224566e-04
6.442259764298796654e-04
1.309518818743526936e-03
1.803726377147540916e-06
1.583720768394414335e-05
5.532482646231073886e-06
1.546347334624442738e-06
7.408973033307120204e-06
1.678087983236764558e-06
5.876433078810805455e-06
2.076879536616615951e-05
7.349300403802772053e-07
1.703299972177774180e-06
4.492483640206046402e-06
2.751415740931406617e-05
5.502366775544942357e-07
1.319402417720993981e-05
3.632055813795886934e-05
2.947729626612272114e-06
5.241942290012957528e-06
1.097742256206402089e-06
2.042608684860169888e-05
6.153262074803933501e-05
2.009246418310794979e-05
1.390427041769726202e-05
4.199973318463889882e-06
1.011577478493563831e-05
2.160441181331407279e-05
1.458379188079561573e-06
1.414137841493356973e-06
1.016602527670329437e-05
5.783424057881347835e-06
1.302180407947162166e-05
7.571835794806247577e-06
2.339042339372099377e-06
4.001843194600951392e-07
4.436570009147544624e-07
2.713020876399241388e-06
4.433656285982578993e-04
1.642455026740208268e-05
1.394451392116025090e-04
1.200188421535131056e-06
2.332227631995920092e-05
5.835645060869865119e-05
5.211360303292167373e-07
3.774493598029948771e-05
7.492233635275624692e-06
3.810620682997978292e-06
4.509795871854294091e-06
4.404446372063830495e-07
2.964742598123848438e-04
2.294744190294295549e-04
1.723217792459763587e-05
4.961967988492688164e-06
1.809990067158651073e-06
1.388048895023530349e-05
6.299503638729220256e-06
5.781439085694728419e-06
9.032873435899091419e-07
4.189872470305999741e-06
2.654506715771276504e-06
1.831653389672283083e-05
3.932758045266382396e-05
1.862453018475207500e-06
9.351874177809804678e-05
5.938262347626732662e-06
3.521944745443761349e-05
4.544655384961515665e-04
1.794805575627833605e-04
1.472841177019290626e-06
5.027079623687313870e-06
7.030359483906067908e-06
1.578153614900656976e-06
4.761486252391478047e-06
1.333505770162446424e-05
5.826685810461640358e-04
9.016250260174274445e-06
2.294031946803443134e-05
2.250985562568530440e-05
3.219930476916488260e-06
6.761788972653448582e-05
1.239127527696837205e-06
7.199334959295811132e-07
9.664689059718511999e-06
5.317597242537885904e-07
9.783599671209231019e-05
1.061232705978909507e-05
8.573678655920957681e-07
1.509008598077343777e-06
1.021170028252527118e-04
6.356772246363107115e-07
5.607379989669425413e-06
9.981116818380542099e-06
7.676595487282611430e-06
2.868372803277452476e-06
8.903923003344971221e-07
9.361572210764279589e-07
4.479418294067727402e-06
2.796181206576875411e-07
1.496695040259510279e-05
3.719488574915885692e-07
1.034742035699309781e-05
9.779359061212744564e-06
2.293978241141303442e-06
1.960578993021044880e-05
6.309343234534026124e-07
1.346155568171525374e-05
2.059896814898820594e-06
1.074749252438778058e-05
2.714011998250498436e-06
2.598794526420533657e-05
2.332393023607437499e-06
9.214172678184695542e-06
6.722524631186388433e-06
2.210219349763065111e-07
1.279095249628880993e-05
1.158992517957813106e-06
1.338994934485526755e-06
8.407219866057857871e-06
3.295754595455946401e-06
2.813600440276786685e-05
1.828678136917005759e-06
6.790198767703259364e-06
7.335089776461245492e-06
7.348487542913062498e-07
1.445631369278999045e-06
2.508136276446748525e-06
1.918717089210986160e-06
8.777404218562878668e-06
1.243153747054748237e-05
8.411687304032966495e-06
1.806460090847394895e-06
5.019012405682587996e-06
5.658309873979305848e-06
8.778492883720900863e-06
1.047271780407754704e-05
2.436781187498127110e-06
4.273257161457877373e-07
5.441816028906032443e-07
5.146425792190711945e-06
3.236498287151334807e-07
1.335445972472371068e-06
3.443235755185014568e-06
5.690183115802938119e-06
2.023928573180455714e-06
1.124394748330814764e-05
2.754496790657867678e-06
9.537591722619254142e-06
1.255081679119030014e-05
3.704523351188981906e-06
3.711484896484762430e-05
9.229695024259854108e-06
4.588288504692172864e-07
1.027406938192143571e-06
8.878795779310166836e-04
7.435414204337575939e-07
3.701719379023415968e-06
6.211907930264715105e-06
1.020319245981227141e-06
6.514458164019742981e-06
1.127286736846144777e-06
9.515478268440347165e-06
1.426892413292080164e-04
4.360127604741137475e-06
1.925707010741462000e-06
6.285926019700127654e-07
2.743006916716694832e-06
9.529108865535818040e-06
5.053405857324833050e-06
3.358612161719065625e-07
5.742262487729021814e-07
1.522144702903460711e-05
9.308749213232658803e-06
5.280123787088086829e-06
8.436962161795236170e-06
2.311894058948382735e-05
7.770352567604277283e-06
1.226135191245703027e-05
2.286534481754642911e-06
1.949005854839924723e-05
1.794175545910547953e-06
2.023102024395484477e-05
2.419459451630245894e-05
3.299835225334390998e-05
2.135084741894388571e-06
1.411825451214099303e-06
1.692178443590819370e-06
2.671859817837685114e-07
4.318147148296702653e-06
9.014342140289954841e-06
2.227119330200366676e-05
4.240530870447400957e-06
8.374587196158245206e-06
2.967490445371367969e-06
3.452925011515617371e-05
2.191231033066287637e-06
2.032690281339455396e-05
1.612220103197614662e-06
1.459212512600061018e-06
1.673724682405008934e-06
1.884198468360409606e-06
1.642921961320098490e-05
7.924205419840291142e-06
5.784654149465495721e-06
3.093153054578579031e-06
7.030483538983389735e-05
2.081138336507137865e-05
1.312582571699749678e-05
4.393421306758682476e-07
2.485483673808630556e-05
1.044781765813240781e-05
3.663318784674629569e-05
2.899735818573390134e-06
6.381247658282518387e-06
4.334278855822049081e-06
1.044278815243160352e-05
5.138828782946802676e-06
5.082295047031948343e-07
5.178698302188422531e-06
1.310396896769816522e-06
4.008369160146685317e-06
1.583122866577468812e-05
6.454768481489736587e-06
3.538957389537245035e-05
1.845742735895328224e-05
1.568322477396577597e-05
6.723403203068301082e-06
5.129784767632372677e-06
1.195520144392503425e-05
2.494093109817185905e-07
3.672635784823796712e-06
9.720942762214690447e-05
1.581320361765392590e-06
6.712230060657020658e-06
4.008768519270233810e-05
3.458304718151339330e-06
3.193302472936920822e-05
9.446426702197641134e-06
1.157148744823643938e-05
2.760999393558449810e-07
6.222052434168290347e-06
1.999268897634465247e-05
3.700102752191014588e-06
1.445884990971535444e-04
2.097320102620869875e-04
3.196617512912780512e-07
8.851199709170032293e-06
3.326599653519224375e-06
7.154984814405906945e-06
1.639377587707713246e-04
8.793645633886626456e-07
3.238185399823123589e-06
1.133584191848058254e-05
5.114885425427928567e-06
8.084404726105276495e-06
4.453646033653058112e-05
1.508614332124125212e-06
5.990892191221064422e-07
2.291556666023097932e-05
3.515074240567628294e-06
1.133745263359742239e-05
1.850498733801941853e-06
1.008194667520001531e-04
2.930055643446394242e-06
3.735225618584081531e-05
1.441278641323151533e-06
2.427090066703385673e-07
6.883336482133017853e-06
1.019382580125238746e-06
9.418814443051815033e-05
1.653878143770270981e-06
1.140287076850654557e-05
2.058362224488519132e-05
2.758026994342799298e-06
5.803090243716724217e-05
2.905277369791292585e-06
6.381268349286983721e-07
1.186918143503135070e-05
1.124651043937774375e-05
9.479036816628649831e-05
1.774837869561451953e-06
1.619625618332065642e-05
3.410351200727745891e-05
3.848177129839314148e-06
6.407451110135298222e-06
3.162028588121756911e-05
5.641983534587780014e-06
6.606017905141925439e-06
4.875531431025592610e-06
1.824968239816371351e-05
2.368054538237629458e-06
4.270059798727743328e-05
1.284534931755842990e-07
8.913664714782498777e-06
5.834651346958708018e-06
6.813151571805065032e-07
6.354790821205824614e-05
2.082877654174808413e-05
8.392612653551623225e-05
1.071292535925749689e-05
9.406171557202469558e-06
5.474406134453602135e-05
1.139387563853233587e-06
4.032526135233638342e-07
4.432474270288366824e-06
6.029961878084577620e-05
6.943276821402832866e-05
6.823545845691114664e-06
2.068484405981507734e-07
7.083735908963717520e-06
2.277066414535511285e-06
6.601945869988412596e-07
1.020041418087203056e-05
4.922355856251670048e-07
5.711963694920996204e-06
6.485691847046837211e-05
7.968192949192598462e-05
1.573169902258086950e-05
6.497711638075998053e-06
3.278401709394529462e-05
2.865992610168177634e-05
1.294354296987876296e-05
9.048288802659953944e-07
5.949304068053606898e-06
6.732979818480089307e-05
1.278123454540036619e-05
7.300126981135690585e-06
5.128522843733662739e-06
1.013344954117201269e-04
1.077389697456965223e-05
5.769660128862597048e-05
1.926923005157732405e-06
2.500883965694811195e-05
4.142532125115394592e-04
6.635500540141947567e-07
2.788696519928635098e-06
3.689572622533887625e-05
1.565898492117412388e-05
4.655418160837143660e-05
2.025371031777467579e-06
1.633831379876937717e-05
5.440809763967990875e-05
6.167303217807784677e-05
1.644857206883898471e-06
8.165582130459370092e-07
2.926803426817059517e-05
1.990598093470907770e-06
3.790106802625814453e-06
2.121540546795586124e-06
7.033635483821853995e-05
4.189562241663224995e-05
1.043017800839152187e-05
8.605906623415648937e-05
8.338485713466070592e-06
6.850674253655597568e-05
9.843823818300734274e-07
7.317786412386340089e-07
2.495497210475150496e-05
4.096035354450577870e-06
1.606403316145588178e-06
9.653708730184007436e-06
3.950779500883072615e-05
1.092311890715791378e-06
6.560168912983499467e-06
6.983909770497120917e-06
1.027666257868986577e-05
3.155234253426897340e-06
2.539215699925989611e-07
1.087786313291871920e-05
8.077653546934016049e-06
5.491787646860757377e-07
1.260807039216160774e-06
8.573156083002686501e-05
2.581505782472959254e-07
1.279866410186514258e-05
8.133390565490117297e-07
1.515948770247632638e-05
5.765710739069618285e-05
2.640253296704031527e-05
1.174059889308409765e-06
1.105740302591584623e-04
6.663857675448525697e-06
3.186860567438998260e-06
2.905407654907321557e-06
4.569705652102129534e-06
8.479415555484592915e-06
1.497958010077127255e-06
6.692839815514162183e-05
2.185436824220232666e-05
3.363109499332495034e-05
2.677699967534863390e-06
3.036023599634063430e-06
1.092773072741692886e-05
8.301166189994546585e-07
1.393919546899269335e-06
2.162237478842143901e-06
5.957303983450401574e-06
4.753562388941645622e-04
6.597484025405719876e-05
2.880534520954824984e-05
3.142850619042292237e-05
8.882750080374535173e-06
1.829889879445545375e-05
5.176543140805733856e-07
5.314430836733663455e-06
6.126268772277398966e-07
1.283172518014907837e-02
1.871782660600729287e-05
3.357059540576301515e-05
1.456085465179057792e-05
1.286986844206694514e-06
8.161591722455341369e-06
4.674514457292389125e-06
3.571256229406571947e-06
2.771523895717109554e-06
1.998286279558669776e-06
3.097102762694703415e-06
6.414785457309335470e-05
1.338024230790324509e-05
6.348796432575909421e-06
3.208209363947389647e-06
5.161844910617219284e-06
4.396711688059440348e-07
3.943868214264512062e-04
4.185593206784687936e-05
1.309546064476307947e-06
6.709660169690323528e-07
8.178795724234078079e-06
7.856684533180668950e-06
3.283525529695907608e-06
1.314978135269484483e-07
9.452978702029213309e-06
8.530432751285843551e-06
8.632930075691547245e-06
1.579171339471940883e-06
1.795745333765808027e-06
1.729943164718861226e-06
1.591526597621850669e-06
3.552983398549258709e-04
9.932055036188103259e-06
3.756912519747857004e-06
2.705389852053485811e-05
1.654072912060655653e-05
3.638656926341354847e-05
9.356091936751909088e-07
8.750204870011657476e-05
6.443285656132502481e-06
6.591902347281575203e-04
6.070451945561217144e-06
5.910461914027109742e-05
7.822230691090226173e-05
9.968893209588713944e-06
3.628380454756552354e-06
7.584140462313371245e-07
1.212133429362438619e-05
8.702198101673275232e-06
4.535180050879716873e-05
5.601751581707503647e-06
9.640244797992636450e-07
2.528550567149068229e-06
4.984798579243943095e-05
5.079494940218864940e-07
1.200045289806439541e-06
7.992484825081191957e-07
3.347395249875262380e-05
1.878307500646769768e-07
9.617209798307158053e-06
4.708233245764859021e-05
3.860801882638043026e-07
1.940351239682058804e-06
3.811279611909412779e-07
3.560248387657338753e-06
2.260936980746919289e-06
2.113196023856289685e-05
1.411530661243887153e-06
4.471667125471867621e-06
8.577044354751706123e-06
6.187123744894051924e-06
1.244781344666989753e-07
9.796016229302040301e-07
1.482411516917636618e-05
1.578183728270232677e-04
4.625596375262830406e-06
4.500886632285983069e-07
1.075783438864164054e-04
6.830095571785932407e-06
4.225486520681442926e-07
5.729164968215627596e-06
4.651321796700358391e-05
6.697525805066106841e-07
8.986955799628049135e-05
3.773915750571177341e-06
5.959935151622630656e-06
5.911397238378413022e-07
3.701309879033942707e-06
2.531245627324096859e-06
1.727264361761626787e-06
4.921398794976994395e-05
3.713174919539596885e-06
3.418115511522046290e-06
4.823914059670642018e-05
1.695528044365346432e-05
2.317799589945934713e-05
4.393979179440066218e-05
1.224643983732676134e-05
9.530808711133431643e-06
2.117484837071970105e-05
6.696797936456277966e-05
6.588822088815504685e-06
1.942853850778192282e-05
7.442653895850526169e-06
4.327942406234797090e-06
2.014157871599309146e-05
5.056802183389663696e-05
4.619781520887045190e-06
4.828214969165856019e-06
4.041363808937603608e-06
6.145473889773711562e-07
6.354718469083309174e-03
1.139230516855604947e-05
4.338025519246002659e-06
1.544467340863775462e-05
6.036039849277585745e-06
8.953971700975671411e-06
2.159376163035631180e-05
1.053769301506690681e-04
4.329903749749064445e-04
2.724940941334352829e-06
1.624894252927333582e-06
2.465731085976585746e-06
3.156082811983651482e-06
4.125344617023074534e-07
2.843457423296058550e-06
8.064229405135847628e-06
1.087436321540735662e-04
2.058595498510840116e-07
1.056414589584164787e-06
3.690578864734561648e-07
2.253553248010575771e-06
1.119056037168775219e-06
2.641579385453951545e-06
1.510857487119210418e-06
1.304731267737224698e-05
4.563800303003517911e-06
1.123633069255447481e-06
5.381662504078121856e-06
4.399788849696051329e-06
9.909849723044317216e-06
3.705127483044634573e-06
9.786697319213999435e-07
6.524178752442821860e-05
7.935265671221714001e-07
2.100834990415023640e-06
1.936547778313979506e-05
9.841520295594818890e-06
2.279097770951921120e-06
8.980457096186000854e-06
2.073038558592088521e-05
2.843251195372431539e-06
8.530090781277976930e-06
1.172230668089468963e-06
1.059742544384789653e-06
1.021507523546461016e-05
2.800807578751118854e-06
8.460960998490918428e-07
5.866756964678643271e-06
1.075503951142309234e-05
7.263249131028715055e-07
5.608232527265499812e-07
1.341184201919531915e-06
3.756378646357916296e-06
1.260257067769998685e-05
1.872615484899142757e-06
5.653002517647109926e-06
4.698927114077378064e-06
4.152180918026715517e-05
1.365360076306387782e-04
9.421810318599455059e-06
6.414500530809164047e-04
5.654617780237458646e-05
2.029213828791398555e-05
2.476244662830140442e-05
7.986215496202930808e-05
2.547484473325312138e-05
3.343147227496956475e-06
8.518405957147479057e-05
2.921155100921168923e-06
5.785724169982131571e-06
1.456714700907468796e-02
1.121798504755133763e-05
1.089702550416404847e-06
7.635525435034651309e-06
1.769031541698495857e-06
2.110466994054149836e-05
7.765373993606772274e-06
2.520490170354605652e-06
2.336879333597607911e-06
1.747104874993965495e-06
3.090060317845200188e-06
1.426210815225203987e-06
3.761120979106635787e-06
8.768397492531221360e-07
3.085184062001644634e-06
7.350240025516541209e-07
6.231771112652495503e-05
