2.173309803765732795e-05
7.055364403640851378e-05
3.392304480075836182e-01
1.562176048755645752e-01
2.399134933948516846e-01
7.618413120508193970e-02
9.814858436584472656e-02
3.549824214132968336e-06
1.151324340753490105e-06
1.913705744982507895e-07
3.629939328675391153e-06
2.750816975094494410e-06
4.820743924938142300e-06
5.374309239414287731e-06
1.043971406033961102e-05
3.707168389155413024e-06
5.350319952412974089e-06
2.337256773898843676e-06
1.111838082579197362e-05
1.073302769327710848e-06
3.215632204955909401e-06
3.513746196404099464e-05
4.935622928314842284e-05
4.991683090338483453e-05
1.031179635901935399e-06
8.884595104063919280e-07
2.570060587459011003e-06
1.920839395097573288e-06
4.023329438496148214e-06
1.072675968316616490e-05
6.330889391392702237e-06
1.026124118652660400e-05
4.193559107079636306e-06
3.528111381456255913e-03
1.655268133617937565e-03
1.796228957573475782e-06
1.396419338561827317e-05
8.198184673346986528e-07
7.766775524942204356e-06
2.196852983615826815e-05
2.572016273916233331e-05
3.517539653330459259e-06
3.141477691315230913e-06
2.761391215244657360e-06
3.689322056743549183e-06
1.407294462296704296e-06
6.200956704560667276e-05
1.437817900296067819e-06
2.252436615890474059e-06
5.881828656129073352e-06
6.610276614082977176e-05
5.088444140710635111e-06
1.157025963038904592e-06
2.654940317370346747e-06
2.499862603144720197e-06
1.261008856090484187e-05
6.009347544022602960e-07
1.480806076870067045e-06
2.587061862868722528e-05
5.673203304468188435e-06
2.112186166414176114e-06
1.251518256140116137e-06
4.325457609866134590e-07
9.417460660188226029e-07
2.269034484925214201e-05
1.299555762670934200e-03
2.440570369799388573e-06
2.404862698313081637e-06
2.649729594850214198e-06
2.049092836386989802e-05
1.255694314750144258e-06
1.690873250481672585e-05
2.952645672849030234e-06
6.465909336839104071e-06
3.511218892526812851e-06
2.598951505206059664e-05
1.090752903110114858e-06
3.612189402701915242e-06
3.339743125252425671e-05
1.199625148728955537e-05
1.688012616796186194e-06
1.132682155002839863e-05
2.798939476633677259e-06
3.433682707054686034e-07
2.609405783005058765e-06
2.726475258896243758e-06
8.562707876080821734e-07
1.963312115549342707e-06
4.008385531051317230e-06
1.489767510065576062e-05
1.093065634449885692e-06
6.264228318286768626e-07
6.968602519918931648e-06
1.553349306959717069e-06
1.307944512518588454e-05
6.217459258550661616e-07
1.736592025736172218e-06
2.306511305505409837e-06
2.780759359666262753e-06
4.115712727070786059e-06
8.344056368514429778e-06
1.305770297221897636e-06
1.136353716901794542e-06
2.764491000561974943e-05
1.144225848292990122e-06
4.020736469101393595e-06
2.619756287458585575e-06
1.593882916495203972e-03
2.141518416465260088e-05
1.730410876916721463e-04
1.099752898880979046e-05
3.743489651242271066e-05
3.094694402534514666e-04
2.481578667357098311e-05
3.919730716006597504e-06
1.832571069826371968e-05
4.407113920024130493e-06
1.763998297974467278e-04
1.042685835273005068e-05
6.307976491370936856e-06
1.301502265960152727e-06
4.045607056468725204e-06
2.803547658913885243e-06
9.340605174656957388e-06
5.727456937165698037e-06
1.079051708074985072e-05
1.433631678082747385e-05
7.077464488247642294e-06
5.691085789294447750e-06
9.381501513416878879e-06
2.038058937614550814e-06
2.125528681062860414e-06
1.136732680606655777e-05
1.624873107175517362e-06
2.305594307472347282e-06
9.049819595929875504e-07
1.295359083997027483e-06
5.392020739236613736e-06
7.552665692855953239e-07
2.925360149674816057e-06
3.627980504461447708e-06
5.342498297977726907e-06
3.669629450087086298e-06
1.262905516341561452e-05
1.097467884392244741e-05
6.015483450028114021e-05
6.548959936480969191e-05
1.477062935009598732e-03
1.075132517144083977e-03
2.044177241623401642e-02
8.938877843320369720e-03
3.862996436510002241e-06
3.263128007802151842e-07
3.716155333677306771e-06
7.533429311479267199e-07
1.877114641501975711e-06
7.737606324553780723e-07
1.067216544470284134e-06
1.740098355185182299e-06
1.074309352588898037e-06
7.211959882624796592e-07
2.286629069203627296e-06
2.384166691626887769e-06
8.924022267819964327e-07
7.304959126486210153e-07
6.471273081842809916e-07
9.586503892933251336e-07
3.302845925645669922e-07
9.912654377330909483e-07
7.062836857585352845e-07
7.150692340474051889e-07
4.489161710807820782e-06
4.127346983295865357e-06
2.501477183614042588e-06
8.760084142522828188e-07
5.323581149241363164e-07
4.754655833494325634e-07
6.203026146067713853e-07
1.507457727711880580e-05
4.721298410004237667e-06
2.167151251342147589e-06
2.712416289796237834e-06
8.288748176710214466e-07
3.028052105946699157e-06
2.724990963542950340e-06
5.870384939044015482e-06
2.373499455643468536e-06
2.615090807012165897e-06
3.949102392653003335e-06
5.621966920443810523e-06
1.105548108171205968e-05
3.516147899063071236e-06
9.414281976205529645e-07
1.063434979187150020e-06
8.717140076441864949e-07
5.054472694610012695e-06
2.309355068064178340e-06
5.725722189708903898e-07
7.411197771034494508e-07
8.215453817683737725e-06
8.737964094507333357e-07
1.735800537971954327e-06
3.899671355611644685e-06
7.464233203791081905e-05
3.378039536983123980e-06
8.531732760275190230e-07
6.500319500446494203e-07
1.475898329772462603e-06
1.930368625835399143e-06
6.060828127374406904e-06
1.415702172380406410e-06
1.235823447132133879e-06
1.632077555768773891e-06
1.522684442534227856e-06
6.267126195780292619e-07
1.066066943167243153e-06
8.144305638779769652e-07
1.520971977697627153e-06
9.195252914651064202e-07
5.868657808605348691e-07
4.074668140674475580e-07
1.562787588227365632e-06
1.630596443646936677e-06
8.468024134344886988e-06
1.507493038843676914e-06
1.234465344168711454e-06
8.184646276276907884e-07
1.526046958133520093e-06
1.578309024807822425e-06
3.870574801112525165e-06
5.338192181625345256e-07
7.387664027191931382e-07
1.193437469737546053e-06
1.137190679401101079e-06
7.549662086603348143e-07
1.997595063585322350e-06
4.384819021652219817e-06
5.098168003314640373e-06
8.619115874353155959e-07
9.735928188092657365e-07
1.024727112053369638e-06
1.153126390818215441e-06
2.484911647115950473e-06
7.266826287377625704e-07
3.153551801915455144e-07
1.406404135195771232e-05
2.276661234645871446e-06
6.318575174191209953e-07
4.342562988313147798e-06
3.754338649741839617e-06
9.089967534237075597e-06
1.546058683743467554e-06
4.492671337175124791e-07
2.236099589936202392e-06
3.892774657288100570e-06
2.467899378189031268e-07
9.031402896653162315e-07
1.772179530235007405e-06
7.132361588446656242e-06
2.336806574021466076e-06
1.682941160652262624e-06
8.245802973760874011e-07
2.807626060530310497e-07
1.547265242152207065e-06
2.049300746875815094e-06
3.652577106549870223e-06
2.454023160680662841e-06
2.070276195809128694e-06
1.876618853202671744e-06
6.662569830950815231e-06
1.113279085984686390e-05
8.132857374221202917e-07
2.546667474234709516e-06
6.447879059123806655e-06
1.021462480821355712e-06
3.320038217680121306e-07
1.079984940588474274e-06
3.029658273590030149e-06
8.110635576485947240e-07
1.912113293656148016e-05
1.890361772893811576e-06
3.758816774279694073e-06
3.658939476736122742e-06
2.939724026873591356e-06
1.326285746472422034e-05
5.890843567613046616e-06
1.749789407767821103e-05
3.213391210010740906e-06
1.362806756333156954e-06
2.985462288052076474e-06
3.305705831735394895e-06
1.462170189370226581e-06
2.549539885876583867e-06
2.908586793637368828e-07
8.721834092284552753e-06
6.552604645548854023e-06
1.863141311332583427e-03
3.432417315707425587e-06
3.825196472462266684e-06
1.499805307503265794e-06
8.689682431395340245e-07
2.034015415119938552e-05
9.042961437444319017e-07
1.272235863325477112e-06
5.411947313405107707e-06
1.550196998323372100e-06
5.057920134277082980e-06
3.470821411610813811e-06
3.316424772492609918e-05
4.223628820909652859e-06
1.066242984961718321e-04
3.397647788005997427e-06
2.209734475400182419e-06
1.881557636806974187e-06
1.423095000063767657e-05
1.389920998917659745e-05
6.171620498207630590e-06
3.339200247864937410e-06
9.419881280336994678e-06
5.943408268649363890e-06
3.890741027134936303e-06
2.372021981500438415e-06
2.390696636211941950e-06
2.950655471067875624e-06
9.555338692734949291e-06
2.635694272612454370e-06
9.502259672444779426e-06
1.529520523035898805e-04
1.578443880134727806e-05
3.978225868195295334e-05
1.862538852037687320e-06
5.475141279021045193e-06
4.379231995699228719e-06
1.383121707476675510e-05
2.460488531141891144e-06
1.276098828384419903e-06
7.258092864503851160e-07
9.732219950819853693e-06
1.242803705281403381e-06
4.281404812900291290e-07
2.030225687121856026e-06
3.370030526639311574e-06
7.374584356512059458e-07
1.046502802637405694e-06
4.433699723449535668e-05
1.414706048308289610e-06
1.068740175469429232e-06
1.671149220783263445e-06
4.554466613626573235e-06
5.417157808551564813e-06
8.529467777407262474e-06
1.109695631384965964e-06
1.137920776272949297e-06
1.182471919491945300e-06
2.914052629421348684e-06
2.435009264445398003e-06
8.752372195885982364e-06
7.037907835183432326e-06
3.175923666276503354e-06
3.311034561193082482e-06
5.766630783909931779e-05
2.464640601829160005e-06
3.534315737852011807e-06
3.519875235724612139e-06
3.549153689164086245e-06
2.568592890384024940e-06
2.437730245219427161e-06
2.773915184661746025e-06
7.469260481229866855e-07
1.003274519462138414e-06
6.976984536777308676e-07
2.123481266380622401e-07
3.671789272630121559e-06
4.099686520930845290e-06
5.348355898604495451e-06
2.524156570871127769e-06
2.994798705913126469e-06
1.568012635289051104e-06
2.601735104690305889e-06
2.742154947554809041e-06
1.846048689913004637e-06
8.924167218538059387e-07
1.912838115458725952e-06
2.320798330401885323e-06
1.677182808634825051e-06
1.317915689469373319e-06
2.675605173863004893e-06
4.660643071474623866e-07
2.841847617673920467e-06
6.853514933027327061e-04
2.131444925907999277e-04
7.900525815784931183e-04
2.517413522582501173e-04
7.813427509972825646e-05
5.810008151456713676e-04
1.460979983676224947e-04
7.502342923544347286e-04
2.012900775298476219e-03
2.080084414046723396e-06
1.660298585193231702e-05
4.484694272832712159e-06
3.380331008884240873e-06
5.302662430040072650e-06
2.785155811579898000e-05
7.072606422298122197e-06
6.714674236718565226e-05
6.028876100572233554e-07
1.324877985098282807e-06
5.002961643185699359e-06
6.467016646638512611e-05
1.053140636031457689e-06
1.497081598245131318e-06
1.294716366828652099e-05
5.106605840410338715e-06
9.658328963269013911e-07
6.647099439760495443e-07
1.846038230723934248e-06
4.114046896575018764e-05
4.140522833040449768e-06
1.884119228634517640e-05
4.086991793883498758e-06
1.191663886856986210e-05
1.234576575370738283e-05
1.212837332786875777e-06
2.552500745878205635e-06
1.884255652839783579e-05
5.323710865923203528e-06
1.530227564217057079e-05
1.774090492290270049e-06
1.466845696995733306e-05
7.388192102553148288e-07
3.022934720320336055e-07
2.278929059684742242e-06
7.151108729885891080e-05
2.451597310937358998e-06
2.163006320188287646e-05
1.117860620070132427e-06
1.578003575559705496e-04
2.175682129745837301e-05
3.836692030745325610e-07
1.351978880848037079e-05
4.122343398194061592e-06
1.545291524962522089e-05
1.084921450456022285e-06
6.733302484462910797e-07
2.540020614105742425e-05
4.343923865235410631e-05
1.406577302986988798e-05
8.885963325155898929e-06
5.280014192976523191e-06
1.179390164907090366e-05
9.939505616785027087e-06
1.027290750243992079e-06
1.430596171303477604e-06
2.364201009186217561e-06
4.827175871469080448e-06
2.853324303941917606e-06
1.826039442676119506e-05
2.078995521515025757e-06
4.942737632518401369e-06
7.071092841215431690e-05
1.988594158319756389e-05
2.431066241115331650e-05
2.665698775672353804e-05
1.626041807867295574e-06
4.176186394033720717e-06
4.075342530995840207e-06
1.060352360582328402e-06
4.602114586305106059e-06
6.287723408604506403e-06
1.619036083866376430e-05
7.615892172907479107e-06
1.217397948494181037e-05
1.242256985278800130e-05
4.765962330566253513e-06
8.410101145273074508e-06
5.189915555092738941e-07
6.555076765835110564e-07
7.548262146883644164e-06
1.335909928457112983e-06
4.129778608330525458e-05
2.721947112149791792e-06
3.766738245758460835e-07
1.437448463548207656e-05
5.975402746116742492e-05
1.253320647265354637e-06
6.314783604466356337e-06
2.671999482117826119e-06
1.645683914830442518e-05
4.874579644820187241e-06
1.115390091399603989e-06
1.182320829684613273e-06
5.117257842357503250e-06
3.595059183680859860e-07
9.999069334298837930e-06
4.993378297513118014e-07
1.772252289811149240e-06
2.558704909461084753e-05
1.124011123465606943e-05
3.634085260273423046e-06
6.153260528662940487e-06
1.008675280900206417e-05
6.049673402230837382e-07
5.394592335505876690e-06
1.030763769449549727e-06
1.146499562310054898e-05
9.990090802602935582e-06
9.059287549462169409e-06
4.413060651131672785e-06
2.892145687383163022e-07
1.912468724185600877e-05
8.758872240832715761e-07
4.342666670709149912e-06
1.410504955856595188e-05
1.277065507565566804e-06
9.049479558598250151e-06
1.192978857034177054e-06
1.159567273134598508e-05
4.913631528324913234e-06
2.929153652075910941e-06
8.078869200289773289e-07
3.018088591488776729e-06
1.408302750860457309e-06
1.311399228143272921e-05
8.238513146352488548e-06
5.867941945325583220e-05
1.517730538580508437e-06
4.287748652131995186e-06
5.422258709586458281e-06
2.168031869587139226e-06
2.068489266093820333e-05
1.927984158101025969e-06
3.693322696562972851e-07
1.270814067311221152e-07
3.309907697257585824e-06
5.427285145742644090e-07
1.031972078635590151e-05
2.442985305606271140e-06
2.336420038773212582e-05
1.436391244169499259e-06
3.068472869927063584e-05
2.683342700038338080e-06
4.320347670727642253e-06
6.199972176545998082e-06
3.577658844733377919e-06
2.720793600019533187e-05
1.077070555766113102e-05
5.972701160317228641e-07
9.433002219338959549e-07
8.212363900383934379e-05
3.305483460280811414e-07
1.042506369230977725e-06
7.572914455522550270e-06
5.613207576971035451e-06
1.495321612310362980e-05
8.283375336759490892e-07
1.058347038451756816e-06
1.076154221664182842e-04
4.489504135563038290e-06
2.522683871575281955e-06
1.994800413740449585e-06
3.404170456633437425e-06
2.201210918428841978e-05
4.335594439908163622e-06
1.449430016009500832e-07
1.329243104919441976e-06
9.817188583838287741e-06
3.874622507282765582e-06
3.055077513636206277e-06
1.968177002709126100e-06
1.525782954558962956e-05
1.207591230922844261e-05
4.040066414745524526e-06
7.965990675984357949e-07
3.672131060739047825e-05
9.483568987889157142e-07
1.974739461729768664e-05
6.584213679161621258e-06
4.636011453840183094e-06
1.051714434652240016e-06
1.760838358677574433e-06
3.415294713704497553e-06
6.018179306011006702e-07
6.343363565974868834e-06
1.504307647337554954e-06
3.909535280399722978e-06
3.040596538994577713e-06
9.658187082095537335e-06
3.083943738602101803e-06
6.143444807094056159e-06
6.181241474223497789e-07
1.642182155592308845e-06
7.998213504833984189e-07
7.749045494165329728e-07
1.146989916378515773e-06
1.395409640281286556e-06
1.752703792590182275e-05
2.418120857328176498e-06
1.412522851751418784e-05
2.085564574372256175e-06
5.408276774687692523e-05
2.828010792654822581e-06
1.221394200001668651e-06
4.204220545034331735e-07
1.074174724635668099e-05
3.273009497206658125e-06
2.085691085085272789e-05
6.147636213427176699e-06
1.093276296160183847e-06
3.122677526334882714e-06
1.661202986724674702e-05
4.959206762578105554e-06
4.373857791506452486e-07
4.601903583534294739e-06
8.237503266173007432e-07
2.614714276205631904e-06
3.662509698187932372e-05
1.033797434502048418e-05
4.556495696306228638e-06
9.654218047217000276e-06
1.145916940004099160e-05
1.316360453529341612e-06
5.156611223355866969e-06
6.360603947541676462e-06
5.724439233745215461e-07
9.828522706811781973e-06
9.841776773100718856e-06
1.466653316128940787e-06
4.902783621218986809e-05
2.624122089400771074e-06
1.305172645515995100e-06
3.713006208272418007e-06
6.612871402467135340e-06
6.371586096065584570e-06
8.568752605242480058e-07
2.575900680312770419e-06
2.632890755194239318e-06
1.040149345499230549e-05
1.734133547870442271e-05
1.817680640670005232e-05
9.065151971299201250e-07
4.082951818418223411e-06
4.334069217293290421e-06
1.859111216617748141e-05
2.697224226722028106e-05
3.751129895590565866e-07
6.556668267876375467e-06
3.010507953149499372e-06
3.748864401131868362e-06
1.648993929848074913e-05
1.215910469909431413e-05
3.558855894425505539e-07
4.764199275086866692e-06
7.669083061045967042e-06
2.856986611732281744e-06
2.675441919564036652e-06
1.529024757473962381e-06
8.475331560475751758e-05
1.038901586980500724e-06
7.698577974224463105e-06
1.989609927477431484e-06
3.262748009547067340e-07
1.962364876817446202e-06
7.255251603055512533e-06
4.217702371533960104e-05
1.772328346305585001e-06
3.602961896831402555e-06
1.243439874087926000e-05
4.040547992190113291e-06
3.878337793139507994e-06
2.110357854689937085e-06
9.212088230015069712e-07
1.244794839294627309e-05
2.289762733198585920e-06
1.370055451843654737e-05
5.170126087250537239e-07
1.654443281040585134e-06
6.912410754011943936e-05
3.086026481469161808e-06
3.283000523879309185e-06
2.102348844346124679e-06
6.239482445380417630e-06
1.516495831310749054e-05
6.290692454058444127e-06
1.413991958543192595e-05
3.188232312822947279e-06
4.342575721238972619e-06
8.760659966355888173e-07
3.866461156576406211e-06
5.789989927507122047e-07
4.091095888725249097e-07
3.936455323128029704e-05
4.655470092984614894e-06
1.766096465871669352e-05
1.752367643348407000e-05
1.664928640821017325e-05
1.950054866028949618e-05
6.043802613930893131e-07
2.050299826805712655e-06
6.754832611477468163e-06
1.063537001755321398e-05
9.091740503208711743e-05
6.514953838632209226e-07
6.389313966792542487e-07
7.623318197147455066e-06
2.802069502649828792e-06
1.825533558985625859e-06
7.794609700795263052e-06
1.196085463561757933e-06
7.664202144042064901e-07
1.132631405198480934e-05
1.011258518701652065e-05
1.340023027296410874e-05
4.383919986139517277e-06
2.902457708842121065e-05
7.955434739415068179e-06
2.679861063370481133e-05
4.858208626501436811e-07
1.366340620734263211e-05
9.055233385879546404e-05
9.409645826963242143e-06
7.097255092958221212e-06
1.374950807075947523e-05
4.180703035672195256e-05
2.598661558295134455e-05
2.140025753760710359e-05
1.293059654017270077e-06
1.647175486141350120e-05
4.193292988929897547e-05
7.522381224589480553e-07
1.180563231173437089e-06
8.517486094206105918e-06
1.970462562894681469e-06
1.579564195708371699e-05
8.282608519039058592e-07
2.816595952026546001e-06
1.800524332793429494e-04
3.685649062390439212e-05
4.950197762809693813e-07
4.471798433769436087e-07
1.714895006443839520e-05
1.374898943140578922e-06
2.482320496710599400e-06
1.427055394742637873e-05
5.103770308778621256e-05
1.456540030631003901e-05
3.498870910334517248e-06
1.488919497205642983e-05
6.897074626976973377e-07
2.112586116709280759e-05
1.559805014039739035e-06
1.082459675671998411e-06
2.412688081676606089e-05
1.310111747443443164e-05
1.580550360813504085e-06
1.405934835929656401e-05
2.994314672832842916e-05
7.267761930052074604e-07
9.118411071540322155e-06
3.438308112890808843e-06
8.680906830704770982e-06
1.440063101654232014e-06
7.173889002842770424e-07
8.118339792417827994e-06
6.002042937325313687e-06
7.543703759438358247e-07
4.967497488905792125e-07
1.673368387855589390e-05
8.926031114242505282e-07
6.757010396540863439e-06
7.616475841132341884e-07
1.666637945163529366e-05
2.136950388376135379e-05
1.435459398635430261e-05
9.956482927009346895e-07
8.409756446781102568e-06
1.258003521797945723e-05
3.471722038739244454e-06
1.259310010937042534e-06
1.823176035031792708e-06
1.631026498216670007e-05
3.742391754713025875e-06
2.544401468185242265e-05
9.784031863091513515e-05
2.029415554716251791e-05
2.168581886508036405e-06
1.810273715818766505e-06
1.978115324163809419e-05
7.564415227534482256e-07
1.777119905455037951e-06
4.916666398457891773e-07
1.060967952071223408e-05
5.448812953545711935e-05
7.994061888894066215e-06
1.367902495985617861e-05
3.962047412642277777e-05
4.194599114271113649e-06
4.853311565966578200e-06
4.361574212907726178e-07
3.156649654556531459e-06
8.444511081506789196e-07
1.566959661431610584e-03
1.223738399858120829e-05
6.453920832427684218e-06
3.576055405574152246e-06
6.117667908256407827e-06
3.489896471364772879e-06
2.774243284875410609e-06
3.232176368328509852e-06
1.720365162327652797e-06
7.388367748717428185e-07
6.104653948568738997e-06
4.067295594722963870e-05
2.984358161484124139e-06
1.850311491580214351e-05
2.296084630870609544e-06
4.830995976590202190e-07
3.795368854753178312e-07
2.042896667262539268e-04
3.646985351224429905e-05
2.599314484541537240e-06
2.032501924986718222e-06
6.287291853368515149e-06
4.303951300244079903e-06
1.564779950058436953e-06
1.125299831983284093e-06
8.259982678282540292e-06
2.495141870895167813e-06
9.420034984941594303e-06
1.210017217090353370e-06
3.311293539809412323e-06
1.774373117768845987e-06
2.953220246126875281e-06
4.983291146345436573e-04
4.438336327439174056e-05
2.883939487219322473e-06
1.334769513050559908e-05
5.465964477480156347e-06
8.735010851523838937e-06
3.066953013330930844e-06
6.745890459569636732e-06
3.124663271591998637e-05
4.784385237144306302e-05
1.498178562542307191e-06
1.665104064159095287e-04
8.358340710401535034e-05
3.913474301953101531e-06
3.934212600142927840e-06
5.748115654569119215e-07
1.014894041873048991e-05
1.327929840044816956e-05
3.981577174272388220e-05
2.553705053287558258e-05
3.713937758220708929e-06
1.681127059782738797e-06
5.069930921308696270e-06
3.201695051302522188e-07
4.897507324130856432e-07
4.448830623005051166e-06
1.241950212715892121e-05
4.538040911938878708e-07
6.004973784001776949e-06
6.832618964836001396e-06
3.595547696022549644e-06
7.011676643742248416e-07
3.382383226835372625e-07
3.133396148768952116e-06
1.925398919411236420e-06
3.147628149235970341e-06
1.927014454849995673e-05
1.655527626098773908e-06
6.036415925336768851e-06
3.325166744616581127e-06
5.861112413185765035e-07
4.975182150701584760e-07
1.214996973430970684e-05
3.076762732234783471e-05
5.230074293649522588e-06
4.934864819006179459e-07
5.829388828715309501e-05
4.936015557177597657e-06
9.733626029628794640e-07
2.426529590593418106e-06
7.440094577759737149e-06
3.660234369817771949e-06
3.344224387547001243e-05
6.472720542660681531e-06
5.626778602163540199e-06
2.673493327165488154e-06
3.222352233933634125e-06
2.605665940791368484e-06
8.670436386637447868e-07
1.593460328876972198e-04
1.189738441098597832e-06
2.907190491896471940e-06
1.265957689611241221e-04
1.155733025370864198e-05
5.049389528721803799e-06
5.639857408823445439e-05
6.684564596071140841e-06
1.689633609203156084e-05
5.011925168219022453e-06
1.572161090734880418e-05
2.205637201768695377e-06
6.113224117143545300e-06
1.547268948343116790e-05
6.352292984956875443e-06
9.737826985656283796e-06
1.486000983277335763e-04
3.153348870910122059e-06
1.718046860332833603e-06
6.736575414834078401e-06
1.149918716691900045e-06
8.422699756920337677e-03
3.707196356117492542e-06
2.370755510128219612e-06
6.465650585596449673e-06
4.275425453670322895e-06
1.293538161917240359e-06
2.211483115388546139e-05
1.067008925019763410e-04
3.973425555159337819e-05
3.886136710207210854e-07
5.461402565742901061e-07
1.610382582839520182e-06
3.791132883179670898e-07
2.167406449871123186e-07
1.407901208949624561e-06
2.036737896560225636e-06
9.421759386896155775e-06
3.096776879374374403e-07
9.324829761681030504e-07
5.768225150859507266e-07
3.177370047069416614e-07
7.356399009950109757e-07
1.360294163532671519e-06
1.584980509505840018e-06
7.778702638461254537e-06
3.280058763266424648e-06
5.912864367019210476e-07
1.445857833459740505e-06
7.708042630838463083e-07
1.305471414525527507e-06
3.439810370764462277e-06
3.465853524176054634e-06
8.332351171702612191e-06
1.194183141706162132e-06
1.478663989473716356e-06
2.273871723446063697e-05
2.613443029986228794e-06
4.187084869045065716e-06
9.373157809022814035e-06
8.845380762068089098e-06
4.304111826058942825e-06
8.272863851743750274e-06
8.042791819207195658e-07
1.560391297061869409e-06
7.449587428709492087e-06
5.969971425656694919e-06
4.405850688726786757e-07
4.378807432203757344e-07
5.365910055843414739e-06
4.305854304220702033e-07
1.126588358602020890e-06
1.631117470424214844e-06
4.339077349868603051e-06
4.815561169380089268e-06
1.059681153492419980e-06
6.401650352927390486e-06
1.506971102571696974e-06
6.075877900002524257e-05
4.903504159301519394e-04
4.582055044011212885e-05
1.069555408321321011e-03
8.259332389570772648e-05
2.811621561704669148e-05
1.119963926612399518e-04
1.187776288134045899e-04
4.369909947854466736e-05
4.307031304051633924e-06
7.599592936458066106e-05
6.329730695142643526e-06
5.244839030638104305e-06
2.034237794578075409e-02
9.437811968382447958e-06
2.770895662251859903e-06
2.734219151534489356e-06
3.310684178359224461e-06
8.174018148565664887e-06
1.996698074435698800e-06
2.298406570844235830e-06
3.803483423325815238e-06
9.331848787041963078e-07
4.089905871751398081e-07
7.460887445631669834e-07
5.172687451704405248e-06
7.694852115491812583e-07
3.122713224001927301e-06
1.318504018854582682e-06
1.966900163097307086e-05
