3.183063017786480486e-05
3.518502353472285904e-06
2.286647395521868020e-05
1.763508771546185017e-04
3.794456642935983837e-05
6.873692274093627930e-01
2.358405888080596924e-01
5.597031460524704016e-08
1.636065860566304764e-07
9.351325269690846653e-10
2.864464043739189947e-08
2.501004736643608339e-08
2.731242609854689363e-08
3.307729556922822667e-08
2.061285471199880703e-07
2.784245722864397976e-08
1.335753108122617050e-08
1.868581449571138364e-07
5.677445713558881835e-08
1.954612471877226199e-09
2.564366923252237029e-07
3.403306664040428586e-06
9.992251648327510338e-08
1.005243355223228718e-08
2.832508414485346293e-07
3.038985729730825369e-09
1.432944518597878414e-08
7.228849963070160811e-09
1.222706291770236930e-08
1.766890456167402590e-08
3.402892616577446461e-07
6.749705794284466265e-10
3.376483093120441481e-08
2.831421734299510717e-04
5.827607237733900547e-04
5.322514198269345798e-07
5.778628747066250071e-06
3.068700493713549804e-07
2.265908349841083691e-08
4.073532977599825244e-07
4.673881903727306053e-08
1.378049887534871232e-07
2.693708545109529950e-08
6.883664838142067310e-08
1.870316879148958833e-08
1.514570868721420993e-08
4.942953779618619592e-08
2.003211108103641891e-08
3.824488103987278009e-08
1.545932377666758839e-07
1.297544940825900994e-06
1.268561788947408786e-07
1.301496355132769622e-09
6.917616479640287253e-10
4.882841864173315116e-08
8.669062800947813230e-09
4.294846256414075469e-09
6.650361372706470320e-10
1.272916620109754149e-06
1.913668778996679976e-09
1.470982713414059617e-08
6.841133215473860218e-10
3.788157343365128327e-09
2.772952001350859064e-08
2.431325141216689190e-09
1.137793242378393188e-05
6.713283262627101067e-09
3.246308466486880207e-08
1.328172150039108601e-08
1.954567920847694040e-07
1.516426095804490615e-07
3.952102201054685793e-09
2.697089884762249312e-09
1.215551392874658632e-08
1.058184384561400293e-08
1.519863879195781919e-08
3.856134578317238493e-10
5.459599883295140899e-09
1.887331535499470192e-08
1.212730804667216944e-08
7.764515430608298630e-08
5.568177812165231444e-07
2.582179831733810715e-06
3.894913334079319611e-06
6.956547053960093763e-07
1.302860164287267253e-05
1.656062863730767276e-06
5.196715058275458432e-09
2.482587824204074423e-08
2.396025777784416277e-08
1.192959420137640336e-08
8.916020988181116991e-08
4.120399239582184236e-07
1.254390724625409348e-08
1.156903999799396843e-05
5.859843721367496983e-09
1.917688008390427967e-09
5.093106665299274027e-07
1.191627916341531090e-06
1.285496011860232102e-07
4.551315324619054081e-09
1.534023930105377076e-08
6.451611511693045031e-08
4.902301498077576980e-07
3.317104146915994534e-09
2.517654307254701962e-09
3.203446397037623683e-10
9.101838077185675502e-05
3.775385494009242393e-06
3.618246701080352068e-04
1.642035567783750594e-05
7.884994879248097277e-09
1.415016449755057693e-04
1.329605729551985860e-04
4.751013875647913665e-06
1.984475238714367151e-05
7.689671974731027149e-07
5.794362514279782772e-04
1.424861011400935240e-06
1.638000321690924466e-05
2.175546853777632350e-07
2.112337824655696750e-07
1.643037307985650841e-06
1.478078775107860565e-04
4.989469744032248855e-05
3.067472061957232654e-05
4.834813807974569499e-06
3.300568929276437302e-09
1.629621415588644595e-08
1.704452415651758201e-06
1.191322240856607095e-08
2.505768748051195871e-07
3.869288036639773054e-07
1.225293726747622713e-05
8.223130976148240734e-07
3.877690232911845669e-06
3.096438305760784715e-08
5.797180335775919957e-08
4.908616801913012750e-07
5.886521421416546218e-07
9.858111297944560647e-06
4.828254895983263850e-05
4.500128125073388219e-05
7.198099449823303075e-09
2.663576310624193866e-07
7.470399054909648839e-07
1.853820776887005195e-07
6.517715519294142723e-06
6.581874458788661286e-07
9.544777276460081339e-05
3.847796506306622177e-06
1.400407967366845696e-07
2.325053344298666502e-10
1.759374335108532250e-08
6.400229679570657026e-09
5.141427550370281097e-08
8.738037848843305255e-09
1.243148517460213043e-08
3.848619645197004502e-09
2.528951270619472780e-08
2.287371181353137217e-09
5.056216778598354722e-08
3.511174639925229712e-08
4.665524855340663635e-09
2.447256797211139201e-08
1.839841390349761241e-09
3.628514377851388417e-09
8.365384496222816324e-10
3.681736515659395081e-08
3.238698476071277810e-10
3.714694940537555112e-10
2.858634928770698025e-08
7.633337517631844094e-09
2.824531941669761181e-09
9.431111003266323678e-09
1.902024315825201484e-09
2.477222649233112861e-09
7.326680373509475430e-10
8.280922259018552722e-08
4.448259538492038700e-09
2.525026632227422851e-09
2.695521583717663816e-09
1.219220102655071969e-08
3.600215237042903027e-09
2.706571855526362924e-09
6.974787858382569539e-09
5.737019304064006064e-09
1.917959657760093251e-08
1.603624455448482422e-09
9.200873840597978415e-09
2.638740781435444660e-09
1.408738992125790901e-08
9.921022225967135455e-09
2.963989409465739300e-08
4.789474594701914612e-09
3.395022041274842195e-09
4.920253537932239851e-09
1.370117908017220998e-09
5.191038709995154932e-09
1.855507036907511065e-08
2.290623690726079076e-09
8.909581517002607143e-09
8.539855045341937512e-09
6.705877098056589602e-08
2.581113633937093255e-08
2.709145618950969947e-08
5.947083714374912233e-09
9.723758154223105521e-08
1.126499569181760307e-07
1.352669265486383665e-08
2.929580666943820688e-08
2.061005233144896920e-08
6.186690271192674118e-09
1.289936069071018210e-08
7.604652019210789149e-09
1.822066764134433470e-08
1.210369049431392341e-08
2.223937700662759198e-09
6.869981472590325211e-09
9.035467485318804393e-09
1.829102980188679339e-09
2.249364428053013398e-08
3.708466866925164140e-09
2.634598139650279336e-08
1.106672309347800365e-09
3.505627077515782730e-08
9.487524099682786982e-10
8.366983550445183937e-09
2.341672633576763474e-09
9.968987857433830868e-10
1.173291064304748943e-08
3.153217686957532351e-09
2.285897027221039934e-09
1.403733351779123950e-09
1.043172570547312716e-08
2.608746108023751731e-08
5.867605068488046527e-09
6.780098260605882388e-08
4.056309066413632536e-09
2.727774006672234464e-09
7.296309778581644423e-09
2.413656385868989673e-09
3.179907226424916189e-09
1.074696598379887291e-08
1.216290512751072583e-09
7.834056070521455695e-09
2.636034279746013453e-09
2.420068589970014727e-09
4.361132344143925366e-09
3.970865591895744728e-08
3.875663878716295585e-08
1.387994164048222956e-08
3.071918275310281388e-09
7.470974949796982401e-09
1.154673601178046738e-08
3.026866535194017160e-09
6.122023776811147400e-09
2.562238954340045893e-08
3.524164071677660104e-08
6.825030141044408083e-08
1.274091054881409946e-08
1.579395814133022213e-08
1.636510593705509109e-09
6.042261446737029473e-08
1.031215912661309630e-08
2.652168973327206913e-08
1.966966323152519180e-08
2.835224499619926064e-09
1.237390634400981071e-08
5.901861666046670507e-09
3.675735271713165275e-09
4.070243697640307801e-09
4.131804587359511061e-08
1.211212108387371700e-08
2.421809419672626973e-09
3.998753411726951867e-11
1.664651971822195264e-09
1.084477485591150980e-08
9.559387947888353665e-09
1.035826713291498891e-08
2.922279804806748871e-07
2.253623287984396484e-09
4.045337842484286739e-09
8.782663485362718347e-10
1.688041173508736392e-08
4.044566459526777180e-09
1.247640391000004456e-08
1.270230587380183351e-08
3.518750446573903901e-08
4.206694104169628190e-09
7.273456503753550351e-08
6.411626229940736721e-10
2.738209881059106010e-09
3.746204768617644731e-08
5.968928462607436813e-08
5.059059837719814823e-09
3.347012409449234838e-07
1.856517856113626408e-10
2.114340347247889440e-08
5.496221255896216462e-09
3.697671218105824664e-07
1.004547556249235640e-08
2.776369569801317994e-07
9.133318457088535069e-08
2.196312181013126974e-07
9.861260963361928589e-08
2.555810851845308207e-08
7.393978194158989936e-07
8.293611131193756592e-07
1.257570403367935796e-07
4.439609995188220637e-07
2.189747192460345104e-07
1.185640485346084461e-06
3.599152620381573797e-08
2.555808350734878331e-06
4.058091107594918867e-08
4.888731552910030587e-08
1.952116406300774543e-07
5.908166258450364694e-06
1.548561158415395766e-06
1.124531010532336950e-07
2.199531650148855988e-07
2.227386175945866853e-06
3.710922840127750533e-07
2.574484483375272248e-07
5.359733563636837061e-07
3.565382939996197820e-06
8.547202014597132802e-06
2.929201291408389807e-04
1.078170134860556573e-05
5.241643208364621387e-08
4.780101647838819190e-09
2.776215701771889144e-09
1.544330552327721762e-09
3.881095551605540095e-07
1.067979371605076722e-09
4.594919111866602179e-09
9.287220592568701250e-08
1.322630116540324252e-09
7.161900517083097384e-10
7.929906331582969869e-08
1.558862017247975018e-08
8.531128692368383781e-09
4.843011325306179060e-09
2.244939196316408925e-06
8.196502143675843399e-09
3.597677178390767949e-08
1.844845387566351747e-09
8.664462480822976431e-10
6.083909487308858388e-10
1.086820966555990253e-09
5.069617614594790211e-09
1.044841280162245312e-08
1.295829754610622331e-08
3.873178666680132665e-09
1.606765831496659303e-09
2.609348292992308416e-08
1.983985775666496920e-08
5.844985828673543438e-09
6.211568148728474625e-09
1.956451427531646914e-07
1.049644482442602111e-09
1.248459291502967972e-08
4.038428869534982368e-06
1.813309147280506295e-08
2.840290669325895578e-09
1.364369450751468094e-10
8.129156375824564407e-11
4.913515080917640887e-11
1.895999884871102381e-10
1.009030969889579410e-09
1.231729163109207548e-09
7.929361611758167783e-10
1.201407417994460047e-09
3.281378779806942703e-10
3.680707960640461351e-10
2.029987955509682251e-09
7.080366293266138200e-10
8.418380992303298171e-10
7.159838832926368468e-10
1.795426252115817078e-09
1.745955047205427491e-09
9.933272870910059282e-09
2.143317745506578831e-09
9.303379733260896955e-10
1.300380425561797892e-08
2.422126215151365614e-07
5.418277493340895035e-10
2.667651655130498511e-09
1.025923527777194977e-03
3.014391986653208733e-04
7.039522461127489805e-05
6.993251736275851727e-05
2.448307441227370873e-06
4.512625673669390380e-05
1.089807701646350324e-04
9.056436829268932343e-04
4.723663255572319031e-02
2.499934925737079539e-09
2.127515763561405038e-08
1.751244704806254049e-09
7.334037821493666343e-09
3.924339964100909128e-09
1.199185106770528364e-08
1.305856134337091135e-08
3.132315384846151574e-07
5.934333024981697235e-10
4.035003886571075782e-09
1.346278200031747474e-08
4.025671795915286566e-09
1.633199131489959655e-09
1.003743719252270239e-07
2.026959577960951719e-08
6.727884471757761276e-09
6.517506978553910812e-09
9.207153928159073075e-10
2.001471349766248409e-10
1.399134390567269293e-07
2.422228528864422969e-10
3.405257231747782498e-08
1.839943197801119368e-09
1.878091993035013729e-08
1.343525179997584473e-09
5.504631750419264336e-10
3.171401197210599321e-10
1.325197018786639092e-07
1.124627502235853171e-09
8.138473006624735717e-09
9.607943241007887991e-08
6.252863116174012248e-09
4.036066147961037132e-09
2.927724951362620232e-09
1.836041207958771793e-09
5.868786274731974117e-07
1.959514506211235130e-08
1.097558222085126545e-08
5.522459822770997562e-09
1.037985910556926683e-07
1.802777305215386150e-08
5.519339985049498409e-10
3.709612839131182227e-09
6.215351788796397159e-08
4.309403056623750672e-09
2.651636465955675703e-09
1.788853065676221377e-09
3.903970196006412152e-07
3.438509033060199727e-09
3.138075399533590826e-08
4.084140581284145810e-09
3.483426951333967736e-07
3.168468820646808126e-10
2.404238585995699395e-08
2.140070449740960612e-07
2.040617008702838575e-09
7.141113256281528265e-10
2.361132622752393218e-09
2.032888488656681147e-07
1.904302280308911577e-07
2.882889926780762835e-09
3.011802363062088261e-08
5.941758018934706342e-08
2.179580782524226379e-08
3.369297374433699588e-08
3.151897942643699935e-07
4.189183222536030371e-09
1.542504457496818304e-10
1.600635846088493963e-09
4.665969832728933397e-09
2.039375779361307650e-09
6.362525795111650950e-08
1.033939689421004005e-08
8.692589759107249847e-09
1.917616998525772942e-07
3.704627937750615274e-09
9.335665573928508820e-09
8.162740705586202239e-09
6.293124243939018925e-09
7.250259420610305483e-11
4.546387266657347936e-09
1.432777119170225433e-09
3.583268437523656758e-08
2.797210907345970554e-09
1.149531492217192863e-08
2.955707500973403512e-08
2.354952130190213211e-06
3.001163983995525086e-09
1.442951647057100217e-09
1.315051623151930471e-08
1.716717434874226456e-09
3.780657564789180469e-09
6.168948374352112296e-08
7.313054051216738571e-10
2.238078167238199967e-09
1.091540968722881644e-09
5.357477306233704439e-08
3.005712567727414353e-09
2.809814381166120256e-09
1.029072205227521408e-08
3.325992370406538612e-09
9.559825819849265827e-09
2.921614894457746914e-10
1.510854730213395669e-08
8.754819980083539122e-09
6.412987474391229625e-09
7.529696866015456180e-10
2.791051656458876096e-08
1.540697880386687757e-08
4.897471317377721789e-10
2.682510746865318652e-08
6.226000270892484423e-10
4.478199144841710222e-09
6.873651425820526129e-09
2.305327734264395190e-10
1.240076374919851787e-09
4.078887627656513359e-08
5.944178610661765561e-06
1.046093522916180518e-08
2.743376192881896714e-08
4.017655541588283086e-09
5.316874718275244049e-10
1.791355730418331405e-09
6.067387925412504046e-09
1.343374655959905795e-08
1.520397319154653815e-08
1.040327113344119425e-08
7.634284315827244427e-09
2.034116874938263209e-08
7.275149016550130909e-08
3.101074952382987249e-10
5.604068320508304168e-09
1.223466927768868118e-08
1.857796555482238432e-10
3.513350277373206154e-09
1.034271068789394121e-08
2.364422657663567406e-09
2.136860244306149070e-09
5.900029620420355059e-08
9.758421626315794128e-09
2.663215923348616343e-07
1.007813921205524821e-08
1.084013803165362333e-07
7.604433527319542918e-09
4.361240701911128781e-09
1.926316745004541531e-10
6.910593697284639347e-08
4.852475967709324323e-07
2.267965371061109181e-09
8.219182556779003335e-10
5.735640851156631470e-09
1.450158464422202087e-07
1.311286523808519178e-09
4.691615429486262201e-10
3.662007230786912260e-08
8.893838443491119961e-10
4.235713291222964472e-08
1.444912633985495631e-09
3.079235000313929049e-08
5.264472292765276507e-06
1.057523957292971772e-09
1.167319929606946971e-08
1.698652746240369993e-10
5.499048993939936736e-10
3.558600951691914815e-07
3.987994823262397404e-09
2.947914135020823778e-09
3.170209927905176528e-10
2.860265801984951395e-08
7.271622415316869592e-09
1.961858453469744745e-09
1.285134332285053915e-09
4.750090987215571658e-09
5.421471604982741610e-10
9.071615636457863729e-08
2.490510297992187816e-10
1.012491637197854288e-07
2.122546760574550717e-08
1.874395216816537868e-08
3.343490391216619173e-07
2.921467334715543984e-08
6.268530139408312607e-09
2.635930229644145584e-08
8.007271290466633218e-09
3.516762658861694035e-09
3.738541975994991162e-10
8.963431241681973916e-08
2.667234211273239453e-09
1.875814170659850788e-09
6.385959538945940039e-10
3.827312156090556527e-08
4.507334505632343280e-09
6.884528502837383712e-09
2.331182713533053175e-07
8.888021429953596453e-10
2.527917652983546759e-09
5.125432855912492869e-10
2.842079016573961781e-09
8.921519523141796526e-09
4.340086345866467354e-10
1.380761815994446806e-08
6.105386773924692534e-08
8.041659071977846907e-08
3.145662219594669295e-08
4.735490666263331150e-09
6.606692415367376725e-10
1.065743671091468059e-08
2.171500534942083505e-09
1.744374777956636535e-08
9.611268447784482305e-10
8.527257122636910935e-09
1.901564594675164699e-08
5.118079293708888144e-09
4.064807157533323334e-08
9.574861792316369247e-09
1.115820214003804267e-09
1.534851463702580077e-07
3.400522363694591377e-10
1.810160354942524918e-09
4.033033906836180904e-09
2.150177635940053733e-08
2.809758257171779405e-07
5.835765293227268558e-08
7.705763138687871106e-09
9.592240335365431747e-10
2.261188125629587375e-09
2.153150574502049608e-10
5.220797127947207628e-09
4.232319383845606353e-09
3.092854194974847815e-09
7.723516546320752241e-07
5.677753822652675808e-10
4.309378187627999068e-09
5.748279630068964252e-09
2.492084316685350132e-09
1.597400101083223944e-09
3.690746597229122017e-10
7.390473566459832000e-09
5.389811708056413408e-09
4.619515436843357747e-09
5.779135335615137592e-06
6.287543328653555363e-06
6.681374120631744518e-09
2.146841815431344003e-08
7.078532870963272217e-09
3.039393092763020832e-08
5.750429021844638555e-09
9.229806252619709994e-09
3.157425965127913514e-08
1.759018708469284320e-08
1.327457255229091970e-09
1.920632186624970927e-08
1.639789815044423449e-07
2.571668744622002123e-08
6.354457848800620923e-09
1.155893603055346830e-09
5.856781726265580801e-09
1.767382507011916459e-08
2.001874221946309262e-08
2.992619485553404957e-08
2.208147797944093327e-08
1.985610964538864209e-07
8.266127338174555916e-08
5.436953109949627105e-10
4.416109700144943417e-09
2.081225636274552926e-09
4.316461570397223113e-07
1.878804001265166335e-09
6.067280011734510481e-10
9.414159762854978908e-08
5.850755613323599391e-08
3.018410410504657193e-08
4.084662386105719634e-09
6.139665997828558375e-10
5.455540303955785930e-07
4.046364132648250234e-09
2.117085386998951435e-07
4.079062920769871425e-10
1.054656095789141546e-08
9.900039898980139697e-09
2.398932830161015772e-09
6.146608910739814746e-08
1.768002189095341237e-09
1.730460041926562553e-08
1.473434174670273933e-08
2.449341840460306230e-10
3.278471050194298186e-09
6.745998759605242867e-10
2.866987980354451793e-09
1.034104329944440792e-10
1.184066356074708892e-08
2.420396327806884074e-09
2.131890752821163915e-08
8.725231204209649150e-09
3.132752723900011915e-08
8.581296810916683171e-07
4.197241594283696031e-07
5.649763989978850987e-10
9.876087503357666719e-09
9.302373094044469326e-09
7.951613589796124870e-09
6.174403210934542585e-10
5.958906967862276360e-08
5.566595859818335157e-07
8.620433811223904286e-10
1.782259562155275034e-09
5.273214642720347456e-10
2.309479052442497959e-09
2.543619928019325016e-07
2.580158842135915620e-08
9.152980040560976249e-10
1.012530681521184306e-08
1.762070267474769025e-09
2.490227934970334900e-08
1.071793853668623342e-08
9.582572069177786034e-09
7.978594673829775274e-09
2.770466078771960383e-09
1.323356855209567584e-07
1.069081934090831965e-09
1.755648554535582662e-06
5.601923191989044426e-08
1.264647414567221517e-10
3.479847805465396959e-07
2.165953416621846372e-09
4.251282007317058742e-06
1.535468754809699021e-06
2.508941747692006174e-07
1.045081382544665871e-10
1.071335645974613726e-05
6.655453148596279789e-07
9.228661390636716533e-09
6.225317861208168324e-08
1.538426330771613948e-10
8.854873501107363154e-10
5.753209961767424829e-07
5.425641047551721385e-10
8.089742209449468646e-08
2.319508807246961624e-09
1.114925751721784764e-07
7.534872281667048810e-09
2.088832579127952727e-10
3.215551558355400630e-08
1.517346781554351764e-08
2.443458990697422450e-09
6.332288582377998409e-10
2.473711013806223491e-08
2.524541642401345598e-08
1.235337665494995463e-10
1.139778382786005295e-09
7.302630944394650214e-09
5.352005700842710212e-07
1.270069938108520091e-09
1.361832757673653305e-09
3.017454730525059858e-08
2.651857622382181034e-10
2.700605818972690031e-07
3.871936769428430125e-06
1.823449613524985580e-09
1.701222274164138071e-08
3.512030525598675013e-05
2.200939430707649080e-09
5.599570140901732884e-09
1.852960807013914746e-08
1.357771850507560885e-08
1.725498854909801594e-09
6.446602807130830115e-09
3.323931352383624471e-09
3.104711865375975322e-08
1.251818315672892368e-09
8.596285461237584968e-09
3.331689413244021125e-08
8.098769654907300719e-09
8.305051091284099130e-10
4.007944909290017677e-08
8.961815178842869045e-10
4.371661788127312320e-08
9.529942417429992929e-07
1.164299767708598665e-09
1.129264504129423585e-08
7.353115005770405332e-09
3.567547590677122571e-09
3.055224055970029440e-07
1.658738568721673801e-08
1.986313691304530948e-07
1.181575060016371026e-09
1.216168321604982339e-08
1.420301765087117474e-09
3.463554776317323558e-09
6.342969527395325713e-08
1.154844775363983445e-09
7.994636064267979236e-09
1.006574912310043146e-08
1.757456971063220408e-07
2.296867194218066288e-07
2.046013065637453110e-07
9.527532540687388973e-09
2.531085669943422545e-07
2.158662937290500849e-08
4.268030906473541108e-08
3.961906358540545625e-09
1.786395564806753100e-08
1.697128326760832806e-09
9.012830560095608234e-06
3.523370750713183952e-08
4.283784882375130110e-09
1.675245941967773433e-09
3.411548821219412275e-09
1.454561697755707428e-07
6.027748895576223731e-07
4.592735876940423623e-06
2.512973296120435407e-08
1.490429446526775337e-09
2.456829184538378286e-09
7.563756732054116583e-09
3.376612056626981939e-08
8.871969612300745212e-07
5.637885536202702497e-08
4.111339713119832595e-09
7.349718611493472054e-10
3.773004095819487702e-07
7.025661830084573012e-08
1.671717902995695226e-10
1.741664448218216421e-07
9.323560590246415813e-08
6.897484805534759289e-10
4.505420392320047540e-08
2.342923632880911100e-09
4.217988736066047295e-10
9.259764510716195218e-09
1.569993628436350264e-06
2.053822889536149887e-09
6.616630021660796501e-10
2.130641663100618644e-09
1.785809544685434958e-08
4.071700345775752794e-07
8.993623623609892093e-08
1.164026670608109271e-07
3.514499837820039829e-07
1.066913597469465458e-07
5.231704847119544866e-08
5.349949372401852088e-09
2.359769801785205345e-08
1.664195536932311370e-08
2.662867757408093894e-07
1.189964820014211000e-07
2.248804614746191533e-10
1.387526253893156536e-07
7.432107196336801280e-08
1.662706861083051990e-09
5.956029003328922045e-09
5.709241435170042678e-08
5.847930140134849353e-09
8.954366137459146557e-08
8.813864305068364047e-09
5.123258972616895335e-08
3.388667402237643955e-10
5.907994022891216446e-07
9.368213982341444535e-10
3.529710690397536155e-10
2.081130379139040087e-09
9.669765432818167028e-09
1.054359446972519265e-10
5.348102405378085678e-09
6.152638576395474956e-08
2.755183858837995103e-09
7.853651062816879858e-10
1.728360371489046088e-10
3.818123150978181002e-09
1.345138667119272213e-08
5.218907972448505461e-08
1.467748500516563581e-08
2.585558078749272681e-08
7.992562700565031264e-07
6.569729293914861046e-08
1.501238855450282017e-10
3.791162661581637394e-10
5.302102756843396492e-09
6.350050796299910871e-08
3.273767035238961398e-08
2.188368097844062277e-10
1.967064017662778497e-04
1.411667449602305169e-09
2.628777751034760968e-10
3.222793976132010130e-10
2.630872053543953371e-08
1.090725065822084616e-09
5.141729264579453229e-09
1.601674881612780155e-08
2.592415837554540303e-09
1.982127573185721303e-09
5.787124557343759079e-09
4.291316635374187172e-09
1.047596454029076085e-09
1.528696280672647845e-08
1.184924869335191033e-08
2.434592083488951175e-09
1.295793197186867474e-07
1.772357594020945726e-09
2.697815526531144315e-09
2.452189846735564061e-07
5.560905691481821123e-08
5.137817726819093878e-09
2.605432980473665339e-09
8.909543658397467425e-10
3.873564935474860249e-08
1.076140137001857511e-07
1.358181123123358702e-08
4.108839046779166893e-09
3.800598502579077831e-09
1.858497427065231022e-07
3.801484638188412646e-08
6.394970775147612585e-09
2.092742867887409375e-08
3.013394334061558766e-08
7.176690360211068764e-06
1.318555398199805495e-08
1.797187394458887866e-07
2.356746193754588603e-07
2.363683027084562127e-09
5.311619588610483333e-08
4.370984019175239155e-09
2.861728098935145681e-08
2.464458646045386558e-07
1.707169849929357497e-09
1.615795675036224566e-08
6.230639826299011474e-08
5.395787816553365701e-09
1.502932889252406312e-09
4.824756150156872536e-09
1.118021408785807580e-08
9.803512668327130086e-09
4.097631567390180862e-09
8.774229343089245958e-09
4.201808900816672576e-10
4.658858188122394495e-08
1.059399568070773512e-09
4.939294306893771136e-09
4.942310116717862911e-09
3.935217662842660502e-08
1.513845937495261751e-08
1.959447359922705800e-08
6.777121530632257418e-09
6.402962049456561999e-10
5.531670677072497710e-10
2.951869415568353361e-09
1.879511124514010589e-08
2.404259014099352498e-10
2.257934568206110271e-07
1.035192781273508444e-06
2.036566471019796154e-08
6.355224968501715921e-08
3.272044324376111035e-08
4.528544295112624241e-08
2.454460634737642977e-08
8.857695377173513407e-08
5.346215470325432761e-09
7.955053860086991335e-08
1.628108492468527402e-08
1.273432737036728213e-08
8.886957836296005553e-09
3.665150183351784108e-09
2.449870972753842580e-09
1.449198983038968436e-09
7.239612909160086929e-09
4.774197481793862607e-09
3.753777289006166029e-09
5.578941753014987626e-09
1.193931442600160153e-08
2.217474204257996462e-09
5.425294347105591442e-08
2.304163970734407485e-09
1.819392814184084273e-08
6.773897212042356841e-07
1.576320052265600680e-08
2.302575297653675079e-02
7.349483244212251520e-09
2.278691908941254951e-06
8.176211849786341190e-07
5.403465911513194442e-05
4.119564437132794410e-06
8.272613705173625931e-09
3.309874045953620225e-07
2.976241475494134647e-09
2.180616220925912785e-08
2.175253466702997684e-04
6.712864575320054428e-08
1.931189430592894496e-08
2.653428765597709571e-08
2.745119154212716239e-08
1.402176685871836526e-08
1.219877754365938927e-09
2.478352190138366495e-09
2.471334248355105956e-08
9.586814258000231348e-07
8.899051273658642458e-09
8.028150233485575882e-08
5.160533760317775887e-07
8.465769951726542786e-08
2.303920325630315347e-07
1.102739144442921315e-08
1.150595352328309673e-08
