1.991653698496520519e-05
1.548049040138721466e-04
1.344687538221478462e-03
1.050001941621303558e-02
2.003995142877101898e-02
2.302289158105850220e-01
4.722305834293365479e-01
9.287302418670151383e-06
1.714812356112815905e-06
2.609046418911020737e-07
1.001347527562757023e-06
2.873481150800216710e-07
1.461646093048329931e-06
1.462736577195755672e-06
1.930065081978682429e-06
8.842853844726050738e-07
7.099296226442675106e-07
6.994980026320263278e-07
5.560705176321789622e-06
2.008469124348266632e-07
5.940991627539915498e-07
3.559061269697849639e-06
1.370655445498414338e-05
6.921953627170296386e-06
4.609597112903429661e-07
1.872001917035959195e-06
3.617219135776394978e-06
2.698393700484302826e-06
1.607407511983183213e-06
1.220826652570394799e-05
1.902141889331687707e-06
9.744047702042735182e-07
4.600719421432586387e-06
5.785514600574970245e-03
7.552522583864629269e-04
1.271835117222508416e-05
5.682081246050074697e-05
3.812326440311153419e-06
1.415333099430426955e-05
1.457606572330405470e-06
1.396633138028846588e-06
1.482377456341055222e-06
4.991898094885982573e-07
1.134875560637738090e-06
6.860221333226945717e-07
6.424824732675915584e-06
3.814541287283645943e-06
1.048845774676010478e-06
5.055998713032749947e-07
3.426455350563628599e-06
1.135144611907890067e-05
2.394984448983450420e-06
1.089319425773283001e-06
8.595991971560579259e-07
1.476720740356540773e-06
1.301075485571345780e-06
2.542165589147771243e-07
4.766469317019073060e-07
1.638878893572837114e-05
2.736910289513616590e-07
7.902356742306437809e-07
1.331452637032271014e-07
2.398425635874446016e-07
9.336104085377883166e-07
1.507973252046213020e-06
6.101991515606641769e-03
2.159250243494170718e-06
1.517619239166378975e-06
2.083849039991036989e-06
2.266048431920353323e-05
6.323102752503473312e-07
1.335224169451976195e-05
7.386198603853699751e-07
2.460744553900440224e-06
1.012017378343443852e-06
3.069341983064077795e-05
1.576033469063986558e-06
2.518162773412768729e-06
2.429504093015566468e-05
6.380069407896371558e-06
2.141419372492237017e-06
1.270279312848288100e-06
1.556267420710355509e-06
1.285986172661068849e-06
8.423646704613929614e-07
2.402043492111261003e-06
6.111804395914077759e-07
1.656112686987398774e-07
2.841357627403340302e-06
1.420088892700732686e-06
5.962162390460434835e-07
2.391206237462029094e-07
1.686797645561455283e-06
8.827535111777251586e-07
1.031479769153520465e-06
1.029096452498379222e-07
1.458045858271361794e-06
5.308321533448179252e-07
5.402462193160317838e-07
8.155318482749862596e-07
2.674618144737905823e-06
3.369712658241041936e-06
2.070432174150482751e-06
6.623096396651817486e-06
3.583554359920526622e-07
4.778248126058315393e-07
3.148961695842444897e-06
1.104803173802793026e-03
1.793404953787103295e-04
6.821105722337961197e-03
9.736412321217358112e-04
2.923852844105567783e-05
4.103702493011951447e-03
6.046144335414282978e-05
1.704809619695879519e-05
2.492349129170179367e-03
8.371775038540363312e-05
5.145213217474520206e-04
4.176267975708469748e-05
4.281315341359004378e-05
6.610463515244191512e-06
3.847890548058785498e-05
2.156736445613205433e-05
6.100249011069536209e-04
6.424698949558660388e-05
2.647322835400700569e-04
7.026055391179397702e-05
7.462226108145841863e-07
1.773851863617892377e-06
1.929015979840187356e-06
7.490653501918131951e-07
5.724286893382668495e-07
1.532431952000479214e-06
1.014073177429963835e-06
7.057288939904537983e-07
2.575027622242487269e-07
2.898109698890038999e-07
4.714916030934546143e-07
3.658170157905260567e-07
7.286013783414091449e-07
6.028802204127714504e-07
2.260610898474624264e-07
9.373172247251204681e-07
1.067412995325867087e-06
1.252097490578307770e-06
7.693708175793290138e-05
4.585091119224671274e-06
7.148103031795471907e-05
3.007827908731997013e-04
5.842118058353662491e-03
2.375797368586063385e-03
4.658072612073738128e-06
1.175164214828328113e-07
9.429189731235965155e-07
5.336532922228798270e-07
8.137155305121268611e-07
6.132174803497036919e-07
3.931768901566101704e-07
4.159073796472512186e-07
9.982505844163824804e-07
2.376492744815550395e-07
1.136129526457807515e-06
1.492764795330003835e-06
1.877655449789017439e-06
5.867505592505040113e-07
7.435054953930375632e-07
4.556697774660278810e-07
2.274106094546368695e-07
1.080147740140091628e-06
7.329854412319036783e-08
1.688325852455818676e-07
1.239358425664249808e-06
6.190504109326866455e-07
5.681809511770552490e-07
5.489815180226287339e-07
5.477698437061917502e-07
1.129000324340267980e-07
9.828616498452902306e-08
4.755978352477541193e-06
2.506279543013079092e-06
1.075170530384639278e-06
6.631574933635420166e-07
1.168579956356552429e-06
5.720726221625227481e-06
1.359030079584044870e-06
1.636151182538014837e-06
2.284833044541301206e-06
1.579870740897604264e-06
1.352499339191126637e-06
3.931055289285723120e-06
5.390895239543169737e-06
1.214392432302702218e-05
1.510074412180983927e-06
1.540153107271180488e-06
4.453850692698324565e-07
4.790145339939044788e-06
1.274288138120027725e-06
2.784076514217304066e-06
7.479931696252606343e-07
4.833296043216250837e-05
3.319753716368722962e-07
3.866841325361747295e-06
3.295158649052609690e-06
1.500172402302268893e-05
1.668467575655085966e-06
1.514156906523567159e-06
1.815725454434868880e-06
1.822859871936088894e-06
3.840626050077844411e-06
3.703793481690809131e-06
9.917722536556539126e-07
1.851491560955764726e-06
5.196780534788558725e-07
2.215068207078729756e-06
2.905214614656870253e-06
7.627510854035790544e-07
3.685409808440454071e-07
1.707426690700231120e-06
3.710098326337174512e-07
1.023766117214108817e-06
1.000242150439589750e-06
4.974615876562893391e-06
6.262096121645299718e-07
2.099547054967842996e-05
4.021308086521457881e-06
3.223074600100517273e-06
1.746224256748973858e-06
1.750841647663037293e-06
1.075440195563714951e-06
9.888398153634625487e-07
3.268235673203889746e-07
4.685265366788371466e-07
4.514093916441197507e-07
1.090417572413571179e-05
1.631702502891130280e-06
3.447629978836630471e-06
6.680321348540019244e-06
1.154187702923081815e-05
1.119818648476211820e-06
8.895939345165970735e-07
8.536795803593122400e-07
7.549950851171161048e-07
1.668559889367315918e-06
2.525042873458005488e-06
5.689612407877575606e-07
8.494011126458644867e-06
2.887993787226150744e-06
8.261127959485747851e-07
7.599694527016254142e-07
1.254296421393519267e-06
1.616238478163722903e-06
8.718420190234610345e-07
1.682897845967090689e-06
7.700842843405553140e-07
4.201729552733013406e-06
4.424740325248421868e-07
2.760427605608128943e-06
6.994139312155311927e-07
2.129369477188447490e-06
1.482648826822696719e-06
4.400641955726314336e-06
7.165096462813380640e-07
2.938197667390340939e-07
9.059301078195858281e-07
1.246576289304357488e-06
3.273003358117421158e-06
2.430497261229902506e-06
8.799286206340184435e-07
8.623185294709401205e-07
1.006862135000119451e-06
3.072764457101584412e-06
2.922642750036175130e-07
1.310558559453056660e-06
2.728163508436409757e-06
4.908654887003649492e-07
2.134386107854879810e-07
1.522061779724026565e-06
1.279951675314805470e-06
4.848678827329422347e-07
3.732864115590928122e-06
9.516139130028022919e-07
1.487211648054653779e-06
3.513459660098305903e-06
2.705390613755298546e-07
4.064630047651007771e-06
2.310500804014736786e-06
8.185596016119234264e-06
1.995002094190567732e-06
2.584010644568479620e-06
3.282628085798933171e-06
9.009240784507710487e-06
6.535464649459754582e-07
2.957388687718776055e-06
1.115470013246522285e-06
2.289336043759249151e-05
2.528046388761140406e-05
5.655676941387355328e-04
6.989049325056839734e-06
1.614086613699328154e-06
1.017868385133624543e-06
1.203695205731492024e-06
4.868108590017072856e-06
6.205746103660203516e-06
1.248110720553086139e-06
3.879263203998561949e-06
5.747182058257749304e-06
3.791995595747721381e-06
1.641407038732722867e-06
8.837926543492358178e-06
2.933758423750987276e-06
3.187857146258465946e-05
2.694271870495867915e-06
2.436626573398825713e-06
9.082944529836822767e-07
1.032767249853350222e-04
3.049718543479684740e-06
2.614871618789038621e-06
5.249383320915512741e-06
4.304703452362446114e-06
1.997721028601517901e-06
5.810423999719205312e-07
3.291116627224255353e-06
1.099382302527374122e-06
1.997139861487085000e-06
1.176337718789000064e-06
1.733934254843916278e-06
1.712034531919925939e-06
9.852788643911480904e-04
6.364539149217307568e-04
4.550440236926078796e-03
1.257568783330498263e-06
9.080623044610547367e-07
5.924763968323532026e-07
2.123520971508696675e-06
3.976247626269469038e-06
3.339443992445012555e-07
4.402289164318062831e-07
5.417111879069125280e-06
5.267860387903056107e-07
5.056731424701865762e-07
4.722704034065827727e-06
5.754465291829546914e-06
1.986000597753445618e-06
1.054902782016142737e-06
5.522851279238238931e-05
3.032048880413640290e-06
1.245270368599449284e-06
4.622533197107259184e-06
3.536458166308875661e-07
7.613484740431886166e-07
2.140296373909222893e-06
1.517487589808297344e-06
6.426819822991092224e-07
1.016305759549140930e-06
1.319417265222000424e-06
6.199998665579187218e-07
3.663423058242187835e-06
4.399353656481252983e-06
1.550021238472254481e-06
2.138427589670754969e-06
1.137721756094833836e-05
2.424517333565745503e-06
2.695358944038162008e-06
4.213418833387549967e-06
1.509900243945594411e-06
5.064064680482260883e-06
4.173857178102480248e-06
1.826388825065805577e-06
6.631808560086938087e-07
1.972687186935218051e-06
4.917848173136007972e-07
2.052162955124003929e-07
2.784065827654558234e-06
1.274334408662980422e-06
1.311791493208147585e-06
1.331444423158245627e-06
7.875625556152954232e-07
1.404962517881358508e-06
1.073146336239005905e-06
1.963741169674904086e-06
5.486068062054982875e-07
6.813939990024664439e-07
5.186576004234666470e-07
4.946267040395468939e-07
5.508254616870544851e-07
1.276248667636536993e-06
1.960731879080412909e-06
7.129386858650832437e-07
1.064128537109354511e-05
1.967155403690412641e-04
1.560257631354033947e-03
4.773448163177818060e-04
3.768364712595939636e-02
7.886373787187039852e-04
2.097631804645061493e-04
3.954626154154539108e-04
1.574522256851196289e-02
4.515584092587232590e-03
1.716356194947366021e-07
5.169724317966029048e-06
6.238161859073443338e-06
9.469994779465196189e-07
2.687466121642501093e-06
2.979097416755394079e-06
8.833304150357434992e-07
1.309824529016623273e-05
1.119653120440489147e-06
1.178852130578889046e-06
4.975645424565300345e-06
1.375008559989510104e-05
6.113052108958072495e-07
6.470659627666464075e-06
1.808221531973686069e-05
9.223529559676535428e-06
2.552559408286469989e-06
7.926592502371931914e-07
8.686674846103414893e-07
1.561215321999043226e-05
6.838776016593328677e-07
1.266156868950929493e-05
3.761983634831267409e-06
2.283785079271183349e-06
2.226891638201777823e-06
7.027248329904978164e-07
9.788268471311312169e-07
4.945571618009125814e-06
3.365906650287797675e-06
3.846989784506149590e-06
5.660335773427505046e-06
1.819511226130998693e-06
3.855913064398919232e-07
1.596521599367406452e-07
1.844873054324125405e-06
2.815599727910012007e-04
1.347490524494787678e-05
2.382751881668809801e-05
3.679239739540207665e-07
2.934641270257998258e-05
4.351651114120613784e-06
1.396610514348139986e-06
1.731928932713344693e-05
4.453993369679665193e-06
3.836789346678415313e-06
2.036011437667184509e-06
3.663197389869310427e-07
1.188931200886145234e-04
4.653703854273771867e-06
4.361851097200997174e-06
4.878882009506924078e-06
2.983402055178885348e-06
2.008269120779004879e-06
1.726433310977881774e-06
1.500175926594238263e-06
1.389226582659830456e-07
1.338478455181757454e-06
4.868869837082456797e-06
2.579559122750652023e-06
1.221250568050891161e-05
3.736978214874397963e-06
8.752431313041597605e-06
5.363281161407940090e-06
2.144645441148895770e-05
3.653662497526966035e-05
3.246856067562475801e-05
9.640183407100266777e-07
3.713364321811241098e-06
3.384061528777237982e-07
2.112748234139871784e-06
2.910553121182601899e-06
3.994354301539715379e-06
1.798007178877014667e-05
4.745747901324648410e-06
6.558638233400415629e-06
2.713301228141062893e-06
6.541822131111985072e-06
4.953605639457236975e-06
1.998338348130346276e-06
4.421264350185083458e-07
1.848389956649043597e-06
1.858547449273828533e-07
1.083814549929229543e-05
2.463531700414023362e-06
2.831715164575143717e-07
7.949959581310395151e-06
1.135059574153274298e-04
2.392666260675468948e-07
4.465272468223702163e-06
4.750294010591460392e-06
6.760568794561550021e-06
2.231753796877455898e-06
2.393299610048416071e-06
2.015900463447906077e-06
6.416071869352890644e-07
1.113527474672082462e-07
1.993473233596887439e-06
1.050949904879416863e-07
7.591997473355149850e-06
5.508724825631361455e-06
1.447860086045693606e-06
5.240689461061265320e-06
6.322545232251286507e-06
4.881902441411511973e-06
5.435801426756370347e-07
6.507042940029350575e-07
7.736079510323179420e-07
1.523282298876438290e-05
1.568099492033070419e-06
1.114648966904496774e-06
2.503897576389135793e-06
1.016090038774564164e-07
5.247541139397071674e-06
5.611176447928301059e-07
4.779975029123306740e-07
4.365571385278599337e-06
2.765030558293801732e-06
1.425605478289071470e-05
3.403217760933330283e-07
9.239253813575487584e-06
4.431047273101285100e-06
4.266275368536298629e-07
2.255866604627954075e-07
8.009289444999012630e-07
7.434303483933035750e-07
3.564061216820846312e-06
2.833722464856691658e-05
2.779751866910373792e-06
9.168864778530405601e-08
4.549810910248197615e-07
6.103131795498484280e-07
3.356111392349703237e-06
7.777161044941749424e-06
2.761499217740492895e-06
9.754678131912442041e-08
3.984585532634810079e-07
4.741303314403921831e-07
2.465667137130367337e-07
3.990303412138018757e-06
2.074810481644817628e-06
6.395780474122148007e-06
1.500525831943377852e-05
3.021805423486512154e-05
1.778437194843718316e-06
2.470507752150297165e-06
1.187331122309842613e-06
4.775020443048560992e-06
2.313040567969437689e-06
1.269521817448548973e-05
6.748275040990847629e-07
1.925875352526418283e-07
6.177848263178020716e-05
2.305406496816431172e-07
7.867953399909310974e-07
7.871109119150787592e-06
1.529371047581662424e-07
2.479696831869659945e-06
7.912967134870996233e-07
3.362085863045649603e-06
2.789012614812236279e-05
2.746025757005554624e-06
9.144445698439085390e-07
9.972457064577611163e-07
2.573744950495893136e-06
8.624564543424639851e-06
2.567092224126099609e-06
1.003232839025258727e-07
3.188977643731050193e-06
4.455081125342985615e-06
5.612678251054603606e-06
8.842841452860739082e-06
4.313098543207161129e-06
2.796824992401525378e-05
1.731602651489083655e-06
5.208693210079218261e-07
7.988410857251437847e-07
1.609321043360978365e-05
2.081156026179087348e-06
3.591238782973960042e-05
4.802907369594322518e-06
4.776819878316018730e-06
3.897832243637822103e-07
1.176039290839980822e-06
8.966557061285129748e-07
1.482324307744420366e-07
1.375435431327787228e-06
1.883406980596191715e-06
1.580113462296139915e-06
8.299440196424257010e-06
1.161049453912710305e-06
2.272316578455502167e-06
2.680774741747882217e-06
3.736117264452332165e-07
2.711983324843458831e-05
4.659497108150389977e-07
4.122203733913920587e-07
6.333452802209649235e-07
4.157406237936811522e-06
1.610082472325302660e-05
2.069966512863175012e-06
6.353847084028529935e-07
1.035980585584184155e-05
3.576122617232613266e-05
6.188442057464271784e-06
1.816215672079124488e-06
5.435262551145569887e-07
1.049682396114803851e-06
1.245335624844301492e-06
4.041496595164062455e-06
6.994022896833484992e-06
2.839797161868773401e-06
4.833740604226477444e-06
1.154995970864547417e-05
8.366240763280075043e-06
1.572864505305915372e-07
5.718852094105386641e-07
6.916579309290682431e-07
3.558182243068586104e-06
1.630286988074658439e-06
3.260488711021025665e-06
2.008751835091970861e-06
2.701509401958901435e-06
2.402311565674608573e-06
2.327212541786138900e-06
2.258257154608145356e-06
1.022498508973512799e-06
3.704715467733876721e-08
7.986899618117604405e-06
9.892619345919229090e-06
8.812377814138017129e-07
1.070571852324064821e-05
1.692679461484658532e-06
1.287528675675275736e-06
1.505458726569486316e-06
3.892611402989132330e-06
1.501142037341196556e-06
6.256765914258721750e-07
1.982437424885574728e-06
7.033225301711354405e-06
6.525080152641749009e-06
5.522177161765284836e-05
2.298316103406250477e-04
3.937486326321959496e-06
1.899783342196315061e-06
1.035806235449854285e-06
8.913047167879994959e-06
9.871763722912874073e-06
2.685594324702833546e-07
8.631171112938318402e-06
1.483988512518408243e-06
3.417929121951601701e-07
2.105438034050166607e-05
9.943298209691420197e-06
1.310665282971967827e-07
2.436266186123248190e-06
3.250590907555306330e-06
9.348256639896135312e-07
8.507809070579241961e-06
7.231382141981157474e-07
1.489987043896690011e-04
4.397080374474171549e-06
9.107791811402421445e-06
1.541449250908044633e-06
9.899942199353972683e-08
1.380560661345953122e-06
5.514190888789016753e-06
3.579505118977976963e-06
3.514384616210008971e-06
2.281551587657304481e-06
1.785691711120307446e-05
3.120067276540794410e-06
2.005585656661423855e-06
3.108599912593490444e-06
6.581574325537076220e-07
2.023032038778183050e-06
3.834965411897428567e-07
7.636226655449718237e-06
4.918899207950744312e-07
4.874161277257371694e-06
1.178004185931058601e-05
2.627212097650044598e-06
7.084035587467951700e-06
9.715032547319424339e-07
6.270140033848292660e-07
1.028232327371370047e-05
2.442410050207399763e-06
4.886891474598087370e-06
1.425175241820397787e-06
3.851578640023944899e-06
9.487507668382022530e-08
3.313065917609492317e-06
2.393482191109796986e-06
6.600255346711492166e-07
9.316700925410259515e-06
6.982286777201807126e-06
1.802746010071132332e-05
1.629924190638121217e-05
7.711010766797699034e-06
1.139438427344430238e-05
1.889999452941992786e-06
2.524616775190224871e-06
2.689335360628319904e-06
1.319444345426745713e-05
1.940462061611469835e-05
1.389487124470178969e-06
1.640093501009687316e-07
3.405530833333614282e-06
5.339032895790296607e-07
6.102450811340531800e-07
1.477798377891303971e-06
1.555572168854268966e-07
1.062228989212599117e-06
2.684138735276064835e-06
6.304650469246553257e-06
4.149559572397265583e-06
6.701956181132118218e-07
1.719737883831840008e-05
2.390625013504177332e-05
1.597613663761876523e-05
1.477135498362258659e-07
5.347178102965699509e-06
6.489706265710992739e-06
8.813403269414266106e-07
6.863359431008575484e-06
1.049725369739462622e-06
6.399105586751829833e-06
3.773461867240257561e-05
6.988522727624513209e-06
2.775411758193513379e-07
6.289151315286289901e-06
3.888331775669939816e-05
2.782776959975308273e-07
2.243961262138327584e-06
1.275949330192815978e-06
1.043388692778535187e-06
1.084964424080681056e-05
1.774046381797234062e-06
6.128065433586016297e-05
3.934625510737532750e-06
1.460704970668302849e-05
1.136655100708594546e-06
1.870737236231434508e-07
9.601422789273783565e-06
1.188789974548853934e-05
2.808831709444348235e-07
2.215243739556171931e-06
7.367963553406298161e-05
2.106581860061851330e-06
1.899752419376454782e-06
2.693511305551510304e-06
3.857964202325092629e-06
2.892337761295493692e-06
4.076561026522540487e-07
1.983839581498614280e-07
6.135488547442946583e-06
1.366066385344311129e-06
5.026263920626661275e-07
7.209447176137473434e-06
5.866725587111432105e-06
6.539959827023267280e-07
4.929279839416267350e-06
1.168595531453320291e-06
8.016143624445248861e-07
7.800220487297337968e-07
3.791331550928589422e-07
5.573000635195057839e-06
6.938112619536696002e-06
1.985811906024537166e-07
3.229007745630951831e-07
2.158357710868585855e-05
7.136168846955115441e-07
3.628776312325499021e-06
1.521375338597863447e-06
1.975540953935706057e-06
8.553938641853164881e-06
7.438398824888281524e-06
2.370723905187333003e-06
9.075784328160807490e-05
5.401553153205895796e-06
2.025435378527618013e-06
1.556332676955207717e-06
2.501012204447761178e-06
1.215094471263000742e-05
1.450375293643446639e-06
5.769928975496441126e-06
1.924926255014725029e-05
3.753214514290448278e-06
5.018432602810207754e-07
5.059558247921813745e-07
3.005606959050055593e-05
4.286671355657745153e-07
2.926427384863927728e-07
1.091716626433480997e-06
3.963500603276770562e-06
1.078530694940127432e-04
8.469033673463854939e-06
2.438001320115290582e-05
1.004419027594849467e-05
6.854705134173855186e-06
4.093057214049622416e-06
2.743090306012163637e-07
5.595007337433344219e-07
1.882382463236353942e-07
1.388962473720312119e-02
8.140737918438389897e-06
2.802616290864534676e-05
2.146240376532659866e-06
9.463192327530123293e-06
4.270763383829034865e-06
1.338590777777426410e-06
3.555417833922547288e-06
1.219925252371467650e-06
2.541777632814046228e-07
7.249107056850334629e-07
2.450173087709117681e-05
3.383943749213358387e-06
5.371122824726626277e-06
9.348256639896135312e-07
3.277977782545349328e-07
4.398602371225024399e-08
3.846412073471583426e-05
1.684959352132864296e-05
1.801897724362788722e-06
3.777829533646581694e-07
7.617809842486167327e-06
5.242186489340383559e-07
5.290378339850576594e-06
3.487928665890649427e-07
1.534445686957042199e-06
8.408317171415546909e-07
6.319387011899380013e-06
8.372341540052730124e-07
2.424626018182607368e-06
2.645774372922460316e-07
1.278051286135450937e-06
8.515232912031933665e-05
1.872167194960638881e-05
4.709911991085391492e-06
5.593484274868387729e-06
6.253153969737468287e-06
1.461928513890597969e-05
1.834843828873999882e-06
6.967068202357040718e-06
7.818358426447957754e-06
6.183899240568280220e-04
2.397936441411729902e-05
3.918820948456414044e-05
1.146149770647753030e-05
3.515666833209252218e-07
6.668303740298142657e-06
3.268332307015953120e-07
1.182159735435561743e-06
6.954694072192069143e-06
5.457505722006317228e-06
2.675812083907658234e-06
8.872884791344404221e-07
3.940447754757769872e-07
1.828425229177810252e-05
3.625422948516643373e-07
1.004807472781976685e-06
2.917311576311476529e-06
1.555086441840103362e-06
2.047270299954107031e-07
4.386755790619645268e-06
7.140773959690704942e-06
1.480125774833140895e-06
1.835554144236084539e-06
3.160928940815210808e-07
3.507667770463740453e-06
1.264304046344477683e-06
4.332805019657826051e-06
2.965067324112169445e-06
3.544600758687010966e-06
9.139593203144613653e-06
2.316857717232778668e-06
2.332105850655352697e-07
2.895333466312877135e-07
7.203303084679646417e-06
5.506180241354741156e-05
1.592864691701834090e-06
1.844794752514644642e-07
1.072790255420841277e-04
2.294077603437472135e-06
7.053106543253306882e-08
4.885509952146094292e-07
2.984286993523710407e-06
1.753292849571153056e-06
6.211504660313948989e-05
1.049695470101141836e-06
1.638486537558492273e-05
3.557589991487475345e-07
2.231300413768622093e-06
7.264841315191006288e-06
1.179164655695785768e-06
2.318129736522678286e-05
1.619697854948753957e-06
7.270563173733535223e-07
1.263389913219725713e-05
2.938207671832060441e-06
8.110171734188043047e-07
1.048688318405766040e-05
1.864764044512412511e-06
2.703842028495273553e-06
3.588573235902003944e-06
3.469534249234129675e-06
3.303058974779560231e-06
9.045277693076059222e-06
8.300305580632993951e-07
2.824385774147231132e-06
8.534585504094138741e-06
9.620754099159967154e-06
2.698025809877435677e-06
9.090717298931849655e-07
7.323761565203312784e-06
4.525546728473273106e-07
6.359434127807617188e-02
1.033083935908507556e-05
4.279212930669018533e-07
2.707330395423923619e-06
1.280148899240884930e-05
7.278169960045488551e-06
3.640258364612236619e-05
1.790382666513323784e-04
5.143400630913674831e-04
4.817185299543780275e-07
5.461105843096447643e-07
1.128168946706864517e-06
7.809754833942861296e-07
2.567196020208939444e-07
7.606988674524473026e-07
2.700741788430605084e-06
4.866822564508765936e-06
1.268205096494057216e-07
4.283348857825330924e-07
9.817474619921995327e-07
1.323535798292141408e-06
3.761217328701604856e-07
7.685017635594704188e-07
5.457586098600586411e-07
9.013210728880949318e-06
1.799623873921518680e-06
3.546668665421748301e-07
6.365097533489461057e-07
5.462017611534975003e-07
1.040909978655690793e-06
5.867125310032861307e-07
6.840511446171149146e-07
7.819674578968260903e-07
3.172020512920425972e-07
7.855807098167133518e-07
2.393936483713332564e-06
4.644552518584532663e-06
9.810220262806979008e-07
1.921948296512709931e-06
3.150247266603400931e-06
2.035396164501435123e-06
2.500773689462221228e-06
5.556493078984203748e-07
5.278994876789511181e-07
2.920367705883109011e-06
2.436133854644140229e-06
6.734516659889777657e-07
2.122609885191195644e-06
2.439591071379254572e-06
6.662833698101167101e-07
2.077842054859502241e-06
1.620000602997606620e-06
1.690883664196007885e-06
1.569906999066006392e-06
7.387156415461504366e-07
1.422733589606650639e-06
2.754046874997584382e-07
5.576083822234068066e-06
3.509707676130346954e-05
2.400121229584328830e-05
1.654593460261821747e-02
2.934767326223663986e-05
5.208765287534333766e-06
1.402629732183413580e-05
1.276223192689940333e-04
1.357948895019944757e-05
2.059704911516746506e-06
2.683083403098862618e-05
1.861913801803893875e-06
2.843718675649142824e-06
5.704007670283317566e-02
2.620666009534033947e-06
1.125126516399177490e-07
6.908812792971730232e-07
4.986050612387771253e-07
3.520201062201522291e-06
5.835863703396171331e-07
9.846465900409384631e-07
2.886913171096239239e-05
2.110889454343123361e-06
5.745225735154235736e-06
3.349958888065884821e-06
5.654218057316029444e-06
1.387476913805585355e-06
2.798787136271130294e-06
2.624831836328667123e-07
9.320921890321187675e-06
