1.956523484891725673e-11
1.658038262242200744e-09
8.215933106839656830e-03
1.715564541518688202e-02
9.728946685791015625e-01
8.947425521910190582e-04
8.080026600509881973e-04
3.409862836534216513e-09
1.487049816617513898e-09
7.801564949616590638e-12
8.758383601703556565e-11
1.008856539974622990e-11
3.280362093072142216e-11
2.202012877594583529e-10
1.863505356969330506e-11
1.522240146434317154e-11
2.552988636467246053e-12
5.368395727955999064e-10
9.568788816860518409e-11
2.205138675825946137e-11
7.898512573156768468e-12
1.347487312841622042e-07
2.321002973149077775e-10
2.140575938724964544e-09
4.222385895785718546e-12
1.433192648760128751e-12
1.954674339055273435e-10
2.583974484035578278e-12
4.252605646098972514e-12
4.437312028926498897e-08
1.314540976071754130e-10
5.377910790305140409e-12
1.714120512197325752e-11
8.674754781168303452e-08
1.754899692230083019e-08
4.420711626623718971e-12
8.927618366794121130e-11
4.825683581032025327e-13
1.067139640542613677e-10
7.646705491026750678e-11
9.540596090928943340e-11
2.749274592706019149e-11
9.345840074059807989e-12
4.670440683501864143e-12
5.781211447064560360e-12
3.573559633970879723e-13
2.186085479305432955e-10
1.306902676356802573e-11
3.216947379054008183e-13
1.510811614702234351e-11
5.466254116015534237e-10
4.839392886424320750e-08
1.711995996356296956e-12
7.335797551008549355e-13
1.446315012199050898e-10
8.388780989299071678e-12
1.059188950739906043e-13
1.617808859967484469e-12
4.775086437369679970e-10
7.696499687570579340e-11
1.067588985964595949e-11
4.810951441912292292e-13
7.740997513133729413e-13
7.338260858344436421e-13
1.741077594596962541e-11
9.151253976824591518e-09
1.904622154436097503e-10
5.976897579293427576e-13
1.058903225520380076e-11
4.326885238992161931e-10
4.666941312569949929e-12
3.826898520298271933e-10
1.815504413471558109e-10
1.528831505837047189e-10
1.219716411204885276e-10
8.179437682720447356e-11
2.313241091733697630e-11
1.452105935495495714e-10
5.683329154515526227e-11
2.274079674569051690e-10
2.988469194331599965e-10
8.761187331174369319e-08
5.654125778686847070e-11
7.144322633489963437e-11
1.240028746352095368e-09
7.372823185303190030e-11
2.944043966945919522e-11
1.152521741237810815e-11
2.660158725242833810e-11
9.286367941285789129e-08
6.302575106774399583e-13
2.947592257079856282e-13
8.460145084487891154e-11
3.925755120287588440e-12
1.299128182807862686e-08
1.518921490320512824e-12
5.973948766224701501e-12
2.648854191544813830e-10
1.534779074663372711e-11
1.441752583986044556e-08
1.732888693650735945e-10
8.551126928942054395e-14
4.590272118572963356e-14
6.564478995108036230e-12
3.244310028960306624e-11
3.180275595822401602e-13
3.698230686532272271e-13
5.903112310079450253e-08
2.308699009745396324e-09
1.634434809716367454e-10
1.622059819794685609e-09
8.405073165240750654e-11
2.255522758787265047e-06
2.875497395748993767e-09
9.200850081825251436e-10
9.551184803058276884e-07
1.951209159523070724e-11
1.893189960355812218e-08
2.101015056377164569e-10
5.880047559969625581e-10
5.075138642673948652e-10
8.931949069257427709e-10
1.199375598837093548e-10
2.255777342696774213e-09
2.053788072942097642e-08
1.377931935220289006e-10
1.192393312976491870e-07
1.336017607656003747e-08
8.386646377367412697e-10
1.467935817345278338e-08
4.598876141015395547e-11
1.446944786209769518e-09
8.935796813602792099e-07
5.332521230139164459e-11
7.819875946779575315e-08
2.744606451832165561e-11
7.945873820025539658e-11
9.703193804000420641e-11
3.621309030421571151e-09
6.238563554639142694e-10
1.727653042848942277e-08
1.506674507378846783e-10
5.063912067448939069e-10
9.972966452664877579e-09
6.574253319513445604e-08
8.344151758432616361e-11
6.687224640700151213e-07
1.065956323209604761e-09
4.621525562242823071e-08
3.786547964068631700e-08
1.315923703337773532e-09
2.308041674448091385e-10
3.317344879696926263e-12
3.729472633495767298e-11
4.305336902959977508e-12
3.210286637217452110e-12
4.559292179906471176e-12
2.424009777624025475e-12
1.452094833265249463e-10
6.884065257943550176e-13
4.558198957171910592e-11
9.864322900177135978e-12
1.038587132962121018e-10
1.477300161541184043e-12
6.640702527802022637e-13
8.165275638787050649e-13
3.226524949995202007e-11
1.806429658635089197e-11
8.635311432927950115e-13
9.548168505846277299e-11
4.923146092183916522e-12
1.786760323030378572e-11
2.622187189604829882e-10
7.949257363470962900e-10
3.300770681086140357e-12
5.320040198306119628e-13
8.028166326168317823e-11
1.469285034350759078e-13
2.065377383009270318e-11
7.264053508010404059e-12
1.732256525721620477e-11
7.131642932450832362e-12
3.299144811508281094e-13
1.052106101892547052e-12
1.493979419342483794e-11
5.405048370682452585e-12
4.020530870035843307e-12
6.210229813036205471e-12
2.984054947585690343e-10
5.378723508253635543e-11
1.306171393267163694e-09
3.729427790893913297e-12
1.254864614996797911e-11
2.321373648861424499e-11
3.593919606359463614e-11
2.321692491036309036e-11
1.021781478871552906e-10
3.606648833753833827e-12
5.378546566459085909e-12
1.786329306696643471e-09
1.022659712988926994e-12
1.847496981788321335e-12
5.215283933879266698e-12
1.180302700021229612e-08
7.415071161254171983e-12
2.192463658540200200e-12
5.101925080867354689e-14
2.547561467336478813e-11
1.779580476035658165e-11
2.496336470869664481e-13
1.900055633663466637e-12
2.556485838994815296e-13
2.023847200938178048e-10
1.030425571257875816e-11
2.996965522972239171e-12
1.601840188270031717e-11
3.658521836175099295e-12
1.464314954013890002e-11
7.640344953929734118e-12
5.482338107792861237e-12
8.562958962775660265e-14
1.780957380268649581e-13
2.095662879342263807e-11
9.246405724416817407e-12
1.923824814731300847e-12
3.721441124010516077e-12
5.280995909670571642e-13
4.794520683248926218e-12
1.214556667045174621e-12
2.193350319076858845e-12
4.928385716022887220e-13
4.010405722787435678e-12
3.992241866951351525e-12
3.511272219161587493e-13
2.907994483235254446e-13
2.834036477716850300e-11
6.798539509134116088e-11
3.460070771565959546e-11
8.670117575271252264e-13
3.751177970676145002e-13
6.998985809317237461e-13
2.747386085993896998e-12
4.529650265983065083e-11
3.182692390885089040e-12
2.777410022618536506e-14
2.010232119653565519e-10
6.311294820093849012e-10
2.674799834748164962e-12
2.912356189543885421e-10
1.582945580169692334e-11
6.389028750497516285e-10
5.707317951575419102e-10
4.287919845580301370e-13
4.325447292008455236e-11
5.706125242449511248e-12
9.655822555366608273e-14
5.659848674802181456e-13
2.890417939716005691e-11
6.070053487627902200e-11
1.155355975820948622e-12
2.657235054822487674e-13
3.530604424811269182e-14
2.391147718196207084e-13
1.210130736936654294e-12
4.955849619570074083e-11
8.152549815787502041e-12
1.301566059791481322e-12
7.594777129242558100e-13
8.953375150652642667e-13
1.186449289508617611e-11
4.216933746636897240e-10
5.890222771337549901e-12
2.649494512674266389e-11
3.620690899874823288e-11
1.815855842426938871e-12
1.344553266467707342e-12
1.564255452599083718e-12
2.057027118085308359e-11
1.360073598882793888e-11
4.041684695255121085e-11
1.875463759987150425e-12
1.329322936449717218e-11
4.926161041585164213e-12
9.051575136122258503e-13
1.987217612686720258e-10
6.625249654446108138e-11
7.978870168734442103e-12
2.663526066370991430e-10
6.243663572269575468e-12
2.654480584993179626e-12
5.478530498183309394e-13
1.245991157472481348e-13
2.405072451958090163e-12
9.170398815316893604e-14
4.829237595753432810e-13
1.443330860644714830e-13
3.389067082526509012e-10
5.038390494746525228e-14
3.530350653740271794e-13
2.398920645463320511e-11
6.033414219619448460e-12
1.021066495243694305e-10
2.712537659765867915e-11
1.206440086720661498e-10
2.757503947403705524e-11
1.443111580755329637e-12
2.101391699538268654e-10
2.506191920659261996e-10
3.339911680555474049e-10
1.042292696595836787e-09
9.889181695754700741e-10
2.465027626463722754e-10
2.152157563273249252e-09
1.738082316959932427e-10
6.218818238146184285e-10
1.139654148829549740e-09
3.202666213827920494e-12
5.098803046443833864e-10
3.869548778623332908e-11
2.929568697004891753e-12
5.548814012434899468e-12
3.644733820307166638e-11
1.294582323285720094e-11
4.845996867675061992e-12
1.157422779840544536e-08
1.424298526342404614e-11
3.493827449574382626e-10
5.002137299925379921e-07
7.992830841629938732e-10
1.369115043559077094e-08
3.103924409164626752e-11
3.803607206975812005e-09
1.769991375688562130e-10
1.950616317775155650e-12
6.666807947711128612e-13
2.411791740711960452e-13
1.468531378315610092e-13
2.449848050117831022e-12
2.757166240111019739e-12
2.456003607952117473e-13
5.662673455142375190e-11
1.697083792939757529e-11
2.640411218661486981e-13
2.672301182421454868e-12
9.433697312904998356e-13
4.240307271974330661e-10
2.291977642832759843e-13
5.256405662297514159e-13
1.211923877225684620e-11
3.605857583008353906e-12
4.726337654581413972e-10
9.857970689752804105e-11
7.825731729305118733e-10
1.851857867052331130e-08
7.376954082316533601e-12
7.301585114305453317e-09
5.608659023326190152e-11
3.284611515066981902e-12
5.706002619183803137e-13
4.252467735582632358e-12
5.442975063718602513e-12
4.558367572293775538e-13
1.310619581612604279e-11
5.146861235816313496e-12
1.226137160553752992e-11
7.357337829250187866e-12
3.912716233910734642e-13
7.262869098452126582e-14
2.010521306730628233e-12
1.630466486650383739e-12
5.791623691048242151e-14
1.544459547232757135e-13
2.132734771122593576e-13
9.259667278814845415e-14
6.177764463183299526e-12
1.775460421044039450e-12
1.013301096676466617e-12
2.527160067582884251e-13
1.169931122466105755e-13
2.444965237213825304e-12
1.817567580816858985e-12
1.307473660588920339e-11
5.314381205066831537e-13
7.081477765291666060e-12
5.934359774417696798e-12
4.139513032483041477e-14
1.489703949390450144e-13
2.926159003145169246e-14
1.158988812040295802e-12
6.182563794254747336e-08
6.193545676325129534e-10
5.777794243044809264e-08
1.436665231224765193e-09
1.450381342804618612e-10
2.273377731398795731e-06
1.920949443956487812e-07
7.913383342383895069e-06
1.245226576429558918e-05
3.910703792048275673e-12
6.960419111738669340e-13
4.165885084811415950e-12
3.964507108017434334e-12
4.197707990667015610e-13
8.072504442679928616e-09
2.763936191030325062e-09
1.139969341146240822e-09
1.726005948408937396e-12
8.319479003274232731e-13
2.591033290699762404e-11
3.424199535029259778e-10
6.476304735547611102e-12
8.966578868285779436e-11
1.030719051775541573e-10
1.860441245504773633e-10
1.935307383099660328e-12
1.939734614250787637e-12
8.018991829068788935e-13
6.819822484516180339e-12
1.849771204265326929e-12
2.166074784815119614e-11
9.713293537549905210e-13
1.285828995362114924e-11
4.165892891067057846e-12
1.116845158022350404e-11
4.865344238602631322e-12
1.510927910564063836e-10
2.138064378320869707e-11
2.929546362440138552e-12
3.056391251199386261e-11
1.447305747470650772e-10
2.410899442324004882e-13
2.758144407311036161e-12
1.614359687596156334e-12
7.894240122707785190e-11
4.209953132633392769e-12
1.512382927226774143e-11
8.629733212750512195e-12
1.296271201489673786e-09
5.034593922315089287e-11
1.159324372612680065e-13
2.903634147358169493e-12
1.778117258467715178e-12
3.033250317585611811e-10
6.606788033325372567e-11
1.598337889992251792e-13
1.258388011848854404e-11
4.932726102579998440e-11
1.001194613325928628e-11
1.537244664895354163e-09
3.239851442682351035e-11
1.474286144553804689e-11
3.324035144358639116e-11
8.101504710145146504e-12
3.987285761980485788e-13
2.327495184431538355e-12
7.847127461713121477e-12
9.156779501306999691e-11
2.059637876916653454e-11
1.953916715924375325e-11
2.238167207124774905e-09
2.327741610574918241e-10
1.312166708622442002e-09
1.817201077114471985e-11
1.606288539679479044e-11
1.798466540622878362e-12
2.347559473203642000e-11
1.424999528099046842e-11
8.760684018505049409e-12
5.073071736999557046e-12
1.356494083726289546e-10
5.669474334446533703e-10
6.906612001061906980e-12
2.541301023784026114e-11
4.413317281071194031e-11
2.831055499080172011e-14
3.054817857006675297e-11
5.907124095427818133e-11
4.199970579654710434e-11
1.852674784419416909e-11
1.572161498208934916e-11
7.571585719512441415e-11
9.925566445134759164e-12
5.866271010623869131e-13
3.269332859989759754e-10
8.443690191484165553e-10
1.795169590236567192e-12
9.090769803599130228e-12
1.256828842388646450e-11
2.786094792373017270e-11
2.195721798825545079e-10
1.294218746929198804e-12
1.915691997395052582e-12
2.838823360412634500e-12
4.760029176376079363e-13
4.196905600828415572e-10
1.112697716083854704e-13
2.092120400531971569e-11
1.066241406277868009e-08
4.368986422642606726e-11
1.013355718781916437e-11
1.031829829911679042e-11
1.282133427205067733e-11
2.933022206184909830e-13
7.176645562545491686e-12
2.032872134516416907e-11
2.295122147888406516e-10
6.844429883967606543e-11
8.735539201720765590e-12
4.228257466376561524e-10
3.684948735580874379e-14
2.354809923443834663e-12
1.105076360280454750e-11
2.325806491842996593e-10
5.647906448080775021e-11
7.482313379991722968e-12
1.291726864360853710e-10
1.911204354498874380e-11
8.720173888532301021e-12
4.178163457574379791e-12
3.150150225308262497e-13
1.027077511581153679e-12
2.470489741598913547e-12
7.266111540574216043e-14
1.541302675767131092e-12
8.745713181435021966e-11
1.009303543519912694e-10
2.241286366569394950e-12
1.779662008039029075e-11
3.291070541089347046e-12
1.156997761486699972e-10
3.318202379531953738e-10
7.610021120207921541e-12
2.117950725823852798e-13
2.856568063688835757e-12
7.038736780928811498e-12
5.401225040141399703e-12
2.464941618873783824e-11
6.108843465801871986e-12
6.312366740424124600e-10
2.644984275004813590e-12
1.653642609129868379e-12
2.222667015716606187e-11
1.220919754185700867e-10
2.735850391719085728e-12
1.561582113618342760e-11
1.659751502902651055e-11
4.986361323844334947e-11
9.666455190546902054e-14
4.571096647899841603e-13
3.474078524856594186e-10
8.329032857292903436e-14
1.769813272713485763e-13
9.700127368006405959e-10
5.329976477536080282e-12
2.372127216876407374e-10
1.214618547884169231e-13
4.920264282809450052e-12
2.601853132944142999e-08
1.394564672074771750e-11
9.299771369652987119e-11
7.733371235052466375e-12
7.390259736637927457e-13
2.545990307467604907e-09
2.934968934553694453e-10
3.849939843921651450e-13
4.734218225777020450e-12
7.386951293708587940e-12
2.116079186875730045e-11
2.542772307816132393e-13
9.025353706580696578e-13
1.321454057290338824e-10
1.217554009003141147e-11
2.315576203004710010e-11
1.154071413086987796e-13
1.602419419377554277e-09
1.982511030340639024e-11
2.103825100241429880e-11
5.578740160799844361e-12
1.710802159660129718e-11
1.354846096424111579e-11
2.651324472469074323e-11
1.955744594051012086e-10
1.198889620392107336e-12
3.983677103469585035e-12
2.939089943643224956e-11
1.845570571368249091e-12
5.731871574599090025e-11
5.059690513786740951e-11
5.287025591632632526e-12
2.797303361168346214e-11
6.578881103086464677e-12
2.667150944546392566e-10
4.419655830548152586e-13
5.941741239648412609e-13
1.165309981756429414e-13
3.618348459397124905e-12
1.039601807417689372e-10
2.411093893983640157e-12
1.064902506453524467e-11
1.929640475184513093e-10
1.686635969777583455e-10
3.321145095047661755e-11
8.968386797092442464e-12
1.441724886176720677e-12
1.405966228856803113e-11
4.917308747687254566e-12
7.703064575093065969e-11
3.387630800877339254e-11
3.886038084204013199e-13
1.914537972602659011e-12
6.523987079731785599e-12
2.118308306542360242e-11
1.832961544047731484e-13
4.575024820790973834e-12
1.499398885216815525e-13
2.380788708539194332e-14
3.600631459654834998e-10
1.404018047657107360e-11
7.922432154749969868e-11
7.541865743032616365e-11
2.820809696935100419e-10
2.255770570336323999e-11
2.254926280420566087e-12
1.733648120894049072e-11
8.455146576370059508e-14
2.677082860946811138e-11
2.479621022399847163e-11
8.762889719404753919e-12
8.001372342469892374e-10
1.737414465768916116e-12
5.860679237919275142e-13
6.064900751751034491e-12
6.241270521234465463e-12
4.705760954515358918e-12
1.086794066199048281e-12
1.634190179011785204e-12
5.758620316709261999e-11
3.140281090718843870e-10
6.702464278030006994e-11
2.985199309968322723e-10
2.822728162321652690e-12
2.923640279525741015e-12
1.816521000459758728e-12
1.013164041552272465e-08
1.297856933035745897e-09
9.905820955169453157e-12
1.973403905564108385e-11
1.387647462214314231e-11
9.163339574971840484e-13
1.102734331799581913e-12
2.630817265425466900e-11
1.444724602537444946e-13
2.025154132931361595e-12
3.172336351942028898e-11
2.634546877530730136e-12
3.248932156293959927e-13
1.241757564829359950e-11
6.567210419916591491e-08
8.217772165877712531e-13
7.339510076087574220e-12
7.724643841244827058e-12
2.322939204272428393e-13
1.162684878930342336e-11
1.164716240120711177e-10
2.248027597406832001e-10
2.406793297646259155e-12
1.339593106580716508e-11
5.769144606482257132e-10
1.852986653005928019e-10
1.045412888200925039e-12
1.234192175542103698e-11
5.006309291275858053e-14
1.878056564430519160e-11
7.431310775074528863e-12
1.410345035202098529e-10
5.472880178561401188e-13
2.133363451173320158e-11
6.417583131579362998e-10
1.013634141899810714e-11
9.345483588385494755e-12
1.129225294001223734e-12
8.460854239444870473e-11
6.904021104814361820e-11
2.805161268201739055e-12
6.005498320860169770e-10
1.923769737260938584e-12
9.881949425416536315e-12
1.165277293060928976e-12
6.918811357170540077e-11
8.624628246821364197e-13
1.604960331302862642e-10
1.606599020487209373e-10
1.422249817917276005e-10
1.424594643639753855e-11
6.534697262472466406e-12
1.318867324379136008e-11
3.282447647023900572e-10
3.462450324284022107e-13
1.959387860295258577e-11
3.917686314247603718e-11
5.868386665497382637e-09
6.518794393173266144e-10
6.435890015366041439e-12
1.032396824279802061e-11
2.071571733597288301e-11
2.882701672854426356e-13
3.907477466591480209e-11
3.172308878258978115e-13
2.090753264960554247e-10
2.676147064367695450e-12
1.115432746168210087e-09
1.583963515905395525e-11
1.421787861055623381e-11
2.331721968285016544e-11
2.078696069440777450e-11
5.812260048254636047e-11
3.741058851591816392e-10
6.112596540042147808e-12
6.997641615463789933e-12
2.687927436184622820e-09
2.674385506887949626e-13
6.858530410269736421e-11
1.602484204360488107e-12
8.188479339032994631e-10
1.392245208009512680e-10
3.092922584713164724e-10
2.986616487975213285e-14
6.005125216534956678e-12
2.232037843441503355e-08
6.368642592458062524e-12
2.388180986301335906e-09
3.143581228659542148e-11
6.174360502042564036e-12
3.177829180356361860e-11
2.282201933944544292e-13
6.364720382678878963e-12
8.099662975914745378e-13
2.636492153068603628e-12
6.928606993694685912e-12
1.647125632501383885e-13
1.480427030964293067e-10
2.163397933019339803e-12
2.327744941243992116e-11
1.889210793012963130e-12
3.550726646039947809e-08
6.380241820980181444e-12
5.039764721000150605e-14
3.589607994528010160e-12
6.289911647083812340e-11
6.090026816174543001e-10
9.073129617412356573e-13
4.156805108457284348e-12
1.031011474111886983e-11
1.208395328244904476e-10
5.090161972476359153e-11
5.628366869792067462e-11
4.536688386069798185e-11
1.306810475804054406e-11
2.255891133617904387e-11
3.518747251039788804e-13
3.823304953881612178e-12
1.433274722864585904e-12
2.930181596492997809e-13
5.929381551722512356e-12
3.068008347373307743e-11
2.269087522044355154e-11
5.426296131177954507e-12
1.579065628254383569e-10
2.731423811089261910e-12
8.024782921500772659e-11
3.554866253793753650e-12
1.163926702414663783e-12
2.732343795663894070e-10
5.613635598034072416e-11
2.416554369805146152e-12
7.601954656044629388e-12
5.247833417820757518e-12
1.599745509672789723e-11
9.368166832557367485e-12
6.960299307398609692e-13
3.802749226622381684e-10
2.022343880900279167e-12
1.103372948563219325e-10
2.112927610653514421e-09
1.769964452780214970e-10
2.716969878246988657e-11
1.997785617491310006e-11
5.767615274265835978e-10
6.842463878484195128e-13
1.318451641266205066e-12
4.787329387079264365e-12
7.961407921808216770e-11
2.216247407815785664e-09
2.515174526984687020e-11
1.672374461136882928e-10
1.894270677815779180e-11
2.201838104204378865e-12
1.807131592805599762e-12
1.344591078018472774e-13
1.864363698145243831e-13
1.222192811366207277e-12
4.490317895289308581e-09
3.396326275773020598e-11
8.417904394375508303e-12
8.917470928349047199e-12
2.841608892634184258e-11
6.033460189791561845e-12
1.192291265716960424e-10
6.594912116408835345e-12
3.796898559449424226e-11
2.730112663718031740e-11
1.610267301443979449e-11
3.484634092387750570e-08
4.128055536289920724e-11
4.266737310687496176e-11
2.569006986308242091e-11
1.072720471478882942e-11
2.029042759548252417e-13
9.582784565864699289e-10
7.911726135345631405e-11
2.820058856572993378e-12
5.204598145687466815e-13
1.711493967382349268e-11
5.676541593550854525e-13
6.193252291217254957e-13
1.710873803739687560e-11
5.373768270644507794e-12
3.126815195653165347e-10
2.431684020809399271e-11
2.195078754180235237e-12
2.073801200208613693e-11
1.727478186538955462e-12
2.540232690861898845e-09
4.587448643178504426e-09
4.579424946887789005e-12
2.429896950317811388e-09
5.624803747772411100e-11
6.545575279709447969e-12
1.223135655259444121e-11
3.586681299183602789e-11
2.015759781315296095e-11
1.964354373606980175e-10
8.064349535374937261e-12
9.104812043192467286e-11
2.700865052440715175e-11
1.238790070523521081e-09
7.572620482065861580e-12
2.274633953414095799e-11
1.190095331310425664e-12
7.521470113402983770e-10
1.421833354178780873e-12
5.677027181683058643e-10
1.828689977223518781e-10
3.124814859992164351e-12
6.538146760104446287e-13
1.640445938810852766e-11
1.551333497426532482e-12
1.727870234044526221e-12
2.760629919107415731e-11
7.629335531389447311e-12
1.430971091403651640e-13
2.766477047444482196e-10
2.239741725418298302e-10
1.932166059093187727e-11
2.589406553760165153e-12
2.351164239428743530e-13
5.165145394725456640e-11
8.986177253700322609e-12
8.665513445693662220e-11
1.757877697572407527e-12
1.370824460888986351e-11
4.160204125636113304e-10
5.669349104758802937e-12
2.043986724667434807e-12
2.538546629848870140e-13
1.232101920489725444e-10
1.522879877757787881e-10
3.446086298264372516e-12
5.527888043144191244e-12
3.845855925388441676e-11
8.610131379573060517e-13
1.661259151075622498e-11
2.687205492846178601e-12
1.504724400636092696e-10
6.252398772332856680e-12
6.598300378302113245e-11
8.353108244159301865e-13
4.695772416740684463e-12
1.481914309146847852e-12
2.648462395574147088e-12
6.285783525628030333e-12
2.558840118960237220e-11
1.211501732267805664e-10
2.952151110374723331e-12
5.065304729476305390e-13
1.121527247960329987e-06
2.986098868174025256e-10
4.362613569008910730e-12
3.643401136343982216e-10
2.338750547392631773e-11
2.729227607800588373e-11
2.886962153711425394e-12
5.865256197390422699e-12
6.336678577689713876e-12
4.396446748322624387e-11
5.381699252904326158e-11
2.504416595980329951e-12
9.679989448896364479e-12
1.435154928230986116e-07
1.903063470698462822e-11
3.265297537566325126e-12
5.162572192657366443e-12
1.197805049590883186e-10
1.565440577167009906e-08
1.506716626464843500e-11
3.286650118727862946e-11
1.923539626191850260e-11
1.201290694523293734e-12
3.018633737070230971e-12
4.548315543639880332e-11
4.464692504591027955e-11
3.599553433097923971e-10
1.901465096487697792e-13
2.194321113702102366e-12
9.648930092420737736e-12
3.310162745035621912e-13
6.851340512720877074e-14
1.654880225909760583e-11
1.074894062647047122e-10
3.253845326858795239e-12
6.473149110914483417e-14
7.082271509702142698e-13
1.842612434160839641e-12
5.101596770896998922e-13
2.368335020284939585e-13
1.215755621175595991e-11
1.391859544286333517e-11
3.926006464372022720e-10
8.732445322401360954e-11
5.158140624697549192e-13
6.140594976944413474e-12
2.793051163615944965e-13
3.256693417545697411e-13
2.813366206666501057e-11
2.483835359612385218e-10
5.846254470115441748e-13
1.290897388983580640e-09
4.933554259567429767e-11
2.064211822305761501e-11
2.659245566805079619e-11
2.727706732361112607e-12
2.417476158492193328e-12
5.810957184188003666e-13
1.013542472172446196e-09
7.579459976314595337e-11
2.446111076279816610e-13
4.469355718850209769e-10
2.306158181086814807e-10
2.123401107723132952e-11
1.026525218994489563e-12
4.780531005776911257e-12
8.521389323334904731e-12
6.015324414791745067e-13
7.693956582954797341e-12
4.313394086352673185e-11
3.288129837852871162e-11
2.297822739374955070e-12
8.249435856644282694e-12
2.237964154272464867e-11
1.133908722125709367e-12
2.054813652563325377e-09
7.123575618273036980e-10
1.096123192212417052e-11
6.612130931671345024e-08
1.424764056734417750e-10
9.767651132364107980e-10
1.266087928941672658e-10
8.367727621916287717e-10
6.561969301266401544e-10
6.587356528309218362e-12
7.657393052973304748e-10
1.228944463554926259e-11
6.184532053143954045e-12
5.545133063833418419e-08
2.558947498343400184e-11
1.476059552363295779e-10
7.014675841056361438e-13
1.183023557588258612e-11
7.945964025646290452e-11
6.765180082801691697e-11
1.331686289018918501e-10
4.916816953581815142e-10
4.116927285191529506e-12
8.874842050490827638e-13
5.586928922968192879e-12
1.005060479286612463e-09
3.531943487677935423e-11
1.794163125359848898e-12
3.205783078233381822e-12
1.606547783694622922e-09
