1.561750373468839825e-08
1.360487764112683351e-11
1.431250812311546383e-10
2.840170980344947083e-11
3.757152922112538818e-10
9.609871121085689083e-09
2.560412992735905391e-09
2.089928408111063618e-08
3.114333537723723566e-07
1.273494603992730845e-06
2.985756530904382089e-09
1.686575323844863306e-08
1.407108243256516289e-07
3.529165226723307569e-08
3.976703855101959562e-09
7.497992449145840510e-09
2.734023141215402575e-08
5.402847058633142296e-09
1.079544009741084665e-08
2.573115887027910276e-10
5.656478840876388858e-09
5.388225687852354895e-08
3.208593390979785909e-09
2.475962901371531188e-06
1.065984989168100583e-07
1.382116088244345065e-10
3.682789628811633520e-10
5.757627707936308070e-11
4.544913057014099422e-11
2.323494868727848939e-10
5.359710542052198434e-08
1.118450665416048651e-09
5.047501261401521333e-08
2.907492302473002610e-10
9.317182442236671136e-11
1.136347571595308636e-09
1.060913024097942525e-09
2.291849598989870174e-09
1.949252148580882249e-10
5.200361030688327446e-08
6.211952729984204780e-09
2.143299537848974978e-09
2.012492217318140320e-08
8.670976825442267000e-08
2.137376053923389918e-09
1.016579376234005849e-09
2.062099158095520579e-09
3.930066494461925686e-09
2.873824556104409567e-08
8.134601436893262871e-09
2.379994201717750002e-09
7.852359651394635875e-09
3.288306293924847523e-09
7.799410561837305522e-10
1.791289006014551433e-09
1.791627290970154718e-09
3.798592551618185098e-10
5.951659720615509741e-10
4.733887948304982274e-09
2.906855867124136239e-09
5.294043425863037555e-09
2.205498006446759973e-08
7.651468081348866690e-08
9.785102506043585890e-09
2.239378238400036025e-09
4.300528544387560714e-10
6.410889596963897930e-09
1.620296963267264800e-08
1.612182387589200516e-09
9.299734871071052567e-10
9.019905933271843423e-10
1.746871675090133635e-10
3.788701019580287266e-10
1.444142472273313160e-09
1.720826703355271547e-09
1.043326203209460346e-09
5.870363750659635116e-09
4.754791227412624721e-09
4.893351501777942758e-09
5.204821573734363938e-10
2.113127672842551874e-09
1.538774774267892553e-09
6.889986821079219226e-07
2.880111704683940843e-09
6.703587684953049575e-10
9.152438451565103605e-08
1.445045768377895001e-06
5.392590263220142788e-10
3.020214078830463222e-09
1.844565611364146207e-09
5.360584198754736462e-10
1.534299687300233472e-09
2.266014220708711946e-08
1.719211297768197255e-07
5.072572584197132528e-09
2.096978007903871344e-10
5.454137697036287591e-10
7.238183385993579577e-09
1.870279398019647488e-08
4.474815895605388505e-08
1.795589810171804857e-08
8.075258506323734764e-08
2.887747818647312670e-08
7.563533799270771851e-09
3.983532951679080725e-05
7.661343488507554866e-07
2.609612238302361220e-06
6.114168893400773186e-11
6.216485659571446831e-11
4.088678562386149906e-10
4.730425773313839954e-11
5.387799095757372925e-10
1.876621302798753277e-09
2.682644772988851400e-09
3.793582115108051767e-10
5.031489461182481193e-11
5.755127485684852218e-10
3.735457429487887282e-11
2.889370409597802336e-10
5.058193863760607201e-10
2.294894274612602203e-09
2.824623347719157351e-11
9.950793661284151881e-11
1.025124637954455409e-10
1.933638671403059561e-08
1.100403212994649493e-09
3.362523870453770769e-10
4.061765679352902225e-08
1.667970224161763326e-07
2.210522076495635702e-08
2.246089980673104947e-09
4.908843465045720222e-08
5.873231234687636970e-09
7.470629981298770872e-08
1.363223873340757564e-06
9.675909495854284614e-07
5.136896561452886090e-07
2.223304740311959904e-08
1.880213034155531204e-07
1.308699149049630250e-09
8.258148831430389691e-09
3.877848797628757893e-08
1.668806248744658660e-08
2.661297493489200860e-08
3.524360581153018757e-09
2.786130437471001642e-07
2.712689806116941327e-08
2.681891653200096926e-10
9.509047195488395943e-12
3.683718885483244776e-09
5.462593932747950021e-09
3.344260335325088818e-08
2.059214576632939497e-09
9.338929629620906780e-10
2.373666596611201385e-08
9.477826523607291165e-09
6.229085247611010345e-09
1.563177032259943644e-09
1.137191008027116368e-09
5.100486788478519884e-08
1.188175868804819402e-08
9.630587882725194504e-09
1.021454476557437374e-08
3.399532317871489795e-07
4.015698440440473860e-09
6.031621313518087391e-10
1.942106564456480555e-08
7.083009734287770698e-09
2.482997274455556180e-08
3.337823883953205950e-08
3.393358554149017436e-07
2.991139069763448788e-08
8.425348596574622206e-07
2.322522618669609074e-08
5.881788212036553887e-08
2.645219687735789194e-08
1.371063529376215229e-08
6.891528414598724339e-08
1.054478161677252501e-06
1.280318286944748252e-07
1.023524646370788105e-06
1.188116893757751313e-08
1.915454532763760653e-07
1.840703145461475287e-09
3.262892533939520945e-08
3.456729302797612036e-08
7.532727863690524828e-08
4.709859169338415086e-09
1.435407703809232771e-08
4.062687608552550955e-08
3.259759961959929342e-10
1.772072799610668881e-08
1.981632493652796256e-07
1.367897706217036102e-08
2.455552650104664281e-09
6.576929223456318141e-09
1.659052561997498287e-09
7.804251467291578592e-09
6.452832934655816643e-09
1.308748998063435920e-09
5.170620553940352693e-08
2.752523320381783378e-09
2.904723750418725103e-08
3.209620069721808022e-10
7.833466320050774812e-09
1.638515101376469829e-08
2.757748163162432320e-08
1.234512865266879089e-07
3.219699067358305911e-07
1.709224306978285313e-05
4.944290594721678644e-07
8.719782158550515305e-07
6.949036901460203808e-08
2.060995285546596278e-08
3.158571626471484706e-09
3.092286604555738450e-08
1.413556134366444894e-07
6.231144311641401146e-08
2.717459324230730999e-08
1.954496866574118030e-07
9.556162012813729234e-07
7.714936600677901879e-08
5.310568429450768235e-09
6.231723581606729567e-09
1.084788792127255874e-08
1.509414033762368490e-07
2.207842442203400424e-08
9.811420653704772121e-08
7.278692315537682589e-09
7.175748439891549424e-09
3.006582716125194565e-08
1.003518690367855015e-07
3.349876598335299605e-09
3.738912823791906703e-08
1.892899703648254217e-08
1.592478042766742874e-07
3.601090758920122425e-09
2.443134028418114667e-10
7.533730084219314449e-09
8.770936199553602819e-10
4.631226957485523599e-09
3.956171390484541917e-09
2.168834924987095292e-07
1.170864379673730582e-06
4.561394106872285192e-08
1.459477800835884409e-07
1.712956247956753941e-07
4.296212097187890322e-08
3.184494090646694531e-08
3.666686865244628279e-08
4.129082498138814117e-08
9.503218212358888195e-10
3.222724531681819826e-09
3.757708455509600753e-08
7.290645243074322934e-08
2.285505843246937729e-06
6.715909535159880761e-07
2.814377531024092605e-08
4.064313330331970064e-09
1.723091571648183162e-07
9.645846148487180471e-07
8.229897474620884168e-08
2.110084835749148624e-07
1.802672677797545475e-08
3.193953190816500864e-08
5.634858979419732350e-08
2.656623223629139829e-07
4.274770333267952083e-07
5.628486121622700011e-09
8.516326488461345434e-07
9.164352121615593205e-08
7.675981095189854386e-08
1.900129063869826496e-06
4.130660045120748691e-07
5.686280815098143648e-07
2.293467673553095665e-07
3.135453880531713367e-05
6.559891403412621003e-07
2.334480996069032699e-06
1.112343781528579711e-07
1.206221327265666332e-07
1.987711151230087125e-08
2.909565921527246246e-07
5.536220015756043722e-08
3.309285290242769406e-08
1.468291088713158388e-07
1.708555146251455881e-06
5.816557404614286497e-06
5.993896223799310974e-08
3.107209067820804194e-08
1.581601161149137624e-08
3.876869450323283672e-04
5.393325963609640894e-08
6.940788352949311957e-07
5.179968411539448425e-06
1.050119209367039730e-07
1.027067142445048376e-08
6.881833769512013532e-08
9.090850653592497110e-06
2.061194209090899676e-06
7.379750456559808214e-12
4.048511803578236368e-10
2.771649576516210800e-11
9.852023363787765220e-11
1.176517772094598513e-10
1.352458367520625870e-09
3.305244411500041224e-10
2.923674913279938892e-10
3.012233240617945285e-10
1.138810268308532159e-09
9.424444558092659463e-10
1.451291420373479468e-09
1.123605763986290640e-09
5.393968605105214920e-10
1.084173376075803219e-10
5.098342303888614424e-10
1.071733035651334376e-09
5.118111490176602274e-10
1.139239813596759632e-10
5.686895954148951660e-10
6.155732173995787093e-11
1.409271033203651768e-10
3.512093726953935402e-09
8.041784599344126150e-11
1.459065090969602352e-10
1.284317097116627338e-09
1.041947500501905211e-10
2.094048129341885556e-10
1.394059173653872108e-10
2.777249819008176246e-10
8.773283752816496417e-07
9.208244591718539596e-06
1.281608774661435746e-08
3.037182239040703280e-08
1.442967434428510387e-08
1.112308382289484143e-06
3.702885123857413419e-06
1.796773517526162323e-06
4.185960467140148467e-09
4.602201120196269812e-10
1.405197291859394682e-09
4.500913064475753345e-07
4.365060704003553838e-07
1.262300770576985087e-07
1.470284360038931482e-06
1.201225501290537068e-07
1.026664193659598823e-07
1.048486637955647893e-06
5.195931862544966862e-07
2.502389406799920835e-07
1.182391287102291244e-07
1.618906009248632927e-09
2.863483317128157069e-08
9.258307898107887013e-09
5.118758394928590860e-07
7.829601855746659567e-08
2.867699038233695319e-07
2.607717703995149350e-07
3.467969023063233180e-08
8.749103663774349116e-09
4.789634999724512454e-07
6.729888868406419533e-10
5.842943195943917090e-08
1.139588690080017841e-08
5.687411075427917240e-08
3.736350436156499200e-06
1.557853101985529065e-04
3.619884228101000190e-05
9.939324627339374274e-06
1.032026602842961438e-06
1.802693441277369857e-04
2.968089887872338295e-03
2.317812293767929077e-02
9.726453423500061035e-01
1.356169195787515491e-05
9.997874883538315771e-08
1.119806256610900164e-05
2.686374045879347250e-06
6.432576628867536783e-05
6.421748821594519541e-06
8.808814891381189227e-05
5.489830436999909580e-05
1.313746179221197963e-05
7.319601991184754297e-07
5.775049771727935877e-07
1.416346719906869112e-07
4.930423180837806285e-09
6.257100948481308933e-10
3.914983448538578159e-09
1.433609453371786913e-09
2.345358129929309143e-09
1.732012755439882312e-09
6.208472538155040965e-12
4.146918919367692524e-12
2.254592734729499170e-09
2.232375839739120238e-09
1.766329964236756922e-11
1.491559098454331433e-10
1.462879956060092468e-10
3.814645543886996393e-10
4.883249013487578338e-11
2.156466338831819485e-09
2.199995047247327307e-11
9.785536096706959341e-12
1.899193129151210968e-11
1.133594954016992062e-11
1.191206300266145490e-10
9.367021047701484804e-11
4.035090317433542850e-10
6.835908505919974232e-10
4.121676333568302653e-09
2.847891922286294175e-10
9.113119148196346941e-09
2.619791716895747413e-09
1.809475125291726272e-09
3.657602554163474906e-10
1.154057516217221746e-09
1.701008778276502653e-09
3.468453302346574674e-11
1.444145247830874723e-09
4.054168389888701540e-10
2.989648750784112963e-09
2.108755170482368158e-09
6.910247374314337776e-11
7.090869558190604494e-11
3.006952464801315728e-10
2.799929177399462787e-10
1.967657592416571788e-09
5.066154784572063363e-08
2.280412303434786736e-09
3.678935212025891133e-10
1.231440782678561163e-10
6.444514921710720046e-10
2.019556077925699356e-08
2.600455850654270762e-09
1.598231236243918829e-08
3.087161914994140943e-10
1.514245284717219420e-09
3.757855138175614229e-10
3.634507417249466243e-10
3.425000560941526828e-10
2.606766191792786458e-10
1.765171515899499610e-11
8.142249652287603112e-10
8.834670772728259180e-10
8.689780450765738351e-09
3.461984032782083887e-10
2.743127502924380678e-08
2.141684191103720991e-10
3.931441977522709408e-11
1.341526445486351804e-09
8.142012758449723719e-11
6.514576100791202862e-10
1.488608958322146236e-10
5.602934782800161884e-11
4.720631663346352980e-10
1.743494948414081591e-08
7.691243752994125771e-10
5.280602621837715560e-08
6.300862054331446416e-10
2.702040591273657810e-09
2.482120287083944277e-09
2.670167420504299116e-10
1.046799482651294966e-07
6.313622541442853731e-11
1.760931955807620852e-10
8.637977486070091970e-12
3.279524651844667460e-09
1.452390152589799754e-10
7.624305076170401207e-10
3.459911246395108719e-10
2.493294237737586627e-09
2.243179686445273546e-08
1.519875336697396051e-10
1.200684773827731533e-09
1.104155988862487447e-09
1.309189649051356596e-11
2.217733080511763433e-10
2.986776159730197833e-09
2.115481539943786515e-10
1.622393597244808916e-08
1.376013608611614814e-10
1.803194260574514374e-09
8.044105381799226961e-10
3.938108172896193082e-10
1.138082850182797756e-09
1.059660623137226310e-10
1.342722644182003933e-08
1.378770875248847005e-08
9.035598047546500311e-09
4.561485911214191447e-10
2.762347683926691388e-09
7.096065401945850226e-11
3.755926125670328020e-11
2.487004768791933884e-10
4.205383870997669860e-12
1.809397250085442721e-11
4.737136793941942869e-10
2.009651750567442718e-10
9.379254040098317091e-10
2.285919786793044750e-10
8.699382547661116405e-09
3.746940535620524315e-10
1.602912524933941540e-10
4.406242593013587339e-10
1.713633124289515308e-10
3.193724451566737343e-10
1.145203265551231198e-09
2.273494059679137536e-09
2.871086181299720153e-11
1.027969584455057372e-10
3.691981720344017504e-10
3.409487969729951828e-10
3.997188136040108475e-10
7.578024319165876932e-11
1.070149968640521365e-09
3.004298199105193135e-10
2.307463387030139756e-10
1.566086704762881254e-09
2.527660081241833723e-09
2.673376450768039092e-11
3.905548773275313579e-09
2.303732138386749284e-08
1.692359496985318401e-08
6.052987555626998528e-10
4.264937847331395915e-10
4.228373207126878697e-11
2.813837773896210592e-10
5.319509721601889396e-09
9.494973696178021783e-10
2.654299280369087910e-10
2.279671729166210525e-10
2.475120629286120533e-11
2.840972769535543563e-11
1.760233625525131629e-10
1.439623281696000845e-10
1.667468108035308205e-10
1.054678788747764884e-09
1.824083523116470928e-10
2.755922157149370832e-09
5.940779812529939363e-11
2.064794168976646915e-10
1.260795690072313846e-09
8.641286797228531213e-09
1.448200004361410720e-09
4.410101728247184383e-10
5.724296037179499308e-11
1.297287971491201120e-11
8.120222549923283850e-11
1.278080863365005371e-09
9.589007365917723291e-11
2.445707525389195780e-10
3.332172038295055927e-10
6.083950565560769519e-10
4.420795327031434852e-11
1.916841574356453748e-09
1.280444500428856713e-10
3.987357666268565026e-10
3.380118851481483944e-09
2.624812311946556065e-10
3.152779981530073883e-10
7.634360366104431250e-10
2.034474810841402359e-09
2.720001307521258127e-11
1.922951381461146525e-11
2.655606012869071719e-10
3.401098069844010752e-09
2.012874172896417235e-10
1.949522783206703025e-07
1.700337315391209358e-09
2.525722520019257900e-09
1.294469775814377499e-08
4.239988637966263241e-10
4.821559596024371785e-09
2.343243377112003145e-09
3.122611336170422192e-10
4.079030949816209173e-12
1.259687576471435477e-09
2.422070544128018810e-09
1.272779381888966554e-10
6.441651101418699454e-10
6.995811568932808200e-11
1.188469989088503098e-09
7.191141432327796679e-11
1.987269376835243406e-10
1.751176093023332214e-09
1.349386935523000375e-09
1.896545143154071411e-09
5.117788970387948666e-10
6.481545855585579829e-10
1.965054785557640571e-09
1.734679760945212479e-10
8.912011406625452992e-11
3.300949735773883731e-09
4.071883941136889007e-10
1.238389835123143712e-09
1.888157896701159189e-08
3.729392142326481974e-11
3.777473611688009214e-10
7.958232406402032666e-10
2.242058094736876228e-09
7.693283232690362183e-10
3.786050084553238548e-10
7.901046483738127790e-10
3.443097751354429192e-10
1.223549150886071857e-09
8.226577197234519190e-10
7.819053737811998417e-11
3.472677978511029551e-10
1.340025312934756130e-09
3.587660390991231907e-09
4.600753111816402452e-10
3.970206663428399452e-10
7.559073367247037822e-10
7.933377843549749286e-10
1.291588502816409800e-09
1.981007136109269595e-09
1.202055610605157199e-08
3.479082300028579766e-10
3.105689039273329399e-10
6.009079900337610525e-10
3.747680565879818460e-08
1.917916714333500749e-09
1.704369284594164924e-10
4.318027602145946275e-10
1.152712213875473068e-11
1.723289289046192607e-10
2.929528494788335991e-11
9.561337832586502827e-11
1.492698076255294382e-09
4.556752544737641131e-11
3.170861351264875339e-09
1.373748448330047722e-09
7.814405234007892886e-10
8.337706636218911171e-10
1.946350580706024402e-10
1.016364103989531031e-09
1.504417923570144922e-08
4.252147078886991949e-09
1.812335170825463138e-09
3.968170236845480758e-10
2.452934799723749393e-10
1.490646217572333398e-10
3.571131834689822426e-09
8.769347470405364220e-10
9.425146219044222562e-10
2.806101484509326838e-08
2.664912734928748250e-09
1.083828027326205756e-10
1.077129851978497754e-07
1.022492979174671746e-09
7.005829805173391378e-10
1.077928857284859987e-08
1.079179590135481703e-08
4.815298160210090828e-10
6.337381730503466315e-10
6.915287231734623674e-10
1.727106374582731974e-10
6.683568698484521065e-10
2.486758021724710943e-10
3.458545672074819777e-10
1.478920805264571925e-11
9.180363413907599579e-11
7.421720182865243487e-11
1.687765038838051623e-09
4.650698992580970526e-10
5.078310549855302725e-10
7.525579465150755709e-11
1.412142069945332423e-10
1.391575854547966173e-09
2.863518588913649410e-10
7.609751939696707268e-09
7.098694965179674909e-10
8.611912294398393897e-10
2.637919038761538104e-08
6.929177231995709008e-10
5.868889374482932908e-08
1.062751997515931635e-09
1.791678472251589938e-09
4.677615933479373211e-11
3.738996667834726395e-09
5.329066077308652893e-09
5.478558495752849922e-09
8.595091860463810463e-10
1.148769301906327200e-09
6.481817860226612993e-10
2.200595088097667684e-11
4.628493421865442770e-11
8.230422454680308419e-10
3.154945471539605251e-10
1.025492912809511381e-09
7.017290637456596869e-10
2.044292735092767543e-09
3.559116334983514207e-09
1.812548444668493630e-10
7.103340693426218877e-10
2.085681349850432298e-10
1.614218481105211822e-10
5.708529482451041304e-11
2.221248074363302294e-09
1.166027607801822796e-09
7.928457890216122905e-11
8.593616929175595942e-10
4.618568194558747564e-09
4.049525603733172829e-09
1.103539037927703248e-09
4.628872979361986495e-11
1.014768535867460741e-08
5.404207303882913038e-09
4.637191186596112402e-10
4.165981726256262618e-10
1.888888156997836631e-09
2.076337990430943137e-10
8.103748228016627309e-10
9.737782802332617393e-11
9.412534085484480784e-10
4.803430986299872529e-09
5.954387205520106363e-09
6.192891199852113004e-10
1.586872300229913435e-10
5.419037441001250954e-10
4.913878748347144665e-10
1.886612643886564911e-09
3.551883787089593625e-11
4.354756485969168978e-11
3.492654165881958761e-09
3.119141056551200109e-10
1.130190871445613254e-10
2.596972414892206871e-08
1.154531852065598940e-11
4.360853900209349376e-09
1.021216800012325621e-08
4.299470501845092940e-10
1.730507825925542420e-08
6.658918555446646792e-11
1.923037729056886747e-09
5.745187658945383191e-11
5.469954711401214809e-09
1.702083030075129955e-09
1.607827065930322874e-10
7.507060528766373864e-10
7.764293097345387196e-10
8.708098242493633734e-09
3.637135592704510145e-10
9.507079568038534489e-10
2.809685470395173468e-11
1.621509523874742342e-11
1.079403455506167120e-09
1.188759368719871645e-10
1.263101012671796752e-10
2.696530498891291927e-10
3.337192078234352266e-09
3.427080175200103440e-09
4.939165187956007230e-10
2.076537164441560890e-09
7.327311674076852910e-11
5.076480347199208154e-10
2.015176248093553113e-09
7.822059444606566103e-09
4.824804444858443730e-10
2.925483633120506965e-09
3.085569844074598223e-08
8.102956500222191494e-11
1.387419623632979437e-10
3.416774418951717962e-09
7.182207606426516122e-10
2.990047764939163244e-09
4.168056177977774723e-10
3.911251766908208083e-09
1.622739387308058667e-09
1.314878483871240178e-10
9.776609521949808368e-10
3.344206023214724155e-10
1.287846940201120560e-09
7.501306242829741677e-10
4.274598897069381565e-09
1.935859250679072829e-09
1.212175637643753134e-10
1.280127670533204309e-09
3.880338272921335374e-10
1.290922924113147019e-10
3.528300152044749893e-10
4.093628103163382548e-09
6.664359619712456606e-10
7.317221939473483872e-09
6.904661564721692457e-11
5.289125803997762887e-10
4.676122156155315679e-09
4.019479887817922759e-11
7.153671405246697645e-11
1.252946496554940836e-10
1.507550861923334651e-09
9.646968557319723914e-09
7.210514407773871426e-09
1.886936606965150531e-09
2.924908981682960984e-09
2.087018474705715221e-10
8.458400646560448877e-10
5.560766846990361501e-10
4.763003325081172079e-10
2.194631559815363175e-10
1.336882715641252162e-09
3.167855699981458883e-10
8.184858173165832085e-12
7.711264959908703531e-10
5.683320480898146343e-09
9.119647398359020940e-11
3.009316129620742686e-10
7.623283254654111829e-11
2.717814306940624647e-10
1.584299358370344635e-09
5.472239994475103231e-09
5.664794588272625830e-12
3.577281137978616243e-09
2.863803083563709606e-10
4.555538724027030639e-10
4.736008252237411398e-10
7.811186697459504558e-10
1.667579407893526877e-10
2.150095101960403099e-10
1.521473502741343964e-10
6.345679537389514735e-10
6.242820149715555544e-10
5.894554178098587727e-09
1.154700446370782174e-09
2.208784710688860287e-09
9.207550277778864256e-10
1.499137203264666596e-10
1.821938155899260892e-10
2.149467687173611807e-10
6.423223619655971106e-10
7.991449169075792724e-11
9.470484396700840080e-10
1.606354979588608956e-11
1.877509037129243552e-09
5.019963111863035010e-09
1.192025034235655312e-09
6.900112925478651960e-09
3.602610831876518205e-08
3.963404882068033430e-10
2.429033196804653016e-09
2.737158943943995837e-08
7.061521589690755718e-09
2.351598027416912373e-09
5.252704049496514926e-09
1.715799280432861451e-09
4.354800409167580710e-10
7.702327664560471021e-10
2.461094883443593062e-09
3.576419715933809584e-10
7.045955374707091323e-09
1.504221858183996119e-09
1.181033670860642815e-08
4.193925762230321652e-10
1.009512681782176458e-10
9.119044408478771402e-10
1.165080587561817538e-09
1.173559444067606705e-10
4.940804432251866274e-10
3.807721782322914805e-08
1.205144317673045862e-10
6.115432604758552770e-10
7.033437721126745146e-10
7.124239864708670211e-09
3.174849494413933826e-09
1.155210788139626743e-10
6.309677780258482471e-10
4.475693149430526319e-09
1.734171251044358542e-09
8.169098730803625585e-10
4.499179251382656730e-09
1.318447157006019665e-10
1.328697152302993345e-09
2.608248339530661042e-10
9.327139061099387618e-11
1.444828590102531507e-09
1.874511390553834644e-08
7.494413978292868705e-10
2.956795641662068874e-10
1.089846546342698730e-09
2.669929166643214558e-09
2.500940947391949720e-11
7.241041544148174580e-09
2.480334826415742100e-10
4.879555093317833325e-10
2.830594925118390393e-10
1.986971032152951011e-09
3.643914725515173814e-09
3.652206870263796645e-10
2.440609658815873217e-10
2.076992577926262129e-09
5.985983930756333393e-10
2.369841545224460333e-10
2.987633057616179144e-11
5.480643369693005695e-11
1.370643876175137166e-10
1.785686737365566046e-10
5.621016985202231808e-10
1.649347436405435019e-09
3.666160486304193000e-09
4.574581269345401324e-10
9.392447930522962452e-10
4.053358981792598570e-09
1.282850492501097506e-09
2.639427565398477782e-09
2.915283014992553490e-10
4.155189248233881472e-10
2.515194497121342465e-09
3.585782365478351608e-11
1.311464686848395900e-10
9.213030338628414029e-10
5.015589277235221743e-09
4.915380991121764964e-09
4.082870846966457634e-11
8.832341108488961368e-11
2.637484119993871445e-10
1.770319535410180833e-08
6.443175437631509794e-10
5.631888289059361341e-10
1.207786759493956197e-09
3.023227224119295897e-10
3.943303905629136352e-09
1.987236153411231498e-09
3.357224220845722584e-10
3.063388709367842466e-10
1.147708525439661287e-10
3.231346301646453867e-10
4.441849318914670164e-11
9.388288063627570068e-11
1.584032105483856867e-07
4.139605602748730462e-10
8.949012642034404053e-10
6.001108499020801901e-10
1.079143510662738947e-10
7.474413865615758823e-10
1.548711575649619476e-10
3.395716208220989074e-10
5.463844487962887797e-09
8.143301311047679292e-11
1.309490516021583062e-09
5.698220229000128256e-10
4.660928865085622874e-10
1.158119267152812881e-09
9.982011883735708579e-10
1.301190533098406377e-08
5.178592221710687227e-09
2.154936895593095869e-09
1.337107846666185651e-08
1.260849202822100779e-08
7.118297618013968986e-11
3.667471534796185040e-11
9.996697220016059759e-11
8.777685245320299146e-09
1.582774022956812132e-09
1.750989020443682875e-09
3.327767572613993252e-08
3.868118270133891201e-09
5.303735672868015172e-09
1.850762032518105116e-08
7.569966320453147546e-10
1.378156182924028528e-11
1.408927641222135207e-09
4.929377461770911850e-10
8.352493696683893631e-10
5.311285300457768699e-10
1.271738936381439089e-09
2.947770472161437283e-09
3.443365384492302894e-11
8.159926068174172542e-10
2.255778758231130610e-10
4.523202701278705717e-09
1.693679307912532295e-09
7.366546128650952596e-08
3.476250121092760992e-10
1.202755726126270019e-07
2.686901545700948191e-08
6.058396007091459978e-09
1.030324181527930705e-08
1.331701193763024094e-09
4.237104889170950628e-09
7.910999078042380006e-10
1.662283422021459955e-09
2.815526478627816687e-08
2.955869229936958220e-11
1.004707606000465603e-08
2.870939874721756269e-10
6.929286033852122273e-09
5.550779391683136055e-08
4.937236397495325946e-09
6.057229384737183864e-09
1.138469318817669773e-09
1.281339256919977743e-09
5.014046955409412476e-10
9.164946135342688649e-08
1.144591865731570124e-09
2.136161469934449997e-09
7.627988907188409939e-09
6.014196696213502946e-09
3.313972030127843027e-08
7.327580764382446432e-10
