3.065668899293605421e-11
1.916624194422955618e-12
6.025217130778415253e-11
1.455957229778981343e-11
1.806172156282315200e-10
6.219574161248075939e-11
4.257388538930761968e-11
5.479166009791924807e-10
1.959890694180899118e-09
4.818329202294080460e-08
4.454632496209143255e-10
6.572770328006072305e-09
6.778761552084233699e-09
3.481165933294505521e-08
2.999486214960711550e-09
3.645250212791495414e-10
2.829822598471309902e-08
1.291001439085448510e-08
3.073306498180272683e-09
2.700934587096526229e-09
7.350669517514063500e-10
1.984022279799546595e-09
6.140355446326850597e-10
3.400233339334590710e-08
5.286942883486744904e-09
3.229061115717080099e-11
1.749727446265225694e-10
1.769393138950636768e-11
9.502870712552180521e-12
2.542636989844027084e-09
4.705478229283244218e-10
4.567060618576590514e-10
1.122597015346116223e-10
4.539057931601808704e-12
1.000689982266766975e-12
3.612585577905669254e-11
1.499527307879944260e-10
2.192779430254532258e-10
7.757307296518689554e-11
9.817562762748366367e-09
9.827735958367611602e-09
2.205864380044886275e-09
2.872056725777838437e-08
1.340896194079732595e-08
1.489820711242373363e-09
4.851316570686492469e-11
1.497859436483395257e-08
3.157327066460879905e-09
5.353844589883749450e-10
1.184889408811784506e-10
3.953411209511870084e-10
1.594193665965804030e-10
5.762513244356171072e-10
1.888701278707216602e-10
2.089141706851371794e-11
1.270280436393989021e-09
1.395075461402273120e-11
2.685639037547371544e-11
1.316134007334213152e-10
4.544713050336213200e-09
2.727969516946870954e-10
2.255857861621635152e-10
6.147105047205059236e-10
5.023067517484491873e-10
3.487471200713798680e-09
1.465032956060596803e-11
1.117719319876364636e-10
4.675888842786690702e-11
4.217848292853432213e-11
5.041548341994106508e-12
2.867716827892330400e-11
3.138191095874987013e-10
2.883569771849892049e-10
1.107740010830582378e-10
1.390918213939329462e-10
1.065378410491923944e-10
8.830066455800533731e-09
6.263374263681953380e-10
5.991619977940843000e-10
2.710925373072825550e-10
1.510149123806758809e-11
3.293119596459170850e-11
2.921721531379262160e-09
2.912821372991203361e-11
5.021321206055695541e-11
1.174596064856814337e-08
2.870965243317868953e-09
5.055439400436512187e-10
9.274193912833794684e-11
7.987313588309064016e-10
3.409054705194591861e-10
6.568030008757830274e-10
1.263683269137061416e-09
1.792959203328337026e-08
4.271896170138234083e-09
6.129227680951032653e-10
1.559134488182678524e-09
7.590209016861138025e-11
4.441711165537043371e-10
5.412050807507284844e-09
3.051651709107261468e-10
1.838408730803209323e-10
3.784040636389818246e-09
1.512935554615069123e-09
9.576016454957425594e-04
9.234709068550728261e-07
6.213350047801213805e-07
1.268770028275967299e-12
6.537177917043113240e-12
3.728432059618702610e-12
1.156284052880596214e-12
3.281958038670040878e-11
1.569483987218234233e-10
1.083829470616137769e-09
1.458341780669059062e-11
1.413443038826567300e-12
8.480318877679415834e-12
7.790097776919080452e-13
1.156083995895729188e-11
5.426453730805747000e-11
7.026922793640366649e-11
5.546380629078973001e-12
2.229425411642838029e-12
5.230555572000028519e-12
2.358421791193165973e-10
1.147617417762702985e-10
4.565716554827403684e-11
1.543351696442485377e-10
2.565869461346181879e-10
1.062393950590490022e-09
2.142501800972418380e-11
4.770464467895862981e-09
8.064650613981427796e-10
2.948136734737261122e-10
1.201788180082985491e-08
1.585831199690801441e-08
9.474773188244967059e-10
1.836090057771855300e-09
6.281595243962101449e-10
1.889601149163144811e-11
2.680664717980008049e-11
1.878919936304512817e-11
3.524608382932115092e-11
2.623452843852902561e-10
1.114445868921620786e-09
3.557171668333580783e-09
2.361585926813347669e-10
1.997004644982425248e-11
2.912053410908388429e-12
5.399569333319753639e-11
5.793069149384599825e-11
7.480513986024561746e-09
2.569983947875442709e-10
7.822500459886416735e-12
3.453872604586294415e-11
1.381921226756288590e-11
7.696764059428318205e-11
4.845318035684442748e-10
2.080589173170110939e-10
3.988271171651014413e-11
5.106537762089580212e-11
5.796716232020493464e-11
1.455966319729995462e-10
1.029251475714865194e-10
5.292772331522144214e-10
7.425317305465028994e-12
4.208833837004988254e-10
2.619692518468497155e-10
1.262856069716988827e-10
8.673459284125328850e-09
3.785688207358361979e-08
4.035241918387555415e-09
3.055899311377174854e-09
1.398797166984877549e-08
2.784861230509250163e-08
2.622672357066591076e-10
7.640629795524489509e-10
3.264121062329650158e-08
1.097218849110959127e-08
2.200916671135644265e-10
1.244734870731178944e-09
3.157632488814954286e-10
1.067189003833846073e-09
9.766001375643984517e-12
6.369778593473540695e-10
9.883895785156582292e-11
8.739798329493453366e-10
6.232304256004184140e-11
3.791139902009632578e-10
7.730823620155646836e-11
1.020020699848966927e-11
1.790168360771282607e-11
9.353838814618598008e-10
5.358646304465253252e-10
4.909270212571925640e-11
2.239391588831907143e-10
6.830214172026671804e-11
2.483105665529450334e-10
7.546300806460237709e-10
9.970197584197038054e-11
1.563394032289000535e-11
9.878600021329120295e-11
4.949454388003537986e-11
6.246382577845821515e-11
5.420327815058856302e-12
1.637921687169807683e-09
1.376702501998394723e-10
1.685681594310040055e-09
6.501239990797103019e-09
8.430642850498770713e-09
1.311616260046832849e-09
5.770234290380926723e-10
4.262143693534170552e-10
5.706327077525941149e-10
1.188855680567257878e-10
2.182720004739735487e-09
2.029970913586254255e-10
6.011721120913193772e-10
1.939425980923559223e-10
9.315909155205304160e-11
1.723645670637097282e-10
3.383253052713364184e-11
4.987058543903799546e-10
2.819521505159627850e-08
2.769468032681743352e-08
2.792380549010431423e-09
4.294283678651922287e-11
2.927574804800769925e-08
4.184833382603336815e-11
2.529589870903237170e-10
5.523996371437078778e-09
1.990937725793173740e-08
1.751421341289471911e-09
4.556312618864133412e-11
1.382320091725119937e-10
1.258653981039969949e-08
6.765956683807416994e-10
5.152982901490688050e-11
1.022573067888110643e-10
2.362891306229020216e-11
4.180647217300048624e-10
4.541528264567773476e-11
6.704854726979903035e-11
2.646808883177698135e-10
5.314835793690519949e-10
7.185758238437145451e-11
6.364666016445141850e-10
1.902095425609928725e-10
7.697113346694095526e-08
4.132670383683034743e-08
6.845641564723337069e-08
1.378766979059919962e-11
8.790298350325187471e-11
7.061509710304392229e-10
2.043283320318778351e-10
4.652363383428337329e-09
4.214666116109100358e-10
4.000999087594436787e-09
1.089799472886454623e-09
5.164451089001431683e-09
6.366669413893077945e-10
1.489031831169995712e-08
9.328485761628257933e-10
1.015781569968510212e-09
1.192412613093551954e-09
2.661940112780314394e-11
4.195158803677045967e-11
1.448984959795396321e-10
9.563739800100279354e-10
3.701804189404356293e-06
1.563214709676685743e-06
1.136984764116277802e-07
8.166312568391731475e-07
3.095587430834711995e-08
4.468101337806729134e-07
7.747630981214115309e-09
3.115567182021550252e-08
1.417144289916905109e-06
4.289166099624708295e-06
6.258652319957036525e-06
1.166872266367136035e-06
1.858183273917290990e-09
3.907131507219219202e-09
5.403476555088104760e-10
1.749413058860227466e-07
1.871315546964069654e-08
3.825479666375031229e-08
3.602106630751222838e-07
1.670911048412548894e-10
4.721436019927693906e-10
8.043600507878778672e-11
2.183649705500556593e-08
6.374759053962009148e-11
1.076160383028934575e-09
4.419380061904121249e-08
2.500913076630695286e-08
5.984118978119568055e-09
7.606568885876185959e-08
3.576923973014345393e-06
9.890002729662228376e-06
1.137644058818443327e-11
1.201864996414059306e-10
4.162940478447119119e-11
8.124209638360468944e-11
3.252252980812109229e-11
1.035985394692851003e-10
2.996484171902125127e-09
1.333305271744578135e-10
9.631998670878161306e-11
5.631902721958681468e-10
2.252654729417713497e-10
1.131993110359275079e-10
2.982996627487466412e-10
5.595060525998007961e-10
2.440341539955426242e-10
4.367022576889922902e-10
2.008243016327071473e-10
5.615506757511434799e-12
1.821240207255936383e-11
5.930571311818511049e-11
3.814942285684796985e-12
6.391572687780566753e-11
3.154111416492355602e-10
8.085589489614797287e-12
2.132660714693201953e-10
6.943682295812436678e-10
4.019482663375484321e-11
3.357808128767736378e-11
2.963355038784754036e-12
1.447544341337536622e-12
4.978414480660831032e-08
8.261511084128869697e-07
1.210174294108412596e-09
1.024233782231931400e-07
3.191233588495379081e-08
3.014923095179256052e-06
1.804060900667536771e-07
7.760604603390675038e-08
1.683930106466391408e-09
1.204648273495090294e-11
1.144482338760743900e-11
5.759255472526092490e-08
3.507182952944276622e-07
4.220388039044564721e-09
2.685226707654919664e-09
1.990054787626149846e-10
1.934483906396167185e-09
1.866597570954198204e-10
7.745218355559302381e-10
1.988860631740863028e-09
1.803753768570004468e-08
1.311377222090737149e-11
1.423558604329855370e-09
3.202247911282540827e-10
4.632197056486653253e-11
6.418500730909215690e-10
5.041893018642440438e-07
1.935836593247586279e-07
8.893352543282162515e-08
2.585547420608236280e-08
5.646816703119839076e-08
6.968204235846542360e-09
4.502635775338603707e-08
5.957947468715474315e-09
7.544922908664375427e-09
7.920906455183285289e-07
2.750789690253441222e-06
2.716470589803066105e-05
2.831586971296928823e-05
2.538563194320886396e-06
5.699570756405591965e-03
1.965058501809835434e-03
5.676335468888282776e-02
9.276947379112243652e-01
3.181572072207927704e-03
4.262788934283889830e-05
2.888470589823555201e-05
9.013460658024996519e-05
8.966558962129056454e-04
2.047421003226190805e-04
1.042964984662830830e-03
7.026096573099493980e-04
6.127072265371680260e-04
7.928385457489639521e-06
4.067796908202581108e-06
3.253830260785406381e-10
3.190188044288611025e-11
1.131326810011046291e-09
1.696092155611950147e-09
1.449844064249639075e-11
7.712105259960466697e-11
4.820307347719321456e-11
1.746031704635830906e-12
3.359463586222882769e-13
7.651023564703152147e-11
1.647224717737927335e-11
6.494224103793799774e-13
5.889245254658836970e-12
1.540022970258903001e-10
1.157847255572885814e-11
4.569103342205727003e-12
1.351937589655349825e-10
5.912114547923508212e-12
1.475836293451937564e-11
9.034757534123749600e-13
5.670178953101623343e-13
7.642764025816983775e-12
4.282029158336753127e-12
7.511598114351425437e-12
6.976881572473558890e-11
1.146280848018932375e-10
1.041520515665528279e-11
3.819360827606033126e-09
3.513441204638922954e-10
1.907646957066688742e-10
4.655589802560200496e-11
5.583184470303592661e-10
1.382126704752018043e-11
9.382448160413781046e-13
1.594622489609065497e-10
8.592733469203750474e-11
5.070242559135351712e-10
1.004404545645876112e-10
2.118736783240926513e-11
3.576509227665169988e-11
5.182333295133956241e-12
1.494678547597771967e-10
4.662378816355783329e-11
4.829726840682724287e-09
1.633403412526490683e-10
2.270300891726861892e-10
1.943750368993413247e-11
5.368177430353782142e-11
1.497192925192791790e-09
1.810248617672982618e-10
1.525932852297628983e-10
3.028023318196737534e-11
3.867320005901397906e-11
6.755422332638261196e-10
5.489710908079814544e-10
9.872887229978033474e-12
1.754569059486676963e-11
3.961523817319623220e-11
2.026492168516469405e-11
1.229988749740229537e-10
4.887736881897808416e-10
2.372276541873219458e-10
7.551224645574450278e-10
7.741850494014101969e-10
3.171657164333097079e-12
2.900056028654063311e-10
2.580434650678586905e-11
9.843428155908995336e-11
3.747420429522918539e-11
4.087541069508482394e-11
9.063159250866092975e-11
2.748348215675378015e-10
9.324264277354998853e-11
1.598557730631000595e-09
3.619820762579273321e-11
1.202949823086996162e-10
6.681913355954804956e-11
3.720109290061834884e-11
6.934117280366081104e-09
8.811281565490602929e-11
1.409355410153523280e-10
7.846633932884206075e-12
2.924775699408854734e-10
5.979674394529510550e-11
1.319044179437511843e-10
2.202886345559207371e-10
4.671627668040301273e-11
7.453079819974561815e-10
1.732299546863824702e-11
3.708844342753536694e-11
3.625785782723767170e-10
5.487757383931812782e-12
3.913996557414201050e-11
3.671822568218630067e-10
1.488211637257208508e-11
9.057478655982720284e-10
1.610854921674231832e-10
7.291487552629760671e-11
7.491900155809361195e-11
7.959109933619590294e-12
6.242213690388354053e-11
1.271496016114204153e-11
4.443829471068028170e-10
3.285149041687418503e-09
7.878359631341425029e-10
5.656530799313941316e-11
8.402156748132938446e-11
9.260352901163670936e-11
3.846660403400425920e-12
1.048637218725723130e-10
9.197046336312242332e-13
4.749503308004721092e-12
2.304859948731863284e-11
4.300029429749052667e-11
1.579104624838123527e-10
5.586451787276125458e-11
3.083417077220929059e-09
1.006290970689827091e-11
5.580528227022707455e-12
5.933898511445434565e-11
3.084249175500097806e-11
1.279576306023599841e-10
5.510586986723353675e-10
9.249378485343129341e-10
1.009376176391851843e-11
6.731157731892922769e-12
2.355934024256267634e-11
1.316563247311108853e-10
5.231106867120693948e-11
3.032333282040888811e-12
1.327187942878893523e-10
2.094093648485895187e-10
1.061366099175398148e-11
1.829607576553371473e-10
5.906046207648785185e-10
1.182509212077631489e-11
2.834341095159231827e-10
2.115132097246785747e-10
2.744785787545112044e-10
1.639704691469567877e-11
1.582203951189242730e-10
2.179689241599280791e-11
1.727053916544818435e-11
1.930576587483301410e-09
6.575096023198057082e-11
1.119516479519688801e-09
7.917110543542715817e-12
3.745045940029001486e-12
3.440201899393424689e-12
8.876443330363414930e-11
3.218965649587346434e-10
5.010727509996426576e-12
7.277943803174480308e-10
2.847675047157327555e-11
7.787435141182186271e-10
9.653918289775909045e-12
1.816799315157435757e-11
1.163612886601050889e-10
1.894112644507117693e-10
1.470445154527766363e-10
1.177201114366255297e-10
4.302931275179666670e-12
5.324364538671078062e-13
1.005377638779725302e-11
3.181838473254039457e-11
4.258233002318867477e-11
1.129583926395838489e-10
3.718364158245002216e-11
9.447861243350175187e-11
3.084102417894030168e-11
1.451938829583054869e-11
1.302794400137585740e-10
8.305340790104587256e-12
1.064462337718730112e-10
1.330350152956016885e-11
6.065863783488723016e-11
1.060472196168227299e-10
3.591377195633072006e-11
2.515945568201671811e-12
1.821678051461272929e-11
3.120736655204403576e-11
4.323550198415126999e-11
7.314261696311774585e-11
1.755974565753604111e-08
8.984005900325442440e-11
1.358884255120429430e-10
1.891265366538164017e-09
2.009410693393220981e-11
2.165245344132316063e-10
1.529314695714045769e-11
2.442584502715394734e-11
2.018967892175593803e-12
8.376457860670427635e-11
1.848330793974284347e-10
3.520476271612338337e-11
2.815735145045294985e-10
3.151840984386145017e-12
5.259589985762147535e-11
2.013497563124744261e-10
3.833440075790006674e-12
1.363622686989529598e-10
1.734935112240876265e-11
2.340438676196043843e-10
1.916862849005163127e-11
4.945509973763861922e-11
2.208764005029451027e-10
7.159282281593570829e-12
7.853555306081005938e-11
1.413778955017264138e-10
2.712108142233216057e-11
3.420065966541763203e-11
1.123988235818274006e-09
1.310624699046858410e-11
1.976100533207514331e-11
3.808299856022934193e-11
1.505715552241326805e-09
5.740908443074843603e-11
1.823549089507991994e-10
1.228804558106588729e-10
6.547588859984188048e-11
1.304569785531839443e-10
4.791085583821796945e-11
1.605930319281689833e-11
1.702937513226032706e-10
8.308134041845605111e-11
6.527849094606352764e-11
2.257682929496240831e-10
7.057279066691179992e-11
2.443504010241071001e-10
1.509899288931748629e-10
1.730867116300771613e-10
2.357243289452526369e-10
2.493990569618631525e-09
6.505587735183837594e-11
1.210305189403015902e-10
2.766661622022326128e-10
9.424930974555323360e-11
3.450219832057399572e-10
1.567439754379673644e-11
9.528320493723541063e-11
3.502797010779268305e-13
1.037975122519796400e-10
3.322207743280958248e-12
3.573268417267350117e-12
7.318685241175515444e-11
5.703514049937297159e-12
1.451569309196543145e-09
2.482395122793690234e-10
9.136913448060113296e-10
1.341102229268642532e-10
5.237126704527028664e-11
2.971172266552635222e-11
3.606026588443000946e-10
2.237914437097643372e-10
1.072252564515707718e-10
5.430450533694397564e-11
9.852683773015069590e-12
3.175829738077950992e-11
1.724114948031818528e-11
7.456929518312449545e-11
5.000636189855800495e-12
2.282179445423082598e-10
1.705492413961451348e-10
4.185663621258939315e-11
6.258952384152749460e-11
1.002496349822301624e-10
1.005990082902918914e-10
1.028857554707940380e-09
2.677880972523638548e-10
2.534108339835583479e-11
4.645469078856656608e-11
6.510329081388377404e-11
4.248179499150017691e-12
8.956438889151652205e-12
6.446283611072356479e-12
2.150189921945599991e-11
2.526091532131791162e-12
3.786910368619444966e-11
1.923877203380275347e-11
5.174516370942683352e-10
1.832142909607981096e-10
3.807254164711615374e-11
1.272825768394714174e-11
1.301435174905218872e-11
1.489275258670375024e-09
6.409237029991743384e-11
2.726684711351623491e-10
2.913387933678457387e-11
3.483899280176672164e-10
7.153561227823956870e-07
1.746633115917717305e-10
5.177023809643799268e-10
1.515433889487383112e-09
2.187127041974878949e-11
1.989351738895805966e-11
4.495234462442709855e-10
9.411176282725364217e-10
5.008847850374031907e-11
1.106078492685291792e-10
1.676679906026379285e-10
5.290057281115423393e-10
1.771665973648861581e-11
4.021911276241851851e-12
2.196081788641279786e-10
2.885119400330982131e-11
2.957608116749277372e-11
8.463889311638439494e-11
1.932841525720263576e-10
2.112072322590918816e-10
9.526244376667492020e-12
4.825682076159409917e-10
1.499926745307522680e-11
2.142232051471903986e-11
9.325878611021742870e-12
2.474510318872802372e-10
3.889423505487599186e-11
2.992373276250459568e-12
3.175479879047315990e-10
1.770931179478907325e-09
6.195329249614189848e-10
1.104536861279425963e-11
2.329018488483880489e-12
1.539248506432500108e-09
5.420467963368480468e-10
1.625970365293216702e-11
4.305051454212005524e-11
3.482716615099690216e-10
5.665654750908188930e-11
8.402668838503046800e-11
4.213972573663404830e-11
1.515933351070586355e-10
4.276948517567547015e-10
1.089534452242135742e-11
4.191743480097542829e-11
7.551836760100183454e-12
1.381184194793050324e-10
4.859399341250458804e-12
1.432484353358631779e-09
4.903839920938901642e-12
3.938084233712224602e-12
8.041867172181582646e-11
3.579725404989630988e-10
9.611476545212660483e-12
1.350865974636406008e-09
6.319599791387853216e-12
8.354231889606822392e-11
1.915961000964472305e-10
1.069854205226761223e-10
7.817586578084956273e-10
6.827487793875652855e-12
2.142236041335898733e-11
1.538049548832631785e-11
1.825550127732000760e-10
1.760987050625217876e-10
2.933060461174363809e-10
7.709461957716712277e-10
3.099866197064926610e-11
2.311699720536353198e-09
1.585790943003928533e-09
5.680053649648186820e-12
2.901393361676163352e-11
1.144322267151998140e-12
1.521489184641566794e-10
1.025897509304707356e-11
6.261949986319237382e-11
1.588601646063114714e-11
2.864813768155283213e-11
5.327671984134418892e-11
9.553524638050703288e-11
3.410531024261587163e-10
3.886425469640242270e-12
2.530099740827296273e-11
4.572104500555340678e-11
1.260726245622123542e-10
6.969858717953414384e-11
2.160220093083697890e-11
1.148623196556286530e-09
1.344746276138453212e-11
1.443128602729437659e-11
3.315115126856227334e-10
2.881107019625517296e-10
3.251365843226494690e-11
1.191082232843143629e-10
5.077662942887251063e-11
5.255902935097367390e-10
1.650262565489057920e-11
2.768747175974084485e-10
4.679508950472532902e-12
2.124889153520825857e-10
3.559163033739487503e-11
2.299524806681496614e-11
3.560964023652246624e-10
2.373773226593822727e-11
3.435735029810871310e-09
1.288886011807655052e-11
3.386293329077361136e-11
7.660694301137027651e-10
6.424723530962239693e-10
1.521008208271723561e-09
7.674379187694313487e-11
4.530505831601416844e-11
8.633870701713064477e-11
1.112315309304001687e-10
4.416593132883228634e-11
1.340204613953233093e-10
5.540712853802087778e-12
6.974016416444461797e-12
2.825224776348278510e-10
6.290203358183532600e-10
1.268253557729082104e-10
1.343613831306100792e-10
3.289057914912518754e-11
1.228832591237960514e-10
3.444289298215608142e-10
1.994847065311944334e-10
2.363161749618925001e-11
4.418277896323097309e-11
1.043205036244110318e-10
7.173686557976344247e-13
1.136868030271465102e-10
1.907996399763689510e-10
7.499873118377298198e-12
4.156246458109080777e-10
5.726077164508458495e-12
2.195888262890299814e-11
5.380406536970028242e-11
1.064592303201550294e-10
1.533706565611317463e-13
4.546268916882922895e-11
2.836199504419045780e-11
1.803080254547673178e-11
2.068347160211203573e-10
1.910373248481533892e-11
3.086581268352261986e-10
1.365198926128741164e-11
4.391751285554024165e-12
4.477192054597178839e-12
5.182869411424206874e-11
9.427237879222616357e-10
2.442505399324890192e-11
4.787724036670049088e-11
3.304969631301446498e-10
2.422665713874838644e-11
2.427578103814109767e-11
2.929849071686696504e-11
8.421875002939671617e-11
1.534814289549935040e-11
2.362814804923729639e-11
4.623782693530253951e-12
3.965969219699161386e-11
3.599821274402614790e-10
5.742792005825059221e-11
8.938079443243651667e-11
1.572247221304223785e-09
1.412263361810772722e-11
7.485843889210030966e-11
9.000475920117878559e-10
6.257246110141778672e-11
1.897813017848193340e-09
2.867047266263966776e-09
3.467795772760240425e-10
3.439910023494974212e-10
4.261897779134216080e-11
2.241776209110923901e-10
1.460786179519057981e-11
3.360838690680267860e-11
1.238142088855198608e-10
1.267137683669261605e-08
8.634545856089914651e-11
8.681176437430604409e-12
2.085396438866737867e-10
9.525027468149094290e-12
2.978434859857159722e-11
3.243531832008983429e-10
1.815151362549727310e-10
4.549252988206298198e-11
7.527321821410026814e-11
1.650209968673266303e-10
3.352432220715684252e-11
4.150968110905317587e-11
1.927520816569217033e-11
1.041937803397674500e-11
2.820888661547726883e-11
2.090888850947436595e-10
1.094299997839165428e-10
3.450838781393628096e-10
8.746926793978815340e-12
4.529641592365685199e-11
1.610798647244671145e-11
2.648760768012015099e-12
1.208335514979452796e-10
1.817320849362147328e-09
4.882143994633381112e-11
3.100658618748752815e-11
1.790089777797820858e-11
3.962583594585566971e-10
1.817412713378541156e-11
1.097103297098556141e-09
8.093087831839707036e-12
2.835658791111583810e-11
1.269459906118319825e-12
1.937155852393956934e-10
1.700107415958385104e-10
4.163057485545573755e-12
4.248935578377022182e-11
7.506704285953347267e-11
1.303015612075242302e-10
1.110396913306388456e-10
5.097594568681529381e-11
9.778228574064407042e-12
3.377422256797824041e-12
3.174551940765546476e-11
1.105036825932437239e-10
6.916423683778205600e-11
1.971388330357370933e-10
7.462359723209299744e-12
1.834010027179644453e-10
4.267707576222079524e-10
7.554491060490775567e-11
7.771088661456815316e-09
1.124892540227406812e-10
2.073306977490307901e-11
3.724731287291227488e-11
3.166120794359517099e-12
5.028212221591665809e-11
1.711795288850126440e-10
5.032971261975660582e-11
5.120878721065480477e-10
7.615131615568149215e-12
1.423736302463840531e-11
2.633201816315544619e-11
1.254736647915422054e-09
7.814004998607515518e-11
2.840189194941444839e-11
2.481103988927202408e-09
1.637564667200663848e-10
2.873856708163202711e-10
1.079308933893408096e-10
1.342798441883452654e-11
1.010472261420147788e-11
1.332803659104264682e-11
9.094432151801612463e-11
1.116989920696420668e-11
4.710448611028317245e-12
9.038362058788607101e-09
9.486029149685659689e-12
4.314677781724896022e-11
2.042943245128547858e-11
1.596502444134451082e-11
6.386077083808672228e-11
6.582445959829597015e-12
9.376859011478444472e-11
7.888182551596401026e-09
1.389450967476113519e-11
9.126057548547450438e-11
1.432939010503897492e-11
9.580142235066091416e-12
5.180883153044213429e-11
2.245195418471013227e-10
3.050796282266787784e-10
1.003651953213058334e-10
1.024423740281221740e-10
4.977761605684527524e-11
2.336532523017353924e-09
4.969430249246453712e-12
1.199242441463077569e-11
1.729592337407215297e-11
1.240411884317893509e-09
2.267833837388266716e-10
7.712399469061992363e-11
3.620452826424980231e-09
1.006245364809643661e-10
2.232240087218784197e-10
6.965446969209310168e-11
2.242425169163286824e-11
6.980364203323929928e-12
1.576883484899482823e-10
3.320245814397715378e-11
2.453585598582996852e-11
2.485383426842346921e-11
1.677965058566321943e-11
1.057427843204061801e-11
5.060411725071878308e-12
5.487030829698369416e-10
7.613262797967479401e-11
1.865810839163373203e-10
1.860381015905687718e-10
2.099485918449772726e-09
9.797452562784747521e-13
2.254078479424492798e-09
3.644527180046708281e-10
3.158854081086737153e-11
1.589305631544135622e-10
1.280836270378671315e-10
2.728282044728302935e-10
5.190464811427597525e-12
1.344921535251231148e-10
1.480806033349324480e-09
8.806589138488085666e-12
4.562193678392389984e-10
3.732910161535762938e-11
2.008569977007823582e-09
5.143181525113504904e-08
9.139009549130605592e-09
7.847869021304632042e-10
1.874475019647547924e-10
2.313302847889442404e-11
1.313224529120304851e-11
3.316872124181635684e-11
3.481298365901053238e-12
1.448827585681655705e-10
2.490951611644476316e-10
2.401810972330054028e-10
2.347289829174314946e-08
1.373052088693427208e-10
