4.468119207956533501e-09
4.345717119491609992e-09
2.252590824980416073e-08
5.889410559234420361e-08
2.493833228811581648e-08
2.182845548759360099e-07
2.553638864810636733e-07
6.279097419792378787e-07
1.753438141349761281e-06
2.724968624079338042e-07
4.808456210980693868e-08
1.628060353198179655e-08
4.362753003306352184e-08
1.366728156426688656e-06
8.267881526080600452e-07
2.651361228345194831e-07
1.102556623777672939e-07
8.058253229137335438e-07
1.421741899321204983e-06
6.045713263347352040e-08
5.968220193608431146e-07
4.015380739019747125e-07
5.113383849675301462e-08
5.384566975408233702e-05
2.667611056494934019e-07
1.013689132633999179e-08
2.124569853378943662e-08
5.839083105918518868e-10
1.991182330129959155e-09
1.485393568145809695e-07
3.514776381052797660e-08
8.865685963144187554e-09
4.123282337786804419e-08
2.701536949700766854e-08
1.580455233352040523e-08
6.629035453897813568e-08
8.060317213676171377e-08
3.989216068589485076e-09
7.572045768178270464e-10
1.317071820494675194e-07
6.346638770082790870e-09
2.564485512834835390e-08
4.623356275601508969e-08
2.363043449804536067e-07
7.390890122138671359e-09
3.625821776154225518e-08
1.635739188543539058e-08
6.694854448596743168e-08
4.647234561616642168e-07
1.663988768996205181e-07
5.473109609965831623e-08
1.188686553632578580e-07
2.750534244810864948e-09
3.975672679956687716e-09
8.106319171474751784e-09
7.318366357367267483e-09
2.969451129430922265e-09
2.201004711821497040e-09
6.626818649380084025e-09
7.763927278858773207e-09
1.390289217084728079e-09
2.770279650121665327e-08
8.041030952199434978e-08
1.292624318693924579e-08
8.320744093737175717e-09
1.510856328934551129e-08
1.553992134972759231e-08
3.503035417296018750e-09
9.965638980702351546e-09
4.090203731266228715e-08
1.850062325559065357e-09
8.933004558286938845e-09
1.701174312529474264e-09
2.640812679644000127e-09
2.367046558759966501e-09
7.341350638512267324e-09
1.253500556686049094e-07
2.747929528368331376e-08
1.372151903211715762e-08
1.067786969954909182e-09
1.676261604188766796e-06
5.514226231184693461e-08
4.213427757804311113e-07
1.673207883357008541e-08
1.791535169104463421e-07
5.215216788201360032e-06
4.426170221449865494e-07
4.282524912468943512e-08
4.206117125704622595e-07
1.641033691157645080e-07
6.970383026327908738e-08
2.721652094805904198e-07
3.531481596041885496e-08
4.548307060758816078e-06
1.981647024251742550e-08
2.356978612283455732e-08
1.409995036283362424e-07
6.204425773148614098e-08
8.802158446563623784e-10
5.931153879146222607e-08
5.324191931777022546e-08
3.147320603602565825e-05
3.053173998068814399e-07
5.311343898029008415e-07
2.681682417460251600e-06
4.183374358035507612e-07
5.390863407228607684e-06
2.686295630383028765e-09
1.738265353878887254e-08
1.424145779083119123e-07
1.158866691497451029e-08
3.229548850569585738e-09
1.477457178822305650e-08
2.361190354349673726e-08
3.371409107444378606e-08
1.989694986548329325e-08
1.716743014412713819e-08
8.817500063429406509e-10
5.026967286880790198e-09
2.718268099499709933e-08
3.612299082078607171e-08
3.848161345132439237e-09
2.366094209449443042e-09
3.857267927287466591e-08
1.120416044386729482e-07
1.860229126293688751e-08
2.966469558884909929e-08
1.983511133119009173e-08
4.508044355588936014e-07
4.239853801379922515e-09
4.536724773629430274e-09
7.952357350404781755e-07
1.728248477661509241e-08
1.642250779809728556e-08
6.562697763001779094e-08
2.577988311713852454e-07
1.113628741222782992e-06
4.133382844884181395e-07
1.922737027371113072e-07
7.746857377810556500e-09
5.795679047793100835e-09
3.031150219712230864e-09
1.317254483268470722e-08
2.094023585641480167e-07
2.804309140458371985e-08
1.920297336255316623e-06
2.659762913026497699e-06
1.244865188709809445e-08
3.011541593878064305e-08
2.310577428943361156e-06
6.292860916801146232e-07
5.890152010579186026e-08
2.333863102776945198e-09
2.801009424402423065e-09
3.614194454826247238e-08
8.566668263654264592e-09
1.957980222400124148e-09
1.339857380600051329e-08
3.867151932013257465e-09
4.215945637042750604e-08
5.606577957451008842e-08
1.606124833131161722e-08
4.725833946395141538e-08
2.098729794397513615e-07
4.328933655983746576e-08
1.211740681128503638e-07
7.763530618376535131e-08
2.306203050750355033e-08
3.126911707340696012e-08
3.555974847913034864e-09
2.268518173309530539e-08
3.420284500066372857e-08
2.631406559316928906e-08
1.149515060916428411e-08
2.998793746655792347e-08
2.164246115654577807e-09
9.065720618650630058e-09
2.715868774316732015e-08
2.909492557989779016e-08
3.568842657841742039e-06
1.267507968805148266e-06
1.042986497168385540e-08
9.934291256286087446e-08
6.417732834052003454e-08
3.277638072063382424e-08
1.235399071930487480e-08
2.864308257244374545e-08
9.075738383046427771e-09
1.263663662598446535e-08
2.912235252949813002e-08
9.975946291262971499e-09
4.830251043586031301e-08
9.227830588542929036e-08
1.566272800346268923e-08
2.062163240168501943e-08
1.385338066484109731e-07
6.173556243993516546e-08
1.355010226689046249e-06
3.791583935708331410e-07
1.070337361852580216e-06
1.193169918423109266e-08
4.018173349606968259e-09
1.976731844877122057e-08
2.501187035264251790e-09
3.557718342150906210e-09
1.425145114808401559e-06
6.854844514236901887e-07
2.779413366127414520e-09
2.717258951179246651e-07
7.539498625419582822e-08
8.056597522454467253e-08
2.188973269312555203e-08
8.032994713857988245e-09
1.502333191183424788e-08
3.529719379002926871e-07
4.363291505882216370e-09
5.145785575422223701e-09
2.486665806600285578e-08
5.030822869400708441e-09
3.946203008808879531e-08
5.034664951608647243e-08
2.031961798820702825e-07
1.437561358841321635e-08
7.994391921783972066e-07
1.642086431274947245e-06
1.393990771703101927e-07
8.030333020769830910e-08
2.822496583121392177e-07
2.279265487459269934e-08
1.004157823558671225e-08
3.163612261047887841e-09
3.532519343707463122e-08
1.979308628108356061e-08
5.432509624370140955e-07
3.248202915528963786e-07
1.065682084799846052e-07
5.574503703087430040e-08
6.044226807944141910e-08
6.957937159768334823e-08
2.864903869692625449e-08
1.540822154311172199e-07
4.922044283262039244e-08
5.163965397514402866e-07
4.241718443154240958e-07
4.653332439374935348e-07
6.631580617977306247e-07
3.396907288788497681e-07
9.763327923906217620e-09
2.203445204074228059e-09
1.305578312127408935e-08
2.814096955461309335e-09
2.876219484804209969e-09
2.143692086065129843e-07
1.933163140677152114e-08
1.692132940434021293e-07
1.144042940381950757e-07
1.415369979440583847e-06
7.414723945942114369e-09
9.271964307444591213e-10
5.971018168793307268e-08
3.627801561378873885e-07
5.919987700053752633e-08
2.115230728350070422e-07
6.133693997156797195e-09
2.172017410373427992e-08
4.117105589784841868e-08
6.635891480755162775e-08
7.964896440171287395e-07
3.658300784081802703e-06
5.758386691923078615e-07
4.462014757677934540e-08
4.813524014934955630e-07
6.637942107090566424e-08
8.450814448224264197e-08
5.361461603570205625e-07
3.960820777137996629e-06
8.221582902478985488e-06
5.391844837276948965e-08
2.450747729199065361e-07
8.084768410299147945e-08
1.198403793978286558e-07
4.355234839437116534e-09
7.248145195148936182e-09
5.782572642942795937e-09
1.441270569557673298e-08
1.436774699214993234e-08
8.037711268116254359e-06
3.463161988292995375e-07
1.376883460579847451e-07
2.043974944854198839e-07
7.122192528186133131e-06
3.965144514950225130e-06
5.154166871079723933e-08
1.434525813692744123e-07
3.639501301222480834e-05
4.884640220552682877e-04
4.377262428079120582e-07
2.203746989835053682e-04
3.402530865059816279e-06
1.229864778906630818e-06
2.481064687032130678e-09
6.582940859090058439e-09
2.617076333422119205e-08
1.943177529994954966e-08
4.396322861310864027e-09
1.564843188361919601e-07
3.361508049692929490e-08
9.796946898177338880e-08
2.003877952461152745e-08
6.096653493159465143e-08
7.089961684414447518e-08
5.295780702851971000e-09
1.810839833638056007e-08
9.067173678545259463e-09
9.252535626558255899e-09
3.651129176773793006e-09
1.189248255428765333e-08
2.402268606260804518e-09
4.192712843575918669e-09
1.539717353615799311e-09
2.031357304588254920e-09
1.517108216830820311e-08
2.200750799374873168e-07
1.857104914293472575e-09
1.526629134218637773e-08
5.377986500576525941e-09
1.672754734727277537e-08
1.079004707804642749e-08
6.115318473831621304e-09
3.434476525399077218e-08
1.024455826836856431e-07
2.651940178566292161e-07
4.983864698715478880e-08
5.963040194956192863e-08
2.491248096703202464e-07
7.599388709422782995e-07
4.030468517157714814e-06
5.467627488542348146e-06
3.137697319743892876e-07
1.558138151835919416e-08
1.057655154568237776e-07
7.190269534476101398e-04
5.100040580146014690e-04
2.467225131113082170e-04
1.566986247780732810e-05
2.234369821962900460e-05
7.305878534680232406e-05
1.356781227514147758e-03
1.823232560127507895e-05
1.253724167327163741e-05
8.910284122976008803e-06
4.475029413697484415e-08
1.971337155737273861e-07
2.008099215800029924e-07
1.203034003083303105e-06
4.962948878528550267e-06
4.505255049025436165e-07
4.934146545565454289e-06
2.498138371720415307e-07
2.361113615734211635e-08
8.564981726522091776e-06
2.170544206592239789e-07
6.317517545539885759e-06
3.566269128896237817e-07
3.444017920628539287e-06
4.725474282167851925e-04
9.617575407028198242e-01
3.096389025449752808e-02
2.249187855341006070e-05
9.025036124512553215e-04
4.259240231476724148e-04
1.069087811629287899e-04
6.008353666402399540e-04
3.966621443396434188e-05
2.317623329872731119e-05
2.683044658624567091e-05
5.897290520806564018e-06
9.787399903871119022e-07
8.184088073903694749e-06
5.712711717933416367e-04
2.506622331566177309e-05
3.694358383654616773e-05
2.600889956738683395e-07
4.493437586461368483e-07
1.000213387669646181e-06
5.585359758697450161e-06
1.806639716050995048e-06
5.811137384625908453e-07
2.005269016081001610e-05
2.136638199701224039e-09
7.219797453217324801e-07
4.709670875513438659e-09
3.482817589883779874e-08
5.459479979208481382e-09
2.640672924769660312e-08
3.030059403386076156e-08
2.213619154645130038e-08
9.010199875092439470e-08
1.200027743841758365e-09
3.302731865773012032e-09
2.292566803063778025e-09
9.627521002641969972e-09
2.475321725370349668e-09
2.425019962615238001e-09
7.948250946299140196e-10
2.058778481028866736e-09
4.027255751104519277e-10
9.502800768501629136e-10
1.895673618079740663e-09
2.298074397444338501e-09
3.077451404820408243e-09
2.793789088961773359e-10
7.826909786956548487e-09
1.679022965106469201e-08
2.159483480923540810e-09
5.583109086160220613e-09
1.751216283096823645e-09
5.328230079371110151e-10
2.947572463884995386e-10
4.681843357445814036e-09
8.393254091743074241e-09
4.919920915114062154e-09
2.655358821712638928e-09
8.162312603587906779e-09
1.409200649504782632e-07
1.378226688331096739e-08
1.175565200739470129e-09
3.754927035970467841e-09
6.493580428923451109e-08
4.072608916771969234e-09
1.597651344553696617e-09
4.121666341561081026e-10
2.273681687370299187e-08
1.197140875319746556e-08
1.470577526418992420e-08
2.679046495757120283e-08
1.009093586468168269e-09
2.764878104244417045e-09
4.787348850676664824e-10
4.960336141834886803e-08
8.805013385071447374e-10
5.409051540006259984e-10
6.441224886799545857e-09
7.123761025518149381e-10
8.275036655902567873e-09
1.828554729854658945e-08
1.138213079343586287e-09
3.195854603177394893e-08
1.552398209980765387e-08
1.348941736090125687e-09
1.602794341692970193e-09
3.592314778977367951e-10
3.254623903714559674e-09
5.502359123887856640e-10
2.295686751807579640e-09
5.682602166601213867e-10
9.668115197314364195e-09
2.349908889698326675e-08
7.493992626450562966e-08
1.259776505335707952e-09
6.310616473825803041e-10
1.631305401872396033e-08
7.410638325211493793e-09
2.997552783767787332e-08
9.132238298903416762e-10
1.414409700473129305e-09
1.049294748312057379e-10
1.243225522529201044e-08
6.411941200212822878e-09
6.770219584950609715e-08
1.823472262074687933e-09
7.271161450717045227e-08
1.418284334420150117e-08
3.237225487673356383e-10
8.115679683839971403e-09
4.518874163750297157e-09
1.500061186376910882e-10
3.244222390730300276e-10
2.025283496465135613e-09
7.777781196871558222e-10
1.182282449718741191e-08
1.789520087669416171e-09
8.030681009074669419e-09
1.645615377299236570e-08
7.032713855714689544e-10
1.756183420908996595e-09
5.618522092021294156e-09
1.001630867136782399e-08
2.686845412824823143e-08
4.575458234512552735e-08
1.012047068371657588e-08
2.289950096212578501e-08
4.772114925444270739e-10
3.734474188221703628e-11
1.034964114410286129e-09
1.555072598469209311e-10
5.480437770266632924e-10
5.371999289849327397e-09
8.266580309168602980e-09
3.322064623390019733e-09
2.726993955093348632e-07
6.687295606155885253e-09
1.315862530049116685e-09
2.297923934468926177e-10
2.344727523251322054e-09
1.676187078025748178e-09
1.354089618210707613e-09
1.437604479903598076e-09
2.965087730899540475e-09
6.115502548809104155e-10
2.280537009236027757e-10
1.252139503193916426e-09
1.547041383886949006e-09
6.062145274654540117e-08
1.258916637603135769e-09
5.795715551926150511e-08
6.512141381698199893e-10
5.609495534741881784e-09
6.857393763937125186e-09
1.689298145812756502e-09
1.489043471858408907e-10
1.628621570937127672e-09
1.687012085582750842e-09
5.836335414954874068e-09
1.064003907202959454e-08
3.656516422978484115e-09
2.683022415350677647e-10
1.945865468755414440e-09
4.097893580023992399e-09
8.238024151729916866e-10
4.210019555195287921e-10
5.060481478302847336e-10
2.799922099727680802e-11
4.876763992633925682e-10
6.191037682512501306e-10
5.898634358736387640e-10
1.088294898643482611e-09
2.360518225330565656e-09
6.275821640144840785e-09
3.049207331073944260e-09
1.051312592537101409e-09
4.488721838669107456e-09
5.257405621961197539e-09
3.871616804929089994e-09
1.332306531764970714e-08
9.529505184957542951e-09
8.519251082361734007e-09
2.213270677842160694e-10
1.292838169852927876e-09
8.201682111241836992e-10
3.528071446101677111e-10
2.079358907280948188e-09
3.271673421068044263e-08
1.075663003113902505e-09
1.974062163734302544e-10
7.711608240867917630e-09
9.426620595220924770e-10
6.101509852918240995e-10
6.582115474884631112e-08
2.135777388279080924e-10
2.062146675640974536e-09
6.871321289736442850e-10
8.329784151328567532e-08
4.647400242419053029e-10
1.057209805810366277e-10
1.171478025696615077e-09
3.651681268479478604e-08
1.838240337725949303e-09
3.835200956814333040e-08
8.984163635261666059e-09
1.081543210545987677e-08
2.982307512056081578e-09
1.851241382411217273e-09
2.670637266888320482e-09
9.018840674279715586e-10
8.715421162541758804e-10
1.400186189215446575e-09
3.732939735101581391e-09
1.418270167974355900e-09
1.608981503586903727e-09
1.051182785261062236e-08
1.500702784262841760e-09
3.080910859765140231e-09
2.165460033509702953e-09
9.331118100419644179e-09
1.822339790180649288e-08
1.579144459640247078e-08
2.448444114122594328e-09
4.469037084842142349e-10
2.635183626864545658e-08
1.074201172457378561e-09
8.701424469848006993e-09
2.278280758494233282e-10
4.403861098012384900e-08
1.767319290912894303e-09
5.679311243511619978e-09
1.679455330361179222e-08
1.231690416325648130e-09
2.156742118231136374e-09
1.068127541969943195e-08
1.997505449935488286e-08
1.967991769546983960e-09
8.229119607960910798e-10
2.616881644712520938e-08
9.511778031878748152e-10
1.928080362034734208e-09
6.972999067045293486e-09
1.428390739022233902e-09
5.186282958646870611e-09
2.755145800392710953e-08
4.579018053618710837e-09
1.592667664418456752e-09
3.313464613796668345e-09
9.500934483597234248e-10
5.127630764434343291e-09
7.509466937172248890e-10
2.824293510172992683e-08
2.616436178826120340e-09
3.693167105467409783e-09
3.411947113729496550e-10
7.909973231967626361e-10
2.393620945895236218e-08
1.575368813178101846e-08
1.439179220241726398e-09
1.063463761497018822e-09
3.018255090303512134e-10
1.838050822655645788e-09
5.122115509514912901e-10
1.864277399121760936e-09
7.293141091047061764e-10
1.888668554883565776e-09
9.043369386674271482e-10
2.087856820764955046e-08
7.489445508213066205e-09
2.041690549958730116e-08
4.192094726906958613e-10
1.507499125530387118e-09
6.225438831108931481e-09
5.188279250667449105e-10
2.135375209988410461e-09
4.486040983131545090e-10
3.986498631203261311e-10
3.222036415451157154e-09
3.080677402067522053e-08
1.780762759473475398e-09
5.361640464940364836e-09
2.920705677311730142e-09
2.308044450005652948e-10
4.440581236053731118e-10
2.031952277548043639e-07
3.319399866086314432e-08
3.611096421884951724e-10
1.773290136952709872e-08
5.665994962100739940e-08
4.222421967625678008e-09
7.277841662656214794e-10
1.536935800849903444e-09
4.229346206585660184e-09
2.832780054973227379e-08
2.203075499807027882e-09
7.551608782740970582e-10
1.903913693368508575e-09
6.356908888172085881e-10
3.700168837994510795e-09
6.040638655946395374e-09
1.925643644540286914e-09
4.374084738856254262e-08
2.646606267475704044e-09
3.030768747080969661e-09
1.369695912245560976e-09
3.969103268275375740e-09
6.829525833751404207e-09
9.693074121130962340e-10
7.256439893410515651e-10
4.204839498811452358e-08
2.113180075369314181e-09
4.846890533372061327e-08
6.816226250094814532e-09
7.392511047754624087e-09
2.948524091550552839e-09
3.687311123101721932e-09
6.654402029404593577e-10
1.169897689834442644e-08
6.631067250850719574e-09
5.856597429243493025e-09
1.677735173011285497e-09
4.392087527005372749e-10
1.903168317385350861e-10
4.790100316398593350e-09
4.383149954101384083e-10
1.410737553442231729e-07
6.027506938011129023e-09
1.131317373115336977e-09
1.199611787683352304e-08
2.746073368697921069e-09
1.434214613738049593e-08
1.741270794219929030e-09
2.209028099331433737e-10
2.736510351653009820e-09
1.695322104922070139e-08
9.780232623768370104e-09
7.783015898432665836e-11
2.941227705832716310e-09
4.831308686448210210e-09
1.619669909302956512e-08
4.128726249774672397e-09
3.360389189133172749e-10
1.649518210911082861e-08
7.010391822603878609e-09
6.361712268088126621e-10
2.044908908871434505e-09
2.246411279216431467e-09
1.267411620098357616e-09
3.178998730923865423e-10
1.812255567834597514e-09
8.146110985762788914e-08
3.721900654340970505e-08
3.337306875295098507e-09
1.110858627306754443e-09
6.188525247807774576e-09
1.468317689656828406e-09
3.059886566347813641e-09
2.507305696397565953e-09
2.220137129693711131e-10
7.100455223785218095e-10
1.572214181067010941e-08
1.566576646183648336e-09
1.260978543804469609e-09
2.340541982448485214e-08
8.233809467572683616e-11
7.904145604697987437e-08
1.112508840606096783e-08
2.401361554049685765e-09
7.594628925744473236e-09
3.174080553947078442e-09
6.282384390488005010e-09
2.169655149986127185e-10
3.853964258837550005e-09
2.472567217637333670e-08
1.876479061024838302e-08
8.881645641167779104e-09
3.980817009363590842e-09
8.760687730813287999e-10
9.980094972661390784e-09
7.985256011977526214e-09
2.678707922143530595e-09
7.586574701790027575e-10
1.435502938740285117e-09
6.583176226371278972e-10
9.569795622610399732e-09
5.382776446793968717e-10
1.480768396788789687e-09
1.097960722340474149e-09
7.949165770071431325e-09
8.278461471888931555e-09
6.650966444254891030e-09
8.721113609055919369e-09
1.103680147274133105e-09
1.410597527673473905e-09
6.583317446740011292e-09
6.944630981386978874e-10
3.127804903968467443e-09
1.546324512879948543e-09
7.070767527039834022e-09
5.909507549972659035e-08
6.098566096568447392e-10
8.555547381661199324e-09
1.684346551122928304e-09
8.705673515407852392e-09
1.190929799221862595e-09
5.160519123137419228e-09
1.706240482235443778e-09
9.012018686860301386e-09
1.197307142319914419e-09
5.722923801521062614e-10
1.038807351250170541e-08
6.083144654667194118e-08
1.057180232244547824e-09
1.283070871771485599e-09
8.999443856794187013e-09
2.557317413387494298e-10
7.492198528247229206e-10
1.546469796664950991e-08
1.268379712371370260e-08
3.326769526523776221e-09
2.226732798149555492e-09
3.358150024723727256e-08
1.750168721059708332e-08
2.177897723276700503e-10
6.980128142153319004e-10
6.038999855739746181e-10
1.068376143109617260e-08
1.024111462299970299e-08
6.410632913400604593e-09
1.934375548628963770e-09
1.129922644338421378e-08
6.733641644274257487e-09
6.297954380229953131e-10
1.207915767409417640e-09
1.075258992955241411e-09
2.689221623164428365e-10
1.084888179292420318e-08
2.598056436653450874e-09
8.165983444996527396e-10
2.395949216804638127e-09
8.203016044205924118e-09
3.801854386864533808e-10
2.750251137939585533e-09
1.019014295167153250e-08
5.874698949526191427e-09
1.243960268126897972e-09
3.889090827158270258e-09
5.639543942947966571e-09
2.231733242652467197e-09
1.121888359989497985e-09
1.540261607146931055e-08
2.803549747909528378e-08
2.557205280862007157e-10
6.747398195727782877e-09
7.321983019892286393e-09
1.584106890106795618e-08
4.362318062334225033e-09
3.248787905363315076e-09
1.867708432357062520e-09
1.356070100655415445e-08
2.972964763259255960e-09
6.842940103446437661e-10
6.981725197974242292e-10
2.048043068469951322e-09
1.828968865247304620e-09
2.307078617036495416e-08
9.122327199184709912e-11
7.919352285057357221e-09
2.842645452361125535e-09
1.858143860999916797e-08
4.216685667302044749e-08
1.704007068781265843e-08
1.792072623629792361e-08
1.357195689166701413e-08
6.506607252987350876e-09
1.935782734108215664e-08
7.671982160672996542e-09
8.195837786217907706e-09
5.422379434349977601e-09
8.498769688003449119e-09
6.751504688651266406e-09
5.373615996617786550e-10
1.515714131983258994e-08
9.488243968291953934e-09
1.454293396818684414e-08
1.915724965328990947e-07
2.214628480601277261e-08
8.329049450139791588e-09
1.145614536568473341e-08
2.929228803960626237e-10
8.038496090989610821e-09
4.140144671538337207e-09
1.886033551556920429e-09
9.012323110013653604e-10
2.982927460593032265e-09
1.442287178576862061e-09
2.012015443142445292e-09
7.645993171934151178e-09
1.312271624698269079e-08
1.138163696623450960e-08
7.215826158812888025e-09
6.152077069998540537e-09
1.786774506129518159e-09
2.770885965119873617e-09
3.740735221580138159e-10
3.286086736054016910e-09
4.214606719177282912e-10
3.911901025333008874e-09
1.193230736440398232e-09
1.451036846233932920e-09
1.396900550787449902e-08
4.675001008536128211e-08
3.055477648672422220e-09
3.423741734565055594e-09
1.658296500117728556e-09
3.687712135658216539e-09
3.568876305592993958e-10
1.691774498269182914e-09
2.787440278595454402e-09
1.857296316742917952e-09
2.769236506772188022e-10
1.427840512491229674e-09
6.298161991935558035e-09
3.241440671430950715e-09
8.309261723127292498e-09
5.117604118254348577e-10
2.569806811791863765e-09
5.743613362696464719e-10
4.445945556152963718e-10
2.335868998226686699e-11
2.467280380002989659e-09
6.300324262298317990e-09
4.114220353290676258e-10
4.353058802308851227e-09
8.620610891796331998e-09
1.400055293920843269e-09
2.355049932845076910e-09
2.432650880734854582e-08
1.258559478856113856e-08
5.817519355133526915e-09
4.643173900920061214e-10
2.367529949864888295e-09
7.073842844818045705e-09
3.140674387225317332e-10
5.256726254287968914e-08
7.774537458260510903e-09
1.188609459745748609e-07
7.795492962259231717e-08
3.995223707420336723e-09
3.404958537345237346e-10
1.587684428372426737e-09
1.236195679155116522e-08
1.589806686297379201e-08
2.140991162136174353e-09
6.114129202927642837e-09
2.481930883035943225e-09
1.974110261926398380e-07
1.446231912005657705e-09
4.026410871382779533e-10
1.489904866147639950e-09
1.159127016592265136e-09
5.062810171096998602e-09
1.415634415247168931e-10
6.611993175198449535e-10
2.064437865101353964e-08
2.804108611975664189e-10
5.685748760697606485e-09
1.392728377069829548e-09
4.534473352357792919e-10
1.472333588381502523e-09
9.235322506739862547e-10
1.687205042344430694e-09
2.437253421305740630e-08
6.612286718166160426e-09
1.983010866624113078e-09
1.004964467199442879e-08
4.298228972743345366e-08
6.422884002432738271e-09
7.284136405161234507e-09
1.057185201602806046e-07
3.565559580920307781e-08
1.047394704301041202e-07
1.134576521621966094e-08
9.501519571131211706e-09
3.131780612619650128e-09
3.441628981804001342e-09
9.776651488380139199e-09
2.515214703180390643e-08
2.713388447261877445e-08
4.561000910285883947e-09
4.466272329750609060e-08
6.533344532044793596e-09
6.576870248409250053e-08
2.937721035323193064e-07
2.151191669241825366e-09
1.453939468820664160e-10
2.927839304334156623e-09
3.992083608128638161e-10
8.239689486266854601e-10
6.739510061137821140e-10
4.562453970180513352e-09
1.422208795176516105e-09
2.868931203714453204e-10
5.858127760660636341e-09
2.262902087935003692e-10
1.492047196904877637e-08
7.121744260984996799e-08
8.235362258801615098e-08
2.254478914665014599e-07
3.449076402262107877e-08
8.157986286505547469e-09
8.095704551180915587e-09
3.126313874446395857e-09
1.303828267573692301e-09
2.805598420252408687e-08
2.933542653238419007e-08
6.645476169353514706e-09
4.820194590138271451e-07
4.605762171649985248e-08
5.954958481879657484e-08
1.950350325685690223e-09
9.811079948462975153e-09
2.596001813515158574e-08
2.217388583858337370e-08
1.300733920572838542e-08
8.174620980128111114e-09
5.116417867156997090e-08
1.890665179971051657e-09
7.412673994622309692e-07
1.920355607865076308e-08
1.526289139519576565e-07
2.460345172039524186e-08
4.283178611785842804e-08
9.470168294001268805e-08
9.354800489802528318e-09
