5.032432781604256888e-08
8.263802442343148869e-08
2.883221128513469012e-08
1.379869196682648180e-08
8.886249958095504553e-08
9.742531119627528824e-07
3.356221043304685736e-07
9.459477587370201945e-05
5.842423066496849060e-03
2.268116986670065671e-05
5.661773343490494881e-07
7.443162530762492679e-07
1.561461431265342981e-06
4.119332515983842313e-06
2.287220922880806029e-05
1.966536001418717206e-05
2.562553163443226367e-05
1.368949742754921317e-04
1.048788690241053700e-04
1.633832425795844756e-06
8.498015517943713348e-07
7.250768703670473769e-06
5.832858391841000412e-07
4.713501548394560814e-04
7.633571512997150421e-04
1.201920326820982154e-06
1.567880872244131751e-06
1.122016684007576259e-07
1.594527248016675003e-06
3.973682396463118494e-07
2.049877139143063687e-06
3.749984784917614888e-07
6.335600119200535119e-06
4.410934906218244578e-08
2.884757464016729500e-07
3.343673597555607557e-06
6.663445674348622561e-06
8.060674190346617252e-07
2.286290445852046105e-08
7.791992175043560565e-06
2.465847614985250402e-07
1.772963628354773391e-06
2.268827756779501215e-06
6.342080268950667232e-06
1.644203507566999178e-06
9.303216756961774081e-07
1.259434839084860869e-06
1.803709551495558117e-06
2.094203068736533169e-07
6.948659574845805764e-06
1.096276264433981851e-05
4.286433181732718367e-07
2.253758708548048162e-07
7.669721640013449360e-07
1.362983425678976346e-06
4.324821532009082148e-07
2.410361503280000761e-06
7.613323305122321472e-07
1.382907271363364998e-06
1.521318495179002639e-06
1.420511125616030768e-06
6.605161217976274202e-08
4.789634999724512454e-07
5.234417699284676928e-07
1.369251947380689671e-07
3.316990273560804781e-07
5.881493621018307749e-07
4.884944928562617861e-07
8.705665095476433635e-07
3.047750851692399010e-07
1.736932858875661623e-06
2.703069128529023146e-07
4.662240826291963458e-06
3.091381358899525367e-06
3.975803338107652962e-06
1.027672260534018278e-05
8.516562957083806396e-05
5.187287752050906420e-05
3.554737588729039999e-07
2.515175481221376685e-07
1.651894672249909490e-05
2.427288563922047615e-06
6.006121984682977200e-04
6.828051482443697751e-06
2.473567292327061296e-06
3.468770009931176901e-04
1.407173404004424810e-04
5.953615414000523742e-07
2.448966142765129916e-06
2.830978701240383089e-06
5.451132892630994320e-06
1.342439099971670657e-05
2.895501154398516519e-07
6.294100312516093254e-04
2.782146339086466469e-06
4.550647076939640101e-07
9.489281183050479740e-06
1.420746912117465399e-06
3.829588592907384736e-07
2.324175738976919092e-06
8.639491716166958213e-05
4.538845246315759141e-07
3.406725909371743910e-06
8.930210242397151887e-07
1.090863079298287630e-04
5.007952131563797593e-05
3.599561296141473576e-06
8.161795506111957366e-08
2.150304680981207639e-06
6.528990752485697158e-07
3.849056326998834265e-07
2.100169211871616426e-07
6.177059930223549600e-08
4.099435500393155962e-06
1.642799134060624056e-06
1.198716404360311572e-06
2.214276037193485536e-06
5.591066809529365855e-08
5.312682915814548323e-08
9.944116072801989503e-07
1.052400534717889968e-06
5.574540296038321685e-08
3.685903138261892309e-08
2.616493759433069499e-07
2.807079795275058132e-07
2.073485632081428776e-07
2.983456681704410585e-07
1.586032794875791296e-06
2.473476524755824357e-05
2.416181814623996615e-06
1.608453885637572967e-07
1.082581911759916693e-05
1.785824906619382091e-06
3.962721166317351162e-06
6.851299076515715569e-06
3.975123167037963867e-03
8.791853178991004825e-05
1.559335760248359293e-05
6.687439963570795953e-06
7.566455906271585263e-07
7.751024782010063063e-07
3.657107299659401178e-06
1.003963461698731408e-06
8.093902579275891185e-06
7.672062452002137434e-07
8.935062396631110460e-06
8.560645255784038454e-06
2.712575053465116071e-07
5.310798911750680418e-08
2.415573341352228454e-08
5.943682026554597542e-07
1.083874813048169017e-04
3.356976594659499824e-05
4.154223006480606273e-06
4.824741045013070107e-04
5.987317854305729270e-05
3.270572051405906677e-06
2.462698830640874803e-05
9.607626907381927595e-07
6.420406606366668711e-08
8.154000170179642737e-06
2.519713007131940685e-07
1.644647937837362406e-07
4.784585598827106878e-07
4.058912054460961372e-06
8.913482361094793305e-07
6.004554364835712477e-08
1.280811545711912913e-07
3.357908155976474518e-07
1.651232963695292710e-07
5.804253078167675994e-07
1.052990299399425567e-07
8.696159881083076471e-08
7.605801499721565051e-08
1.042974145093467087e-05
4.614262820723524783e-07
1.489282794864266180e-07
4.111494490643963218e-06
1.096561632607517822e-07
1.231123314937576652e-05
6.047968327038688585e-06
9.009362429424072616e-07
1.099802102544344962e-05
3.554958093445748091e-04
7.804832193869515322e-07
2.150610271201003343e-06
8.317209903907496482e-06
7.675168490095529705e-06
1.243609744960849639e-06
2.579286592663265765e-05
2.151477929146494716e-06
1.331677822236088105e-06
1.060040885931812227e-04
3.630045966929174028e-06
7.660207302251365036e-06
4.306985374569194391e-06
3.672543607535772026e-05
4.630467810784466565e-05
2.916430639743339270e-05
1.764683838700875640e-04
6.343335553538054228e-05
1.346919134448398836e-06
5.298973633216519374e-07
4.731251976863859454e-07
2.308185685251373798e-06
2.426348946755751967e-04
8.723978680791333318e-06
6.390904445652267896e-07
2.886257243517320603e-05
2.557147809056914411e-07
1.304029183302191086e-06
1.945961969340714859e-07
1.659687995925196446e-06
1.140199117344309343e-07
5.486951704369857907e-05
1.858114586639203480e-07
3.933747393602970988e-06
2.121061470461427234e-06
3.878213021835108520e-07
4.284386232029646635e-04
4.034188896184787154e-05
7.584792183479294181e-05
9.132076002060784958e-07
7.142819813452661037e-04
3.925652417819947004e-04
1.373049940411874559e-06
3.473461765679530799e-05
6.316583494481164962e-06
2.554765387685620226e-06
3.368653267443733057e-07
1.864415139607444871e-06
3.473821379884611815e-06
7.986600394360721111e-06
4.873751604463905096e-04
5.715583029086701572e-06
3.155424337819567882e-06
2.369156106851733057e-07
2.079846126434858888e-06
3.859646540149697103e-07
3.046978235943242908e-05
1.736814738251268864e-05
1.823433080971881282e-06
2.772460447886260226e-06
1.273801899515092373e-06
1.711630320642143488e-04
5.168370262254029512e-05
5.812561880702560302e-07
2.167964225918694865e-07
3.986006049672141671e-07
3.603305003707646392e-06
1.432638441656308714e-06
3.535321582148753805e-07
1.007506623864173889e-02
4.836148832509934437e-07
8.743990474613383412e-05
1.958176289917901158e-05
9.478012216277420521e-04
1.602370389264251571e-06
8.066819532359659206e-07
2.885338384658098221e-03
3.306307480670511723e-04
2.339688653592020273e-04
3.043144824914634228e-04
9.195584880217211321e-07
1.249617071152897552e-06
2.217390807345509529e-03
9.606070234440267086e-04
9.574306895956397057e-04
7.587519803564646281e-07
2.532179132685996592e-05
1.342543441751331557e-06
5.182809672987787053e-06
3.663303459688904695e-06
5.888691703148651868e-06
1.839321384977665730e-06
7.077295322233112529e-06
2.891028634621761739e-05
1.153485482063842937e-05
6.444015161832794547e-05
4.921138952340697870e-06
8.670700481161475182e-05
5.291461548040388152e-06
7.934430868772324175e-06
5.328370389179326594e-05
6.967452009121188894e-06
8.358902050531469285e-06
6.161674718896392733e-06
3.720035965670831501e-05
9.469835276831872761e-06
6.619767191295977682e-06
9.827252506511285901e-05
2.756365347522660159e-06
1.140707695412856992e-06
2.197745379817206413e-05
2.426498213026206940e-05
5.725198425352573395e-04
1.787790608887007693e-07
4.650386836146935821e-05
5.416111162048764527e-05
4.925940083921886981e-05
3.961409689168249315e-08
3.040723868252825923e-06
1.774083330019493587e-06
9.713502322483691387e-07
2.265197736051050015e-06
1.011111294246802572e-06
3.644540242930816021e-07
1.863826696535397787e-06
1.147299485637631733e-06
2.981028228532522917e-05
3.584505748221999966e-06
4.764028176396095660e-07
6.035157298356352840e-07
1.978596060325799044e-07
9.304959291966952151e-08
3.975675895162567031e-07
6.433968451347027440e-07
1.623374146220157854e-07
3.011353442161635030e-07
1.087380269382265396e-06
6.169121320453996304e-07
4.945122782373800874e-06
7.357689901255071163e-05
7.964193173393141478e-06
3.248129814892308787e-06
1.270904249395243824e-06
1.311273422288650181e-06
4.743973022414138541e-06
6.229189693840453401e-06
7.149000680328754243e-07
1.542657846584916115e-04
7.201478729257360101e-05
1.287635241169482470e-04
3.041637455680756830e-06
3.315478898002766073e-05
3.122107009403407574e-04
8.586487092543393373e-05
5.669316669809632003e-05
1.797153163352049887e-05
7.687823710966767976e-09
9.754626262292731553e-07
1.359560701530426741e-05
1.900602910609450191e-05
1.754916979734844062e-06
1.899145331663021352e-06
1.511988466518232599e-05
3.066566478082677349e-06
9.320881508756428957e-05
4.387146327644586563e-05
1.536894046694214921e-06
9.467753443459514529e-07
8.933524142662463419e-09
7.834348139112989884e-07
2.054890728686586954e-07
4.285889758648409043e-07
4.243713192408904433e-05
5.388136560213752091e-05
1.606668665772303939e-04
3.037059286725707352e-05
1.369784172311483417e-06
6.695713818771764636e-05
6.877251871628686786e-05
2.895161924243438989e-05
1.989632437471300364e-06
2.243011113023385406e-04
2.686062653083354235e-04
4.896410107612609863e-01
7.667842321097850800e-03
4.099772498011589050e-02
1.869321316480636597e-01
5.757398437708616257e-03
1.209268532693386078e-02
3.207943867892026901e-03
6.200075149536132812e-03
4.146079998463392258e-03
3.093135892413556576e-04
3.207994086551479995e-05
4.934257827699184418e-03
4.771264793816953897e-04
2.176992781460285187e-02
2.175077237188816071e-02
1.377682238817214966e-01
2.081161510432139039e-04
7.461958448402583599e-04
1.337240636348724365e-02
2.033128652101368061e-07
2.906063230057043256e-07
2.082202809106092900e-05
3.672284583444707096e-05
7.577435212624550331e-08
2.821400926222850103e-07
2.304485846593706810e-08
1.733909194001626020e-08
8.561943332097143866e-08
3.893349287409364479e-08
3.771210899117249937e-08
3.052279851090133889e-07
4.913194473488147196e-08
1.356773850602621678e-06
5.678575121237372514e-07
3.967655715086948476e-08
1.355693939331104048e-06
6.519962312268035021e-07
2.433065162676939508e-07
1.169482217733275320e-07
6.532525276270462200e-08
2.047957252671039896e-07
1.429470160019263858e-07
1.365628463645407464e-06
8.160717470673262142e-07
4.994115556655742694e-07
2.757021206889476161e-07
1.951002332134521566e-06
4.785096621162665542e-07
1.314529527007834986e-05
1.845619692630862119e-07
6.522689233179335133e-08
2.695899468108109431e-07
4.866431524419567722e-08
1.748808102775001316e-07
4.479348092445434304e-07
4.621789173597790068e-07
1.755500278477484244e-07
6.839984934003950912e-08
2.572280948243133025e-07
2.492569421974621946e-07
3.802791752605116926e-07
1.568020593367691617e-07
1.076699754776200280e-05
4.524941346062405501e-07
5.334736101758608129e-07
3.242798527480772464e-07
6.083033810000415542e-08
6.428224708088237094e-08
4.458003786567132920e-06
2.211720129707828164e-06
2.247084012196864933e-07
6.970621768687124131e-08
3.180638259436818771e-07
6.048430350347189233e-06
4.912855047223274596e-07
1.222718566395997186e-07
5.821321451549010817e-07
4.415434432303300127e-06
2.307832147607769002e-07
4.907652169094944838e-07
8.373265814043406863e-07
4.929579517920501530e-06
4.344295518876606366e-07
4.754770444037603738e-08
2.076306238052438857e-08
2.906498650645517046e-07
7.235920520543004386e-07
2.458027097418380436e-07
1.428073517217853805e-07
5.715738211620191578e-07
9.907577123158262111e-07
9.751528295964817517e-07
4.876959337707376108e-06
1.696433173492550850e-06
1.842104495608509751e-07
8.111923307296819985e-06
1.072567386017908575e-07
7.031104814814170823e-06
9.578533308740588836e-07
3.893262032761413138e-07
2.444117264133183198e-08
1.113407765984675279e-08
2.538495891712955199e-06
3.397761020096368156e-06
1.157172732746403199e-06
1.239425614585343283e-06
1.020964646158972755e-06
5.087278154292107502e-08
2.751704641923424788e-07
1.978773411792644765e-07
2.771200513507210417e-07
3.770971375161025207e-07
4.752227596327429637e-06
1.346189719697576948e-06
2.581014086899813265e-07
2.692171392482123338e-07
2.664180101419333369e-06
4.910583015771408100e-07
5.818110082600469468e-08
8.687841273058438674e-07
1.377388940682067187e-07
1.004494515655096620e-05
7.450399266417662147e-07
8.867431461112573743e-06
2.555462288000853732e-06
7.383479214695398696e-07
8.412839065385924187e-07
8.257200789785201778e-08
1.233144985235412605e-06
5.953016568582825130e-08
3.162840016557311174e-07
6.795748390686640050e-07
1.167613348229679104e-07
2.151160742869251408e-07
4.639544215478963451e-08
3.355089802425936796e-06
5.319458864505577367e-07
5.179004958222321875e-08
8.984000032796757296e-07
4.506530899561767001e-07
5.000368901164620183e-07
3.179647819706588052e-06
3.996841769549064338e-06
6.518827433410478989e-08
1.660334874031832442e-07
4.880260462414298672e-07
2.356802184522166499e-07
1.186179261480901914e-07
7.172625515750041814e-08
2.803192842293356080e-07
9.070053579307568725e-07
5.892812282581871841e-07
1.416978420820669271e-06
3.280280452599981800e-06
1.383525329856638564e-07
1.347619445368763991e-06
1.012669827105128206e-06
5.594851586465665605e-07
9.390554964738839772e-07
2.599913884182569745e-08
2.554523064191016601e-07
6.133861006674123928e-06
3.711807039508130401e-07
1.432438239135080948e-07
3.849453094062482705e-07
7.202113039284085971e-08
3.171410511981775926e-08
4.526784209701872896e-07
3.920320978068048134e-06
3.237931309740815777e-07
3.552568443865311565e-07
2.081509649087820435e-07
2.909404770434775855e-07
4.938331585435662419e-06
6.103348937358532567e-08
1.749762361669127131e-07
7.409210525111120660e-07
3.109579154170205584e-07
3.358010758347518276e-07
8.182460078387521207e-07
6.472991572081809863e-06
2.825702516418004961e-08
2.865982082767004613e-07
1.494117555012053344e-06
4.305044853936124127e-07
5.594845902123779524e-07
2.083064828184433281e-05
2.978814279686048394e-07
1.309375097235943031e-08
9.194532708534097765e-07
2.754865988663368626e-07
3.760032996069639921e-07
3.959810044307232602e-07
9.940697509591700509e-08
2.090954183131543687e-07
2.119911641784710810e-07
3.752290695047122426e-06
2.113936758973977703e-08
3.145134286341999541e-08
4.057998381767902174e-08
1.191396108879416715e-06
1.472229769206023775e-07
7.885856575740035623e-06
3.680165434616355924e-07
1.950818955265276600e-07
6.741927194298114046e-08
8.277553433799766935e-07
2.620436703182349447e-07
8.026109981074114330e-07
7.320174972846871242e-07
1.048757027888314042e-07
3.792965515003743349e-07
2.470378603902645409e-07
2.501239464436366688e-07
1.122722278523724526e-05
6.762543875993287656e-07
8.727735689717519563e-07
1.979522750161777367e-07
3.487670255708508193e-06
9.495196877651324030e-07
8.632959520582517143e-07
2.572830339886422735e-07
4.833294724448933266e-07
1.620460921003541443e-06
2.592229066067375243e-06
6.971004609113151673e-07
1.528007658180285944e-07
5.865999241905228700e-07
2.015953896261635236e-06
3.260169023633352481e-07
3.506971552269533277e-06
2.423156502118217759e-07
1.977711292511230567e-07
6.445588383030553814e-07
1.462210548197617754e-06
4.355384248810878489e-07
6.512489392207498895e-08
2.807013999017726746e-08
4.210589921171958849e-08
3.353645467996102525e-07
7.730915854153863620e-07
1.150070943367609289e-06
1.237233732354070526e-06
1.048497551892069168e-06
7.069472758303163573e-07
1.975629402295453474e-06
4.320367708032790688e-08
2.501309836588916369e-06
1.551419927636743523e-06
8.753406177675060462e-08
1.736593389978224877e-06
1.306307666482098284e-07
3.744538332739466568e-07
4.489582465794228483e-07
9.259261446459277067e-07
2.157607013941742480e-06
5.489573595696128905e-07
2.421104227323667146e-06
5.843431267749110702e-07
3.756916555630596122e-08
6.221878265932900831e-07
1.373535098991851555e-07
3.572508546767494408e-07
2.258106661656711367e-07
2.421733427127037430e-07
1.081761865862063132e-06
3.142103423670050688e-06
1.502349050497286953e-06
8.176012755711781210e-08
5.590246473730076104e-06
6.532793577207485214e-06
7.604978691233554855e-07
2.047726752607559320e-07
1.475565198916228837e-07
1.949730830119733582e-07
1.635675914712919621e-07
1.858858951209185761e-07
2.902486357925226912e-06
2.392591568423085846e-06
7.893354450061451644e-07
2.499004267519921996e-06
8.226985670489739277e-08
1.232715192145406036e-07
6.822235718573210761e-07
2.950584757854812779e-06
5.176711397325561848e-07
1.684065580320748268e-07
1.004477780952583998e-06
1.993834786162551609e-07
2.097241065257549053e-07
1.508538929329006351e-07
7.772687382612275542e-08
2.336640318389981985e-05
2.291458542913460406e-07
3.964055395044852048e-08
8.021032726901466958e-08
1.320247747571556829e-06
1.417592727648298023e-07
1.409486958436900750e-05
1.182816475875370088e-07
1.888376004899328109e-06
1.299250556030528969e-07
5.747632485508802347e-07
7.184907957480390905e-08
5.632782631437294185e-07
1.761901444297109265e-06
3.546576863300288096e-07
2.602509084681514651e-06
1.660921498114475980e-06
2.443985920308477944e-07
5.893871730222599581e-06
6.719336624882998876e-07
1.153923250285515678e-07
1.375359147459676024e-06
1.244053464688477106e-06
3.639151600509649143e-06
3.810835551121272147e-06
1.162235108154163754e-07
2.237664062931798981e-07
9.685371651357854716e-07
1.124647219796770514e-08
1.616473213061908609e-07
1.206652200380631257e-06
3.294147745691589080e-07
3.128058381207665661e-07
9.159852254470024491e-08
1.270084112547920085e-06
2.891050598918809555e-07
2.518701478493312607e-07
1.521215494904026855e-06
4.960000055120872275e-08
1.488115799475053791e-07
6.929617484274785966e-07
4.035265703805634985e-07
5.976569923404895235e-07
3.800382586405248730e-08
6.642893879416078562e-08
4.711667770607164130e-06
1.259419150301255286e-06
1.231516648658725899e-07
1.311016433191980468e-07
2.267469199068727903e-06
2.546541281844838522e-06
4.406602158724126639e-07
1.272789660333728534e-07
4.251857717463281006e-06
3.983783187777589774e-07
1.036543153531965800e-06
5.096055701869772747e-07
8.644443596494966187e-07
1.111709752876777202e-05
1.015045313579321373e-06
2.688333040623547276e-07
6.029631549608893692e-08
1.280057091435082839e-07
7.243107233989576343e-07
2.749722852968261577e-06
7.945853326418728102e-07
3.923879603462410159e-07
1.159274575002200436e-06
2.188900083410771913e-08
7.260105689965712372e-07
1.073978910426376387e-05
4.191511138174064399e-08
2.898930233641294762e-07
7.318464554373349529e-07
5.488437295753101353e-07
3.480926409338280791e-07
2.723734269238775596e-07
3.030281959581770934e-06
8.587890931721631205e-08
2.002787141464068554e-06
1.161058753496035933e-05
8.455199917989375535e-08
2.840680792814964661e-07
1.453773279536108021e-06
1.086546944861765951e-06
4.646711033728934126e-07
2.484564447513548657e-07
5.723925937672902364e-07
8.805492512919954606e-08
2.660352436123503139e-07
5.421855348686221987e-06
3.048169503472308861e-07
1.404697655971176573e-07
5.071170221526699606e-07
3.362684708463348215e-08
7.984349963408021722e-07
2.121450961567461491e-05
4.387384251458570361e-07
9.571174359734868631e-07
7.739044463050959166e-07
1.810733607499059872e-07
2.265653392896638252e-06
4.705073592958797235e-07
5.656506618834100664e-05
5.076248044133535586e-08
2.244929220296398853e-07
1.311359710598480888e-06
2.334651014734845376e-07
1.728892939922843652e-08
6.368441631821042392e-07
7.398725188068056013e-07
6.649442184425424784e-06
4.211782652419060469e-06
1.119504531743586995e-06
1.091568606170767453e-06
8.412911256527877413e-07
1.906618308566976339e-06
2.982409910146088805e-07
5.257884083675889997e-08
1.185129463010525797e-06
1.764114898605839699e-07
9.031901413436571602e-07
7.197238005574035924e-08
7.576463758596219122e-07
6.141815902083180845e-06
9.340074029751121998e-07
9.004723438010842074e-07
3.360089806392352330e-07
9.895547918858937919e-07
5.837079243065090850e-06
5.233862907516595442e-07
7.153051910790964030e-07
1.750582555359869730e-06
7.769563694637326989e-07
2.683768514089024393e-07
2.880872784771781880e-07
6.942482855265552644e-07
9.342247153654170688e-07
2.339553475394495763e-06
1.410514158806108753e-07
4.500333545820467407e-07
1.517522605354315601e-07
3.612311161305115093e-07
7.796459300379865454e-08
1.046734610099520069e-07
2.657151121354672796e-08
1.191989326798648108e-06
1.105039359572401736e-06
2.688425411179196090e-07
2.723173508911713725e-07
1.877806283800964593e-07
1.059851797435840126e-06
3.168940793329966255e-06
1.179665650852257386e-05
2.190561474435526179e-07
1.888238045921752928e-07
1.323702747413335601e-07
4.129512035433435813e-06
1.220333388118888251e-06
1.595226137851568637e-07
1.279669504583580419e-06
4.188136415450571803e-07
3.036810198864259291e-07
1.487592953708372079e-06
1.295079101737428573e-07
2.251271098430152051e-07
1.475901717640226707e-05
6.438615400838898495e-07
7.042590368655510247e-07
1.052658973321740632e-07
1.504392770357299014e-07
1.468795289838453755e-07
8.669827167295807158e-08
6.076702163682057289e-08
4.004661207090975950e-07
1.166843510702619824e-08
1.417727872876639594e-07
1.815365976653993130e-05
1.329737528976693284e-06
8.595744134254346136e-07
1.833823375818610657e-06
4.062420430273050442e-06
6.400667189154773951e-06
3.117969527011155151e-06
6.792783580067407456e-08
6.929696496627002489e-07
1.073931230166635942e-06
1.822591684685903601e-06
2.881856460135168163e-07
1.007361447591392789e-06
8.293503924505785108e-06
3.287223307779640891e-06
1.024825178319588304e-05
4.372424882603809237e-06
9.460130968363955617e-06
2.570120614109328017e-07
7.775690136213597725e-08
2.389611154285375960e-06
1.177244755012907262e-07
6.910794922987406608e-07
1.699219041029209620e-07
7.793585723447904456e-07
5.142260661727959814e-08
5.345068530004937202e-07
3.158355070809193421e-07
3.676524045204132563e-07
5.012335350329522043e-06
4.676318781093868893e-07
3.606511143061652547e-07
5.444406951937708072e-07
5.504629712049791124e-07
5.657182811091843178e-08
2.845640096893475857e-07
1.728084413343822234e-07
5.688442797691095620e-06
2.211510121696846909e-07
9.272387302416973398e-08
2.032194288403843530e-07
1.597681148268748075e-06
9.240259828402486164e-07
2.766652187347062863e-06
1.553541551402304322e-06
5.950641366325726267e-07
8.292135333931582863e-08
3.860850483761169016e-07
1.985800253123670700e-07
1.665260214167574304e-07
1.464677268359082518e-07
3.712667364652588731e-07
5.607452635558729526e-07
3.671142678740579868e-07
3.067170268877816852e-07
9.475886741938666091e-08
1.577387934048601892e-06
1.328224783492260030e-07
4.738346035537688294e-07
3.471387088893607142e-08
2.866175918825319968e-07
2.754532602011749987e-07
1.136923856392968446e-06
1.013099677038553637e-06
7.128896299946063664e-07
4.291171862291776051e-08
2.910619059548480436e-06
4.029681690553843509e-07
1.614323423382302281e-06
2.091910573653876781e-06
2.003215797685697908e-07
1.182058610993408365e-07
2.518145493013435043e-06
6.508646066549772513e-08
1.840718795165230404e-07
9.539948564452060964e-08
5.060182047600392252e-06
1.489709029556252062e-05
5.290305793437255488e-08
5.395779467676220520e-08
2.482304921613831539e-07
4.314052148401970044e-06
1.179281412078125868e-06
2.209435763234068872e-07
6.921757176314713433e-07
4.881843551629572175e-07
9.401944112141791265e-07
7.716993764006474521e-07
4.712049062050027715e-08
6.445127382903592661e-07
4.634050014828972053e-07
4.211053408198495163e-07
5.249636814141922514e-08
1.531057058912210778e-08
3.539614453984540887e-06
1.895506329674390145e-08
1.837675824845064199e-07
1.488711944830356515e-07
4.630350147749595635e-08
1.474199535778097925e-07
4.674737752452529094e-08
9.985245696952915750e-07
7.158582775446120650e-06
3.853754435567680048e-07
8.734314178582280874e-07
2.007309376494958997e-06
5.033820798416854814e-06
1.543897042211028747e-06
3.426317562116310000e-06
1.795889488676039036e-06
1.126488950831117108e-05
2.723043689911719412e-05
1.591059344718814828e-06
2.005591113629634492e-06
2.914313427027082071e-06
6.468440005846787244e-07
5.083546739115263335e-07
5.517419594980310649e-06
3.155785407216171734e-06
4.809155598195502535e-07
6.726113497279584408e-07
2.147986606360063888e-06
1.083643269339518156e-06
8.022513497962791007e-07
7.734067253295506816e-08
3.297493478271462664e-08
1.194708065810345943e-08
3.949610061226849211e-08
6.060549395670022932e-08
2.510702046265578247e-08
1.095644890369840141e-07
4.384648661925893975e-07
1.099108857260944205e-07
2.223287992819678038e-06
5.498590667230018880e-07
9.748404181664227508e-07
5.778463219030527398e-06
9.899220003717346117e-07
9.551123412165907212e-07
7.149903780145905330e-08
2.411090235909796320e-06
2.439163608869421296e-07
7.482274355652407394e-08
1.057153866668159026e-07
5.800804956379579380e-07
5.178123956284252927e-07
1.081606555430880690e-07
1.920260501719894819e-06
5.946965302427997813e-07
9.608827440388267860e-07
1.253976370207965374e-05
2.883503213979565771e-07
7.697518412896897644e-06
1.316303314524702728e-05
7.248915608215611428e-06
6.555666914209723473e-06
2.155202992071281187e-06
7.561774282294209115e-07
2.364902002227609046e-06
1.615028736523527186e-06
4.921533218293916434e-06
1.877497538771422114e-06
2.752290129137691110e-07
9.450266588828526437e-06
4.653114729080698453e-07
