1.035418792196050701e-15
2.572772414598169000e-17
1.234402607494728462e-15
6.425873576326084427e-16
3.127484081037528937e-15
1.659866939263208302e-15
7.211834918687757678e-16
1.119315035623402732e-12
3.508010505345882102e-12
6.425200649307072354e-12
1.348705680320196835e-15
1.588509178017361804e-15
1.270893909181098833e-14
3.144442781784391461e-14
1.450070667924699408e-13
4.983734507978815342e-14
3.964650873225505912e-14
1.696993104849039979e-13
2.793897491831787150e-12
1.725413398040356178e-14
3.611554516547415411e-15
7.948100727919737984e-13
1.130473413989661891e-13
4.194516678435178392e-10
3.883030355589234262e-11
2.427200438927983386e-15
8.828505956967854841e-17
7.053800871519419664e-18
8.524854571544538805e-17
5.394948717431691416e-16
2.233988073197835933e-14
8.086366790574668877e-16
3.656050851332578316e-15
1.561977543834691673e-14
7.938320783866786162e-15
4.563502489307938448e-14
6.835443235736482492e-12
3.360092965584010605e-14
1.873548999658234716e-16
1.064335494738166688e-10
3.677802233901595122e-15
8.760479761592016718e-15
6.966824307123170579e-14
3.173664803179931937e-11
7.105665373859180317e-15
4.417921581410626242e-14
1.481007123307811341e-14
1.239575035362960528e-14
2.701234791402384872e-10
1.058051216085154067e-13
1.577848230760806048e-13
5.589321540322433890e-12
7.446925207429044499e-16
1.961314953762699487e-15
2.903338834403306964e-15
8.462399211277629729e-14
1.000695650611250001e-14
1.657551045306296638e-15
3.848735600239881066e-15
1.495383982928148031e-14
4.705380677379623205e-15
2.523732633465114450e-13
2.946697356606686746e-12
1.018681056934138407e-13
1.256732195929364734e-14
3.051367371056652560e-15
4.723364457399252883e-15
3.180554506831273498e-15
1.200054002703379932e-14
2.357976883071862505e-15
1.788140814702011494e-17
2.278490570147690113e-16
1.073597425864999001e-15
7.212577660703381292e-16
7.733245107611455473e-16
8.973865413395063330e-17
1.525693091829205539e-13
9.843886570140049364e-15
5.748526209999646041e-16
1.028047170335214932e-15
2.984552438089344006e-14
3.521224381953375060e-15
1.274871457316792411e-13
9.138265905778752475e-17
1.174059547498496059e-12
1.513318658753759482e-12
2.857696040524035364e-14
1.439862362369662141e-13
3.308717883010459104e-11
5.037090536341715108e-13
1.170114776149729433e-14
4.614091362676112085e-14
1.274216819433177453e-14
5.919268963872070799e-10
1.065539283800413621e-15
8.609473268854361816e-15
3.174863844046527106e-11
2.005932414259319757e-14
9.116613493715666414e-16
2.882418696087407639e-13
4.339972527406601999e-14
1.812765042241704094e-11
6.145061673054619256e-13
9.907125033542518722e-14
9.982162874067057601e-10
8.424703601406235975e-09
7.501629872841419910e-11
4.115044214694511186e-17
3.046818010036508916e-16
7.176710262310134758e-15
1.467628179672414543e-17
4.550666311150252405e-17
5.520319122745984478e-15
4.873393050599302695e-15
2.333083961180597906e-16
2.012394276412690105e-17
7.266710901087693186e-15
2.349938858039774415e-16
7.914335060731810521e-17
5.589949995570616271e-16
4.965549599985860131e-16
6.571659460902676254e-17
1.670186513713174854e-17
1.414056919178826276e-15
1.873128447799922956e-15
3.019096739255243802e-16
6.689859864667359671e-16
4.587440656836881681e-14
2.650298058272382296e-13
7.311509118415257524e-14
5.584411141249401994e-15
4.907865563605340320e-13
1.026600205127244092e-13
4.947042141846590482e-15
5.737252036300266589e-13
4.287345218428884053e-12
2.282346539409299546e-14
3.977868314147640916e-14
3.645013544467667899e-12
4.716538324756448883e-16
1.870477380258804806e-17
2.282231014703205900e-16
1.286064814543883147e-16
1.174851299687480755e-14
4.297847884873751134e-13
7.027867870990078814e-11
7.200657713320179898e-13
8.603165943891751075e-16
1.285045436861642198e-15
1.948315776290412971e-13
2.707887906960859681e-11
3.493259284267913323e-13
8.601561981127006651e-15
1.539025195601410358e-15
1.837279108149111884e-13
9.743023580846901788e-14
2.654268033933527421e-14
1.238995918936922763e-14
2.776521696815103558e-15
2.225164022766519534e-14
1.279886136310026679e-12
1.589999020033122656e-13
1.143790899667262995e-12
8.415612499403091196e-13
1.911247988215306060e-13
7.407045896773434279e-13
4.911246105979150123e-13
8.164671196075889981e-14
2.544748029106261994e-14
6.683155175373368256e-15
2.756934525777968853e-14
1.525384026447411390e-14
3.314397232145535610e-14
1.459286996254548219e-14
2.088740205102856962e-12
4.445441512460329009e-15
3.388203956224307423e-14
3.343974945037297974e-14
9.058820317139892886e-13
9.242853010738016906e-12
8.898665766927937870e-13
2.801845567894107464e-14
4.896916205865409211e-13
2.941303613428897235e-14
2.425068372296449587e-14
2.212130218587349262e-14
4.078878348360431838e-14
5.242787507028692090e-15
3.615414445688053258e-15
7.460253524963975091e-14
6.981825768838812590e-15
3.168953882398857502e-14
7.655836820616782057e-14
4.459045708626180327e-15
2.194090788503084977e-14
1.039583892060991221e-12
1.858599537295224646e-13
2.676507236329395134e-12
5.145881550733255594e-13
4.725484665569525122e-14
8.447180671958265386e-13
8.696338191661184824e-14
6.216842362086194562e-14
4.886570659797093066e-16
1.624016058012433227e-15
1.418233065708651708e-11
3.440354284008767527e-13
1.404066072392337605e-13
1.750101973063689087e-11
1.913969335668244676e-13
4.331895085696313430e-13
7.961246577617171055e-15
5.890278634854487216e-14
6.176350799075649989e-14
6.364103580062951959e-13
3.076304402188645426e-14
2.052428763239539516e-14
4.032167666163238851e-13
1.404641343288794836e-14
4.674553712863405153e-12
7.803220960014844998e-13
1.042950231386341464e-12
9.682481731535311220e-14
2.858921432924432793e-11
4.299787262351806305e-11
6.832481086981034846e-13
4.867617810558333424e-14
2.567422316412937278e-11
1.406258464710374856e-13
1.239568614853220341e-13
2.105537729032384148e-14
2.647609778985704487e-13
2.227666293617980298e-13
1.232468337455938645e-12
7.368060155055200511e-12
1.695703039789053790e-12
1.331472096206126610e-13
9.410788798626737450e-14
3.976194102705415956e-13
2.674517074821580742e-12
4.301162724595908315e-12
3.214729914560732205e-13
1.139440430029947660e-12
7.177156004928297861e-13
8.470216195100022105e-10
4.353308512283771137e-12
8.601800912180768144e-13
3.874474254882825930e-13
7.568033114253858162e-13
1.343621394700456051e-12
5.711191068680232519e-13
7.484607585670020186e-15
5.523263053516802579e-13
3.724146371061193284e-14
6.369244107823357481e-12
2.323842507312434691e-12
8.841576082385671498e-11
4.234816978424676970e-13
2.892052755655853853e-15
2.686402261666692715e-13
3.618498903290578994e-11
4.136520227911166803e-13
2.557684749757149767e-12
1.545308782465674297e-14
1.264520850226616422e-13
4.639887242864973449e-14
1.524093487048974738e-13
1.464562152109216697e-11
1.156644089317024338e-13
7.242437986137995054e-12
3.064115367684694391e-12
3.938165765715595512e-11
3.601941336341119015e-13
1.651255868151402240e-11
2.620511880407905281e-12
5.035741615366795543e-11
3.341884269314476796e-10
4.920062621205367748e-12
9.630703873275692217e-11
2.551064914868561573e-11
1.254298097677630786e-12
1.085285073615382956e-12
4.993863829405587040e-12
3.139007879581628968e-14
8.334308937429923958e-12
2.868385650528493258e-12
5.736476182960359438e-09
1.243237630899063362e-11
8.577034048273812772e-12
1.220895329279159114e-10
2.368837903610199191e-10
1.271207028530341177e-10
3.117841748667693480e-11
1.249970613126372143e-12
8.575829042456462048e-07
2.151395392502308823e-06
9.719581806066912577e-10
8.714157047506887466e-06
4.733731184813905202e-10
4.135960907092339767e-09
1.611013652285826487e-17
8.194274552890130469e-16
2.221314621980718262e-17
6.232638361882184789e-16
1.356180613730818027e-16
8.172987873771801054e-15
1.534751872030865050e-14
1.434123526745974676e-16
1.592561304227687572e-16
1.704832742059386903e-15
5.928719234638197590e-16
5.237467822482579864e-16
3.273337913538358320e-16
5.504926416512005705e-15
9.789657403274460920e-16
1.980660551003277266e-15
3.563885037523160286e-16
1.125896376697362305e-17
3.085590149103686463e-17
3.254898800370020252e-15
1.320007128732424820e-17
1.142149919868657663e-15
2.811962825877644366e-15
6.398426003065900858e-17
2.400167594174599205e-15
2.221434166122844426e-16
1.602042249885423362e-16
2.572725993222192524e-15
1.280826895146960562e-15
2.547236654256942491e-16
1.967360465076478659e-13
5.576380286351212412e-13
1.748031041204529956e-14
9.264030049064620777e-16
2.494509113160070513e-11
1.283360483855799927e-11
6.485711967485485729e-10
1.664019616542944391e-11
1.128667421161503107e-14
2.741601704773360959e-14
4.213178417256102648e-12
1.000357609248769819e-11
1.535325165613610210e-11
3.107570797911130001e-11
1.310061087389513546e-11
8.382603639001118268e-11
1.464842414033995510e-10
1.165295970828594818e-09
1.918247331811340217e-11
5.281308723681377160e-11
9.750884127912584631e-11
8.318621636525021928e-15
1.711575488543698453e-13
5.127005590910282962e-12
1.988076370196267817e-10
8.462933132058481078e-10
4.442238243917984164e-11
1.535021554310844749e-10
1.231360707842910074e-10
8.895203909391191655e-13
3.159257744300703052e-09
4.637140931657013354e-12
1.030500351717478225e-09
3.974174911684433265e-14
5.524465329642680445e-09
5.975457679596729577e-05
9.684614539146423340e-01
2.231416851282119751e-02
1.939871232025325298e-03
6.788829341530799866e-03
4.003018693765625358e-05
5.354986569727770984e-05
8.982357940112706274e-06
1.647768840484786779e-05
1.391190266986086499e-06
1.242974103661254048e-04
2.248143537997293606e-08
2.515414543324823171e-09
1.129244878939061891e-06
5.707283708034083247e-05
2.321770438129533431e-07
1.191357296193018556e-04
8.880085111684365984e-09
8.402902267334866337e-07
8.274155050003173528e-08
2.804161347569333884e-10
1.335413862824097464e-10
1.188567644305749127e-08
8.948443337430944666e-07
7.804995150990999119e-16
5.178124164802351548e-14
3.978913552804552722e-15
3.125644219596974190e-17
5.225090239212193630e-18
1.261766451548075943e-14
3.689338822643198693e-15
1.107791193033589444e-15
3.292473446608017032e-16
2.974272507428286916e-14
1.830488682180199389e-14
7.050906387885084309e-15
2.504785387349300896e-13
9.387223579704470286e-16
8.413748995155396213e-17
5.703547966407054642e-17
4.310276044613766820e-17
1.178360578363779002e-15
2.636500586128626492e-15
1.709558465927060733e-14
2.261485981390910088e-14
1.329066014416156044e-14
4.843807870582714692e-17
1.950499223940527216e-12
2.170693027994489988e-14
5.147135633833642421e-14
2.239850388225782946e-14
8.914065469654060964e-15
4.781045177645784194e-16
5.607734891592486149e-18
4.163475679264160359e-15
2.298344891141224089e-13
1.468079781005715567e-12
2.215943560915888122e-14
3.153019159781930703e-14
1.563298508656593699e-13
6.112298273483398204e-16
1.753041728131483814e-15
2.605626997530859773e-14
2.685869376298916089e-13
1.091078280072196437e-15
4.703095213081341652e-14
1.288077841282592195e-16
6.264773838988947283e-15
4.976094524904465730e-15
3.638126448322551165e-14
6.318117009391707728e-14
2.436086661577628251e-15
2.405006693402263022e-15
1.722639492193040432e-16
2.244847970706009832e-12
1.884329823252650637e-15
4.118516917429355809e-16
8.317388525960409118e-14
8.076532738057046450e-16
1.435567973089718619e-13
6.224819379570256661e-13
1.893543973384336025e-17
7.729835651767991145e-13
3.551978793015463098e-14
2.871331576908935090e-15
1.397634178529338911e-14
3.363180051275661787e-16
1.308700377748847274e-14
2.890222105698600497e-15
7.719739019036719885e-14
7.171233453152306859e-16
6.533974208043635823e-14
3.189376863196695389e-14
5.412360143397521028e-11
2.100510630842077238e-15
2.684802724649097694e-14
3.538895793162716297e-13
4.200039974014760369e-14
1.251858512685277702e-11
1.878244315043102117e-15
7.624487453612542598e-15
4.771639339987668218e-18
5.940856581497641273e-15
4.087585508245027144e-14
2.854216700227257819e-13
4.013424216174534681e-16
7.042311612331930704e-13
4.200889039841088080e-14
6.958075229695598026e-17
1.540664839629057870e-14
1.206405839247368886e-15
9.591266405159742763e-16
4.314901241552469326e-16
9.784720641147978681e-14
4.055982539576379747e-15
1.203646692949159047e-13
6.549642454095356420e-15
6.859464236311403618e-15
2.062603788870079162e-15
8.602837718624690034e-16
2.806505366128705307e-17
1.405790407009216338e-15
1.250880384109963675e-14
1.688602491341228973e-12
9.276845784611520429e-13
1.771158903134811835e-13
1.756344418860078527e-12
4.692629273985067517e-14
1.444191340504704589e-17
7.701777515983602995e-15
6.973753280153683091e-17
4.825073420848470691e-16
6.500308714148424205e-15
4.305630254186534195e-15
6.358476223504243817e-16
1.574912249224791339e-11
4.367028114994619958e-13
4.780407255957383299e-16
8.338378680019728484e-16
1.802736912918877200e-16
8.302829766014649567e-16
4.597376082257631502e-13
1.315949201008154851e-14
3.717636499345070358e-15
2.562742187926473497e-17
1.265933091318914572e-16
8.792179757884772094e-16
5.328539852059296575e-15
8.590204963370220992e-14
5.597626718699053039e-14
2.085326506471359836e-14
6.346093660606570014e-16
8.714781487054699960e-15
4.698881054762162057e-14
1.221703944606633563e-13
1.691221882126520858e-17
5.097146160683615329e-17
4.728448772665146821e-15
3.162796359448133421e-13
4.066971369051652907e-13
5.806248646618829626e-15
5.684976107294014065e-17
3.006844672371006364e-16
1.384583230403316212e-13
7.932867479873244570e-16
8.498461024908094807e-16
1.566854516023009599e-16
1.899418610094687627e-17
2.514191781402184099e-16
1.715367317294168238e-16
9.266044928687901944e-16
2.430230064022075205e-15
1.373340574799904092e-15
6.873713448066589085e-15
1.138025898560560134e-13
1.237721600219426031e-16
7.728205790970884420e-15
2.241748080840811480e-14
1.306492132362169212e-12
2.546967255428068261e-14
3.645781254473477728e-14
3.340906737592458722e-15
1.426659048898296154e-16
9.948944066588000235e-16
3.204898974889190937e-16
1.738994745492455311e-15
1.882044475421399332e-16
2.126756073767693822e-14
1.697162964601117621e-15
1.631335560877233254e-16
3.718444992293224588e-15
4.670224151387359843e-15
1.815242004426327257e-15
3.111244714550792656e-13
3.884516654212066865e-16
9.505601939797415911e-15
2.734702790824564134e-14
2.238366393278456989e-12
1.024467903576416328e-17
3.566686863693999902e-16
8.622348725517998817e-17
1.166810246512606231e-13
6.019097120714639402e-16
1.324875070762843166e-10
2.834385058540886577e-15
6.533524941768412142e-14
8.991920164187761078e-14
3.743108474134901678e-15
1.581318355339117465e-14
9.693817742875004972e-16
4.259739279653717084e-15
8.570340240812094734e-17
2.729272801412895716e-14
1.118436279598207864e-15
3.370680792721394634e-16
5.468106978497033754e-13
7.619137593517684437e-15
4.761316192117455437e-16
3.451611487403048739e-14
2.030268756094899475e-16
3.449971123397396061e-15
1.156663384727562791e-14
6.856223488255208665e-14
6.339582359522348597e-17
9.438070544011672308e-15
3.551128721337510523e-16
1.999547400493578036e-16
5.251869963389414135e-17
2.330533396745649438e-14
2.796716309060032213e-13
8.811788041218117113e-16
1.302712278328232998e-12
1.513754285257433527e-16
4.762571918461759937e-15
9.954820442362871669e-14
5.825653409110773118e-14
1.340796319592796673e-14
3.484249564214558781e-13
1.043901090244138408e-13
3.753117015439658491e-15
1.547331306561304434e-15
1.066043903678740370e-14
2.415727801173897515e-15
1.171336790582733212e-13
3.057184496876863555e-13
1.517971302312810106e-14
5.752825960998145683e-16
9.889278218750460064e-15
1.107161635795542685e-15
1.115364853428169045e-14
3.476533907216701469e-14
5.504889621400776978e-13
1.122784269123053638e-14
3.019128661809443448e-14
5.843422381574979105e-15
4.211426902622495945e-16
4.080146526089060977e-14
1.791659124867109841e-15
5.992064064203018407e-16
1.729660590644478690e-14
2.502631469120612508e-17
4.572245732796086787e-16
1.379220042245033005e-16
1.877641492282453072e-16
7.084574306412107442e-17
3.768364879039656778e-16
2.201743561774938129e-16
6.683591397341204221e-14
6.416642611266907062e-15
2.086175064077919195e-13
8.454162789953471001e-16
3.175773175250612423e-14
1.154292590330174839e-13
3.468471381756614048e-15
6.856720188375478586e-14
8.015794652387400743e-15
1.072238573259366289e-15
6.929527837092963952e-15
6.792706046081231630e-13
6.942413325803069996e-15
1.037273413185711354e-14
4.910290381764104151e-13
6.470191448548450242e-18
9.548008432543465644e-16
1.591181769677874058e-10
1.652267867880211072e-14
5.540231279149156977e-16
7.244115788999916372e-14
3.462915989117104631e-13
7.130156484496091157e-15
1.155843541537915353e-13
2.763439908219471330e-15
9.550084722055422748e-16
1.497146933777092088e-15
7.481830773440904174e-17
2.027908895834069393e-15
6.723861884752515422e-16
4.807965472896301960e-17
5.971943452991526624e-14
4.703532027972240695e-15
2.170672360390576983e-14
1.424448775079467655e-12
4.769244420503755688e-15
1.604403857151707156e-15
2.236331940417830670e-15
3.928795968568231378e-14
4.331672011099324537e-13
1.598544400859957127e-16
5.862685604861436403e-17
4.131910572968255230e-15
1.560312954686747522e-14
6.883744334100494466e-13
3.640033034783525870e-15
5.242947596255723153e-15
8.872709933037317004e-15
3.895856043095637794e-15
7.688681116069630631e-16
6.535626206893851986e-12
1.524017254083721851e-14
1.823452294784063191e-15
1.017606006952647985e-15
2.826727880697707702e-16
6.788237182837230299e-17
6.217037603180536678e-16
3.037941051809724645e-15
3.977617931208432545e-14
9.479886866551722607e-16
9.174735835765072435e-16
4.794855732213410340e-15
1.319656050119400164e-15
1.271061841933221470e-13
6.669526309372928157e-16
7.648516401897607810e-16
3.207848449490648818e-15
9.534774228839304477e-13
8.487607356480215016e-16
6.314911036008464504e-18
7.006352420978190221e-13
1.930979519077641315e-13
3.448823258228594923e-13
6.497057695817743794e-16
3.279283989536876942e-14
2.181557452046734014e-12
2.603668496081734673e-11
1.224346834176994871e-17
1.547242791618316359e-15
7.218719708362159038e-15
6.076098864644607586e-17
1.124321888032204370e-16
1.072668124842742626e-15
2.664755785822259249e-12
3.471619151006188897e-13
2.921325367280015219e-15
1.685252143997922891e-13
7.366112837956165899e-18
2.511039548288977220e-15
1.420393255019880476e-15
2.237142339190116222e-15
1.485664522056888290e-17
2.646235620494714891e-14
4.724301699355389766e-15
9.676337629821636383e-17
1.360596222954634296e-15
3.282494244406970740e-14
1.631223593709518077e-16
1.106943109765480548e-13
4.777057791222408256e-14
9.497875728769035811e-16
7.050755812532116806e-12
1.091403477196471045e-14
1.619559182402217912e-14
1.359340046624076567e-16
4.751033550950967133e-14
9.531659722573568305e-14
5.526348218561245862e-14
8.274633690914801054e-14
8.912976185283891933e-15
1.897443375583804902e-15
4.603213643594727955e-12
5.207467927194082274e-15
1.366030151069507446e-16
2.804687554014558774e-16
9.438538953231503936e-15
1.353044077196914954e-16
1.744502788990213212e-15
1.060871073469858358e-15
4.257464996190339288e-15
1.135892993366408553e-15
5.675775672478629297e-14
1.080174319063073422e-15
1.573750052427929248e-15
1.685084126542505528e-14
2.041367402332992971e-15
2.368416140630298129e-15
2.182541663673862042e-14
2.271185016856740180e-15
2.581938111798293481e-15
1.189888167380317996e-15
6.628060764352159545e-15
1.108978157243235840e-13
2.835343518672352181e-14
1.846495402597642804e-15
4.305676788059073978e-16
6.990273228421779728e-15
3.663923334363037394e-16
1.155138403549985093e-13
1.702292617305513345e-14
2.788494507524543094e-15
1.307444799635308543e-15
1.122042945887616675e-15
5.804657156414233521e-14
1.473164445249183774e-13
6.847120531050185106e-16
1.450708924191114468e-14
3.081370548597820759e-15
7.647057387645962278e-16
3.735646378567387309e-16
1.479429643028162822e-13
5.933586497711357613e-15
1.857381893552228699e-15
5.796862145134712690e-16
3.472776130249502491e-14
2.325370527644227137e-13
6.291545797594577140e-16
1.096017435066754669e-15
1.947069130139303036e-15
5.396765730158493979e-14
8.026293117548849443e-14
7.981133217152807519e-15
3.187891082703916620e-15
3.246615029904110009e-15
5.672149693838023088e-14
1.645298184328671150e-15
1.669486586566056984e-16
9.703663653853888960e-15
4.924652202314462341e-16
3.988913623779836992e-15
2.358776323355392954e-16
2.573371127925534881e-17
1.756138162949290316e-14
4.951997145674624790e-12
2.777326589873231957e-15
1.256636311799735548e-14
9.118009827529215128e-15
2.864459757426538562e-16
9.662694576019329774e-16
3.972801363057165691e-15
7.353678658988268787e-17
1.996209164239110033e-16
3.339934952573941625e-17
4.739464436144188997e-15
4.416217605230634766e-15
1.146785731188980448e-16
3.930242700842141723e-14
1.617016501991123809e-17
1.002269099014069589e-15
1.042092183622641069e-14
8.467141240529538204e-15
3.801589746395706709e-15
2.581338835988111063e-14
1.615491703084448449e-12
2.349509729972871705e-15
1.502634754363234293e-14
3.101286463709696699e-16
5.048059714652611968e-15
2.760777175446482712e-13
3.893046540688713687e-16
8.542266964313774413e-14
9.404063521138171836e-17
3.396608894753322394e-14
3.464445744172373054e-11
3.398164386057660191e-14
8.991349602794490581e-15
7.514473967390206816e-15
1.324953737219872196e-13
2.037332759094456769e-12
4.534617988180209003e-14
9.546665250047357137e-15
8.319883952785656067e-13
6.642529950563746954e-14
1.080995051637315477e-14
2.315794430540361534e-15
1.849020882151858336e-13
6.406590024248893026e-15
6.715175561878422572e-15
1.506686615748709102e-11
1.508367134537072496e-13
1.227919777305446630e-14
5.721286617209331293e-13
1.422099662449128368e-17
1.165828535326738497e-14
1.112725265830464150e-15
5.669151281908037590e-15
1.469703942965153165e-13
1.638158755374501466e-15
3.315155834853096561e-14
4.437901648680344854e-15
7.689378647701694547e-14
1.133273058728789806e-10
1.545877819199639736e-14
4.013303513979550943e-15
2.137678648325832750e-15
6.585842101162163453e-16
1.487003528945264629e-16
1.435180438575690831e-15
1.967719539283478702e-14
9.661178387043744577e-17
5.354553335012307569e-14
5.718709062069518567e-14
3.055350755249352721e-15
5.203449433485718423e-14
1.225108339428238047e-13
2.111700571350016986e-13
4.159602621112840071e-15
5.809874201742962208e-14
6.469023450597632952e-13
7.568901657602807986e-16
5.339425495980935216e-15
2.734152208820936998e-16
1.200384193086878604e-13
4.744997572993009307e-16
8.890293489989369025e-15
6.547019193057709852e-15
4.648114050365180841e-15
2.474166298270866204e-15
5.497447793214108036e-14
2.109551437004596013e-16
2.078733413768169176e-15
1.810068909519649228e-16
8.369373112756672054e-19
5.032963364071053793e-16
5.162414752949394392e-14
1.656249049787248372e-15
5.036557007228898569e-15
1.363907274745451356e-14
1.063581896538427340e-15
1.323578342060779608e-15
3.402152555986512339e-14
1.438019862421476697e-14
1.786419590813631553e-13
1.127720607733062250e-14
1.243115744255557831e-16
1.351550165187842545e-13
1.050083536477590957e-17
2.139293940156246701e-15
1.218830647913286998e-15
3.445987527446459087e-14
6.963267310845788760e-13
2.256337206917730098e-14
2.488485191720853139e-17
8.683024527796241732e-15
5.625612941386219298e-15
1.084088161850804005e-14
6.120394849667965247e-16
4.448176852897556266e-13
7.870435667122269163e-14
2.275648033455823088e-14
2.775810877353679590e-16
1.986332379571043117e-18
4.080124950571707633e-17
1.549343863461425552e-17
1.224459578894485849e-16
7.830630896788767975e-19
8.174253407169447983e-18
4.383340275492843274e-14
7.431486973174150808e-16
4.850450739706446343e-15
1.138101335314842602e-14
1.286594160505080331e-17
2.531997737442449577e-16
3.278533252986069125e-18
1.220361871723685959e-14
1.403572811225833536e-14
1.009471314285454498e-15
6.211395834356231004e-16
2.320692663255655543e-16
6.850494580916454204e-15
1.387103483764247185e-15
2.941078980291285394e-14
6.407399703043173411e-14
6.901985713780043122e-15
9.009375310945009346e-15
1.765221426638290212e-15
1.577145595755234924e-15
4.719901839650436507e-17
4.412948216872910777e-16
1.043400383658027973e-15
1.600100929779655311e-15
5.577896187335595543e-15
3.195415276374376570e-15
4.136916503805210255e-12
5.103377318855422187e-15
3.787546998921414478e-16
7.262294471300709264e-14
1.183901424535908307e-17
3.208945236388973704e-18
4.646977332149965570e-16
1.309070394827432454e-17
1.480024970076624258e-17
2.343617411449746169e-17
5.888798042438510381e-17
6.099324905105014526e-16
5.985755521630545988e-17
6.892670892459087581e-15
4.832844749616181884e-17
3.240145985176044741e-14
6.077490398957718920e-13
1.813628457483784651e-12
3.534494000105060929e-15
5.937631164737791623e-14
1.378619051193132397e-14
1.380600600069939107e-14
1.239816270346338553e-14
2.672549461330822260e-15
9.267520968301787287e-14
1.540846104679770290e-15
6.654424326022270741e-14
7.853295786027988945e-14
5.758866470582371319e-15
1.180651527200394027e-14
1.298993422524960355e-15
3.277036006446511392e-16
1.789887174293101207e-14
2.313251637632704125e-15
1.966573201950356175e-16
2.330861240847884215e-15
3.196780905243587316e-15
2.905640646437470526e-17
1.254794523359225797e-14
3.950794864752347731e-16
1.946520676305955877e-14
8.199500005020860655e-15
5.090678071514593683e-16
2.207860156093650883e-14
1.723801494341731244e-14
