6.246625616768142208e-07
4.271868419891688973e-06
1.126587085309438407e-05
4.793751941178925335e-06
3.812718205153942108e-05
1.526059204479679465e-04
2.053559728665277362e-05
1.767929643392562866e-04
1.671562640694901347e-04
7.424467476084828377e-04
8.789002094999887049e-06
1.718292514851782471e-05
7.310278306249529123e-05
3.165636007906869054e-05
4.783314579981379211e-05
2.378977806074544787e-04
4.591386459651403129e-05
1.707274204818531871e-04
5.606110673397779465e-03
3.041559102712199092e-05
8.356175385415554047e-05
8.816862246021628380e-04
1.738907955586910248e-02
1.908939890563488007e-02
7.138682994991540909e-03
1.931631595653016120e-05
5.519395472219912335e-06
3.604300218285061419e-06
1.338123865934903733e-06
4.269237706466810778e-06
1.109256481868214905e-05
3.219998325221240520e-05
4.279693712305743247e-06
1.301624979532789439e-05
2.418233634671196342e-05
1.880798481579404324e-05
3.619803101173602045e-05
2.837935198840568773e-06
3.815389845840400085e-06
1.485464308643713593e-04
3.606935570132918656e-05
4.422199708642438054e-06
2.896227524615824223e-04
2.182570897275581956e-04
2.515398364266729914e-06
9.052226232597604394e-06
2.036774458247236907e-05
9.992757259169593453e-05
6.086977009545080364e-06
7.973300853336695582e-06
6.618725456064566970e-05
3.089645178988575935e-05
1.071280280484643299e-06
8.007836186152417213e-06
8.899119166017044336e-06
3.985613147960975766e-05
1.498392521170899272e-05
6.942327104297874030e-07
2.738091279752552509e-05
4.288226409698836505e-05
1.275369286304339767e-04
1.289391184400301427e-05
6.728666903654811904e-06
5.976489774184301496e-06
2.999359821842517704e-05
7.663762517040595412e-06
6.028001280355965719e-06
9.074064291780814528e-05
2.242803384433500469e-05
4.763248944072984159e-05
1.988658332265913486e-04
1.037491620081709698e-05
1.300962230743607506e-05
1.560796663397923112e-04
1.318501890636980534e-04
1.010390224109869450e-05
3.214236858184449375e-05
1.606321457074955106e-04
2.055875811493024230e-04
2.073112955258693546e-05
5.431483732536435127e-04
3.040393130504526198e-05
1.443338580429553986e-03
1.239023731613997370e-05
3.777245525270700455e-03
1.114907092414796352e-03
6.229196151252835989e-05
3.702803587657399476e-05
1.039785682223737240e-03
1.365255302516743541e-04
4.869235635851509869e-05
4.114089242648333311e-04
5.516314922715537250e-05
2.387106884270906448e-03
3.376510867383331060e-04
2.136388684448320419e-05
2.479775808751583099e-03
6.449474312830716372e-06
6.885404673084849492e-07
6.255520565900951624e-05
1.081332302419468760e-04
3.945190925151109695e-03
1.357692872261395678e-05
3.228632704121991992e-05
6.985062500461935997e-04
7.193629280664026737e-04
2.852537545550148934e-05
5.206748028285801411e-05
2.787918901958619244e-06
8.441626960120629519e-06
2.145536882380838506e-06
8.551224709663074464e-06
1.039011476677842438e-05
1.536102899990510195e-05
4.488600097829475999e-05
1.675113253440940753e-06
4.954998439643532038e-05
2.419644033579970710e-06
4.559654917102307081e-05
6.110058166086673737e-05
3.895705958711914718e-06
2.893755117838736624e-05
1.874700160442444030e-06
3.512202965794131160e-05
7.741346962575335056e-06
3.443014293225132860e-06
6.200021289259893820e-06
1.550758723169565201e-03
6.181253120303153992e-04
2.004913258133456111e-04
2.428029256407171488e-05
1.443978690076619387e-04
1.893569569801911712e-04
1.130961463786661625e-04
5.484928988153114915e-05
1.392700616270303726e-02
2.357293487875722349e-05
5.893939305678941309e-05
2.238368469988927245e-04
5.460440775095776189e-07
5.929259145887044724e-07
2.411527202639263123e-05
1.559110387461259961e-05
1.851321576396003366e-05
7.316115807043388486e-05
1.161096292889851611e-06
4.471733973332447931e-06
5.063457592768827453e-06
7.679232658119872212e-05
5.210354174778331071e-07
2.179302464355714619e-05
6.285270501393824816e-05
9.451230198465054855e-07
6.147611202322877944e-07
4.483064230953459628e-07
8.783593443695281167e-07
3.870795626426115632e-05
9.667819540482014418e-06
2.604501332825748250e-06
1.671938080107793212e-04
2.707172279770020396e-05
6.239576759980991483e-05
7.990595804585609585e-06
1.948156859725713730e-04
3.541954501997679472e-04
3.797915414907038212e-04
1.359862799290567636e-04
4.212401108816266060e-05
8.264953066827729344e-05
5.336239041753287893e-07
2.588738425401970744e-05
7.556518994533689693e-06
8.994406925921794027e-06
2.881162617995869368e-05
8.179923497664276510e-06
4.719578043932415312e-07
7.599293894600123167e-06
2.227046024927403778e-05
1.866624916146975011e-05
5.274115756037645042e-05
1.394760056427912787e-05
2.774225549728726037e-06
1.230817451869370416e-05
1.026124882628209889e-04
6.253158790059387684e-05
8.696272743691224605e-06
1.163689739769324660e-05
4.604464265867136419e-06
7.942648153402842581e-06
2.646860230015590787e-05
1.887096686914446764e-06
4.617835293174721301e-05
5.028323812439339235e-06
1.546520593365130480e-06
2.144329016573465196e-07
2.274779253639280796e-04
7.121821454347809777e-06
3.336412773933261633e-04
1.098192660720087588e-05
2.110721979988738894e-04
3.318239805594203062e-06
1.742207587085431442e-06
4.353162694314960390e-06
3.836869291262701154e-05
7.874590437495498918e-07
4.066969268023967743e-04
2.176669659093022346e-04
5.163748483028030023e-06
1.596792426425963640e-04
4.890862692263908684e-05
6.104024214437231421e-05
4.627295493264682591e-05
1.251033099833875895e-04
4.021265194751322269e-04
5.612931563518941402e-04
1.249656452273484319e-05
1.013678502204129472e-05
1.018111361190676689e-04
5.547699765884317458e-05
1.164843997685238719e-04
2.039196078840177506e-05
5.347697297111153603e-04
3.645677224994869903e-06
2.865880960598587990e-04
5.290374392643570900e-04
2.044018765445798635e-05
2.676112671906594187e-05
1.027570324367843568e-04
7.284966159204486758e-07
2.173987240894348361e-06
8.344377420144155622e-06
2.376656630076467991e-05
3.378609108040109277e-05
9.855854295892640948e-05
4.767500504385679960e-04
2.573994788690470159e-05
5.513874566531740129e-05
7.448520045727491379e-05
5.370168582885526121e-05
1.661072019487619400e-04
2.939859405159950256e-04
8.294824510812759399e-05
8.350623102160170674e-05
1.886392237793188542e-05
2.184544064220972359e-05
3.053739783354103565e-05
5.549996785703115165e-05
4.572066700347932056e-06
9.886048246698919684e-06
3.887594721163623035e-05
2.247599695692770183e-05
8.473373782180715352e-06
1.370160316582769156e-05
3.167629256495274603e-05
9.200006388709880412e-06
5.000659257348161191e-06
3.032281238120049238e-04
2.268327807541936636e-05
1.509846606495557353e-05
6.536073669849429280e-06
3.301234755781479180e-05
2.419090378680266440e-06
5.520858849195064977e-06
1.161924410553183407e-05
9.867173503153026104e-06
1.024920493364334106e-05
7.333142548304749653e-06
1.357348519377410412e-03
8.471143701171968132e-06
8.055997750489041209e-05
1.105386127164820209e-05
1.244256854988634586e-04
1.522474485682323575e-04
1.805323845474049449e-04
1.625670265639200807e-04
7.225394074339419603e-05
5.858633812749758363e-05
6.835797830717638135e-05
7.018908036116044968e-06
7.898828698671422899e-06
7.822466432116925716e-05
1.806305408535990864e-05
1.212298320751870051e-05
3.080972419411409646e-06
4.176181391812860966e-05
2.023000888584647328e-05
1.959425164386630058e-03
4.942760642734356225e-05
2.920686267316341400e-03
4.578727748594246805e-05
6.353943026624619961e-04
1.348557270830497146e-04
5.752189736085711047e-06
5.987280746921896935e-04
1.376054482534527779e-03
6.486020982265472412e-02
5.608356332231778651e-06
3.951594117097556591e-04
2.157899325538892299e-05
4.486991019803099334e-05
4.325729150878032669e-06
3.803678919211961329e-05
3.481572275632061064e-05
4.490479841479100287e-05
5.573302405537106097e-05
4.185958823654800653e-05
2.562996523920446634e-04
2.576427359599620104e-04
2.397792850388213992e-04
2.752362161118071526e-05
3.593519795686006546e-04
3.867522536893375218e-05
8.618124411441385746e-05
2.697324089240282774e-04
8.675273857079446316e-04
2.079101395793259144e-04
8.328076219186186790e-04
8.824925316730514169e-06
4.482243821257725358e-05
1.437719794921576977e-03
9.329555905424058437e-05
3.652045270428061485e-04
3.111894693574868143e-05
9.568121458869427443e-05
2.260924338770564646e-05
5.647170837619341910e-06
2.800530091917607933e-05
3.745472713490016758e-05
9.279190999222919345e-05
4.147353138250764459e-06
2.892510747187770903e-05
8.225518831750378013e-05
4.804285254067508504e-07
3.990773791429091943e-07
1.153998193331062794e-03
2.086885360768064857e-04
2.164655779779423028e-05
8.643112960271537304e-05
6.686642564091016538e-07
7.281111902557313442e-05
3.116160514764487743e-04
2.674989991646725684e-05
7.387412188109010458e-05
2.862409164663404226e-04
6.437415140680968761e-05
1.125231574405916035e-04
1.194343130919151008e-04
2.252017613500356674e-03
1.931602164404466748e-04
5.588590865954756737e-04
2.187465870520099998e-04
2.732550492510199547e-04
2.092015492962673306e-04
7.484365050913766026e-05
1.843012287281453609e-03
1.588223036378622055e-03
1.593427441548556089e-04
1.038333502947352827e-04
1.267480092792538926e-05
7.016080303401395213e-07
4.288970740162767470e-05
2.388273787801153958e-05
6.629909876210149378e-06
8.976391109172254801e-05
1.458520535379648209e-03
1.593648642301559448e-02
1.585519290529191494e-03
2.178834937512874603e-02
1.940371235832571983e-03
5.876290798187255859e-02
5.140008288435637951e-04
2.931286871898919344e-04
4.610038362443447113e-03
4.498428606893867254e-04
5.014312919229269028e-03
2.227062173187732697e-02
2.544087183196097612e-04
2.375905605731531978e-04
7.554105948656797409e-03
4.319844841957092285e-01
6.578134489245712757e-04
3.513095900416374207e-02
5.345871904864907265e-04
9.807473543332889676e-05
2.143962075933814049e-03
6.214192835614085197e-04
1.122490386478602886e-03
7.174008060246706009e-04
2.163443277822807431e-04
1.839499304878700059e-06
6.867924184916773811e-06
1.706981856841593981e-05
5.414060524344677106e-06
1.398227368554216810e-06
3.143102503599948250e-06
1.509256344434106722e-05
5.550181595026515424e-05
1.053236883308272809e-05
5.783620508736930788e-06
2.608867944218218327e-04
1.580314892635215074e-05
9.057480929186567664e-05
3.952338374801911414e-05
2.335315798518422525e-07
2.931481333234842168e-07
7.325569458771497011e-05
7.799519153195433319e-06
9.614775990485213697e-06
1.248845705958956387e-06
1.058321679010987282e-03
3.461717278696596622e-05
1.045137196342693642e-05
1.045771859935484827e-04
6.304134785750648007e-06
3.329174069222062826e-05
5.935343779128743336e-06
3.118910399280139245e-06
3.690692246891558170e-04
6.952981266294955276e-07
1.049311867973301560e-05
3.274327900726348162e-04
4.452109278645366430e-04
2.820034524120274000e-06
9.796886843105312437e-06
1.864808109530713409e-05
6.396331591531634331e-04
7.453401485690847039e-05
2.352655792492441833e-05
3.056620189454406500e-04
1.264162801817292348e-05
3.800100530497729778e-04
2.954511273856041953e-06
2.780135764623992145e-05
2.191547764596180059e-06
6.193668468768009916e-06
4.205761797493323684e-05
1.794455783965531737e-06
8.731894922675564885e-05
3.465481086095678620e-06
1.731914562697056681e-05
1.543879261589609087e-05
6.497436061181360856e-06
9.209127165377140045e-04
7.617695246153743938e-06
1.655635569477453828e-04
5.556691030506044626e-05
1.099115797842387110e-05
1.585213904036208987e-04
4.914406221359968185e-03
1.814125789678655565e-05
2.846427150871022604e-06
1.395775325363501906e-05
5.249905370874330401e-06
6.894304988236399367e-06
5.403460363595513627e-06
9.758394298842176795e-06
2.117786971211899072e-05
7.315732364077121019e-05
5.662637413479387760e-04
1.232754584634676576e-05
1.924135722219944000e-05
4.996287771064089611e-06
8.606231858721002936e-05
1.342485193163156509e-04
9.251035407942254096e-06
1.934770352818304673e-06
5.981065669402596541e-07
4.778069524036254734e-06
1.671006975811906159e-05
1.245720923179760575e-04
3.348635800648480654e-05
2.254071659990586340e-05
3.873166133416816592e-05
1.651869183660892304e-06
2.527940887375734746e-05
1.268520718440413475e-04
3.487704816507175565e-06
1.485902743070255383e-07
4.755620921059744433e-06
1.133974592448794283e-06
6.908514933456899598e-06
1.869245352281723171e-05
1.573555664435843937e-06
3.601686912588775158e-04
7.550715395154838916e-07
4.670027919928543270e-07
6.209948332980275154e-05
1.713134952296968549e-05
5.744334193877875805e-04
1.435681059956550598e-02
1.714852987788617611e-05
4.816272296011447906e-03
5.090289960207883269e-06
1.264350203200592659e-06
2.457894617691636086e-03
2.044957454927498475e-06
7.984540388861205429e-06
3.153365105390548706e-04
3.484473381831776351e-06
8.291174708574544638e-06
1.190693117678165436e-03
1.851445296779274940e-03
6.895886599522782490e-07
3.493467374937608838e-06
1.196060293295886368e-05
3.486090645310468972e-05
1.481154686189256608e-05
9.895745279209222645e-06
1.296479240409098566e-06
5.058251986156392377e-07
5.440558084046642762e-07
7.431416179315419868e-06
2.337191835977137089e-05
7.681635179324075580e-05
1.311344658461166546e-05
5.006758146919310093e-04
1.145724945672554895e-05
8.630107186036184430e-05
1.242733651451999322e-05
4.204612650937633589e-06
2.220117039541946724e-06
1.581390506544266827e-06
8.687543413543608040e-06
1.848750107455998659e-04
9.491619493928737938e-06
4.710387293016538024e-05
9.995540040108608082e-07
5.411789516074350104e-06
1.337240428256336600e-05
1.010541950563492719e-06
3.385004674782976508e-05
2.609802550068707205e-06
2.643831521709216759e-06
4.939139216730836779e-06
6.236434728634776548e-07
1.147748065477571799e-07
2.488199470462859608e-06
8.314370643347501755e-05
9.876154363155364990e-04
3.457828597674961202e-06
2.668728029675548896e-06
1.464525757910450920e-05
5.940403934800997376e-05
6.627760740229859948e-06
9.900219993141945451e-06
1.205330117954872549e-04
7.963092502905055881e-05
3.290243171250040177e-07
3.134511416647001170e-06
5.928903192398138344e-05
2.864977375338639831e-07
4.290646302251843736e-06
1.713811616355087608e-05
2.475870678608771414e-05
9.384917802890413441e-07
3.209361466360860504e-06
4.780774543178267777e-05
3.556782321538776159e-04
8.810179133433848619e-05
1.354442883894080296e-05
7.819434358680155128e-06
1.168180915556149557e-05
7.760818582028150558e-03
6.405630870176537428e-07
1.199951043417968322e-06
9.631464763515396044e-07
6.612404104089364409e-05
5.912257984164170921e-05
7.003953796811401844e-04
5.562344995269086212e-06
3.559943070285953581e-05
1.848622196121141315e-05
6.262110400712117553e-05
1.950491650859476067e-06
4.621976768248714507e-05
3.947384902858175337e-05
6.061881776986410841e-06
1.128711664932779968e-04
2.418962503725197166e-05
5.077032983535900712e-05
3.618222544901072979e-04
5.343305019778199494e-06
5.494189849741815124e-07
6.972770206630229950e-04
9.741351277625653893e-06
1.110416451410856098e-05
1.105766159525956027e-06
6.951708201086148620e-05
6.169680091261398047e-06
5.026159487897530198e-05
3.243198420932458248e-07
6.049822786735603586e-06
4.549451659840997308e-07
1.840082768467254937e-05
2.336407342227175832e-04
7.943946798150136601e-07
1.036919886246323586e-03
1.938752575370017439e-06
7.333807388931745663e-06
2.370885340496897697e-03
6.933395285159349442e-03
9.381607378600165248e-05
6.409578782040625811e-05
2.513498111511580646e-05
7.999673835001885891e-05
4.343635009718127549e-05
1.042938765749568120e-05
2.409106673439964652e-05
4.063437245349632576e-06
1.415269216522574425e-04
7.188834570115432143e-05
7.060589268803596497e-05
4.155934948357753456e-05
1.091446165446541272e-06
1.467531692469492555e-04
1.806988507269124966e-06
1.844880753196775913e-04
8.204628102248534560e-06
5.965126911178231239e-04
1.850432890933007002e-04
1.254527160199359059e-05
3.461997766862623394e-05
6.279165245359763503e-05
9.987836165237240493e-06
6.596930688829161227e-06
1.647966030304814922e-07
3.731234983206377365e-06
4.530204932962078601e-06
2.765555791484075598e-06
1.748707973092678003e-06
1.772990003701124806e-06
5.876119644199206959e-07
1.445990637876093388e-04
4.301767694414593279e-05
1.046446777763776481e-05
1.063194577000103891e-05
7.147671112761599943e-06
5.512260031537152827e-05
1.156164398707915097e-05
1.266020717594074085e-05
4.675747732107993215e-06
9.395521919941529632e-05
3.156372258672490716e-05
2.232253609690815210e-04
2.658356679603457451e-04
4.478225018829107285e-04
7.820362952770665288e-05
2.680687032352579990e-07
3.925679720850894228e-06
5.332350265234708786e-03
4.531963495537638664e-04
1.945391522895079106e-05
1.732456439640372992e-05
2.054605647572316229e-05
6.998821845627389848e-06
3.521150938468053937e-05
1.495126707595773041e-05
1.716278802632587031e-06
1.507110391685273498e-05
4.415352123032789677e-06
1.455512938264291734e-05
1.378851175104500726e-05
2.730150072238757275e-06
4.771489475388079882e-04
3.230378933949396014e-05
9.244561624655034393e-06
4.969768633600324392e-05
6.103721534600481391e-05
2.354386197112035006e-05
1.338400215900037438e-05
1.751855234033428133e-05
1.286565384361892939e-04
5.175914338906295598e-05
2.800356355692201760e-07
2.523907141949166544e-06
7.082402589730918407e-06
4.066083056386560202e-05
3.291473910212516785e-02
2.421987346679088660e-06
9.350252184958662838e-06
2.868710907932836562e-06
1.064831303665414453e-05
2.776143373921513557e-03
1.237182914337608963e-05
1.170110294879123103e-06
1.075852765097806696e-06
2.846116444743529428e-07
3.964349843954551034e-07
6.275399755395483226e-07
2.196034620283171535e-05
1.513734969194047153e-05
5.903958140152099077e-07
3.206987230441882275e-06
6.492236861959099770e-04
1.097394942917162552e-05
3.346345329191535711e-04
3.370547347003594041e-05
4.782742053066613153e-06
9.470015356782823801e-05
3.745606591110117733e-06
4.936156256007961929e-05
3.382916838745586574e-05
3.345108780195005238e-05
2.805028809234499931e-03
4.732269735541194677e-04
7.470508194273861591e-07
3.120143810519948602e-05
1.005739613901823759e-04
1.408809621352702379e-04
2.293654688401147723e-07
6.666801368737651501e-07
1.772718678694218397e-05
2.490948872946319170e-06
4.117996468266937882e-07
1.694606180535629392e-05
5.159084821571013890e-07
1.574756018817424774e-02
5.950385457254014909e-06
1.024024095386266708e-04
1.934845840878551826e-06
3.848384949378669262e-06
7.467713658115826547e-06
3.854178794426843524e-05
1.894367960630916059e-05
3.205772009096108377e-05
1.953895844053477049e-05
8.341233126429870026e-08
1.480104838265106082e-04
1.107978285290300846e-03
1.859389044511772227e-06
1.314168475801125169e-04
3.217351040802896023e-04
5.256242275208933279e-06
1.057379296980798244e-03
5.719369255530182272e-06
7.827855006325989962e-05
6.289311613727477379e-07
8.180110853572841734e-06
1.614926295587792993e-04
1.260307726624887437e-06
4.607196387951262295e-06
5.397589120548218489e-06
8.909194662010122556e-07
1.579329022206366062e-03
8.898096552911738399e-07
5.897247774555580691e-06
2.599871913844253868e-05
1.033643493428826332e-04
1.530156441731378436e-05
8.464054189971648157e-06
1.826920424718991853e-06
2.314411176485009491e-06
1.888351544039323926e-04
1.033462558552855626e-05
8.816718764137476683e-05
4.052266944199800491e-03
3.996296800323762000e-05
5.620467618427937850e-06
4.103802893951069564e-06
5.936521574767539278e-06
1.916228575282730162e-05
4.418498974700924009e-06
9.459774446440860629e-06
3.887615548592293635e-06
6.346557347569614649e-05
5.097467510495334864e-05
9.247683010471519083e-06
1.152250774794083554e-06
2.131357323378324509e-04
1.727785274852067232e-05
4.325716872699558735e-06
5.571652309299679473e-06
5.581326549872756004e-04
5.178227183932904154e-06
3.019312998731038533e-06
1.842395249695982784e-05
4.130128363613039255e-04
3.305879999970784411e-06
1.038634945871308446e-05
1.353828247374622151e-05
2.372852804910507984e-06
7.089233804435934871e-06
2.926040542661212385e-05
7.544763502664864063e-05
1.753993456077296287e-05
4.761016498378012329e-06
1.692613750492455438e-06
1.832776251831091940e-05
1.104376607941048860e-07
4.899938721791841090e-05
4.068750058650039136e-06
5.226112552918493748e-04
1.782824052497744560e-03
3.994035068899393082e-06
3.943633419112302363e-05
5.892528570257127285e-04
1.816730655264109373e-04
3.942806142731569707e-05
4.968785106029827148e-06
4.322622044128365815e-05
6.989973826421191916e-07
1.965275941984145902e-06
6.991447298787534237e-05
9.440992471354547888e-06
6.352185664582066238e-06
3.539709141477942467e-04
4.319881270475889323e-07
3.888039791490882635e-04
8.907301526051014662e-05
2.096095386150409468e-06
1.937533369300581398e-07
5.111977316119009629e-06
1.916695282488944940e-06
3.130639961455017328e-04
7.879879149186308496e-07
3.390248399227857590e-03
6.928186166987870820e-07
2.516997597012959886e-07
1.107406686060130596e-03
1.203039664687821642e-05
3.416885419937898405e-06
4.941049701301380992e-05
8.675864955876022577e-05
3.637047257143422030e-06
9.133893036050722003e-05
4.996383795514702797e-04
3.042063872271683067e-05
8.756168767831695732e-07
1.412804267602041364e-04
4.444103979039937258e-06
1.598450762685388327e-05
3.243060973545652814e-06
7.839904719730839133e-05
4.086868102604057640e-06
6.408362969523295760e-05
7.541666855104267597e-04
5.670735845342278481e-05
3.401336653041653335e-05
3.897872375091537833e-06
1.583941513672471046e-03
2.434055932098999619e-04
4.583022382576018572e-05
1.045867065840866417e-05
4.019354004412889481e-03
1.489871556259458885e-05
3.972824561060406268e-05
1.084385530703002587e-05
4.285297109163366258e-06
2.472375172146712430e-06
1.279452226299326867e-05
2.914493961725383997e-04
2.314851735718548298e-05
6.585305527551099658e-05
4.169696767348796129e-04
8.979481549431511667e-07
2.017798396991565824e-05
5.224246137913723942e-07
1.486444216425297782e-05
1.244208251591771841e-04
1.078213699656771496e-05
8.252555971921538003e-07
1.631727172934915870e-05
1.273279660381376743e-03
5.940611008554697037e-04
1.117907322623068467e-05
3.751095221105060773e-07
1.800277641450520605e-05
7.542481625932850875e-07
9.577026503393426538e-06
2.531984682718757540e-05
1.070578728104010224e-04
6.434235046981484629e-07
7.107041310518980026e-04
8.111094939522445202e-05
1.638179696783481631e-06
1.431274868082255125e-04
4.365604036138392985e-05
8.356446778634563088e-05
2.889938173211703543e-07
1.340919756330549717e-03
2.787376579362899065e-04
1.515042004029965028e-05
8.796147085377015173e-06
1.245093735633417964e-04
9.026464249473065138e-05
1.944571522471960634e-05
1.470755523769184947e-05
1.200095812237123027e-05
1.191074043163098395e-04
1.249264369107550010e-05
1.551616005599498749e-04
3.455217665759846568e-06
1.693353406153619289e-04
1.342001905868528411e-05
1.640516984480200335e-06
7.200663958428776823e-07
2.778632733679842204e-05
5.472282282426021993e-06
5.772459189756773412e-05
2.208874502684921026e-05
1.636159606277942657e-03
4.392056325741577893e-06
2.244714232801925391e-05
1.075768250302644446e-05
6.130887661129236221e-03
3.145427035633474588e-04
2.664277644726098515e-06
2.037302692770026624e-05
6.549910835929040331e-07
1.420669650542549789e-05
6.749280873918905854e-05
8.985482054413296282e-06
4.946188535541296005e-03
3.331198531668633223e-04
8.850441304275591392e-07
4.473907392821274698e-05
3.648781421361491084e-05
1.148545288742752746e-05
1.587617225595749915e-05
6.488408544100821018e-04
4.810688260477036238e-04
4.522336239460855722e-04
6.681208560621598735e-06
1.374043449686723761e-06
3.681987436721101403e-06
4.484672047055937583e-07
1.385544692311668769e-07
1.311505343437602278e-06
1.125477183450129814e-06
2.098948971251957119e-05
4.042288992422982119e-07
1.746458110574167222e-06
7.713851118751335889e-06
7.755234605610894505e-07
1.362885086564347148e-06
1.441493850506958552e-06
7.127271146600833163e-06
1.259463624592171982e-05
1.195594904856989160e-05
2.405198074484360404e-06
1.009723064271383919e-06
4.764900495501933619e-06
1.451639036531560123e-06
9.282061910198535770e-06
5.844138740940252319e-06
2.299695552210323513e-05
7.764645488350652158e-06
6.997423770371824503e-05
5.754478042945265770e-04
1.667840479058213532e-05
1.274515816476196051e-04
8.471641194773837924e-05
1.718767889542505145e-04
3.944466698158066720e-06
1.083554252545582131e-05
3.259288205299526453e-04
1.079159628716297448e-04
8.894364145817235112e-05
2.334594319108873606e-05
4.944358238390123006e-07
3.496965655358508229e-05
3.695807606618473073e-07
2.862081373677938245e-06
1.244269924427499063e-06
2.646140728757018223e-07
3.062506834794476163e-07
3.642710726126097143e-05
2.258339236504980363e-06
5.028906889492645860e-05
6.803682026657043025e-07
3.618498449213802814e-04
1.443998073227703571e-03
1.961724832653999329e-03
2.381659578531980515e-05
1.048901594913331792e-05
9.997271699830889702e-04
7.064522651489824057e-05
1.644548501644749194e-05
2.293295110575854778e-04
7.655205263290554285e-05
1.300362491747364402e-04
2.756933099590241909e-05
4.870673292316496372e-04
1.227054744958877563e-04
5.952445790171623230e-04
2.334298369532916695e-05
1.603531272849068046e-04
1.916166183946188539e-05
1.083804992958903313e-03
3.229173598811030388e-04
2.015080302953720093e-03
1.817130032577551901e-05
5.545427939068758860e-06
4.193534550722688437e-05
2.782178307825233787e-05
3.693736216519027948e-04
3.257870775996707380e-05
8.478546988044399768e-06
3.557910167728550732e-05
8.288767276098951697e-05
