1.441070929253385202e-09
1.374169777967892969e-09
1.976465657804737930e-09
6.739219599039003583e-11
1.543782601753918016e-10
1.022213425017071131e-09
3.631456524377796313e-10
1.719535703159635887e-06
1.876257897492905613e-06
7.030061510704399552e-08
2.746203975334537972e-08
2.369517382305730280e-08
1.910599678467406193e-08
2.780763850296352757e-07
8.537005413700171630e-08
1.636719730413460638e-06
3.984081047292420408e-07
1.120675108268187614e-07
3.968204396187502425e-07
3.710237592713383492e-07
9.236373332832670258e-10
5.600813679507155030e-08
6.835255916826099565e-09
1.608813562370414729e-07
3.772552474856638582e-07
6.169617705609198310e-09
8.407138984978246299e-09
3.816855720373268923e-10
1.180775699438640913e-09
1.740718569287480477e-09
2.854113922978740447e-08
1.752790090847611282e-08
4.984420431952685249e-09
1.263445348342884245e-09
1.710452446346266697e-09
2.188408565473309864e-08
4.421212906891014427e-08
3.098525169775712129e-08
9.695114849828101455e-11
5.060975638571107993e-08
1.867042165315524471e-08
1.405346505833904303e-09
1.257437598489730135e-09
1.620117728862169315e-07
3.171940765600567147e-10
1.626723755698833429e-09
2.809897203803757293e-08
2.984526403793097415e-08
2.622549954978126152e-09
1.558525863920579013e-09
1.274657801531020596e-08
1.065586952009311972e-09
2.214566974245713027e-09
9.518872801095312752e-09
8.702779830116469384e-09
5.759720167475279595e-08
7.154001835374401708e-09
1.728206799889164813e-09
1.711341113264097658e-08
7.761276066275968333e-08
3.716939644959893485e-08
5.855689266809349647e-09
2.051251390966513100e-09
8.930069128609829932e-09
2.214112093668063608e-08
2.645317964677929012e-09
4.424051125440087162e-10
5.969189142973618800e-09
5.184645490707850968e-10
1.819183415019409722e-10
8.765050019121645164e-09
8.676691365394617605e-09
2.648882571065769298e-07
7.098901733115781099e-08
5.813281589439611707e-08
9.990635874146391870e-08
2.762661551969358698e-06
2.168000321489671478e-07
3.107029300508656888e-08
1.320274556348977057e-08
1.843783570265600247e-09
2.558875854263842342e-11
2.566842560725035582e-08
1.118844794589790581e-09
1.381671221878377764e-08
2.150417088842004887e-07
6.943557284699863885e-09
4.434047351509207147e-09
9.033930155055713840e-07
4.267169728677799867e-08
1.561336233635302051e-07
1.071333372237859294e-06
1.889998202386777848e-08
2.340460468985838816e-06
6.609599978446567548e-08
1.500438088442024309e-06
3.038388513232348487e-06
6.397546936653952798e-09
2.722296610357943791e-09
1.349984035670104277e-08
1.499134860694084637e-08
1.623324408228654647e-08
3.398372472318555992e-09
6.146188979982980527e-08
5.864184231541003101e-07
1.321594822911720257e-06
1.437859342701131027e-08
2.774484531009591137e-10
5.996013685560797057e-10
1.133672669628715823e-10
9.675907852724208169e-10
1.806780614010961017e-09
3.790462388408855077e-10
7.586157835248741321e-08
1.258743598242517692e-08
1.559643247883713002e-10
6.763796633890706289e-09
3.262009828919332222e-10
1.499706847596371517e-08
1.344743427722505658e-09
1.028679585957092968e-09
8.061384448865283048e-09
1.605961230666252959e-08
3.601754894333453194e-09
2.136771426464179058e-09
4.831923305914642697e-09
5.058741203711747403e-10
2.517347885699905419e-09
3.417902050273369241e-08
3.887753674547411720e-09
8.863511036238946872e-10
3.493980216262571048e-08
3.074011933890119508e-09
6.112531281132760341e-08
3.821026339778654801e-08
1.289046736019372474e-07
8.378561489053026889e-08
2.715287017451828433e-08
1.971273810852380848e-09
9.316007965054495799e-10
4.986183688160394922e-11
3.603237430649386397e-10
7.389514555811160790e-10
7.993113726456613222e-09
1.032621543828327049e-08
1.495875956436520937e-08
3.365807355049099669e-10
4.627777883126071856e-10
1.468938748416803719e-09
3.902997647298178663e-10
7.627087228456730372e-08
2.634647216837038286e-06
1.189462068396096583e-06
1.769777324689414399e-09
2.826250920406891964e-06
1.026404277126857778e-07
1.656230779190082103e-06
1.643041059651295654e-06
1.119180524256080389e-06
2.875090956422354793e-07
3.169020601490046829e-06
1.204631416840129532e-06
3.369637795458402252e-07
1.764904845913406461e-05
4.845312105317134410e-06
9.240388317266479135e-05
3.692732093441009056e-07
9.408714873870849260e-08
1.224061520588293206e-06
2.296693857317677612e-08
2.678952881751683890e-08
4.174986134586333719e-09
1.510241709468118643e-08
6.384978767925986176e-09
3.131731318717356771e-07
5.441476673695433419e-07
2.756493984179542167e-07
7.691819803312682780e-08
1.392972670544168068e-08
8.531019375368487090e-07
2.023571852305394714e-07
4.217483307034086693e-10
8.024861926969606429e-06
2.271332135705961264e-07
4.424873978337018343e-08
2.545081656535330694e-07
2.395013325440231711e-07
5.790113277726050001e-07
1.525751192055224692e-09
6.380532369121283409e-08
1.607618482779571423e-09
4.630840066965902224e-07
3.204959853064792696e-08
7.449752104093931848e-08
6.585247902535229514e-09
9.516077739135653246e-07
2.505764769011875615e-07
2.313892764504998922e-06
2.311755451955832541e-06
1.286466613237280399e-07
1.564631247674697079e-06
1.987701523376017576e-07
5.935926239430955320e-08
2.864589232487446679e-09
1.577283192943923495e-08
7.216671747301006690e-06
3.493608744520315668e-07
8.697075770669471240e-08
1.642004122004436795e-06
3.832858652685899870e-08
6.745107583583376254e-08
1.783393521748166677e-08
7.054336492728907615e-07
2.656777269294252619e-06
8.339556516148149967e-04
6.040315270183782559e-08
6.523876550090790261e-09
7.380644433396810200e-07
7.492537434927726281e-08
7.688410732953343540e-06
5.702379439753713086e-07
2.002349503982259193e-07
2.145524469199244777e-08
6.927720278326887637e-06
6.782986474718200043e-06
2.991827841469785199e-06
1.330486384176765569e-06
1.650910962780471891e-05
3.440826290557197353e-09
2.068424320711415021e-09
1.323262637242805795e-07
3.447375718224066077e-07
2.039991358060433413e-07
7.617059054609853774e-07
1.004131045192480087e-03
2.354150456085335463e-05
3.128203388769179583e-05
2.973882328660693020e-05
1.964557304745540023e-05
4.264669769327156246e-05
2.321609208593145013e-04
2.914974720624741167e-05
1.376074123982107267e-05
6.632145641560782678e-07
4.629036993719637394e-04
4.834628839489596430e-07
2.166631958289144677e-07
1.284651489186217077e-06
2.071544535908742546e-08
2.563145358180918265e-07
2.805511023495910194e-08
8.793214156810336135e-09
5.019666332373162732e-06
5.951434900453023147e-08
9.526497706247027963e-06
2.309497904207091779e-05
2.098702680086717010e-05
7.876074192836313159e-08
1.543232763800972407e-09
4.197755458790197736e-07
1.157828705800056923e-06
3.300148705420724582e-07
6.237485213205218315e-04
2.850854841085492808e-08
1.636263107229751768e-07
7.352139874683416565e-08
1.342027999839956465e-08
4.722508322174689965e-07
2.063286208553449796e-09
2.222298611798123602e-08
3.863765307698940887e-09
3.475020662335737143e-07
4.998520264365424737e-09
3.813208877545548603e-07
2.947788857454725076e-07
2.326865455870574806e-07
8.775287163587108807e-09
3.001126103185924876e-08
5.759742194300088158e-08
3.098646061960863562e-10
8.019139130510666291e-08
7.522766765077903983e-08
8.202687240554951131e-08
1.138008975942739198e-08
2.367232525557483314e-07
6.910840255613948102e-08
2.572433857039868599e-07
1.710058761261734617e-08
6.601029500785671189e-09
4.653875507187876792e-09
3.186113133324397495e-07
7.016203085186134558e-08
2.393931026745121926e-07
1.396689253141403242e-08
1.920313366099435370e-07
2.026600122917443514e-05
7.454338479817579355e-09
1.086908559955190867e-05
2.005917991709793569e-07
3.844542391107097501e-07
3.749290600207899615e-10
7.514062616564842756e-08
1.942405525312551617e-08
2.657648856541072746e-08
1.615065485793820699e-07
1.690365003526039800e-08
5.275759917822142597e-07
1.107135716438278905e-08
2.291942422516513034e-07
5.941085873928386718e-06
1.269497715838951990e-07
1.631661632472969359e-07
6.584011202903639060e-07
1.730328591520446935e-08
8.677002227841512649e-08
4.759064253789802024e-08
1.063712147697515320e-06
2.177736568853561039e-08
1.496149870661156456e-08
1.895450196798265097e-07
1.100986679603010998e-08
6.118187911852146499e-08
1.160698204216714657e-07
3.810437121387622028e-08
2.808068888526804585e-09
5.436429084682004031e-09
5.009897829921783341e-09
3.712488094720356457e-09
5.021980609143383845e-09
6.699992227687801005e-10
6.702516230916444329e-08
6.554400044933572644e-08
5.282652093541173599e-09
4.727956692818224838e-09
8.087481546681374311e-07
1.219752107317617629e-06
6.218285761860897765e-07
1.585840578854913474e-07
3.414014031477563549e-07
4.493270111538549827e-08
1.613299005498447514e-08
1.691580742146925331e-08
1.232226054526108783e-08
3.596743569644900163e-09
2.290682843408831104e-08
6.499167852780374233e-07
1.296283187457447639e-07
2.925072237758286064e-07
1.654040602261375170e-07
9.367985276398371752e-10
3.509031731852019220e-09
1.078234657114762740e-08
7.104536337010358693e-08
1.252851244970543121e-08
1.406608447496182634e-07
2.912968193413689733e-05
2.135718091267335694e-07
7.176350180770896259e-08
7.600152684972272255e-07
2.575213464695025323e-08
1.857598022070305888e-07
2.127500486892586196e-08
2.028112788821090362e-08
8.079544255856774271e-10
8.380831786780618131e-06
9.985756129026412964e-03
6.520024617202579975e-04
1.154179777950048447e-02
1.537289191037416458e-02
3.185226619243621826e-01
1.207677996717393398e-03
5.538731929846107960e-04
1.119574881158769131e-05
1.154190758825279772e-04
3.387593023944646120e-04
7.103880634531378746e-04
1.562513830322131980e-06
7.008286193013191223e-04
5.017804796807467937e-04
6.239704787731170654e-02
7.289664819836616516e-03
5.653834342956542969e-01
7.971408194862306118e-04
8.222385076805949211e-06
1.093089013011194766e-04
9.340491402554107481e-08
8.210978563738535740e-09
1.025513938657240942e-05
1.057377744473342318e-06
8.183800304095711908e-10
7.574915694696926494e-10
3.848832086372766526e-10
9.461771643959338007e-11
6.874957547697846394e-11
3.806924220306484585e-10
3.042070761960502523e-10
8.569223663990044315e-10
2.166763019006978652e-10
7.713931182706801337e-08
8.200871803865084075e-08
6.190741252964926389e-09
4.320375612820726019e-09
6.614199854482194496e-09
7.863752704562188001e-11
3.254248259754177752e-10
7.490832953926940263e-11
6.144131869945113067e-10
8.849658783560698794e-10
1.024311524489007752e-09
3.991123875835000945e-09
1.430183829143061303e-07
1.918468051087529602e-09
5.709123129804538621e-08
2.408788191132771317e-08
1.015219552868984465e-07
1.386578296624918494e-09
7.622607967050498701e-08
7.397443102519218883e-09
3.661411729360963818e-10
5.539623204597887707e-10
1.892765055799827678e-08
1.117596525546105113e-06
2.770589802025824611e-08
4.850825519042700762e-09
1.320161224782623322e-08
1.808100891231845253e-09
1.080657963115072562e-08
4.180428447853046237e-09
1.207059483476768946e-07
3.727546626919320261e-08
6.581075950862214086e-08
6.236095639877703434e-09
3.564426975799506181e-09
2.881648697439231910e-09
3.262129837366956053e-07
1.401856142280166750e-08
5.214207954296057324e-10
1.323672838005052199e-09
1.786289671734664353e-09
3.014384120092472585e-08
4.598000202804541914e-08
2.627146056255469375e-09
2.745612270871333749e-08
3.394550640578586354e-09
1.693524254164913145e-08
2.090573225643765909e-08
2.805450982634738466e-09
5.327614758243726101e-07
1.848372654933427839e-08
2.960282685648962797e-09
4.220851579361806216e-08
1.284970574388921705e-09
4.542783038630204828e-09
2.777530427877650254e-09
4.708033074507511628e-09
4.390939611909061568e-09
6.577110411853936967e-08
2.799914256002011825e-08
9.988810667493908113e-09
1.007328176427790822e-08
2.238962792944221292e-09
6.478739766890839746e-09
1.936290949799968075e-08
1.687270270167573472e-07
3.477834686904657246e-09
1.484368006288150355e-08
3.099421830299320391e-09
1.305684116381655713e-09
1.602381516363493574e-08
1.983332076349597628e-08
1.243122849103883709e-08
3.275816951031629287e-08
3.644053592211093928e-08
2.926280107118373053e-09
1.542052929792703253e-09
4.098823325193734490e-08
5.403297365091930260e-09
6.730025980949960740e-10
2.903171036905405344e-08
2.928680853386822491e-09
1.396446780432825108e-08
8.111324945048181689e-09
1.973655461284806734e-09
1.275926309052266561e-10
7.429254433866105956e-10
3.142921034537948799e-09
4.241905493529429805e-09
4.564986610944288259e-08
1.050143652037149877e-07
1.052971128956414759e-06
1.702748697596234706e-08
7.835042481474374654e-08
7.884756847431617643e-09
9.331688893832179588e-11
2.876394766815337789e-08
1.271163507787775870e-09
9.962225488990839040e-10
3.333385789616727379e-09
7.507672261652942325e-10
8.396018102985181031e-09
5.646211276300050486e-10
5.982197137655020924e-08
8.228757231165673147e-09
3.491213540485205158e-09
1.573715380231988092e-09
2.904410267845491944e-09
7.091038867201859830e-08
3.537386987773061264e-07
4.139676601511155241e-09
9.117943067238343247e-10
5.735151020758166851e-09
6.279538555808983347e-10
3.962603134510800373e-09
9.331984074378851801e-09
7.873050655859969993e-09
1.138417093926591406e-08
6.314002121143857948e-08
1.471496791083382050e-08
1.920493630791497708e-08
1.883247335854321136e-08
2.872524085262284643e-08
7.298313620118790368e-10
9.648458387800928904e-08
3.031444961720808351e-08
2.893628003874937349e-09
1.507268199141265086e-09
1.152389517145024911e-09
3.863176001317469854e-09
7.588227646238010493e-08
1.279563122125182417e-09
1.049281195264484268e-08
3.160894601617059152e-10
9.418921198545149309e-10
1.787533676633756841e-09
3.620482580402040185e-09
2.934115617136967558e-09
1.507512559228985083e-09
1.200190080652419056e-08
2.232732221330024913e-09
7.684386105211160611e-08
9.441999404558032438e-10
1.312048159007872528e-08
5.048615392411193170e-08
9.166470960053629824e-08
4.457170188487680207e-09
2.339000992890305497e-08
3.035807694118375366e-08
5.433783423214322283e-10
1.283072648128325000e-09
1.403270721844762647e-09
9.942938694607050820e-10
1.202279054091093258e-09
2.246038377506920369e-08
1.296638019177009937e-09
4.536987729952812742e-10
1.804125515647569955e-09
4.453425006545330689e-08
4.126715857921681163e-09
1.778495217763520486e-08
1.377345437703070274e-08
1.053805931405804586e-08
3.187670216675542179e-08
7.781331134992797161e-08
6.626950654897711956e-10
3.320700603381965266e-09
7.536078983072513893e-10
9.291897917762526049e-09
6.209283309743796053e-09
1.680697891970339697e-06
6.232991456300851496e-09
5.106402767296458478e-08
1.881943845205569232e-08
8.910775228798684111e-09
5.565042648925100366e-09
9.243233733968736487e-09
2.589838210553807585e-08
1.801003790546928940e-09
2.229158901911887369e-08
6.235801208731572842e-08
5.243152134681849930e-09
2.499639322195434943e-06
5.757081478208192493e-09
2.353575556668374702e-09
5.773812858933524694e-07
4.658928798306760655e-09
1.609543076597219624e-08
4.823605403991848561e-10
1.414924888365476363e-08
6.794052431757791055e-09
1.214333593679839396e-07
3.351088739833585350e-09
5.717958995177241377e-09
5.066659314323374019e-10
1.598202814534488425e-08
3.593685562464088434e-07
7.257380474356978084e-09
5.046959472565504257e-08
8.037356558077135560e-09
1.559179896304385693e-09
6.282731845885791699e-08
7.104739552232786082e-08
1.444528052729765477e-08
1.115205350288306363e-06
2.777695939926161373e-08
3.972306927835234092e-08
1.624045964376819029e-08
2.388857822666068387e-08
2.713971625212252547e-08
1.500597619497057167e-07
8.536666484815214062e-09
3.199219023031218967e-08
8.572983434262937408e-10
5.206111541866675907e-09
1.868519561298853660e-09
5.952865578251476109e-08
5.174173312028074179e-10
6.875060876154748257e-08
5.274539915944842505e-08
1.860040867995849112e-07
2.592427783554285270e-08
1.602350963025855890e-08
1.064372767700660916e-08
3.082115185293332615e-08
3.934849335252010860e-09
3.826910344173484191e-09
1.757813616887204944e-10
6.130719487629221476e-09
8.706261822588601262e-10
1.910962221796097538e-10
2.126882669983842788e-09
1.556506568078930286e-08
1.480047528978900573e-09
1.966441942613528227e-08
6.197667801188799785e-08
2.107801755357741058e-08
1.544122696373051440e-08
2.161720935589528381e-08
7.315975381061434746e-09
4.135685216510864848e-08
9.612945994774690917e-09
1.074755354157908016e-10
9.042713244866718014e-09
8.357580583151502651e-08
9.667552092196274316e-08
1.500531823239725782e-07
1.032948091506113997e-07
1.438498475891947237e-08
9.986152876839682335e-11
1.996097509504579648e-09
2.753687722290010242e-09
5.329014385324626346e-08
4.929800123676386647e-09
1.183634856793958079e-09
1.935678284326058929e-08
1.188243281546874641e-08
3.744099075220219675e-08
2.487762218450484397e-10
1.248028125289124546e-09
6.092449655881182480e-09
1.124737303292988599e-09
4.246835771937185200e-09
1.151877593308370251e-09
3.275309579109375591e-09
3.160195438667301460e-10
1.265362641333922511e-07
1.762051660136876308e-08
3.391342318082024576e-08
8.451418231913976342e-09
8.272423301924902717e-10
7.171102822667307919e-08
5.534683378272120535e-09
4.878943116182199446e-08
2.018880884691043320e-08
5.539528280529282256e-10
1.376339042735708063e-09
8.983815469321143610e-09
9.397139365319162607e-06
3.543374660353038053e-08
6.429621723924583421e-09
1.171613694950224271e-09
2.325197367980536001e-09
5.846283812616093201e-08
1.815684136374784430e-08
1.766782276035883115e-09
2.107270136164629548e-09
5.936433122855078182e-09
2.424425105118643842e-10
6.777314820460844658e-10
3.160112616029664423e-09
2.899656870170019829e-08
1.227934909309169598e-08
2.256296127711721056e-08
9.794763888848478928e-10
1.729798242422475596e-07
1.703856611356968642e-08
3.693467931498162216e-07
3.996013742124659984e-09
9.422376656686992646e-09
5.628266186441521768e-10
2.236002316635676834e-08
7.692886327959058690e-09
3.084495547867049936e-09
1.190926354865950998e-06
1.964510403240637970e-07
2.742686433521157596e-08
2.558419698317493385e-09
6.356180914934839166e-09
1.170454524412889441e-07
1.937983284960864694e-08
1.125732562723413821e-10
1.466100352232047044e-09
7.578359273452406342e-09
1.267926097447968914e-09
4.484252080771966575e-09
2.157205525321614914e-09
1.911845348701035618e-09
2.733696931045415113e-07
3.733635178804206589e-09
4.108333229169147671e-08
1.406050276209214189e-11
4.481533366629264492e-09
5.731112806550697769e-10
1.144339023539941991e-07
9.821553570432683955e-10
5.834796201753533751e-09
2.717860825285356441e-09
5.918917023173264624e-10
1.058295118205876406e-09
1.955551169885438867e-07
1.393992588027970214e-09
1.391995230193288080e-08
3.516913338330596162e-08
7.212494779196276795e-08
1.731812062644166872e-07
3.901570622133476718e-09
3.041986573748545197e-08
5.200811781236325260e-09
3.655783586964389542e-08
6.695042031878983835e-08
4.163963840397855165e-09
3.993707409222224669e-08
4.564374656013114873e-09
7.113522659807358650e-09
5.739648827329801861e-07
4.822292343220624389e-09
1.669091709288750280e-08
9.676036638595064687e-10
7.110610056315636029e-08
4.022886912480316823e-09
7.098528431725981136e-10
1.927755510777728887e-09
1.158069973250519524e-09
4.203915082712228468e-08
1.403838911784305310e-08
6.460082691006618916e-09
7.290442027851895546e-09
6.839703026173538092e-09
4.170815248727421931e-09
3.418527683152206009e-08
8.223129555062769214e-08
4.081050608562009074e-09
2.048855662906134967e-08
9.677735279822741177e-10
1.979450736655508081e-08
8.036825249746470945e-08
4.647499807219901413e-08
2.465467607848381704e-09
4.027977063003618241e-09
6.000524077620639218e-09
8.433028497734085249e-09
2.209513638717908179e-08
1.174601305109490568e-08
5.527870783339494665e-08
8.028623987854643929e-09
2.447369773506125057e-08
1.515818013331227121e-07
7.587659389685086353e-09
1.846719932530049846e-08
6.094428783853800269e-08
8.091767256246384932e-08
4.537777709145984772e-09
3.792887337539241344e-09
3.825627814535437210e-08
3.166086770534093375e-08
8.470751211575588968e-09
6.425064213999576168e-08
7.007205926612414260e-09
1.405325811276725290e-08
1.630750645631451334e-08
1.572740302435704507e-07
1.317881892504146890e-08
1.009468864054952064e-08
3.161826356290475815e-08
8.401993767392923473e-09
3.127524195178921218e-08
6.735101809596244493e-09
6.076658110032440163e-08
1.720810338667888573e-08
2.595647474734619209e-09
3.043052743123553228e-07
2.097673812428979545e-09
1.779194214179824485e-08
3.597729891779977152e-10
2.542884514067367263e-10
1.148547923435216944e-08
2.850655391739564948e-07
3.683182647762350825e-09
1.476599180705306935e-07
9.453609450815747550e-09
1.366318724826953712e-09
1.992978226894592808e-09
1.072493134302021645e-07
4.897267591452703073e-10
3.036060736150147932e-09
1.953777278851376309e-10
1.115038799071044195e-07
3.071498966278340959e-08
5.316420637058172360e-10
3.637796197608622606e-08
4.105597195547261435e-09
5.148931281340196620e-10
7.285938075085596211e-09
5.745259201717090036e-08
5.826677806908264756e-09
1.041414066094148438e-07
1.998562426663852420e-09
5.424476423598889596e-09
2.346439709199898971e-09
3.321872554806759581e-09
8.687655039807395951e-09
4.287123900326150761e-08
1.998188947638368518e-09
1.059507037659557227e-09
3.134691811679246598e-11
2.526159725846355286e-09
2.367755236321045231e-08
3.035181350696802838e-07
3.606553775625798153e-07
4.839015410595948197e-09
1.856199105532141402e-07
1.859735760945113725e-07
9.452550386868097121e-08
2.187743985970769245e-09
6.169764787955500651e-07
4.409983933584271654e-09
7.621586028960791737e-09
1.040915087457960908e-08
1.097522517312654600e-09
4.788434981861655615e-09
1.131862825687335317e-09
8.117562622089735669e-09
3.246210766860713193e-08
9.695800144982058555e-07
5.044774908924409829e-08
2.192878323370450744e-09
4.594158387050129022e-09
4.898316419144066458e-09
7.983484096030224464e-09
9.063346517734771624e-09
1.537978744359236316e-09
1.103942603997154492e-09
2.466074233709036889e-09
5.711457333745784126e-07
3.569245521362063300e-08
1.776728808522420877e-08
5.301252214984231159e-10
5.874079889167660440e-09
1.840582686263303458e-09
2.739234838955439955e-09
4.751506743616573658e-09
2.253177200373102096e-09
3.044810514829521253e-10
9.613083875592565164e-07
4.561195587893251968e-10
2.704895640803783863e-09
5.895408250466971367e-08
2.507635343818037654e-08
4.819096943720069248e-07
2.184037617425360622e-09
2.822365843258012319e-07
2.969932388907636778e-08
1.766869983654828502e-09
2.255569064857354533e-08
2.716062486030068612e-09
8.503937110049264447e-09
2.661807441128871687e-09
7.793625300678286294e-09
7.195740892029789393e-09
2.798780984747395451e-09
5.321171059335938480e-09
4.465275083020969760e-07
2.540573529330458769e-09
2.913481900179704098e-09
8.439460241760343706e-10
1.467918425701597585e-10
5.224422006122608764e-10
2.184012526385004094e-09
2.731754022988752695e-08
3.282885074895602884e-08
5.025382332490835324e-09
1.979710395616507412e-09
1.156388096390514875e-09
2.181008085244684480e-08
2.815503208353220543e-08
3.033993380086030811e-06
2.129829823616091744e-07
7.811737035012811248e-09
1.574928631953298463e-07
4.083882954031281542e-10
1.939192451061444444e-08
7.950949232338189177e-09
7.528291878777793045e-10
8.990188689494971186e-06
7.948640634580783626e-10
5.715535267292182198e-10
8.922769723085366422e-08
1.158198692507994565e-08
4.561711897110853897e-09
1.743177047153210424e-09
5.948654546727993875e-08
1.241361786696870695e-07
4.239408468720284873e-08
6.199225133229901985e-09
1.729106163805838037e-10
1.246990732894914800e-09
5.214357279292869407e-10
1.165555540971752180e-09
1.522555415078841179e-10
1.757283901726580666e-10
1.138723817462050647e-07
1.073985456123693893e-09
3.620537647464061592e-09
7.580137406648645992e-09
1.541626493128944730e-09
4.926491214973793831e-09
7.986324795927757236e-11
8.632254910878600640e-09
3.199908604756274144e-08
4.996210667407297024e-10
1.041103274701526971e-07
1.268155802591763859e-09
1.111372895934437111e-07
3.427895300944783230e-09
1.530281679151812568e-07
5.995878904485607563e-09
9.474092621530871838e-08
3.899139855434441415e-08
1.898440515901711478e-09
9.825849467404168536e-09
1.493508872130178133e-09
9.144402568495024752e-09
7.323165185368907260e-09
4.642520323727694631e-08
1.493834389520998229e-08
8.514373206480740919e-09
8.315095811894934741e-08
3.104837276168836979e-08
1.975418051358701632e-09
8.768304970985241198e-10
3.488343225388490509e-10
2.365894369305010514e-09
1.172138358596086505e-10
6.841131133805689046e-11
2.770793317008468648e-10
1.365099006056524900e-10
9.173060228073737221e-11
1.141114935876430536e-08
3.109031476711265896e-09
7.878307783926175034e-09
6.734353630299949600e-10
4.737967795875874799e-09
9.143343504547374323e-08
9.411868617803520465e-09
1.263185112065912108e-09
6.957328602119616789e-10
5.009785652987375215e-08
7.826423398249460206e-10
3.658369607251188427e-09
1.876337307749054162e-09
4.632717320873780409e-09
2.510898156060648034e-09
2.335746529524840298e-08
1.246049237124680076e-07
1.248943171106020600e-08
1.437433780893115909e-07
5.142341663599836465e-08
1.299646967822809529e-08
2.847014854978624498e-07
4.305477752097885968e-09
9.356597274745581672e-09
8.448593291632278124e-08
4.828953348301467940e-10
3.794527747569276244e-10
4.699510114392069227e-09
1.734216548143763248e-09
7.360638765163685093e-09
1.148567130293542959e-09
2.069713705976639062e-10
8.123565180540026631e-07
3.965539008277119137e-08
