2.916759065177410015e-12
1.767848020750584226e-13
6.558149748085717601e-13
1.001981700735066205e-13
4.196825612728938282e-12
1.414332539972917857e-11
7.855986694504935031e-12
2.596518833275496263e-10
5.823988513675715240e-10
2.199603699182262062e-08
3.811283580401614302e-11
5.422838567081811334e-11
1.917677683316298953e-10
4.498017791565445123e-10
2.019425772437077882e-11
8.103187565389191604e-11
4.283337018406996322e-10
1.442326813538841179e-11
5.393327104363798696e-11
1.334565357530292928e-11
2.307365236375868989e-11
1.976774716139217958e-10
5.744253163408874485e-12
2.517086095110698807e-08
7.413120672872253181e-10
3.245956021330487218e-13
8.147552944814950848e-12
1.776582760027942132e-13
3.118616408409428942e-14
4.714246354398099470e-12
4.899809030733948134e-11
4.650480087825537012e-12
9.973727399525955661e-11
2.774801742544408256e-11
2.605088237142560992e-12
3.050617397581945056e-11
1.924074649606311027e-10
1.800037549570809858e-11
1.522145148639963974e-12
6.191378520981061229e-10
3.837858156274798205e-11
2.800308041006616122e-10
1.977662034136073999e-09
4.762105820788065103e-09
1.448328262876330541e-11
4.894503205510325472e-11
5.944303382854343454e-11
4.124071917299687584e-10
1.306352803709387445e-08
3.272884394056596591e-11
2.334010372126438249e-12
2.760717175698257364e-11
1.973296699653293018e-11
9.142456756927597183e-12
8.168762541393981280e-12
9.293942351829009851e-12
2.649465716264565174e-12
7.241440520139308390e-13
8.826710196085940652e-12
8.248500840690731195e-12
1.686639890252639162e-11
7.994141806855203924e-12
1.685586115129922291e-10
4.817743981533340047e-09
6.340085401124184727e-11
2.540638706360898169e-12
2.091707709817036687e-11
4.837757278108867354e-11
1.377554147141690777e-11
3.148431602234547100e-12
2.961220949438542194e-13
3.080489682782960870e-11
7.790729866785639501e-13
2.357280343145973234e-11
2.210711214784000234e-12
7.537727386708326094e-12
2.628530504367176945e-09
4.091041949649820708e-10
7.625314442372133072e-12
5.305112685954904705e-12
1.503826468733648891e-12
1.568972274150481905e-12
1.373342328747639840e-09
4.737811531985158808e-11
1.708258257071548769e-10
1.280052508434437186e-08
2.782558183866967738e-09
8.039958976358008158e-11
7.930694989610742596e-11
6.807380180384736690e-12
1.307046224724439654e-11
2.206390625758558599e-11
3.365654699383213710e-10
4.251082263984073961e-10
4.214582294270741158e-10
3.716132436493158053e-12
1.994981436992393498e-11
7.823483527680252791e-11
1.334527193613821439e-11
1.560058193739166654e-09
2.953333064215080128e-11
1.418798234453788609e-08
3.531998027384020133e-09
1.235904295571188527e-10
2.653126284712925553e-05
5.220405441264119872e-08
2.361104378678646754e-08
1.572546455032297619e-12
2.237355049491962511e-12
9.005816925533594031e-12
5.790152428700179321e-13
7.141271081423372635e-13
3.241090729133588866e-11
3.255886532604890249e-11
2.937365628508104010e-12
7.602332121030980217e-14
3.128384487224855626e-12
1.712130735581282592e-13
2.021389782988491923e-12
1.012244194714684298e-11
4.876642423212729227e-10
1.167398643031614114e-12
5.930470415964339548e-13
3.235067595752649794e-12
3.409643400953399350e-10
8.102538084919785888e-11
2.489669278030182120e-12
2.810274755959962789e-11
1.646489194984113169e-10
9.088159912129523121e-12
1.263335573306600956e-12
4.185564395076113442e-11
2.078764460913817835e-12
2.820993959262718676e-11
7.536441470890054006e-10
4.139093956467831958e-09
1.922053627367859008e-10
2.360381612387385530e-10
4.607004500112310552e-10
1.698766301239107435e-11
3.236741777379315010e-11
3.746159285555883400e-11
3.768276524152014417e-10
9.023525850138103266e-12
5.373840816780273144e-10
2.468156523605102848e-08
9.327760785993177706e-11
1.119459885033646795e-13
6.361407169259980510e-14
6.138564049434913628e-12
2.560772982551640098e-10
1.087091416884788941e-09
1.281153893910313979e-12
2.369522763764897455e-12
4.921951735070706491e-11
8.285176364419832851e-12
4.299295988663409673e-11
1.195258909209018228e-11
1.487234294050843175e-11
6.418655051909638587e-10
4.031489586608927311e-10
4.138878684223357141e-10
9.569443015777778783e-10
1.160501117425383200e-08
4.173210665925353169e-10
3.727229636041329286e-11
4.679019394160377487e-10
2.348830574483429245e-10
3.974830242725602147e-09
2.030824119980678688e-11
1.036020602640519428e-09
2.707183366368326460e-09
2.540303301046265005e-09
7.236767435303548268e-11
2.080330796516705050e-09
1.487306111602748615e-10
3.110935398176195577e-10
8.611434898497805079e-10
3.597883990735795123e-09
4.294478939126378236e-10
3.243536994546047936e-09
4.545166187863713958e-10
1.946111005679540540e-08
1.297010762679740026e-11
7.319701511576681696e-10
6.570940319639007043e-11
1.573946389887836972e-10
8.247965678498392350e-12
4.861128426875138686e-12
6.283899095516076727e-11
1.710841212622382645e-13
1.225954338046619796e-10
3.021889127818866427e-10
1.000775677606480230e-11
7.523650973062512293e-12
1.111478895032824710e-10
1.740564810337463797e-11
4.605262698964551760e-11
3.308744944696684342e-10
1.169493538469290606e-12
1.266931698440387777e-11
7.809300948957709210e-12
1.713492403521144070e-10
2.699486250853921909e-12
3.025334757017494880e-12
4.767117256498920597e-11
2.327961712289550178e-10
1.422916090509929177e-10
8.941555829089509189e-10
6.189645684884226284e-09
3.206688803381041453e-10
5.197499652886961030e-10
2.500363631419144639e-11
2.384295261226299090e-10
2.304945991016271734e-11
2.614068683737258425e-11
2.162180504083899280e-11
2.888134349732229822e-11
7.619062498964712660e-12
1.878912164743340441e-10
3.178731722286443073e-10
9.819596691329479654e-09
4.510584614147994387e-11
1.013991529630331456e-10
5.132155117548720114e-11
1.655329917582548660e-08
2.590522067691392039e-11
6.459087487087344925e-09
1.113275929776058604e-10
6.367037452825741184e-11
6.023178483749447309e-11
5.233866812170973049e-11
3.759671827335830940e-12
3.866476236402682787e-11
3.711716212162485817e-10
2.144092459133162265e-09
1.448367675793704734e-10
5.002551844990321683e-11
6.281674069796849835e-10
1.771502042280381772e-11
5.404510866613421172e-11
1.801639254450648764e-10
1.372247759867661898e-09
6.809269259555605913e-10
2.466381099353043282e-09
4.083207105765040978e-10
7.283839642546752202e-10
5.848776324368643031e-11
4.652393192916548514e-10
1.396577298251600041e-09
4.597708325171367960e-10
2.194423896068053992e-12
7.809195998187412613e-12
4.967498079544441225e-10
4.026440847404444412e-10
1.545236272271210964e-09
5.933237234856392206e-11
2.300888507500431501e-10
1.212806244321740223e-11
1.095387114347090574e-10
8.903094927958932203e-10
4.841498313368219897e-10
7.445599137234637510e-10
7.440698057692429757e-11
2.065190726763255213e-11
8.239594007086736838e-10
4.422129606940217172e-10
1.289905071644170675e-08
4.398231778779404522e-10
1.016746509208132920e-08
3.062448072910228802e-10
2.379259633755737013e-08
5.450211659763226635e-08
8.108684390606413217e-09
4.627881722285565047e-08
6.741595282022672109e-09
4.540078464287944371e-07
1.346875233565469898e-08
4.172584056050254731e-07
2.454297653997628004e-09
5.399189717536501121e-07
1.000138791229510105e-10
1.945996835894803212e-11
3.841568989998433992e-12
2.799661613650528125e-10
9.470718653759035988e-10
4.042928836156534089e-08
1.903847968165450766e-09
4.013643584155346389e-10
2.771020045366778817e-11
2.277605881673139265e-11
2.212588867678277893e-08
4.850174775694604534e-11
1.024590012832504726e-08
4.898722849588921235e-08
6.357369075615793008e-10
4.622478233518023671e-10
5.733414187858443256e-09
1.889725244836881757e-04
3.442896195338107646e-05
1.162678785714132967e-12
4.147440637453092549e-12
1.111927824121172748e-11
3.820087475514544195e-12
2.723701255855082159e-12
3.306690032900405640e-09
3.769568684974800021e-11
2.259227527279250580e-10
9.238746920270379803e-12
1.284681389046582467e-10
3.929462311091924676e-11
8.555113562014327044e-11
9.276892448673024205e-11
2.894719186574690184e-11
5.081330495260161229e-11
8.172164334130371799e-11
1.921521275427551245e-11
1.053902624892355533e-12
1.742317770093981810e-12
1.833299788020492649e-12
3.959303046009721161e-13
2.936361277825622063e-13
1.277618635886490495e-11
1.241449705622482691e-13
1.367125271496683059e-12
1.171436472130471529e-11
2.122984269934888313e-13
1.510983352326356055e-11
5.670779601105180312e-13
1.864515920130260795e-12
1.036365517848025775e-07
1.398579918543418898e-08
3.349494076196335435e-12
5.321746515685177314e-11
5.125999535948722041e-08
7.260793921659569605e-08
1.724575753314638860e-07
6.273558561531444866e-09
7.106290556002647918e-11
5.399243118570096200e-12
1.197166810129601799e-10
5.407529712897485297e-08
1.483156097492610570e-06
1.864149083985466859e-07
1.054236142827846834e-09
4.670904774073392218e-10
4.679110876537606600e-09
8.117938321561268822e-09
6.051166234755100959e-09
6.094869942074865321e-09
5.131710167916025966e-09
4.102526304783360445e-11
8.256930694727770970e-10
8.581184096634331127e-10
4.622615179528111184e-08
2.501792550901882350e-09
8.906921422635605268e-09
3.016868754812662701e-09
2.324435754985643143e-09
1.755674050585298573e-09
2.948761235188612773e-08
1.663930798700974378e-11
1.781894809482764686e-08
5.526692703483604419e-08
1.244309544290445046e-08
1.320495073287020205e-07
6.989413122937548906e-06
1.141666743365021830e-07
2.564904946211754577e-07
2.080954786265465373e-08
2.185552584705874324e-04
1.802830811357125640e-04
9.986722469329833984e-01
5.107682081870734692e-04
4.426096438692184165e-06
3.847846841154023423e-08
6.431872634493629448e-08
1.817931405412309687e-07
2.170418838431942277e-06
2.893379814850050025e-06
3.689787263283506036e-05
7.143241236917674541e-05
3.788374306168407202e-05
1.035642327451569145e-07
1.999708310052028537e-08
4.430491884477305575e-08
6.675430430647111280e-09
8.340723944844086191e-11
2.065577708876276120e-10
1.437777522907135452e-12
2.072474830638881826e-11
1.141339410135056021e-12
1.644446704458443764e-13
7.367084644150506678e-14
1.666541037115276680e-12
2.058743583596700510e-12
4.083294303808965298e-13
5.385286400844124799e-12
1.208939307169309973e-12
5.008929382377402817e-11
1.527712201535025294e-12
3.214139024376727605e-11
3.480344267989265994e-13
1.990071891728572434e-14
2.046629060887053542e-13
2.027280931017963472e-13
4.290969923131937591e-12
3.682918553460368116e-12
1.373215170047403788e-11
7.344107418559564504e-13
9.983068191554700377e-12
1.159277535078828691e-12
2.582752900437412791e-10
5.928169066748978366e-11
1.650088052307374653e-11
2.914323513417138578e-12
7.991077417834890895e-12
1.370771031405926266e-11
1.027771888862522021e-13
8.581239885341318541e-12
3.561698028523019310e-12
2.273049110046443388e-11
3.537285048205163207e-12
7.827463503751186380e-12
1.700280367888939992e-11
2.751117476190723110e-12
1.554279057888741100e-12
6.528089267071601753e-12
2.631670881214631663e-09
1.116922960370247964e-11
3.539831275323201965e-11
9.989271779545227936e-13
5.798665800998969999e-12
1.716299047327396465e-10
2.912485530526254252e-11
7.117482297980259887e-11
9.938042576373984360e-12
2.437080702175076219e-12
2.249300463767756053e-13
2.014201826161521325e-11
2.044577614851439407e-12
3.282911269220090134e-12
5.465826576067644993e-12
3.469329044967356390e-13
3.603931389428716159e-11
4.019803379051722914e-10
6.095124947293195650e-13
1.259254367447226741e-10
8.093679264124797879e-13
3.685018056757277671e-13
1.712223939021040309e-11
4.059764135110055516e-13
6.157783918186998662e-12
6.631672207907390870e-13
1.639149211328516653e-12
9.595290057298755393e-13
1.487540646216700679e-11
8.379574703391845514e-13
2.277940509831655191e-11
2.635504661729903830e-12
1.153327780500923438e-11
2.704010843360138416e-12
9.847738596802102506e-11
5.553876247788025466e-10
9.377449988398622871e-13
5.877962179490214822e-12
5.891716557985746117e-14
3.485483082710238989e-11
1.166408896552395547e-11
4.677497104921268800e-12
3.534668217841652194e-12
9.310549727026273814e-12
2.870961524070736459e-10
3.968466451721025523e-13
9.750787850759667919e-12
7.573249319325903173e-12
2.112296882544884014e-13
2.167137996833545799e-12
8.073084735438218473e-12
8.461262072934072620e-12
1.565831908578729781e-10
1.265822299409413709e-12
6.216411066461979829e-12
6.172306589447007497e-12
3.270836075944250076e-12
5.371526248972025019e-13
9.012896332039055380e-12
5.251766729830187330e-11
6.720187600839366837e-11
9.003468109947121434e-11
2.777943430842810812e-10
2.408528411435018057e-11
1.375169834776091005e-12
1.394157819788535702e-13
3.334622291836786268e-12
5.044628994047006820e-13
2.008709496480187706e-13
1.195502898065914366e-11
2.605238594299841282e-11
2.406667313353816340e-12
7.585976985469145006e-11
1.979766767190582755e-10
2.324331352387964955e-11
2.399398171468170027e-12
7.289109637056978563e-13
3.511867012473413041e-12
3.120994131536325433e-12
1.832069435395156098e-12
2.658217613041302663e-12
8.154260822340955728e-14
1.841154521052025539e-14
6.374008525850127782e-12
2.811040029221389958e-12
1.535755897452695251e-11
6.786167222778971553e-13
6.042474853806822921e-11
6.418489437859387081e-12
2.017845959767505803e-12
4.595978805865819083e-11
2.417050067038406524e-12
2.816834764572673233e-13
5.229501185387286366e-13
3.239057633219744048e-11
7.052444739308327826e-10
2.166096512226656223e-12
3.363630120961635939e-12
2.177575177467194756e-12
1.041320458680661254e-12
2.371214682939104534e-11
9.395656995481171947e-13
4.654763987449461737e-13
2.243721565963960329e-13
2.243384514613588898e-12
2.628164341971633844e-13
2.118968195352621819e-12
5.273666486144135135e-12
1.969132729052677777e-13
5.540090608491254898e-10
7.671880491999516494e-12
8.411533691798922519e-10
8.024049090102347570e-13
2.311279639899410654e-12
3.556430107007346741e-12
1.097006947087253437e-11
6.114290931197308154e-13
1.005789288660574599e-11
2.991033798676462352e-13
5.311617912542344888e-14
2.492173134527320144e-12
5.600310254601226223e-13
4.475386641139555977e-12
7.170756610025419420e-12
3.887875264785289886e-12
3.741050167132414783e-13
2.251455180060299432e-13
4.794290311971316498e-11
1.461252993606443340e-11
7.019125948873328191e-13
1.136348480590410048e-11
6.068577584894541133e-11
2.155397822029003763e-12
1.413105656794533260e-11
9.105128977171528248e-12
1.502921559719174599e-14
3.253363019522365063e-13
5.371905719732394946e-13
4.573179508693403506e-12
3.472029792579017782e-13
7.097519905130411644e-09
3.724777777880383667e-11
9.859180312432602733e-12
1.196694271454745717e-10
1.223407009379173793e-12
7.738134438772803492e-11
3.384672641985886354e-13
9.861155295110002328e-12
1.414045069187894188e-13
6.456799071102858889e-12
1.991028002190642354e-11
4.342453480132846266e-12
8.465653525413507907e-12
7.216732094729449987e-13
2.259651667169126910e-12
1.888561876328687106e-11
2.516998111670720739e-13
1.167996255269088124e-11
6.116790234045321739e-12
6.929618771162049384e-12
1.232104869519634605e-11
1.044833039531845031e-10
1.953105429122747871e-12
3.635541303767531041e-13
2.347056807260917977e-14
4.095019028732549415e-12
1.156658709783320305e-11
2.239187828212418907e-11
4.544453008348270373e-11
6.153201862965640423e-13
3.943824000013362863e-12
1.565153041893641017e-11
8.625715419707802312e-11
7.931008280670504007e-12
6.558166336378956629e-12
8.735707712759221977e-10
7.586449697616348686e-12
4.881076012125395991e-12
9.243875630227105233e-12
3.403647535257098289e-13
6.272591820954964703e-12
5.162691385507400810e-10
3.290471627809266053e-12
2.525911337730724071e-12
2.521026963575589974e-11
3.591536573352427375e-12
6.027945070180562581e-12
2.753859293380678253e-11
9.306484402560322167e-12
4.412183292334947993e-12
1.324972249971967386e-12
3.322325487636890173e-12
3.664392140417804811e-12
3.142775276132603324e-11
2.243525677736446511e-12
5.736859013012740593e-13
5.220942168177034048e-12
7.739436262005350287e-14
5.630785768206969522e-12
7.087914239908843506e-13
1.740675881429024074e-13
5.371088990235861615e-12
2.092233287662170760e-12
1.547001242385714903e-11
1.144708459965837477e-11
3.667643879573523336e-12
2.188831928207068955e-11
2.611942780117448848e-13
7.564945848567705688e-13
1.338194312305862610e-12
3.578036200657663812e-10
4.462775704539012622e-10
3.007964103490801122e-12
6.821130899697935845e-12
1.058886138494141704e-11
2.803286899485946115e-12
2.369031186499892527e-11
2.757537254094444279e-12
3.316672977926593546e-11
9.065683858992812372e-13
4.364033006493128752e-12
1.567233287591562885e-10
7.856095635139226374e-11
1.892621259366733533e-12
9.658722432970279215e-11
1.408276550929343784e-10
1.532502874601604503e-10
1.626955514755223930e-11
1.384215138344746521e-11
1.869993309505657564e-12
4.325993990111909326e-12
2.970277561235856734e-13
4.827090983872128760e-12
6.379392999099342543e-13
3.835344043225108468e-13
9.240966498957892128e-12
6.224989274050685140e-12
1.258956688898749121e-10
9.680798523925560062e-11
1.897345128232252875e-12
7.765898167588769496e-12
9.037930820410267074e-11
6.435543764560236468e-11
1.625917178671443253e-10
3.836421631764341811e-12
1.191226024072067347e-11
3.577166651780316897e-08
1.753630747558521108e-11
1.173239949636695201e-09
1.030019992909192439e-11
3.990312420765196322e-12
3.338865642299460035e-13
1.577931188490033776e-11
7.442596018647495981e-12
2.238141789956404892e-11
2.974888564655220335e-12
1.578108195336713759e-12
1.752065289725712738e-12
4.017237118045940969e-13
1.096828574145836122e-12
2.940061822470640962e-12
2.364786534994611777e-12
2.172524521393270902e-10
7.120859023962422540e-12
1.388341915389834647e-12
7.544333907594236166e-11
2.994566942506049489e-13
4.402566419065001568e-12
1.184146097149563204e-12
1.449474438044995317e-12
3.528901780167070790e-12
1.807835409151081763e-10
1.201915411815079882e-12
6.146387110210482785e-13
6.080071168756973066e-11
3.923441085906809178e-11
1.249645525946974089e-10
1.593704335167700492e-12
3.106485121223689916e-12
4.415277310432230706e-10
1.425134402849304038e-11
8.720627843981920702e-13
4.432344768989793238e-11
1.256839857882718903e-11
1.813614091804999218e-13
7.726092985868571184e-13
1.624539153373405487e-12
4.477677256753409551e-11
2.012615768487435730e-11
5.818045004102323503e-11
8.439680378169445163e-12
1.436477483187162396e-13
1.687202244235463944e-12
1.514949732502046675e-13
8.633512307842927669e-12
2.458629511732559475e-14
1.042949906125689719e-13
3.444092450469171673e-12
1.422752540780614083e-11
8.743832914659410704e-12
4.292664314287097937e-12
2.410892666060426848e-13
3.724900110579909551e-10
1.340003368682785023e-11
8.140174298509883499e-12
4.100813091878485750e-11
1.366015633941231044e-11
1.645980574060956769e-10
6.924990095247274269e-13
1.278608469101882861e-11
1.150348739875628468e-11
9.645039107664121758e-12
9.590867162956318026e-12
1.173762476103235031e-11
2.723888172309618660e-12
1.698242657610649076e-10
1.869858001074531373e-12
1.371133783768796466e-12
4.672748394273472383e-14
7.958629415216744718e-13
7.075254011140730270e-14
1.405219040087613003e-12
2.050313450919702407e-13
3.193301872927989393e-11
4.833069708332082826e-12
2.054503052059675205e-12
9.316358448585582153e-12
2.317583408170675874e-12
2.151274167486172395e-12
4.483360210860709572e-11
3.521626783589693055e-12
2.598656533014942482e-12
7.709947263956351549e-12
2.751306344209170085e-12
1.773824837014714717e-11
1.637349327301973467e-12
9.891488322866237581e-11
2.958045960954613918e-11
1.461433513268162177e-12
1.087400785734771169e-12
1.303758858685333255e-12
7.658440938709820678e-13
3.213898548334870320e-12
4.822232457096786717e-12
1.463062310191887150e-12
1.260178766893105262e-11
2.740262530775972039e-11
1.189190135253426206e-10
1.660365178679512610e-10
1.704299136713605112e-12
1.397082102783109292e-11
4.873271491206976336e-12
3.878171384291001500e-13
5.514768871596464894e-13
2.936476409254318298e-11
2.642793536095089380e-12
1.210827705461214876e-11
2.089242407549152247e-12
1.216496781780707082e-11
3.405956766622253440e-11
2.181550599889003905e-11
5.430671103784368015e-12
5.957945074797077467e-12
2.026073232797021006e-11
1.145672778868345176e-09
5.115140949696339590e-11
6.748884090468365571e-11
4.645205227415960536e-12
3.651958509903741046e-12
3.337352312907104768e-12
4.236958277715335841e-13
1.589322562445261156e-10
9.511343535689720241e-13
8.091599439097318935e-12
4.241172951030547367e-12
3.440682797267030635e-13
3.994578973154361279e-11
9.130432521153863945e-12
2.633630076173676393e-12
2.797156950506973772e-11
7.253609171642416698e-12
3.863252599767275086e-12
1.752910967420251431e-12
5.632217262019345583e-11
6.369757220054013402e-15
2.929605343038321763e-12
2.097775512327482161e-12
1.085216877298733618e-12
3.902414849599189495e-12
3.966705002661496948e-12
4.184069323648342831e-12
2.879958641358038030e-12
8.011245069021108445e-14
1.739624720317745066e-12
3.228570622654247657e-12
8.168902186633797413e-12
1.167557370229665992e-11
2.902507661300957054e-12
7.936557769490371061e-13
7.960788278582597854e-12
4.924034270603616648e-12
5.470589801472025560e-13
5.001893343958840887e-11
4.379006380596239811e-13
5.365498410153657360e-12
5.797940523955685821e-14
2.099397738986041873e-11
6.181449015846274264e-12
1.131477810750736168e-11
3.996850420073805310e-11
9.282131313570474163e-11
6.521253263953863399e-13
2.784107389075529682e-10
2.043569133358680290e-11
8.274189666757081341e-11
1.862062171120726362e-10
1.062570934018403079e-10
2.352581237458073460e-12
1.078920546654371648e-11
1.564571042167450798e-11
1.406211778964827630e-11
5.952591392889561295e-13
5.585669426988459918e-11
4.593761482318825529e-11
7.509243227232786921e-12
4.085247973240058172e-10
2.327857091116714017e-12
9.298096320664583914e-11
3.172000856421774984e-11
2.197516300872504047e-11
9.127349917537053159e-12
9.176121668064141090e-12
8.845650449097741674e-13
7.822702555171368033e-12
2.084129223367536810e-11
1.827270973420169753e-12
1.351126415610748310e-11
1.037605591724943821e-11
8.398459878933284273e-12
5.482041036397600209e-12
8.960787840905926060e-12
1.460274392725557924e-12
7.562980242070693748e-10
2.295099060887345610e-13
2.044395555622635641e-11
1.423083699492178056e-11
1.528859910849764137e-13
3.585112068327234169e-11
1.803368565589380523e-10
4.023974556344178666e-11
5.122282264145849862e-13
9.008118036224477265e-12
6.642224270603236391e-11
2.493921410530453020e-13
1.533602411729617643e-10
4.928334216419694158e-13
2.391222220232691598e-10
3.556372183506281703e-14
2.764657209761156587e-12
1.062734535789422452e-11
1.833981968027420528e-12
6.419958748643539437e-12
1.341955713218823121e-10
9.794453659575652615e-13
1.044148600047589692e-12
2.342523148114034059e-13
7.357932080460927171e-13
4.656397880123397393e-13
3.301015363832426885e-11
1.538895638523996023e-12
2.855581049399091853e-11
3.376352322725928445e-11
1.878748892569781503e-12
4.049881523887632895e-12
1.995259166220897384e-11
5.206714226435593673e-11
4.588772140046160075e-10
4.016855858351986441e-12
4.255570234309308253e-13
1.134332384966629803e-11
1.571439240668701109e-13
6.738238981542077344e-13
3.723854558046468810e-11
1.526370176085922736e-11
1.342336311549452432e-11
3.649987864035031393e-12
1.407546632416559196e-13
1.596461331188070432e-11
6.417011366721681043e-11
7.138101741632763009e-12
5.210325443663621492e-13
9.472659635856306437e-12
3.527529180216704141e-12
3.789125263553572154e-11
1.947822545617095003e-12
3.394713438305274611e-13
1.586394454385423036e-13
2.230205820366593095e-12
7.436731894357173633e-13
4.350166738333396954e-14
1.457213120786490790e-13
1.963142981509236051e-10
4.706247869711022158e-13
1.348211581438107931e-12
4.900411131568416234e-13
4.485314572012788492e-13
8.129542503586273394e-13
4.893664751312760963e-14
9.697619226742282272e-14
1.015865447318020642e-10
3.943852080849630237e-13
3.967535664155946717e-13
1.025610369201346295e-12
2.102000078987517617e-13
4.907082986477240283e-12
1.321484371583081519e-12
2.366595851580055587e-12
4.244547421872191251e-12
2.442124844362347780e-12
1.368728047568268380e-11
3.446418714650456572e-12
9.353364708187400511e-14
2.851104497891138179e-13
8.884455671154256606e-13
1.421471555913822460e-12
1.131983048963114413e-11
1.086263197447312479e-11
1.524256720841776769e-09
3.056649985205828202e-12
4.867985355094806010e-12
2.032417845132528100e-10
4.154272845863227204e-12
8.390413608035454662e-14
1.442857118505447289e-12
1.022737016603825211e-12
1.030345513769459487e-12
1.649453956666796506e-13
3.744548345441939263e-13
1.031909041722400833e-12
3.055435949823187558e-13
1.971140048059871752e-12
4.471120522431260014e-12
3.596725998630811993e-12
2.012228057790554914e-11
7.135849133810268086e-10
1.596183688695740344e-12
1.842922064954066741e-10
2.659912914926287897e-11
4.466815806125623567e-12
1.966952156706724963e-09
1.064179300236389736e-10
8.926090769301175953e-12
9.449825904422892719e-13
1.018756086434979835e-11
3.301589834858731365e-10
2.626982832654167765e-12
2.119935477162826487e-11
4.962877439736168572e-13
4.291395797745289897e-12
3.377167212548215502e-09
7.634923943067306595e-11
4.860442777421258853e-12
2.947168062979871328e-13
3.656675927766334100e-13
2.191444860863769883e-13
3.248373358494260899e-12
1.225553187579608849e-12
2.138041046290117819e-12
6.686506816983017742e-12
1.352939288379317873e-11
8.784446503540266349e-10
2.176914898344151084e-12
