1.094330582418479025e-05
1.996786068048095331e-06
1.380413305014371872e-04
5.524919288291130215e-06
1.201532813865924254e-05
1.558177973493002355e-05
5.404443527368130162e-06
1.448061782866716385e-03
2.165414334740489721e-04
6.129289977252483368e-04
5.523733307200018317e-06
5.286514806357445195e-06
1.144272464443929493e-04
2.272345955134369433e-05
1.411874545738101006e-04
1.473916017857845873e-05
7.308091880986467004e-06
3.670233490993268788e-05
1.299307477893307805e-04
3.690066660055890679e-05
1.541735400678589940e-05
1.118173240683972836e-04
1.908268750412389636e-04
7.381450384855270386e-03
2.880310639739036560e-04
3.094685780524741858e-06
1.894182219075446483e-06
1.027626012728433125e-06
9.442606483389681671e-07
5.357626832847017795e-06
9.661692956797196530e-07
8.956913916335906833e-06
5.564503680943744257e-06
2.091742680931929499e-05
3.087955292357946746e-06
1.749899638525675982e-05
2.445068093948066235e-04
2.713313187996391207e-05
4.770323812408605590e-06
1.424656220478937030e-04
2.969988827317138202e-06
4.659854766941862181e-06
8.460831850243266672e-06
1.080506990547291934e-05
8.982396138890180737e-06
5.273717397358268499e-05
3.934029336960520595e-06
2.427335402899188921e-06
1.691165380179882050e-04
5.052639608038589358e-05
1.889068080345168710e-04
7.152214675443246961e-05
7.208296324279217515e-07
8.219651022045582067e-07
5.097991220281983260e-07
3.671254034998128191e-06
2.207817715316195972e-06
1.592689358176357928e-07
4.527182682068087161e-07
1.353997845399135258e-06
3.933661901101004332e-06
6.043340363248717040e-06
6.793239663238637149e-06
7.875036317273043096e-06
1.141973280027741566e-05
4.767858627019450068e-06
9.354668577543634456e-07
5.759717396358610131e-07
3.692409336508717388e-06
1.869946345323114656e-06
1.777089551069366280e-06
1.099820201488910243e-05
2.720327984206960537e-06
1.781114951882045716e-05
2.819321252900408581e-06
1.372791075482382439e-06
5.344524834072217345e-05
1.598179187567438930e-05
1.657089342188555747e-05
6.469142135756555945e-06
8.584946044720709324e-06
1.034626507134817075e-06
3.450595613685436547e-05
4.401787919050548226e-06
7.550844748038798571e-05
2.119748678524047136e-04
7.602725236210972071e-05
1.908594626002013683e-03
5.858546355739235878e-04
8.680974860908463597e-05
1.345123018836602569e-05
1.632112798688467592e-05
6.794645742047578096e-06
6.800314877182245255e-04
3.914684384653810412e-06
3.206864676030818373e-06
1.038093119859695435e-03
1.621219416847452521e-05
3.748246626855689101e-06
4.741118391393683851e-05
1.092841284844325855e-05
3.182359505444765091e-04
8.225627243518829346e-05
6.032000237610191107e-05
1.191067058243788779e-04
3.660243819467723370e-04
7.723275921307504177e-04
2.403817234153393656e-06
1.120224624173715711e-06
8.394516953558195382e-06
4.402877209486177890e-07
2.131989731424255297e-07
1.746232192090246826e-05
4.463735422177705914e-06
8.252278576037497260e-07
7.131529287107696291e-07
3.699861053974018432e-06
8.127857427098206244e-07
1.682917354628443718e-04
5.616083853965392336e-06
5.629994575429009274e-06
4.508931306190788746e-05
1.323828200838761404e-05
2.225529897259548306e-05
1.718965904728975147e-05
2.352548563067102805e-06
3.889285289915278554e-05
1.485505199525505304e-04
7.310744695132598281e-05
2.659167193996836431e-06
1.005744707072153687e-05
1.650180456636007875e-05
7.526188710471615195e-06
1.257083226846589241e-06
5.252621122053824365e-05
1.632245221117045730e-05
9.830999260884709656e-06
6.002558620821218938e-06
8.189355867216363549e-05
1.993948671952239238e-06
3.112855324616248254e-07
1.197727101498458069e-06
1.129933821175654884e-06
4.488301783567294478e-06
1.261420984519645572e-04
7.994432962732389569e-05
4.296131919545587152e-06
1.474167675041826442e-05
4.906109825242310762e-05
1.947264827322214842e-04
5.055866669863462448e-03
2.031309668382164091e-05
3.413286094655632041e-06
1.473247084504691884e-05
1.384453571517951787e-05
4.669613190344534814e-05
2.078550824080593884e-05
7.996132626431062818e-05
1.162741136795375496e-05
2.098368167935404927e-05
1.274900423595681787e-04
4.553257895167917013e-05
5.655790664604865015e-05
1.971041929209604859e-04
6.671258597634732723e-05
4.028878174722194672e-04
2.021810541918966919e-05
5.126258838572539389e-05
3.591704808059148490e-05
3.763589847949333489e-05
1.696177496341988444e-04
2.041803236352279782e-05
1.125754533859435469e-05
1.262331261386862025e-05
1.061599687091074884e-04
1.397774030920118093e-04
1.789317684597335756e-05
1.649977348279207945e-04
1.013429937302134931e-04
2.650286187417805195e-04
4.816593354917131364e-05
7.201127009466290474e-04
3.841848229058086872e-05
2.395798073848709464e-04
3.131274206680245697e-05
6.766551814507693052e-05
3.560299228411167860e-05
3.699580702232196927e-05
4.827855445910245180e-05
1.445160451112315059e-04
6.905540067236870527e-05
1.164786008303053677e-04
8.160218385455664247e-06
4.484851160668767989e-05
1.706088951323181391e-04
9.256042540073394775e-05
2.878860505006741732e-05
1.885456877062097192e-04
2.736452734097838402e-04
6.068969742045737803e-05
1.393705406371736899e-05
1.586577127454802394e-04
8.099715341813862324e-05
6.028072311892174184e-05
2.025220419454853982e-05
2.550410863477736712e-04
3.403886803425848484e-04
9.143403985945042223e-06
2.361612278036773205e-04
1.256223331438377500e-04
7.856332376832142472e-05
4.283598900656215847e-05
1.729718860588036478e-05
8.588323544245213270e-05
6.676748744212090969e-04
7.595406350446864963e-05
4.454675581655465066e-05
1.025668316287919879e-04
2.895353100029751658e-05
5.062227864982560277e-05
3.905526245944201946e-04
3.727139439433813095e-03
2.632056421134620905e-04
1.646030141273513436e-04
7.384586933767423034e-05
1.619627146283164620e-04
6.938367732800543308e-05
4.750824591610580683e-04
1.865970436483621597e-03
2.301780914422124624e-04
3.897379428963176906e-05
3.535029463819228113e-05
1.813335074984934181e-05
3.999785054475069046e-03
2.156110276700928807e-04
2.201639435952529311e-04
7.669057958992198110e-05
4.751302549266256392e-05
1.067307748598977923e-04
5.628080543829128146e-05
1.581648939463775605e-05
1.372037786495639011e-05
6.201637734193354845e-05
3.081211616517975926e-05
4.415248404256999493e-04
8.715333387954160571e-05
1.437841419829055667e-04
3.159892730764113367e-05
3.498719524941407144e-05
6.857612606836482882e-05
6.256128108361735940e-05
5.643737313221208751e-05
5.231474278843961656e-05
9.346638762508518994e-06
1.465114328311756253e-04
6.631505675613880157e-05
1.087397322407923639e-04
4.759806324727833271e-05
2.518382825655862689e-05
2.749724990280810744e-05
1.489124260842800140e-04
2.629216469358652830e-04
7.589754204673226923e-06
3.201880417691427283e-06
4.159792297286912799e-05
2.109503111569210887e-04
1.094878607545979321e-04
6.237395573407411575e-04
2.638332953210920095e-04
1.339116279268637300e-04
1.084221948985941708e-04
8.465057908324524760e-05
3.334931534482166171e-05
1.165072080766549334e-05
8.540693670511245728e-05
8.073024218901991844e-05
2.721925266087055206e-04
4.291081131668761373e-05
8.021972462302073836e-05
3.038305731024593115e-04
1.370736572425812483e-04
5.834295006934553385e-05
5.372949453885667026e-05
2.190562372561544180e-05
2.482409763615578413e-05
6.393533112714067101e-05
7.551121525466442108e-04
7.680498674744740129e-05
1.468106784159317613e-04
3.440828004386276007e-04
3.374419466126710176e-04
9.887715714285150170e-05
2.866197610273957253e-04
5.005212733522057533e-05
2.998424461111426353e-03
4.550484009087085724e-03
9.957354050129652023e-04
8.506467565894126892e-03
1.477309735491871834e-03
7.629730680491775274e-05
2.759446033451240510e-06
1.740840502861829009e-06
1.671824611548800021e-05
6.091395334806293249e-06
2.467832928232382983e-06
3.448819188633933663e-05
5.390432306739967316e-06
1.741588494041934609e-05
5.732233148592058569e-06
1.085936105482687708e-06
4.089853973709978163e-06
2.457569507896550931e-06
3.634359700299683027e-06
6.779609066143166274e-06
1.036512840073555708e-04
4.139101747568929568e-06
1.810726303119736258e-06
5.671302005794132128e-07
5.288816851134470198e-07
4.672430804930627346e-06
3.310733518446795642e-07
1.313358779952977784e-06
1.277052319892391097e-06
3.871905960295407567e-07
7.758207516417314764e-07
7.163559985201572999e-07
1.477672242344851838e-07
1.057549980032490566e-06
3.828802618954796344e-06
2.496613433322636411e-06
8.442233956884592772e-05
6.924539047759026289e-05
4.478826595004647970e-04
2.166943886550143361e-05
1.831238507293164730e-03
5.453406833112239838e-03
9.002901788335293531e-05
1.797341392375528812e-03
9.164648508885875344e-05
7.325459591811522841e-06
3.045684425160288811e-04
4.025013186037540436e-03
5.095097003504633904e-04
3.529378736857324839e-04
6.653269287198781967e-03
1.993923942791298032e-04
1.113676931709051132e-03
7.400978938676416874e-04
4.777658905368298292e-04
2.419460361124947667e-05
1.243042879650602117e-05
3.893796019838191569e-06
1.470572215112042613e-06
1.845836777647491544e-05
3.017433045897632837e-04
2.815001353155821562e-04
5.002027843147516251e-03
8.002424240112304688e-02
3.674517152830958366e-03
1.074066851288080215e-03
2.311894204467535019e-03
2.871043980121612549e-03
3.546561114490032196e-03
7.180615211836993694e-04
5.634245826513506472e-05
2.451228722929954529e-02
2.694197557866573334e-02
2.502287924289703369e-01
1.450877636671066284e-03
1.338774152100086212e-02
1.103652175515890121e-02
4.572709556668996811e-03
4.583664238452911377e-02
1.844613929279148579e-03
7.198610808700323105e-03
1.158667076379060745e-02
2.100754063576459885e-04
4.635351710021495819e-03
3.323692083358764648e-02
3.988340497016906738e-03
2.337142592296004295e-03
2.271153591573238373e-02
4.524697083979845047e-03
1.669298741035163403e-03
7.195302168838679790e-05
1.824625418521463871e-03
1.718538114801049232e-03
1.055876724421977997e-03
6.075029727071523666e-03
9.183541806123685092e-06
1.613091808394528925e-05
8.015212370082736015e-05
2.134514579665847123e-05
6.819076361352927051e-07
1.269840322493109852e-05
2.576888846306246705e-06
9.241466614184901118e-06
1.813931703509297222e-05
2.950063571915961802e-05
5.372939267545007169e-05
5.113139559398405254e-05
6.594265869352966547e-05
3.229436333640478551e-05
4.296854967833496630e-05
4.201517640467500314e-06
4.287955744075588882e-05
1.883639743027742952e-05
5.266927109914831817e-05
2.752554428298026323e-04
3.674635809147730470e-05
2.872037839551921934e-05
2.950215503005892970e-07
3.885363228619098663e-03
1.120821543736383319e-04
3.352141902723815292e-06
1.451673451811075211e-03
4.014275327790528536e-05
3.837885742541402578e-05
4.235936557961395010e-06
2.509253681637346745e-05
3.853287489619106054e-04
9.122195478994399309e-05
9.311913345300126821e-06
2.557067200541496277e-04
6.550541520118713379e-02
5.327030157786794007e-05
1.331145540461875498e-05
1.811710186302661896e-03
7.952367013785988092e-05
8.223149052355438471e-05
1.258012634934857488e-04
1.731751581246498972e-06
1.484455060563050210e-05
1.913108571898192167e-04
4.751832966576330364e-05
5.729820622946135700e-05
8.280433576146606356e-06
2.957208380394149572e-06
8.396998964599333704e-06
2.075660740956664085e-04
8.179095857485663146e-06
9.184548616758547723e-06
5.964787305856589228e-06
6.490681130344455596e-07
8.963981599663384259e-06
1.634986256249248981e-04
3.144058609905187041e-06
1.561515528010204434e-04
1.007561659207567573e-04
4.328586146584711969e-05
3.499436934362165630e-05
6.436167154788563494e-07
3.849379027087707072e-06
4.548596552922390401e-05
1.202700543217360973e-03
4.673205694416537881e-06
6.704143743263557553e-05
3.951595135731622577e-05
2.610486408229917288e-04
7.110982551239430904e-06
1.098211396310944110e-05
1.288665680476697162e-05
1.651462807785719633e-04
3.584599180612713099e-04
5.184921974432654679e-06
2.408490763627924025e-05
3.617695483626448549e-06
3.062787000089883804e-03
2.563387388363480568e-04
6.348294118652120233e-05
1.569779124110937119e-05
8.436921780230477452e-05
1.901451832964085042e-05
1.960964027603040449e-06
6.597351330128731206e-06
5.034791229263646528e-06
4.190803156234323978e-05
7.276900305441813543e-06
2.571087097749114037e-04
1.537863568046304863e-06
1.438384642824530602e-04
1.259873097296804190e-04
4.870305019721854478e-06
7.542449111497262493e-06
1.008065646601608023e-05
2.810820092236099299e-07
4.244876254233531654e-05
1.992754005186725408e-05
6.731878238497301936e-05
5.558900535106658936e-03
1.785306994861457497e-05
3.452029195614159107e-04
3.235764961573295295e-05
1.703760631244222168e-06
6.527993264171527699e-06
2.407344800303690135e-05
1.521237663837382570e-06
3.423976522753946483e-06
1.405889517627656460e-03
2.099290759360883385e-05
3.752787233679555357e-05
1.696638355497270823e-05
2.946806034742621705e-06
4.745281785289989784e-06
2.589584983070380986e-05
6.826106528023956344e-06
1.752994830894749612e-05
2.002872679440770298e-05
5.168161806068383157e-06
2.376415068283677101e-04
6.547461816808208823e-05
4.653992618841584772e-06
5.309570042300038040e-06
5.706515821657376364e-06
1.472346775699406862e-05
6.965370994294062257e-05
2.161189058824675158e-06
3.669701618491671979e-05
4.415518196765333414e-05
1.692469115369021893e-03
7.757108505757059902e-06
9.620001947041600943e-06
7.988278412085492164e-06
2.257488522445783019e-04
1.623434945940971375e-05
2.839508852048311383e-05
3.371456841705366969e-05
8.392556082981172949e-06
2.529184712329879403e-05
9.039362339535728097e-06
7.797647413099184632e-05
9.316412388216122054e-07
2.710427907004486769e-06
1.506727130617946386e-06
3.185164678143337369e-05
4.227018507663160563e-06
4.167436054558493197e-05
2.083268009300809354e-05
6.600878987228497863e-05
5.813811003463342786e-05
3.074012056458741426e-05
1.277930095966439694e-05
1.173520286101847887e-05
3.195012686774134636e-05
3.393975930521264672e-06
3.258362994529306889e-04
9.782688721315935254e-05
6.040497100912034512e-05
1.692247860773932189e-05
5.774085366283543408e-06
9.893459719023667276e-06
4.654556505556683987e-06
3.154417072437354364e-06
2.748471706581767648e-05
2.210905586252920330e-05
1.756321398715954274e-05
1.262737641809508204e-04
1.632469320611562580e-05
1.857489769463427365e-05
8.309109944093506783e-06
1.576852955622598529e-04
7.788168732076883316e-04
1.117309293476864696e-04
1.988807753150467761e-06
1.123889660448185168e-06
3.143917710985988379e-04
1.539398567729222123e-06
7.303528491320321336e-06
1.264409744180738926e-03
3.653239400591701269e-04
1.615576766198500991e-04
1.270593784283846617e-04
9.262425351153069641e-07
5.240607424639165401e-05
1.031697684084065259e-05
8.153783710440620780e-06
4.125927262066397816e-06
5.850377874594414607e-06
4.437595748640887905e-07
1.227199027198366821e-05
2.468939055688679218e-04
1.863014404079876840e-05
1.501816441304981709e-04
4.378303419798612595e-04
3.525385409375303425e-06
2.963494334835559130e-04
2.929460315499454737e-04
3.590173946577124298e-05
1.715609187158406712e-06
2.178783615818247199e-04
7.735460485491785221e-07
3.687939852170529775e-06
5.087136969450511970e-07
9.920945558405946940e-06
9.687873898656107485e-06
9.360688636661507189e-06
7.461116911144927144e-05
6.826168146290001459e-07
9.157139174931216985e-06
8.918489584175404161e-06
3.630911305663175881e-05
2.784923708532005548e-06
6.012622179696336389e-05
3.083082556258887053e-04
4.799249381903791800e-06
5.843909093528054655e-06
3.132055098831187934e-06
6.457732524722814560e-06
1.191469800687627867e-05
9.178937034448608756e-05
1.779013291525188833e-05
7.393641863018274307e-05
2.474782013450749218e-05
6.405541171261575073e-06
1.179255377792287618e-05
1.372533151879906654e-04
5.744681038777343929e-05
9.784360008779913187e-05
5.277538548398297280e-06
3.370140348124550655e-06
4.015560080006252974e-06
2.835485065588727593e-05
8.598161912232171744e-06
1.255045617654104717e-06
8.468666783301159739e-05
2.168647552025504410e-05
8.945619811129290611e-06
1.024021457851631567e-05
5.095493179396726191e-05
2.517212124075740576e-06
1.782432605068606790e-06
5.534780484595103189e-06
5.730361226596869528e-05
5.256246367935091257e-06
8.258333400590345263e-05
1.024834773488692008e-06
3.937816927646053955e-06
9.778678213478997350e-05
1.149744002759689465e-05
2.420540295133832842e-05
7.193349574663443491e-06
6.616625796596053988e-06
4.251062346156686544e-04
7.987916615093126893e-05
6.673667030554497615e-06
3.405722736715688370e-06
4.625781730283051729e-05
2.811674448821577244e-06
3.518483426887542009e-04
1.869093466666527092e-05
4.174950299784541130e-05
3.836954419966787100e-06
1.235400559380650520e-04
7.034101145109161735e-05
4.663204890675842762e-05
1.681371759332250804e-05
1.342269206361379474e-05
1.304343641095329076e-05
3.768773922274704091e-06
1.997223762373323552e-06
6.749723979737609625e-05
8.018228982109576464e-06
2.074003305096994154e-06
1.721938679111190140e-05
9.882794074655976146e-06
2.161330121452920139e-05
1.422058721800567582e-05
1.498358906246721745e-04
1.440794767404440790e-05
6.582751666428521276e-06
2.918776954174973071e-05
1.619599970581475645e-05
1.136649174782178306e-07
5.692367267329245806e-06
3.780178260058164597e-03
5.266864318400621414e-04
9.766968287294730544e-05
2.015628706431016326e-05
2.036032128671649843e-05
2.933192035925458185e-07
1.323528977081878111e-05
9.698527492219000123e-07
2.976218183903256431e-06
1.747224996506702155e-05
1.047620844474295154e-05
3.134687403871794231e-06
9.710314043331891298e-05
4.298478233977220953e-05
2.728240542637649924e-05
2.248547843919368461e-06
1.959465589607134461e-05
2.261143890791572630e-05
2.639700687723234296e-05
1.743945358612108976e-05
5.649520971928723156e-05
7.952656014822423458e-04
3.670870864880271256e-05
1.829503958106215578e-06
4.402609192766249180e-05
2.331012074137106538e-04
6.588400719920173287e-05
8.808770871837623417e-06
2.613701326481532305e-05
8.077390521066263318e-05
1.019007759168744087e-04
1.461640022171195596e-05
6.549856607307447121e-06
2.216739114373922348e-03
3.390952406334690750e-05
5.761864940723171458e-07
4.859942418988794088e-05
1.038226764649152756e-05
4.171135969954775646e-06
7.873984941397793591e-06
4.075329707120545208e-05
7.617879600729793310e-05
1.340610033366829157e-04
1.407463059877045453e-05
4.618112143361940980e-05
8.436684765911195427e-06
3.225472028134390712e-05
4.601856289809802547e-06
2.033935306826606393e-04
5.371227871364681050e-07
1.073993553291074932e-04
1.329902602265065070e-06
1.002643784886458889e-05
1.379200723022222519e-03
1.026035752147436142e-04
4.401807018439285457e-05
2.918803147622384131e-06
1.070951329893432558e-04
1.404267322868690826e-06
2.131206420017406344e-04
8.241130854003131390e-04
1.479377078794641420e-05
7.577676115033682436e-06
2.908260103140491992e-05
3.707598079927265644e-05
1.155945356003940105e-04
3.451056545600295067e-05
6.061851763661252335e-06
1.817318479879759252e-05
1.570427715778350830e-01
3.747715891222469509e-05
1.039184644469060004e-05
2.729808620642870665e-04
3.659999492811039090e-05
3.941628392567508854e-07
3.061114966840250418e-06
3.351870191181660630e-06
1.019987903418950737e-04
2.444400161039084196e-04
2.042527921730652452e-04
1.326277697444311343e-06
6.082914296712260693e-06
1.616032968740910292e-04
2.048606620519421995e-05
2.047805537586100399e-05
1.952455750142689794e-05
6.594303704332560301e-05
1.363542764920566697e-06
2.305621164850890636e-04
4.354502834758022800e-06
2.231609396403655410e-04
2.180044066335540265e-05
1.251709618372842669e-04
1.894823071779683232e-05
4.808950689039193094e-05
3.692640166264027357e-05
3.966541044064797461e-06
2.618783764773979783e-05
7.493372777389595285e-06
2.529095581849105656e-05
1.720447585285000969e-06
1.006168190542666707e-06
3.810703492490574718e-05
5.858506938238861039e-06
1.573593726789113134e-05
1.488084380980581045e-04
8.257124136434867978e-06
3.404469462111592293e-03
2.925504122686106712e-05
7.630250365764368325e-06
1.721812441246584058e-05
3.873070909321540967e-06
1.542449899716302752e-05
4.749703293782658875e-05
1.402675407007336617e-03
1.250099157914519310e-04
4.585439091897569597e-05
2.200490125687792897e-04
8.655360579723492265e-05
5.220888488111086190e-05
1.054499080055393279e-04
7.073693723214091733e-06
7.608484156662598252e-05
1.084759696823311970e-05
2.243519702460616827e-05
1.379273744532838464e-04
1.132148827309720218e-05
8.329142474394757301e-06
2.478228907420998439e-06
2.190465011153719388e-06
1.380333123961463571e-04
2.320328349014744163e-04
2.477236648701364174e-06
7.219717372208833694e-05
1.056874043570132926e-05
8.310572070513444487e-07
2.306164333276683465e-06
4.396659278427250683e-05
5.003232217859476805e-05
8.100259037746582180e-06
2.861843540813424625e-06
7.641581760253757238e-06
9.726643838803283870e-06
4.309624273446388543e-06
6.191786087583750486e-05
3.295192072982899845e-05
6.725839921273291111e-05
5.477319973579142243e-06
3.748264571186155081e-04
3.495899591143825091e-06
4.714739134215051308e-06
8.894163329387083650e-06
2.806428938129101880e-06
1.269731365027837455e-05
4.017402716272044927e-06
1.942618546308949590e-04
1.151498072431422770e-04
1.079922822100343183e-05
1.621730575607216451e-06
3.223262319806963205e-04
6.100147220422513783e-05
1.624104152142535895e-05
1.280954984395066276e-05
1.729487848933786154e-05
1.387259362672921270e-05
2.951808528450783342e-05
1.780441729351878166e-03
6.037412731529911980e-06
3.291514076408930123e-05
6.608790135942399502e-05
1.175053403130732477e-04
4.001615889137610793e-05
7.108161753421882167e-06
4.519722424447536469e-04
5.819311354571254924e-06
4.284115675545763224e-06
3.059934359043836594e-03
1.485097163822501898e-04
8.267947123385965824e-05
6.830277561675757170e-05
1.751308627717662603e-05
3.554456998244859278e-05
1.550950764794833958e-05
7.008993634372018278e-06
6.869439675938338041e-05
1.031415376928634942e-05
4.038271959871053696e-03
9.656466136220842600e-05
1.856638118624687195e-05
7.475464954040944576e-04
9.976705769076943398e-05
1.763144275173544884e-03
5.579933349508792162e-05
5.780044011771678925e-05
6.455878974520601332e-06
1.578666706336662173e-05
9.238144411938264966e-05
2.275747419844265096e-06
1.556915594846941531e-05
1.203765896207187325e-05
1.779740559868514538e-04
2.048645546892657876e-05
2.534746890887618065e-04
8.962976862676441669e-04
5.607884304481558502e-06
8.635580888949334621e-05
8.290172991110011935e-05
1.720520413073245436e-05
2.504013718862552196e-05
8.874738455233455170e-07
1.538564174552448094e-05
8.219756608696116018e-08
7.825949433026835322e-05
7.970624210429377854e-06
3.045536459467257373e-06
6.192583532538264990e-05
8.545451797544956207e-03
1.206929937325185165e-06
6.069212759030051529e-05
8.651848474983125925e-06
5.422270078270230442e-06
5.656052053382154554e-06
1.354150736005976796e-04
8.135783718898892403e-05
5.715527004213072360e-05
5.172550118004437536e-06
1.666852767812088132e-04
6.807741101511055604e-06
8.052221346588339657e-06
4.002385248895734549e-04
4.090103902854025364e-04
2.370466536376625299e-04
1.977326064661610872e-06
2.519021654734387994e-05
4.872876502304279711e-07
1.059206897480180487e-05
6.417360509658465162e-06
2.972170768771320581e-04
1.136604929342865944e-03
2.435254864394664764e-04
1.331029352513724007e-06
1.928645542648155242e-05
9.017655975185334682e-05
3.645063145086169243e-03
4.585205169860273600e-04
2.576771192252635956e-03
3.474137047305703163e-04
4.580290522426366806e-03
1.515989879408152774e-05
5.187333158573892433e-07
3.522449674164818134e-07
1.390719290839115274e-07
9.303485057898797095e-07
1.401727786287665367e-06
3.312083663331577554e-06
2.543298069213051349e-05
3.583881380109232850e-06
2.566862094681710005e-04
1.063679665094241500e-04
1.491583702772913966e-06
7.589732376800384372e-06
1.682077339637544355e-07
8.849135156197007746e-06
3.556898809620179236e-05
8.740716293687000871e-05
5.392339971876936033e-06
2.988661890412913635e-06
8.474617061438038945e-06
5.917245744058163837e-06
8.956581041275057942e-06
1.469810194976162165e-05
4.845625880989246070e-06
5.247145963949151337e-06
1.395461595166125335e-06
8.433457878709305078e-06
1.991358431041589938e-06
1.998698735405923799e-06
1.619957629372947849e-06
4.855534371017711237e-06
8.945705303631257266e-06
3.516287688398733735e-05
1.480398987041553482e-05
8.842766874295193702e-06
2.705970246097422205e-06
1.157414135377621278e-05
8.999506349027797114e-07
8.207131031667813659e-06
1.226296990353148431e-05
8.000961315701715648e-07
6.721620025018637534e-07
1.783343179795338074e-07
7.296221724573115353e-07
3.782983412747853436e-06
1.339745267614489421e-06
2.574951940914615989e-05
1.874969711934681982e-06
1.999829464693902992e-06
4.571985482471063733e-05
1.235278614331036806e-05
1.608994352864101529e-05
9.867885637504514307e-06
6.135512194305192679e-06
1.738534365358646028e-06
3.968004875787300989e-06
3.241752665417152457e-06
1.545420559523336124e-06
1.428707946615759283e-06
1.754812896251678467e-03
4.105225161765702069e-05
7.821644248906522989e-05
6.804755230405135080e-06
8.095382781903026626e-07
3.994409780716523528e-07
8.940929546952247620e-05
3.778456812142394483e-05
3.832138190773548558e-06
9.734137620398541912e-07
3.552618636604165658e-06
3.126314425117016071e-07
5.800195594929391518e-06
1.389866156387142837e-06
8.692066330695524812e-06
2.555773789936210960e-05
1.676284455243148841e-06
5.186190537642687559e-05
2.707245585042983294e-04
