1.605958340486837721e-13
7.522665623023103154e-15
1.406226751796829655e-13
1.948812535702989200e-15
3.118575412014781834e-14
1.110913017663989893e-14
1.754807237019928579e-13
4.437099646037445666e-11
1.114174794092370746e-10
8.115335070613127755e-10
3.405640298850126646e-14
8.063834430922789398e-13
2.014842719749720956e-12
9.806607565929215120e-13
4.106437412332297754e-13
1.057352014104118165e-12
1.917212742730267649e-11
1.157304937646208565e-12
7.754813284577277699e-12
2.707968669180688126e-13
2.551144483110747568e-14
3.975075043433085042e-12
3.174536154781915087e-12
1.065131005617558912e-08
1.537093508030551448e-10
7.274270670141937817e-15
1.847211357196309502e-15
2.779855618495496485e-15
1.416976112352419815e-15
1.613855262535407453e-14
8.858022551138516887e-14
3.376326690831318172e-15
2.032592437460969959e-14
1.308226716924742669e-14
1.305362729123486429e-14
5.262820344451024646e-14
3.036236355651728003e-13
5.403235706622801227e-14
1.194866365299788731e-16
7.377372150674244011e-12
4.263424804710515270e-14
3.883549924921453692e-15
6.634482459938473298e-13
8.457343332601841013e-12
7.835834032413752093e-15
5.775734708210467083e-14
6.271127009609828162e-14
4.087898571622332333e-14
1.940186032667323701e-11
8.166076593141974316e-14
7.349500240165507403e-14
5.510937886588074264e-11
1.648513953383251573e-13
1.834348916252698247e-13
1.977926286297893022e-13
1.487202830503797646e-12
7.684132464439580312e-14
1.693424182347760820e-13
4.061978008183635136e-14
1.869536697760715294e-13
5.639167518362020459e-13
2.874541154152671085e-13
3.704378817581677197e-12
2.571406412452126311e-12
3.430566106795568393e-13
5.253653753895838607e-14
8.422676076556834257e-14
4.055477741821134074e-13
7.463686380092607320e-14
3.101864468404991193e-14
9.122861420492850947e-16
1.074969089843958933e-14
2.242527181745695986e-14
1.445475446423209048e-14
7.862242825643246669e-15
4.837382122473143919e-14
7.700337763261178026e-12
1.644632103029938786e-13
1.186334152658910512e-13
7.528846253032628333e-13
1.057180059639561964e-13
1.975774864963514461e-15
4.235121628393123672e-11
6.092728318390916442e-14
5.111167565574614713e-13
1.519706582797653027e-11
3.641368456763771633e-11
2.961257324421429082e-12
3.915965815504129921e-11
8.326268819379423203e-13
2.064292096634612328e-12
3.830600387669941265e-13
5.626879170939069752e-12
6.424291099094148194e-10
4.077467963964354070e-12
2.238888111363857014e-12
1.621467266010867547e-10
3.717139877151831584e-12
4.846745227382598387e-11
1.986560048405916490e-11
5.701958349924041158e-11
3.801878811771075561e-09
3.296335079894241460e-11
2.452600405752902724e-12
2.873971505223948952e-09
1.053926834693186265e-09
8.024568232123385769e-10
2.727055607970162859e-15
3.006254099824356985e-13
1.870895745183925873e-13
2.450417612012223759e-15
1.951825643654609560e-15
7.102558558652605214e-13
9.989821198996134965e-14
1.292156977256023534e-14
2.456340489895899454e-16
2.697231001914934811e-13
4.141419788350605632e-15
5.031137182212597203e-14
3.676017281371846135e-14
1.585489653791165993e-14
9.479587016888394585e-15
3.163399379143942702e-14
1.881978968010841052e-14
1.961044716371207475e-13
1.545554726952239055e-13
4.252945651900263968e-15
2.012674749085618942e-10
3.186935604304608205e-09
7.604532455129930923e-12
2.980817361605131444e-13
9.809825477977152097e-13
4.595816999533597347e-13
3.877563688973323375e-14
3.867806630530878920e-10
5.198122834948470938e-11
9.539675473180242449e-12
1.104942873308978335e-11
5.062909726877284911e-12
2.064916061761141314e-14
1.763885761559588587e-15
4.009183122207632399e-14
6.385450622984267452e-15
1.638868186125408410e-12
1.259520612806319662e-11
8.247639726732813870e-08
1.765148097132573923e-11
7.031911945093449745e-13
1.894451799209703746e-13
1.160593566780845909e-13
1.176614500275618980e-10
4.566112245252273993e-12
3.954928398663959399e-12
2.630752603607899864e-13
2.881804350707284357e-09
2.786178232572211755e-11
7.262553839565422109e-12
6.710988535718609427e-12
5.919634357351433174e-13
2.615587867821345114e-13
7.759412667951437470e-09
7.546637620370333366e-11
4.169660797193053270e-11
1.108403022143100713e-10
2.971964341291766232e-11
3.239762624840381022e-11
8.141341767409215890e-12
5.641053162780407249e-12
4.173595334350937991e-13
1.324503354216410855e-11
1.044483166623422221e-09
5.655100953488867432e-12
1.946883626535722556e-12
4.493681902278945373e-13
3.754898614261037437e-09
1.382735870247842058e-10
6.715508791416135992e-12
1.738757748892538757e-10
1.153829722738697328e-11
4.805350561909449425e-11
4.523327892802520012e-11
3.405059220695783040e-12
6.615538672427589972e-10
2.318531477918384098e-11
5.916443116676939340e-12
3.707130782903966804e-11
6.959439968756697681e-11
3.304214324026388816e-12
1.977214182311004542e-12
1.443755531793655678e-11
4.837596794503296049e-13
7.056264600402428755e-11
3.940701098770205135e-10
1.543311659024659832e-11
8.781168609091338784e-13
4.576691109425823356e-11
2.017733063963689233e-10
7.553107583824214544e-10
1.198494498089175408e-10
1.383304928936901490e-11
6.169383892640212252e-10
3.964905660736040005e-12
1.769479701652088011e-11
3.749737879140541130e-13
4.379117728159354073e-12
9.102982950759397340e-11
1.633506697962250342e-12
1.604630382560923163e-12
5.643283410017296831e-11
7.600805401741794753e-12
2.096855892044779957e-12
1.867944384240094458e-12
7.609304679412343120e-12
1.958574578561633750e-12
1.117141101847352047e-10
1.209340895653998604e-12
2.856494066890563621e-13
2.956269951059908863e-11
5.682615836222204564e-13
7.512902105988317203e-11
7.945413771359710609e-11
2.868603132810676470e-10
4.181581296502923095e-12
4.434625111571222078e-09
1.800552595909721276e-08
6.123209495001447067e-09
8.001490026110502640e-10
6.319795242681891523e-10
3.029259343367840529e-10
4.697201294590058751e-09
3.781503721267398532e-10
1.660448889495569347e-09
6.247081324461944973e-11
1.410272121304956272e-09
4.099330042084403658e-10
2.388439224176863718e-09
2.388167961997478272e-11
3.188446034974035115e-11
1.388042569772096613e-09
8.920434946269040211e-10
7.355801745489998211e-09
1.355030088134867583e-09
4.661380309523011078e-11
6.153045434276194214e-11
3.255667593293765094e-07
2.399381388018539951e-11
2.166846042872538902e-11
1.650741876524364216e-09
6.284863740546597910e-10
1.500977786506041411e-09
1.239224056703847054e-09
1.295286577648879778e-13
1.615675648825032340e-10
3.599027673106824921e-11
7.133537649472998510e-10
3.446545093765962520e-08
3.986677654665982118e-08
7.669238855090299012e-11
7.033998383754180850e-11
2.133450083263710439e-09
9.525289890177646157e-09
4.648460105727281189e-08
1.483884126685097726e-09
1.144379035977749481e-11
1.860144850651668236e-11
2.327348556929731416e-11
7.910227334262387444e-11
1.878932565091417928e-08
1.310593235499812881e-12
4.496672201259599433e-10
6.361757648454258174e-11
1.596194704189812796e-10
2.834813633834087909e-11
3.195648606846290818e-11
9.103972437030094511e-11
5.310678008463298738e-10
3.582920071742989876e-10
7.989487960102792385e-10
9.301882597512189932e-10
9.073151258087719384e-11
7.825279313422583982e-10
1.778698160981306842e-10
1.439671992731206274e-11
5.359309440677861858e-09
1.394850634994782013e-08
4.212429294270236824e-10
9.942959650066640620e-11
2.862239785461628827e-11
1.112810711634271144e-11
2.569239309149762285e-12
6.456809371023497501e-13
2.877759470720775425e-07
8.577838092604928022e-12
9.525403035781643268e-12
1.198211947439631331e-07
3.720126784401145414e-08
5.444784068053820647e-10
5.498552582139382139e-06
5.436855965434972404e-10
1.836260477006135261e-09
4.409933383091660386e-14
2.753743922072251354e-15
1.344974224901833784e-14
8.201114449818327351e-15
2.171617310346533880e-14
4.732016306032392483e-14
4.756341804787456162e-13
2.629215043991055441e-15
1.479458374385733688e-13
5.516288380941203329e-12
4.039487250554960052e-14
3.232744018359873586e-15
4.228389319726414547e-15
9.829916963960752541e-14
1.064031810793855670e-13
2.581994608895875343e-14
9.575902286287733822e-15
4.439754956768937263e-16
2.021370807332891059e-16
1.805691962055919197e-14
1.190062762046570789e-16
1.008752949878052863e-13
3.280111032506576041e-14
7.199513236283167777e-15
3.967464208456516345e-15
6.328439799919895886e-15
4.564796607420577249e-16
2.006033821043765042e-13
1.452784154911887504e-13
7.469792132389595218e-15
9.649273567668981144e-12
4.097629353883025516e-12
5.556012247498465229e-12
1.366727390983424328e-11
2.025547374273628520e-08
1.804577598463197319e-09
5.298945993104098307e-08
7.072693541942953743e-10
5.277604742115471481e-11
1.606938730301307738e-13
2.028849093935192194e-12
4.646866225144208329e-11
6.514452866035469469e-10
2.174894162335072600e-12
3.288190553174530351e-11
2.048212444094588136e-08
1.723339804193813052e-09
6.438594102320394086e-10
1.032898974684393067e-10
1.759376845600346684e-11
1.961907199199419694e-11
7.630196794490215484e-14
4.912409454910227069e-13
5.873163825935445725e-13
4.584512769412185662e-10
3.179722263269013638e-09
1.530970239471685090e-09
1.484772443882675930e-10
1.288051620917940454e-08
1.149508044306912780e-09
1.221431955578111683e-09
1.209455174899787266e-10
1.329349430534421117e-08
1.113759258430935262e-12
4.808339490458557464e-11
5.859257612428336870e-07
1.146847935160622001e-04
7.034972804831340909e-05
9.023062011692672968e-05
5.525637902792368550e-07
3.151256823912262917e-04
1.958118809852749109e-05
9.884656667709350586e-01
1.008912455290555954e-02
3.664625110104680061e-04
5.732082399845239706e-07
7.774641375135615817e-09
3.587012642469744605e-08
7.862084203225094825e-06
1.119517492043087259e-06
1.447465820092475042e-05
4.359617887530475855e-04
7.822571745919049135e-08
9.872289652435028984e-10
1.009472949675682685e-09
1.771685305129722110e-07
4.212919735291364987e-10
2.428995338199513299e-10
7.551862069021808566e-08
1.349051587400031810e-14
2.915173256869824092e-13
5.372839759903991208e-13
5.557434412428773410e-15
4.707168763931277033e-15
2.836112455181869635e-14
2.105988350560323435e-14
7.912579452599727975e-15
1.500191805464234484e-15
6.240921408134925130e-12
1.676361480185128983e-11
1.377341730252057417e-11
5.741606495801576671e-11
1.643057231611767810e-14
1.919565123309008650e-15
1.646150257121961613e-14
1.308096273850865507e-15
7.139247092807776696e-12
5.569614647954468367e-12
1.642194409970376690e-12
8.676100744960113520e-13
5.786776223135059460e-13
4.424325760355590775e-13
7.593335960009994778e-10
1.421347197924638373e-12
7.211388430850007580e-11
1.540772717745220177e-12
2.188351279699962681e-12
1.249231431190225838e-13
2.324558765148896505e-14
1.983180872126844019e-13
2.858815885842941329e-13
2.027957385353218456e-10
5.763720663937155209e-13
1.896503613874056526e-11
1.010684175239973115e-10
1.043219221945335118e-12
9.286138752482436809e-14
5.387239265797205690e-12
1.822409931295787544e-11
4.258605526053817203e-14
9.560357876452901804e-14
1.226263827893564473e-13
5.494813805351217439e-12
5.233945655352956194e-12
7.910972766624058128e-13
1.693108543990295978e-12
7.013775411152112227e-13
2.098148044193948181e-12
2.252356490878813788e-14
1.091130474861756738e-08
1.522238498447014976e-12
1.909444960002462666e-13
2.052370252914048621e-11
2.118722081459467610e-12
1.576655472845800432e-12
7.143292467953754610e-12
2.517682026401124595e-12
1.361070700589550597e-09
1.196087066196449555e-11
7.181827832089537900e-13
2.748774992344937829e-11
1.374629170257726796e-13
4.283121166764880527e-12
1.392899142381442967e-12
2.923190023373933855e-10
7.312966421660349603e-13
2.107365844328246141e-11
3.463685284768591721e-12
7.164596693698399577e-11
1.298472641257999993e-13
4.278067049917622100e-12
9.311977577919350324e-11
4.667169862387909873e-12
1.908406627171288505e-10
1.686482008732281823e-12
1.919583936249580347e-11
3.691587779821453585e-14
1.798544169498428325e-12
3.317241663650105643e-12
1.757977964589318987e-11
2.886887235341306646e-13
1.593234225105710777e-11
4.770554611066568640e-12
1.036034661381669830e-13
1.112297233485382009e-11
3.308742385979557277e-12
8.357258027974490133e-14
6.468655363960074123e-13
1.171771967650725443e-11
3.249859691252521277e-13
5.404022118682405562e-09
3.269813890136030743e-12
7.063583116855010058e-13
1.083958904623052999e-13
2.333817174075564910e-14
1.665113766270362450e-13
4.545975141462266222e-13
4.702761183944526024e-12
5.010820317702391336e-12
3.186462812360124630e-12
1.399398097401416408e-10
8.231984538475956015e-12
1.356020981266303771e-12
7.344536288281418301e-15
1.487903658788092276e-12
2.566988403795728707e-14
7.109623653689389755e-12
3.127919798173728338e-12
5.609222808455882614e-11
1.196043047588246644e-12
1.770721373348105310e-12
1.861062415287051408e-09
6.639786376966272385e-13
1.540727723355062029e-13
1.780973372250693743e-13
6.611709877507587763e-12
3.544776017855300054e-12
1.931776787145178531e-12
1.319885780531881991e-11
2.753409344058085906e-14
4.158122685147397357e-14
9.758096023923523710e-13
1.556138437509499428e-13
2.813792384856461659e-12
2.426281323476917745e-14
8.097850731983435857e-13
9.379396402348777473e-14
1.995303201092132883e-13
2.285106999455610577e-12
1.295341546699024793e-12
6.553756069603696929e-15
1.805004306828020266e-13
1.719039732610283533e-12
1.717932740508132383e-11
1.413397177074671163e-11
1.260188025979658288e-12
4.265656025018854658e-13
1.135490139414496724e-12
2.589559469634572508e-11
8.414422587518788355e-14
2.082812275514683842e-13
4.691002293099981457e-14
2.893072066634250206e-13
3.193261356292803610e-14
7.500776936413336426e-14
6.424374920932507393e-14
3.944483018751381020e-14
1.112042662815282412e-11
1.270658166359350805e-12
1.972254998205968946e-11
1.897839659948177826e-14
4.071435842547405093e-13
7.757084362867983085e-14
8.700265334560253194e-12
4.978921463484609067e-13
8.070253666725424324e-12
1.018024911331877336e-13
2.077557859092322295e-14
9.197846477515536634e-13
2.727001296217584914e-13
1.068266655690486289e-11
4.220819657327345986e-13
4.639203951550818772e-12
1.361467769035382136e-13
2.500708414486258607e-14
5.516354040224769051e-11
1.867678060818445118e-11
9.063939377697283195e-13
1.417663035574445729e-11
5.865965265611228219e-13
1.883258956766886705e-12
2.261649895141104594e-11
2.945771014270515131e-12
5.018751104128192295e-15
1.165520588028434723e-13
1.436082698071106112e-14
3.222714196199349956e-12
1.686834096611532913e-14
3.573630067421618151e-07
2.334191451236478088e-10
1.645947917891521506e-12
2.561765244379898832e-10
3.493245528452849913e-14
1.234134929667396463e-11
3.271975111641609035e-14
5.862445511678471277e-12
3.362293218367798375e-14
1.442120728389895135e-11
1.243970985248532557e-11
1.459175120142874871e-12
2.761617106869507232e-12
4.710592809917257817e-14
4.304576714606739296e-13
8.707475712688150793e-11
3.554130459989396362e-13
1.110380884461470430e-11
1.524629923178866253e-12
9.349572982139675581e-13
9.270636016668609702e-14
5.464389357667798208e-12
8.002969218313255029e-14
1.172099391285805203e-13
1.204634163959068111e-14
2.712043263575214525e-12
1.268256940439860259e-11
1.855678805062765946e-12
6.707703836816847343e-11
7.229321850356351664e-14
2.078777037659018667e-12
7.684381830939251978e-14
6.112149848747083780e-12
3.206956922241488428e-11
2.406828642637082183e-12
1.436682994793159196e-10
1.212883959933463984e-13
2.856326503444805986e-12
6.634562257218368231e-12
1.100449809401937706e-12
1.994677513439402361e-11
3.760528347052094489e-11
4.547911526542325333e-12
1.139941439853853211e-11
6.380521111459813710e-11
3.131800157749053959e-12
4.270139797313277086e-10
4.141771832184143465e-13
7.532116477835387736e-14
3.077494205652731019e-12
5.911248460123072479e-14
4.871955269769578933e-11
1.351723962796091971e-12
2.074625844381006168e-12
3.618736170094005722e-14
2.450414139177140016e-14
2.136754315151812023e-11
1.335638143053902160e-14
9.947155810629756956e-14
1.589690293464507409e-13
4.336893816753216793e-15
3.038555301468348624e-12
1.829495620752838447e-13
1.080580178287882109e-12
5.037383704609155188e-12
9.315769726805922524e-13
2.358900227927840376e-11
6.834134901869889922e-14
1.912698298356385607e-11
2.307348062613456818e-11
5.058305337091173470e-12
1.504506805596883545e-12
1.175349964924188306e-13
8.812237371020811838e-14
1.679355981533403597e-12
2.312966138062755306e-11
7.797763628379639211e-13
1.436114942243715831e-11
5.114264220451580911e-11
5.322538623627999857e-15
1.685597625020185397e-12
1.820910089378457997e-10
3.227352196252808447e-12
2.774466041025741569e-13
1.047237435658487925e-10
5.272715250526083253e-11
8.506999965574024714e-11
4.074274945198297360e-11
1.696448363730507225e-11
1.451651434692183273e-13
1.654508236144380806e-13
6.134833902682454085e-15
8.301816265682271379e-13
2.243225814520591332e-13
3.774981222797249569e-14
5.525934310829372365e-12
9.805210463009750299e-12
4.291855065785554757e-12
4.479888682240584785e-12
6.519418251776931683e-12
4.621043673581903821e-13
5.666254358077660314e-12
2.697567213008622566e-12
7.730657780591343453e-11
9.186310566400290867e-13
1.667174102763790966e-12
3.622470726161175492e-11
5.328583407848697107e-11
1.158379434040845979e-10
1.241800580550553312e-13
1.306756677692255675e-12
1.445225368415861689e-13
5.088756022467166851e-13
7.742410228564478025e-13
1.098750973017870169e-12
1.335881600651733780e-12
8.252570176704721039e-14
2.379394695595921094e-13
1.019630072648242125e-13
2.655419558284660697e-13
1.224424343382671254e-13
2.813595363637677593e-11
2.525672032627213071e-11
5.184373438361922215e-13
1.543567140424584316e-12
3.166376937122766799e-13
7.135323148305117158e-13
2.253291303544457946e-12
1.685745618616729669e-12
1.542683353023682757e-13
9.737731318992456919e-14
9.778190063203240356e-11
8.845011311917061470e-13
4.971817855553778767e-15
2.300254604847840056e-12
1.880155753308798694e-11
3.601442928602427429e-12
5.530795006009059378e-12
6.289461573077970158e-12
1.221448275856573673e-09
3.925627878320625541e-11
1.751159438810601099e-13
7.605953193656755928e-12
3.758016467458880072e-12
4.046039643325035143e-15
3.669420453253358083e-13
1.715513615766026817e-14
7.575120392067091757e-11
3.310945701634482319e-12
1.009934150197899783e-11
8.200418968005995790e-13
1.210262062618862496e-15
7.493402599811904707e-13
1.575314748439304857e-12
2.877838212959199504e-13
2.229718095407432280e-15
7.317249562342753588e-13
2.284379282957438306e-12
1.429598084877470310e-13
1.700477757736462703e-12
2.011195246801045222e-12
2.321416188211288326e-15
5.258019714071693329e-12
2.971174955374022986e-12
4.176426565694058013e-11
6.865511631426457484e-12
8.384584693210683781e-12
5.335735742129088521e-10
7.199795230491967679e-13
1.802425916852534726e-11
1.934424192009953636e-12
4.909920560403069345e-12
4.338133151315926028e-12
7.584701096352564065e-12
3.632327945368718503e-12
1.513917637085970824e-11
1.518436743529194555e-12
6.947810789149563848e-14
3.640805528831421792e-15
6.637676085857746600e-12
4.087121266427296007e-13
4.477287071365070037e-14
1.242820082958395744e-12
9.433212891374331832e-12
4.036062391417349904e-13
1.540834517269051851e-12
1.082434177555359478e-13
1.564404970854933047e-14
3.349188331183694523e-12
5.207914828553317221e-12
3.349518741795759480e-13
9.758206612545117231e-13
7.953672442884140992e-12
1.867701143482697335e-13
1.076503469699119364e-11
2.934951001849761543e-13
1.534658164437097128e-11
1.479112839153362557e-11
2.367132097974566918e-13
9.172129201984180469e-13
4.185047829661538155e-14
1.098312521659317031e-13
1.648378699162234007e-13
5.346784213294819565e-12
7.591384118543764714e-13
7.864170469343290115e-13
5.861212123287051767e-13
2.233996668210558312e-11
1.268563487762108810e-12
4.569577138555103168e-13
6.353157583349755555e-12
3.302108207096227099e-13
6.227715554623508565e-14
2.154003971716056398e-13
4.637878969759867687e-11
1.009184055766887411e-13
4.312688173160189598e-13
3.426674905198517918e-13
4.474730481984767749e-12
1.123011891812630836e-10
2.867069776035791051e-11
1.145640114892654271e-13
1.238966205021133082e-13
4.315106757156461637e-13
9.019725071002238082e-12
2.493248229401556770e-12
2.391904816573253711e-12
1.297876628218730399e-12
5.044662170633484877e-12
9.453632538250489326e-13
2.260180195399422859e-14
3.311395949112672099e-11
1.995469067761490578e-11
3.086811839123071444e-12
4.276499130945882188e-13
3.952405487313639942e-14
6.991700187558569368e-12
3.062625023378395817e-13
1.304467330594943908e-13
6.438378476192330169e-12
1.385579747725101951e-13
4.843207337458001194e-14
8.569808924996369370e-12
7.345415942161537259e-12
1.167847099543340220e-15
7.763562640255173425e-15
5.693396329473771056e-14
3.819392176661329241e-14
2.443600877199969545e-13
8.796473749059230407e-13
3.705269164405722293e-12
3.571050248042662023e-13
1.038884581659738071e-12
3.273411001893794525e-14
1.410713885117986788e-12
6.457946157001348553e-12
3.851498633911099034e-11
1.071938002771000154e-12
5.296403845556942047e-14
1.376443577172370425e-11
9.747390035689997706e-15
1.186443998602015881e-11
3.339556062242898804e-12
5.672187437626152740e-13
2.876321056333175363e-11
1.806525611882606880e-14
1.487992368209845040e-11
9.501940900769056952e-12
1.220711032257071338e-11
6.708522626297508396e-11
6.764901139266754626e-12
7.418458208841016699e-13
1.827516436792020471e-11
6.425313406333010846e-12
1.045644213576446546e-11
1.336078556818387497e-11
1.320998952586416308e-11
1.647545760843222018e-13
3.296146341980055183e-11
4.070101894404487552e-12
1.656918851254685077e-12
1.099321154940380296e-12
1.116179978305487097e-11
4.360450542306715249e-11
3.391918094054063859e-13
1.824196016464441072e-09
2.022570479154328638e-12
1.466463409038887278e-11
7.058693907158186676e-13
4.665612514387351695e-12
5.257147148163276995e-12
2.414631428832025861e-12
6.025498676398566289e-12
5.033030199205756894e-13
2.520877387043873874e-12
4.497973868367033390e-11
2.192501215303455098e-11
6.367545813540376187e-12
2.806385332454475190e-12
5.651607220408250143e-12
1.308522517770582816e-12
3.165859284795513595e-12
5.283867527544616749e-12
1.225510307383687048e-14
1.084826022415552593e-12
1.396359807295799449e-12
9.368066218595760830e-13
1.376534736891033006e-12
6.500482443994037851e-12
2.760323046524515433e-11
2.180364395976130965e-12
1.674725115530240060e-11
3.193424344405393356e-11
1.648112419108671567e-12
8.479655172477507108e-11
2.822025111422904464e-13
1.243746217127750242e-10
2.133734405525625211e-13
1.059181388429752957e-11
4.111692583630421893e-11
2.757594228918608392e-13
6.781704646637021217e-13
5.202550629884727940e-13
3.723316617586062971e-14
8.862776506614322702e-13
4.137981732439677263e-13
6.548461859573473376e-14
4.900643286358599693e-14
1.973420125228608768e-12
2.558383409637099426e-12
1.229970118810097546e-12
5.573142641823736199e-12
9.643388789327272947e-15
4.252222272210781640e-12
2.445787984032415929e-13
1.915320402279263590e-10
4.026417046998354010e-11
4.286388410011665595e-13
3.627542060138932989e-13
1.408383652756750593e-11
1.392671836007849592e-14
1.318083012527559994e-13
1.044390776931605064e-14
7.942712459962919525e-12
3.841004120666569044e-13
2.058137257084265148e-14
1.926417704555590665e-14
5.498160607353419493e-11
3.399396042436109155e-11
1.024169152263887383e-10
9.759746721731132890e-14
1.431861920697663493e-11
2.103979100318009721e-12
2.317612907143384859e-10
3.056450763056633990e-13
3.758971283654606588e-15
8.933522663485439497e-15
8.740036621410034179e-15
4.834070901275737409e-14
4.767035782093790100e-15
1.416208806381325826e-15
1.821555233039173771e-11
1.114847930396283427e-15
3.862439068667150588e-14
5.916349224768802095e-13
1.023311769116118722e-14
1.582891803741937053e-13
1.077468789950424780e-15
5.023331604197059375e-14
2.593294936431567166e-12
3.551451938522270924e-14
1.706621091191254380e-13
7.804153306120546751e-15
3.188977944559856503e-13
8.697934001733811926e-14
1.816092984547115763e-13
2.349118892030349626e-13
1.522452547060917927e-13
4.385116944040368114e-13
2.873691410699985571e-13
7.507207746074162635e-13
1.983410485818185715e-14
1.664195447030267228e-14
1.001843253199837490e-15
1.840752349808669197e-13
2.137282186084540903e-13
5.364872500239481479e-13
5.180966333034886517e-12
3.589089000500568505e-14
3.323482507537785235e-14
7.739826032686358825e-13
2.184423643827719010e-15
2.943830143303967362e-14
1.659383961076683900e-14
2.604766708517980943e-15
7.261520622000097736e-14
2.292113930433973060e-15
8.285861790257014609e-15
1.211705215331537744e-12
1.457896506968335559e-14
1.612065515799177007e-13
2.289878898477371028e-13
1.116566908376803724e-12
2.278869584357301470e-12
1.410422195702309978e-10
4.381828829901762701e-14
9.041790753616663068e-12
7.442426883108588243e-12
9.427666980421633980e-13
2.810729730559624606e-12
2.234893585299768670e-13
1.169418641783215307e-11
7.723004527560028976e-12
8.957709790938239713e-13
5.387714926974318530e-11
2.886733007582270583e-13
3.776719063354472272e-13
1.345362352338924650e-13
4.721170896175748422e-14
1.797690360287595990e-12
2.027864130142807003e-14
1.629674856434143448e-13
5.383567262774377471e-14
1.167651604339113927e-14
9.014006717694006410e-14
1.987130078540122469e-13
9.050183833684416479e-14
1.067562921744369397e-13
5.085621593986511257e-13
1.677071872487837650e-14
1.965358350239712615e-13
2.746785817461100399e-13
