3.947134633031090800e-11
1.247733145103013808e-12
1.743747785054594601e-10
2.824112905336351176e-12
3.493774020091322541e-11
3.559477990133785852e-10
3.917540181141987432e-10
1.840189001178771377e-09
1.105413538482480362e-08
3.058036313063894340e-08
1.594040654681605496e-12
1.177706283189694503e-11
1.159176157838892607e-10
1.752400030641254602e-10
2.901034447388983750e-11
5.714797125105919307e-12
1.635831747837102057e-11
2.435750906526479298e-11
5.696180332970257609e-11
1.598312801553980478e-11
3.257350292273919479e-11
5.801739644262227102e-11
1.193490185152912275e-11
9.773366116405668436e-08
3.602879106168188628e-10
6.135232296158865672e-13
4.649617062896238551e-12
1.764085297110973283e-12
2.521580221102187602e-13
7.438918925295467943e-11
1.854502012024750179e-12
1.312655821712749304e-12
4.270978102433042878e-12
2.878929516655914789e-12
1.226260846337590138e-12
3.080903154123459942e-12
1.529218938978171849e-11
1.121648130278374289e-12
1.179746946834703270e-12
2.201925308753516219e-10
1.902649262100486460e-12
7.730025820829045102e-12
1.741534916277487355e-09
1.668969296098055111e-09
2.082514369283750000e-11
6.681122235313585733e-12
5.264577402491754654e-12
1.223724160198669253e-11
1.813812572359907449e-10
2.666962137243267250e-11
1.821563733184206058e-11
4.087768665228530551e-11
2.124208101084157363e-11
1.263340126955725395e-11
5.374589662210382812e-12
2.999002305173470440e-12
2.065432243639198084e-12
2.682664203626505817e-12
1.332293129985284708e-11
3.869960775448877399e-12
1.678308013397522558e-11
5.791377793995522438e-12
5.377340586698586833e-11
4.666671493680496496e-10
1.367414428216084943e-11
4.621870594578858515e-12
6.260395847557109761e-12
8.658572123176888624e-12
1.123616564374652071e-11
1.819007618142354232e-12
9.673932661879991457e-13
7.427586323771606658e-12
1.546716097214351215e-12
3.398009955010716787e-12
6.741280168635899184e-13
3.909600941598423418e-12
8.327809275510134057e-11
3.057289013966291158e-12
1.153270257070460048e-10
1.190510190429705517e-10
4.375446402762883658e-13
7.651821342345710431e-13
6.165460364471186949e-10
1.049465375713154458e-11
9.153721183818852580e-12
5.236302502709122564e-10
5.675949044103845154e-09
1.677160077484529666e-10
1.265006988049321990e-10
4.763551011977007477e-11
2.271556553967712944e-11
8.218907325552304854e-12
5.517853535197403403e-11
6.922434292455648119e-10
7.274593687850439139e-12
1.211690144921340195e-12
5.233813035743217768e-11
7.040756866416586490e-11
1.940022309465661010e-10
7.521347988870275003e-09
1.545856498363917808e-10
8.083776703582401524e-11
1.789934978013718592e-09
2.190598119566899982e-10
1.279057073588774074e-06
3.639551238165950053e-08
1.119351367151466548e-07
1.482698512578206618e-11
1.045278724687292993e-10
2.644956129116415866e-11
1.036500529502659695e-12
8.962725310188157657e-13
1.740282223883227175e-10
3.243506158101538972e-11
2.195233334304977357e-13
4.888579233260081924e-13
1.573148902811460914e-11
3.700180353088944329e-12
3.674145623161484409e-12
2.497863894890262060e-11
7.977761680433292923e-12
2.844905951440712677e-12
4.006797931638272914e-12
2.308233682316029878e-12
2.546532429370529371e-11
1.658701301310294696e-11
7.438698637098062338e-13
2.103469620706732712e-10
7.624528092220472786e-11
1.669787641489506314e-09
1.767778701200484193e-10
1.431049636430037353e-11
1.531025480006054096e-11
5.393040072680654884e-13
2.371595364536460693e-09
7.923084410776937148e-11
1.920242020947426909e-10
1.096717994197859980e-10
3.323974151481223771e-10
6.656898881955697345e-13
1.361620343386105159e-12
3.743940053813066271e-12
7.679586675780891714e-13
8.301337048322032786e-12
7.080461217334743651e-10
1.399488191999864739e-09
5.298289029731506616e-10
1.657135258008313183e-12
6.296497611496532087e-13
1.579909675308854844e-10
1.693880452569018757e-10
2.165626289407640570e-10
1.726372864108149940e-11
3.030284911886838017e-10
6.087938486665223081e-10
1.853877294732964032e-11
1.965448463703278748e-11
3.044682006514420891e-10
1.494792310763326526e-11
2.874852482806500298e-12
1.485703088333067967e-10
1.291743708525805445e-11
1.885760124442636965e-11
9.889023627751569734e-12
8.439288330663874405e-12
3.002734129051165546e-12
3.435770331433607438e-12
8.851807307974635108e-12
1.145856586698412727e-11
6.279138320408605978e-11
3.400094650274354535e-10
1.769722007827212451e-10
5.940681106764156283e-12
1.720315834230490282e-10
6.934102181332946202e-10
5.125157243046629674e-11
1.078497968015623698e-11
4.554813193280438099e-10
7.671341895054695215e-10
8.146851943058308620e-11
4.675420606226055042e-10
1.244569114433602408e-09
2.420814243508928598e-11
1.233776015380216862e-11
3.013498825477078924e-11
9.651937582511038727e-11
3.569826378946316936e-10
2.086490355490688842e-11
5.482374276777335353e-11
8.679688044688216308e-12
5.054714632968249077e-11
1.258513258883819930e-11
1.317171649528603439e-10
1.127451257354472602e-10
1.667920662695721035e-11
1.696000284656662416e-11
3.456430974768665010e-11
2.541946687861784682e-11
7.135282642511953100e-11
2.435769641540019848e-11
6.862798523910029758e-11
1.477625313772712445e-11
2.165187300284809879e-11
2.040199814645760057e-10
1.331619883804258109e-11
3.182701324710990320e-11
1.908327315613966846e-11
1.057327836395671739e-10
1.899253809778400637e-10
9.797072875183943097e-11
2.982546154495224755e-11
7.648968958218205216e-11
6.261163115750534303e-11
2.820292610561381252e-11
1.244142983081175657e-11
1.890594070186324416e-10
1.058540546883257605e-10
3.119927927119903188e-11
8.198240697421255163e-12
7.873596913343661186e-11
4.558948010768837378e-11
4.769019845696220727e-09
5.157196336647018597e-10
8.554540409377864307e-10
1.379804881462831645e-10
4.615855961342951730e-11
5.125098609393141658e-11
1.588612907887920755e-09
1.894960810489010328e-08
1.161629725743296149e-08
5.932399016472800213e-10
5.095198152282875981e-10
9.804396877699517177e-12
1.053364409586698969e-10
9.079478141549301995e-11
1.398182819523086096e-10
3.727468680936318890e-11
1.603766598690103962e-11
5.966403759938287976e-11
4.479501838905441957e-11
2.539368541831787951e-11
1.905450276729059311e-11
2.025024592455793027e-11
4.796031627396502017e-12
3.066970011289527065e-10
4.668636310878326867e-11
2.445447490340146857e-11
6.891455288371428622e-12
9.462892691658453259e-10
6.063394231148322433e-10
1.128021898111342125e-09
5.389494839996844533e-12
2.752119192261925917e-11
7.951606734168947810e-11
1.173945229221429187e-11
2.986810104799175747e-11
1.377396252610907368e-10
2.167867441116300142e-09
1.321783482666205600e-08
5.381914647273333685e-08
7.685097891396708292e-09
1.268831084644261864e-08
2.110050502379667847e-11
3.466988501843459858e-11
1.169696284275545395e-11
5.086413068511319580e-09
7.758753639564019977e-09
2.120207085454239859e-07
8.790703581729175653e-11
9.673376544228062812e-10
4.759823202249435781e-09
1.717103126352981235e-10
3.799915382352025972e-10
3.774596746275449277e-10
2.636330043159773595e-10
5.058640312194384592e-11
1.194113030678067844e-09
9.273741774507016089e-10
4.035597189755435465e-09
4.956851284987351391e-08
1.977035424260975560e-08
2.378995611618250905e-11
3.664454850671461372e-11
2.755735861725838731e-09
3.455307151511988195e-09
3.178068364029229542e-10
2.282046329682430041e-09
1.182332676208375233e-09
2.233738714829680561e-11
5.966790256328735609e-11
1.968880353891977464e-12
1.548666750395000236e-09
4.847089309784058386e-12
3.987863927967794098e-10
2.525908371353580151e-09
1.101502555833633323e-09
6.826055720665635818e-09
5.817949855213555566e-08
8.082952831500733737e-07
5.632704969116275606e-08
5.869249856092773054e-13
9.857481150787883450e-12
3.002699651422080507e-12
1.038130844309426148e-12
8.021594456383840388e-13
4.862694621965424346e-11
1.692532919372879974e-11
1.217967241819162272e-12
1.049378682907442517e-12
2.320487985790764540e-12
1.378409972968563935e-11
1.508873429846568914e-12
2.026375811939318261e-12
2.375123882292218269e-11
9.005139516016225087e-12
1.336599125649484687e-12
9.467156876150073508e-13
3.924554705194739646e-14
4.013035089238566056e-14
1.416395971863548819e-12
9.444120561540730874e-14
2.910048233200485113e-13
5.399753994633771370e-12
2.565763356984773758e-13
5.268753098738865326e-13
1.206646327994720380e-12
4.887942874347468714e-14
7.871523571845173706e-11
4.798375932701937074e-11
1.482769289296026471e-11
2.073096139199037680e-09
1.739649202470161526e-09
1.657394754772667511e-08
6.562250298713934171e-09
1.350350089523999486e-07
3.597787312514810765e-08
3.065148490577485063e-08
6.087604198512508447e-09
5.869049246598478931e-09
4.434089380389583113e-12
1.255928260696093091e-11
2.383836594788135699e-08
2.257350217860221164e-08
1.241536762286443718e-09
1.052214937402595751e-08
7.611308805444139125e-10
3.199417841770468840e-09
9.336029865858463950e-11
1.894682455372276308e-08
4.575353429459028121e-10
9.330107797467235287e-10
6.494676324519943478e-12
5.170618100347468271e-11
7.175283978089197490e-11
2.825678580009594043e-10
1.196219456822689153e-09
1.786944459070127778e-08
9.841921055908642302e-09
3.970343698256328935e-08
9.326501348994042928e-09
5.370396571890978521e-09
1.087196332960616019e-09
1.759354439911930967e-08
1.925017700799003251e-09
1.088607315402612130e-09
3.345953132338763680e-07
9.459405418965616263e-07
4.738518555313930847e-07
1.600108930688293185e-06
1.586634255090757506e-07
1.659580739215016365e-04
2.825325937010347843e-04
9.888154268264770508e-01
1.051437761634588242e-02
7.281707075890153646e-05
3.638154737473087152e-07
1.983570712127402658e-07
1.974778115254594013e-06
1.693198464636225253e-05
4.650342475542856846e-07
9.219990170095115900e-05
1.812273330870084465e-05
1.141496250056661665e-05
1.468196675347144264e-08
1.646851011116723384e-08
5.691503379701146059e-10
1.970741451973179181e-11
1.788821452075595175e-10
8.450346533628305679e-10
8.073247799444960293e-12
3.145285421002341764e-11
3.220641808798774264e-11
2.565822174952631096e-13
1.634003587817900449e-12
1.065876120004416450e-11
7.908992037675144360e-12
2.156773674585887868e-12
8.705951758114505168e-12
1.028356479831904480e-11
1.053068656581279683e-11
3.040448101621073818e-12
1.016389819530338912e-10
6.935692254891878683e-13
4.013221233199054661e-13
1.565087713291737903e-13
7.407917053219026382e-13
3.761096468990476893e-12
3.225176853013933531e-12
1.668019368461504115e-11
6.112948688907771100e-12
2.310145564426990816e-12
1.633230876929570030e-12
2.118706182718810282e-10
6.112869238572571362e-11
2.162908914471461941e-11
1.783162333068855077e-11
6.837486739991183171e-12
5.646701856099056727e-11
1.826735784122776596e-13
2.159900452936014403e-10
3.996245348525384600e-11
3.113121566089560588e-11
3.430014952621185387e-12
4.618841767389803010e-11
1.477203637190172003e-10
1.614909247993345787e-11
1.645252727458523800e-12
2.723892639222569301e-11
7.805580071185147517e-10
8.121861516663386737e-10
1.095874693074483375e-11
2.621945195679931118e-12
3.609632037715471142e-11
4.472181736048241874e-09
2.036024682183779078e-10
2.242871860458350852e-10
1.762205507384317915e-12
9.844515827528432794e-12
4.401001698489670488e-12
2.380655006462006895e-09
3.580767626853997854e-12
3.777660909781710430e-12
1.342898708900364113e-11
3.036832937897138152e-11
4.734075111090252364e-12
6.059393542479085681e-10
2.473564755800516934e-12
2.054320713540391807e-09
1.863459733741912316e-11
1.482859191340168969e-12
1.511847071145044907e-11
8.637112726417317532e-12
1.459440235329623192e-09
2.022012982397236591e-12
1.619026440691229141e-11
2.069724079623025403e-11
6.991340284479008460e-10
1.065549454226655257e-10
4.885200924342747442e-11
7.820160317917324022e-12
1.055425816187671728e-10
3.681283611278729495e-10
1.386331188735212550e-10
1.136006289037538863e-09
5.610808692657620611e-12
2.762521982002663634e-11
3.837895441987509981e-13
3.173802193279229300e-11
1.202545116436859463e-12
2.085826789066658193e-10
8.847638767461862841e-12
7.359295811637522888e-11
7.627364018158999670e-11
2.399108038966812906e-12
7.590533757095840883e-10
1.506345720901636209e-12
2.040158623636822988e-12
8.470101247985695192e-13
1.631254853418084849e-11
1.638891496472116849e-12
1.418371642358806639e-09
1.720491978052240967e-11
7.985095874449288367e-13
3.225453541408351832e-12
1.525442857967795884e-12
8.770564569743344308e-13
5.267751512771923217e-12
5.243485159955874053e-11
1.728835130609951420e-10
5.344500397796991820e-10
2.474342508662630280e-09
3.266565143378308278e-11
1.593834612900746350e-11
1.049846719432777353e-13
1.404202600550907842e-12
6.998947862241200468e-13
2.945707566759381280e-11
1.174196070236055434e-11
5.980052564247273494e-11
5.762049865021268147e-11
1.098380136843601917e-10
9.840883663514432556e-10
1.610065032686680553e-11
7.228105375518822928e-13
7.361706730324435455e-12
2.533557131451091848e-12
1.398593602042197404e-10
8.312855612202518785e-12
5.406339004948579330e-12
4.874891722933538674e-13
7.389740403797306900e-13
3.592164109569861985e-12
5.303723172450647283e-12
1.428006757980826436e-11
6.651047984931879320e-13
2.670761112266717419e-10
1.477757673173929476e-11
1.836861608997542028e-12
1.310343361593524492e-10
3.444742407987533284e-11
1.625427440213322861e-12
6.276201780508472439e-12
7.766919052354381847e-11
4.858785040973145897e-10
5.881807541019412611e-11
2.481982848412389586e-11
1.476818884196817727e-12
7.929440524329089968e-13
2.038825532013621711e-11
1.553384504360266760e-10
2.742831786348154388e-12
7.597590633880157984e-13
1.619992551563087524e-12
2.584221898971339471e-12
8.032143201421038103e-13
3.303297522669335073e-12
3.589123356156909139e-12
3.348905874833718599e-11
2.886705631477415324e-11
5.680386716555574367e-10
9.950477074249786114e-12
1.774693239586788707e-11
5.231544798062204293e-12
1.852095907195483449e-11
1.998457128948860628e-11
3.177902732631743277e-11
3.896801772321906165e-13
1.286196084533675066e-13
1.219606121823091360e-12
3.122510063013894666e-12
4.502206767120764397e-12
3.562458314454453046e-11
4.383302748545148120e-11
1.045024418562523483e-12
3.712134332561900507e-12
7.322793066366628523e-11
8.550648904204205536e-12
4.823691359540083212e-12
7.364407000887140953e-11
5.791885634293114649e-12
1.811039165855454769e-11
1.872677360403862679e-11
1.263879972901449378e-11
6.516359310872535393e-14
6.542914539157951292e-13
2.635611997744979895e-13
4.713415855533975574e-12
2.004070737485208475e-12
5.904724531546889921e-08
2.403322679755959257e-11
4.034476919212437451e-11
5.342663117469115264e-11
1.344092155283749257e-12
1.516327063910694051e-10
1.585829211003808581e-11
3.679531505873523400e-12
3.187533787266105811e-13
3.696641603934125442e-11
1.461542692426931467e-10
5.588134989464865754e-12
3.098040574078808618e-11
2.206782391371564511e-13
2.347251212841960921e-11
1.070701721728184452e-10
3.201659423690550454e-12
4.062336925181320169e-11
1.431609258223387471e-11
4.723036198250873952e-12
7.755930446495806763e-12
7.117245681698136650e-11
3.718937484353812550e-12
4.950218186750010574e-12
1.280944615785969964e-13
2.483323095769929267e-11
1.347165087817181472e-11
3.567973000384583315e-11
5.978342126899960363e-11
6.056233205903316374e-12
6.192348283445836543e-12
2.814487358449024867e-12
3.571050399830966171e-11
1.444424913010777800e-09
5.178916323567150926e-12
8.988979699475763141e-11
1.387018191273403644e-11
5.403338800696877442e-12
3.383832927403296331e-12
7.409347441145186508e-12
1.344570565997571521e-10
8.834843967520100705e-11
5.907779127012346976e-11
3.438237194952620257e-11
2.017118243269333533e-11
1.536153149128693940e-11
3.611596299801789201e-10
2.151578359921302308e-10
5.489489418586401825e-11
2.221850758932220060e-10
2.059861396036533066e-12
2.473952813442092946e-11
8.006465282428543162e-12
8.742280510620759060e-11
3.397381551431544189e-12
2.533202868391232210e-13
6.110209126858334727e-12
9.965456194624411346e-13
4.398324586485369281e-12
3.121781804414636152e-13
2.188382504722530264e-12
2.721166521280071748e-11
2.327309569019608837e-12
7.517768352283127342e-11
4.225126325196892907e-12
5.227096533388930766e-12
1.776363917072032450e-10
1.423853005985686870e-12
3.053409261544182129e-11
3.557263858477988094e-11
2.470629811845981294e-10
1.257549342437158657e-10
6.657410733801327751e-12
8.418564456658117479e-12
2.032035477383953292e-11
3.589209207621735231e-10
1.424997446430875669e-11
1.222068106432327994e-11
4.521003016400015895e-11
3.431395575667628428e-12
1.581234492301075711e-12
3.538055404206374988e-10
5.693150118002421323e-11
1.832004464579969905e-13
2.515830432869847755e-09
1.366255664159155003e-09
9.108839550686642639e-12
8.683451180324652796e-11
3.429236495461340795e-12
1.794558251999589515e-11
2.600971694965981129e-11
8.316483352671655283e-13
2.353943862748453242e-12
1.691031646308682745e-12
8.112049443634306023e-13
5.364348288489084737e-12
6.595517968582820245e-12
3.770889156484713567e-11
1.881837324857471572e-10
2.520702917230277507e-11
4.497906821304686886e-12
4.658622931863476424e-10
3.972072323832342988e-11
1.267170673946438342e-10
1.122026842097223476e-12
4.020202573618014696e-12
5.130903701910938253e-09
5.981327846210637844e-12
1.143558095439978217e-10
4.077263873747405398e-11
1.663743448565568883e-10
2.044967320480317596e-11
8.178207416831284604e-11
1.825668088928367183e-11
1.151996141708633292e-12
3.247022095642648765e-11
1.029245438877168795e-11
4.335515019909808032e-12
1.244818809663372772e-12
3.498284290286840514e-13
2.238416266578391323e-12
1.313300718175369752e-10
1.157499235349135347e-10
4.623819122723249464e-12
1.168476600199586102e-11
1.375846398615765409e-11
5.533924013478852544e-12
2.879375383957327728e-11
1.555515265205809072e-11
1.837717825137197281e-11
1.996337773910172864e-12
2.593394110572688760e-10
1.982375374964817638e-11
2.171141088094796778e-12
1.110058052422591146e-11
1.356274537123169921e-10
4.774275072505496098e-11
2.685279949787844345e-12
5.546477339912758708e-12
2.401880361269093100e-10
3.849592866700390914e-11
2.169692377151921647e-12
1.370717775395213778e-11
1.943995832365263965e-11
3.244185519182818389e-12
2.929184022074093896e-12
3.950626718124405912e-12
3.152929028971129810e-09
1.847347101679996939e-11
1.199357193421013434e-11
1.685622474933978765e-11
8.683114990915008491e-12
2.324409414944383911e-11
6.834070635786115844e-12
3.026201511602266692e-10
1.145200362491494150e-12
1.042041539861537913e-11
2.151835827579606786e-11
9.719949454686793722e-13
1.389883607511022134e-11
7.012826430674579115e-11
1.207262642719669765e-13
1.133686894361218833e-11
9.245407911473435547e-11
2.121016686937315932e-12
5.006614220426364170e-11
2.013503730066701358e-12
6.994438361829224959e-09
5.552139911019216001e-12
1.855444443921161479e-11
1.146512398908505759e-11
4.412392673458498393e-11
6.480745107229068935e-11
3.819154020812121075e-11
8.478510428455710013e-12
4.568569134111299945e-10
2.113296863892610844e-11
7.823245089938479779e-13
5.723717398480043794e-13
1.435483763106981669e-11
2.929580623228789094e-12
9.204862566614124830e-12
3.171458755335532231e-12
2.205442252434242079e-11
4.047978965915355332e-12
3.103255282951855598e-12
2.761171933457484684e-12
4.276194849606174131e-12
2.930010834650831342e-12
9.482631693757959113e-12
1.121635943845955552e-11
4.754807225032520179e-12
1.643405463797042998e-12
1.187670014418662490e-11
1.592609898126706724e-11
4.675299643958075180e-12
1.083014997127484946e-10
8.587312805286018147e-11
1.850037657791236967e-11
8.778651416907479188e-12
2.277398755690107635e-12
4.033297567457294619e-12
1.020384297889531666e-12
2.225280723577860442e-11
2.205530723331516896e-11
5.378448381110345622e-11
1.136644597887759289e-11
9.290786195936817649e-11
6.180338879557822906e-11
5.963955024279599115e-12
6.092906734700420657e-11
1.970593610164939058e-12
5.786364876830818460e-12
9.393343741725956875e-12
1.369881378471271560e-11
2.504117919965853645e-11
1.822522861794073634e-11
6.968634436860243753e-12
1.754044132162846381e-11
4.614949394854406250e-11
2.262812853759399445e-11
5.010089131757267111e-12
1.014279805977569282e-12
6.368353327318443391e-12
2.069914517566218137e-10
1.789303594179614265e-09
3.027538983402244810e-11
6.394278335986047779e-12
6.019257314804349335e-11
7.280358954586674258e-11
1.197434187395762795e-12
1.258016520816473971e-11
3.492213029171464811e-12
5.845233585349829397e-12
2.385355584930137773e-12
3.398079343949755859e-13
1.459867469966180664e-11
1.287991935328136606e-11
4.473898248397167876e-12
4.422267066428453575e-11
8.166559442579490735e-12
4.548199924320206478e-13
7.706692922715419058e-12
7.298656123921887229e-11
3.414098092235050286e-14
3.147420692128921615e-12
2.399222313875792878e-12
4.481899064118916032e-13
1.086062073607507728e-10
2.426693611681796092e-12
8.363015141510388162e-12
5.276862280467753408e-12
6.002539177513144253e-12
1.076321106893707302e-12
2.417749377439659675e-12
5.664255731119283155e-10
1.030687896141913029e-10
2.895219480825161895e-11
1.665981068377231367e-11
1.493150915410357271e-11
4.539084819815686345e-12
1.573079231979856996e-12
5.350892645639149237e-11
2.666436732870480775e-12
3.668363876552227509e-11
1.640558565732530560e-12
8.990179434231748701e-11
2.518665311035395149e-11
3.459154837570643792e-11
1.656631221091942052e-10
9.604196327117620058e-10
6.304336393203602285e-12
1.979825747788765966e-10
5.036749906039972302e-10
3.757306965557205558e-10
1.398303361987984772e-09
1.275118344246095603e-10
2.411003861835236961e-11
3.641990181657561720e-11
5.981900391693883989e-11
5.175183632327717831e-12
5.237894753346017396e-12
5.827442528527626564e-09
4.161378186484654407e-11
2.099296257662697229e-11
1.922298986656301167e-09
5.897216742711819393e-12
7.301760585054495323e-11
4.687158994265416823e-11
1.378459933004672067e-11
1.567668495017215946e-10
3.496785543413705177e-12
9.139015065551259198e-12
9.499901733323046216e-12
2.935533413572777306e-11
9.887740799741084885e-12
1.412218172264223526e-11
1.062353260916637510e-10
3.564123648991390780e-11
1.222888804108812622e-11
6.123918646488979434e-12
3.396929612597965331e-11
1.437915675417400507e-09
4.649436760074954211e-13
2.636313389814404218e-11
2.517703710444574305e-12
3.832270059015568942e-13
1.868695476137105516e-11
7.114371869398894432e-10
4.853150867289990344e-11
3.631818587188084813e-12
8.146121971419617580e-11
2.231070189706585438e-10
7.045424356769136587e-13
4.030216091410743218e-11
3.466318811845559011e-12
1.267862204112901736e-10
4.864399247989092956e-12
2.843594457124787311e-11
3.753976296483330088e-10
3.849994108240384350e-12
9.671595989357850698e-12
7.549653957550361838e-11
1.085071268946968814e-12
5.324176429594151827e-12
4.488882356101786542e-12
1.737109127332089886e-13
5.412381697336710040e-13
9.030423978040325039e-12
1.663608487079137888e-12
1.579272997098701836e-11
1.143965963623649884e-10
5.618101470150627108e-12
1.310133529441870337e-10
3.148892951942983132e-11
6.827292953204278092e-09
9.735620642992159901e-11
2.924940888451854626e-12
3.091445719208274490e-12
7.229045920903454103e-12
1.256974776001062999e-12
2.402579003801808000e-12
1.824647204162754832e-12
7.148407643597920469e-09
1.402581176201955770e-11
9.745815265915780401e-12
1.256591185272437627e-12
1.456475218208908018e-10
5.250450768601311324e-11
7.421203929158792789e-11
2.637001077568368324e-12
2.386075712013102645e-11
2.617363140458572879e-12
2.373291008161970694e-10
1.238637230976946668e-12
2.098113078673885523e-13
7.714714419593607375e-14
2.238570006446449767e-12
2.853889650641927567e-12
7.362349120111633116e-13
1.231403108821471637e-12
7.802126722467050968e-10
7.359232038865737291e-13
1.951727321425344996e-11
9.393182412442691032e-12
4.799203569272325609e-13
2.328846100338455294e-12
1.415317651487849049e-13
2.291188506281516268e-12
5.294167326752585723e-10
2.198695652627646879e-12
1.120897428694145326e-12
1.062400818360731414e-12
6.618348447409716506e-13
1.142426084288494792e-11
1.164580042643803548e-12
3.509674538840212854e-12
1.571810607017831707e-12
7.496243209503816729e-12
3.883576446539471760e-11
3.126033459865951158e-11
6.462125214275193930e-13
7.876442011632567297e-13
3.474504755088259067e-13
2.516662919727075121e-11
2.776901625312078181e-11
1.026657404923358996e-11
1.275208133533212163e-10
5.774149387793858779e-12
2.343685662209438192e-11
2.455554093394596293e-10
9.515455914529957759e-13
2.124842050357442225e-13
1.510855329733828967e-11
7.517903942606818379e-13
2.959752234965584705e-12
1.910456818784989075e-12
7.394915300766580213e-13
3.851456046449763804e-12
5.834103274267310457e-13
1.790274525848012388e-11
3.813387106088583778e-12
1.172725458409296095e-11
3.316190030910881603e-11
7.847377747616235411e-10
1.565213995739778152e-12
2.161892442842372475e-09
3.126635755856810306e-11
6.153987042178954425e-12
4.211075654847462602e-10
9.939058256969168781e-12
5.817463524793176077e-11
1.503652646839270801e-09
3.980082652343952532e-10
6.441609468055276011e-10
6.633189223587132588e-12
6.119271322296837567e-12
2.998046906219076213e-12
8.176717766414376420e-13
1.452677644842026439e-09
2.116573444288505357e-10
3.627286318530487108e-11
1.284877477851498195e-12
1.722438272740156595e-12
3.506529702018701400e-12
9.953071353208109429e-13
1.324150207884788877e-12
1.839769482592235050e-11
1.949368444442711734e-11
9.114695977141540340e-12
7.316371120058562383e-11
1.248007513304782989e-11
