1.393110000000000000e+05
4.200000000000000000e+01
9.300000000000000000e+01
1.410000000000000000e+02
1.120000000000000000e+02
3.430000000000000000e+02
1.942000000000000000e+03
1.510000000000000000e+02
4.480000000000000000e+02
2.910000000000000000e+02
3.830000000000000000e+02
1.108000000000000000e+03
6.380000000000000000e+02
2.043000000000000000e+03
7.760000000000000000e+02
1.090000000000000000e+03
7.100000000000000000e+02
4.150000000000000000e+02
2.300000000000000000e+02
3.650000000000000000e+02
4.323000000000000000e+03
1.670000000000000000e+02
6.100000000000000000e+01
8.700000000000000000e+01
8.820000000000000000e+02
1.310000000000000000e+02
2.100000000000000000e+01
1.300000000000000000e+01
5.000000000000000000e+00
4.000000000000000000e+00
7.598000000000000000e+03
2.000000000000000000e+00
1.000000000000000000e+00
0.000000000000000000e+00
2.000000000000000000e+01
1.330000000000000000e+02
8.650000000000000000e+02
0.000000000000000000e+00
3.800000000000000000e+01
0.000000000000000000e+00
3.300000000000000000e+01
0.000000000000000000e+00
1.020000000000000000e+02
3.100000000000000000e+01
0.000000000000000000e+00
3.400000000000000000e+01
0.000000000000000000e+00
0.000000000000000000e+00
2.000000000000000000e+00
0.000000000000000000e+00
6.340000000000000000e+02
6.000000000000000000e+00
0.000000000000000000e+00
2.000000000000000000e+00
0.000000000000000000e+00
2.600000000000000000e+01
2.000000000000000000e+00
0.000000000000000000e+00
0.000000000000000000e+00
0.000000000000000000e+00
3.000000000000000000e+02
0.000000000000000000e+00
0.000000000000000000e+00
0.000000000000000000e+00
0.000000000000000000e+00
1.000000000000000000e+00
6.500000000000000000e+01
0.000000000000000000e+00
0.000000000000000000e+00
0.000000000000000000e+00
0.000000000000000000e+00
0.000000000000000000e+00
1.000000000000000000e+00
0.000000000000000000e+00
0.000000000000000000e+00
2.728000000000000000e+03
0.000000000000000000e+00
0.000000000000000000e+00
1.000000000000000000e+00
0.000000000000000000e+00
2.400000000000000000e+01
0.000000000000000000e+00
0.000000000000000000e+00
1.410000000000000000e+02
1.000000000000000000e+00
0.000000000000000000e+00
0.000000000000000000e+00
0.000000000000000000e+00
0.000000000000000000e+00
0.000000000000000000e+00
1.100000000000000000e+01
0.000000000000000000e+00
0.000000000000000000e+00
0.000000000000000000e+00
0.000000000000000000e+00
0.000000000000000000e+00
9.300000000000000000e+01
0.000000000000000000e+00
1.100000000000000000e+01
0.000000000000000000e+00
2.000000000000000000e+00
9.000000000000000000e+00
0.000000000000000000e+00
5.800000000000000000e+01
2.000000000000000000e+00
6.000000000000000000e+00
2.000000000000000000e+00
0.000000000000000000e+00
6.000000000000000000e+00
1.100000000000000000e+01
7.350000000000000000e+02
1.000000000000000000e+00
0.000000000000000000e+00
4.000000000000000000e+00
1.980000000000000000e+02
3.200000000000000000e+01
0.000000000000000000e+00
0.000000000000000000e+00
0.000000000000000000e+00
0.000000000000000000e+00
3.947000000000000000e+03
0.000000000000000000e+00
1.000000000000000000e+00
0.000000000000000000e+00
5.000000000000000000e+00
2.200000000000000000e+01
2.530000000000000000e+02
0.000000000000000000e+00
1.100000000000000000e+01
1.000000000000000000e+00
4.000000000000000000e+00
0.000000000000000000e+00
1.450000000000000000e+02
2.100000000000000000e+01
0.000000000000000000e+00
9.100000000000000000e+01
0.000000000000000000e+00
0.000000000000000000e+00
2.000000000000000000e+00
0.000000000000000000e+00
9.940000000000000000e+02
3.000000000000000000e+00
0.000000000000000000e+00
5.000000000000000000e+00
2.000000000000000000e+00
3.900000000000000000e+01
3.000000000000000000e+00
1.000000000000000000e+00
0.000000000000000000e+00
0.000000000000000000e+00
3.100000000000000000e+01
0.000000000000000000e+00
0.000000000000000000e+00
2.000000000000000000e+00
0.000000000000000000e+00
0.000000000000000000e+00
2.050000000000000000e+02
0.000000000000000000e+00
1.100000000000000000e+01
1.000000000000000000e+00
7.400000000000000000e+01
0.000000000000000000e+00
2.000000000000000000e+00
1.000000000000000000e+01
4.000000000000000000e+00
8.585000000000000000e+03
3.000000000000000000e+00
5.000000000000000000e+00
0.000000000000000000e+00
2.100000000000000000e+01
3.420000000000000000e+02
1.000000000000000000e+00
0.000000000000000000e+00
1.183000000000000000e+03
3.000000000000000000e+01
2.500000000000000000e+01
7.000000000000000000e+00
2.040000000000000000e+02
1.700000000000000000e+01
1.500000000000000000e+01
0.000000000000000000e+00
0.000000000000000000e+00
0.000000000000000000e+00
0.000000000000000000e+00
0.000000000000000000e+00
0.000000000000000000e+00
0.000000000000000000e+00
0.000000000000000000e+00
0.000000000000000000e+00
0.000000000000000000e+00
0.000000000000000000e+00
0.000000000000000000e+00
0.000000000000000000e+00
0.000000000000000000e+00
0.000000000000000000e+00
0.000000000000000000e+00
0.000000000000000000e+00
0.000000000000000000e+00
0.000000000000000000e+00
0.000000000000000000e+00
0.000000000000000000e+00
0.000000000000000000e+00
0.000000000000000000e+00
0.000000000000000000e+00
0.000000000000000000e+00
0.000000000000000000e+00
0.000000000000000000e+00
0.000000000000000000e+00
0.000000000000000000e+00
0.000000000000000000e+00
0.000000000000000000e+00
0.000000000000000000e+00
0.000000000000000000e+00
0.000000000000000000e+00
0.000000000000000000e+00
0.000000000000000000e+00
0.000000000000000000e+00
0.000000000000000000e+00
0.000000000000000000e+00
0.000000000000000000e+00
0.000000000000000000e+00
0.000000000000000000e+00
0.000000000000000000e+00
0.000000000000000000e+00
0.000000000000000000e+00
0.000000000000000000e+00
0.000000000000000000e+00
0.000000000000000000e+00
0.000000000000000000e+00
0.000000000000000000e+00
0.000000000000000000e+00
0.000000000000000000e+00
0.000000000000000000e+00
0.000000000000000000e+00
0.000000000000000000e+00
0.000000000000000000e+00
0.000000000000000000e+00
0.000000000000000000e+00
0.000000000000000000e+00
0.000000000000000000e+00
0.000000000000000000e+00
0.000000000000000000e+00
0.000000000000000000e+00
0.000000000000000000e+00
0.000000000000000000e+00
0.000000000000000000e+00
0.000000000000000000e+00
0.000000000000000000e+00
0.000000000000000000e+00
0.000000000000000000e+00
0.000000000000000000e+00
0.000000000000000000e+00
0.000000000000000000e+00
0.000000000000000000e+00
0.000000000000000000e+00
0.000000000000000000e+00
1.373350000000000000e+05
1.000000000000000000e+00
2.000000000000000000e+00
6.000000000000000000e+00
2.700000000000000000e+01
4.000000000000000000e+01
6.200000000000000000e+01
8.200000000000000000e+01
9.400000000000000000e+01
1.180000000000000000e+02
1.240000000000000000e+02
1.650000000000000000e+02
2.260000000000000000e+02
2.340000000000000000e+02
2.100000000000000000e+02
2.870000000000000000e+02
2.530000000000000000e+02
2.370000000000000000e+02
3.320000000000000000e+02
2.430000000000000000e+02
4.280000000000000000e+02
2.930000000000000000e+02
3.090000000000000000e+02
3.560000000000000000e+02
3.300000000000000000e+02
1.110000000000000000e+02
4.170000000000000000e+02
3.600000000000000000e+02
4.190000000000000000e+02
1.220000000000000000e+02
4.100000000000000000e+02
1.560000000000000000e+02
5.110000000000000000e+02
1.580000000000000000e+02
4.700000000000000000e+02
1.630000000000000000e+02
5.320000000000000000e+02
4.100000000000000000e+01
1.680000000000000000e+02
5.720000000000000000e+02
1.880000000000000000e+02
1.120000000000000000e+02
6.100000000000000000e+01
7.060000000000000000e+02
1.140000000000000000e+02
1.530000000000000000e+02
7.750000000000000000e+02
9.000000000000000000e+01
2.010000000000000000e+02
1.240000000000000000e+02
6.700000000000000000e+01
1.066000000000000000e+03
5.600000000000000000e+01
1.280000000000000000e+02
7.100000000000000000e+01
2.760000000000000000e+02
7.400000000000000000e+01
1.120000000000000000e+03
1.700000000000000000e+02
2.200000000000000000e+02
8.900000000000000000e+01
1.510000000000000000e+02
6.900000000000000000e+01
5.600000000000000000e+01
1.788000000000000000e+03
6.800000000000000000e+01
8.200000000000000000e+01
1.280000000000000000e+02
1.180000000000000000e+02
7.700000000000000000e+01
3.450000000000000000e+02
1.340000000000000000e+02
6.300000000000000000e+01
1.829000000000000000e+03
5.800000000000000000e+01
1.740000000000000000e+02
9.000000000000000000e+01
4.070000000000000000e+02
1.390000000000000000e+02
5.900000000000000000e+01
1.550000000000000000e+02
1.270000000000000000e+02
7.000000000000000000e+01
6.500000000000000000e+01
5.300000000000000000e+01
2.759000000000000000e+03
4.000000000000000000e+01
6.600000000000000000e+01
7.000000000000000000e+01
9.000000000000000000e+01
8.000000000000000000e+01
1.920000000000000000e+02
7.100000000000000000e+01
1.460000000000000000e+02
8.600000000000000000e+01
6.200000000000000000e+01
5.590000000000000000e+02
7.500000000000000000e+01
2.340000000000000000e+02
7.200000000000000000e+01
7.900000000000000000e+01
6.600000000000000000e+01
2.668000000000000000e+03
6.200000000000000000e+01
8.200000000000000000e+01
7.800000000000000000e+01
2.250000000000000000e+02
6.900000000000000000e+01
6.500000000000000000e+01
6.710000000000000000e+02
5.600000000000000000e+01
6.300000000000000000e+01
9.800000000000000000e+01
1.590000000000000000e+02
6.000000000000000000e+01
7.000000000000000000e+01
2.660000000000000000e+02
6.300000000000000000e+01
1.020000000000000000e+02
7.800000000000000000e+01
5.900000000000000000e+01
6.200000000000000000e+01
6.300000000000000000e+01
4.800000000000000000e+01
4.500000000000000000e+01
4.300000000000000000e+01
2.700000000000000000e+01
6.300000000000000000e+01
3.591000000000000000e+03
3.700000000000000000e+01
5.000000000000000000e+01
4.100000000000000000e+01
4.100000000000000000e+01
3.500000000000000000e+01
5.500000000000000000e+01
8.000000000000000000e+01
5.200000000000000000e+01
8.100000000000000000e+01
4.600000000000000000e+01
1.040000000000000000e+02
4.300000000000000000e+01
3.200000000000000000e+01
3.170000000000000000e+02
5.400000000000000000e+01
3.000000000000000000e+01
3.200000000000000000e+01
1.660000000000000000e+02
4.900000000000000000e+01
4.400000000000000000e+01
7.600000000000000000e+01
6.200000000000000000e+01
4.300000000000000000e+01
3.800000000000000000e+01
7.310000000000000000e+02
2.700000000000000000e+01
3.000000000000000000e+01
3.800000000000000000e+01
5.400000000000000000e+01
3.400000000000000000e+01
3.610000000000000000e+02
2.600000000000000000e+01
4.700000000000000000e+01
6.800000000000000000e+01
3.400000000000000000e+01
5.000000000000000000e+01
2.900000000000000000e+01
3.400000000000000000e+01
2.600000000000000000e+01
3.600000000000000000e+01
1.200000000000000000e+01
2.474000000000000000e+03
2.700000000000000000e+01
2.100000000000000000e+01
2.900000000000000000e+01
3.500000000000000000e+01
3.600000000000000000e+01
1.500000000000000000e+01
5.200000000000000000e+01
1.200000000000000000e+01
7.200000000000000000e+01
2.900000000000000000e+01
2.800000000000000000e+01
3.440000000000000000e+02
1.900000000000000000e+01
2.100000000000000000e+01
5.800000000000000000e+01
1.000000000000000000e+01
3.000000000000000000e+01
2.300000000000000000e+01
1.800000000000000000e+01
8.000000000000000000e+00
6.470000000000000000e+02
9.000000000000000000e+00
2.400000000000000000e+01
1.900000000000000000e+01
2.600000000000000000e+01
3.100000000000000000e+01
1.800000000000000000e+01
6.200000000000000000e+01
2.000000000000000000e+01
2.500000000000000000e+01
2.000000000000000000e+01
1.500000000000000000e+01
1.300000000000000000e+01
1.520000000000000000e+02
1.400000000000000000e+01
2.000000000000000000e+01
1.100000000000000000e+01
1.100000000000000000e+01
3.500000000000000000e+01
1.400000000000000000e+01
1.700000000000000000e+01
6.000000000000000000e+00
3.340000000000000000e+02
8.000000000000000000e+00
1.200000000000000000e+01
2.200000000000000000e+01
1.300000000000000000e+01
5.000000000000000000e+00
7.600000000000000000e+01
1.300000000000000000e+01
1.900000000000000000e+01
5.000000000000000000e+00
5.900000000000000000e+01
9.000000000000000000e+00
1.000000000000000000e+01
8.000000000000000000e+00
4.000000000000000000e+01
6.000000000000000000e+00
7.000000000000000000e+00
2.400000000000000000e+01
8.000000000000000000e+00
1.300000000000000000e+01
8.000000000000000000e+00
1.700000000000000000e+01
8.000000000000000000e+00
5.000000000000000000e+00
1.100000000000000000e+01
1.600000000000000000e+01
1.100000000000000000e+01
6.000000000000000000e+00
5.000000000000000000e+00
1.700000000000000000e+01
1.200000000000000000e+01
1.100000000000000000e+01
1.200000000000000000e+01
9.000000000000000000e+00
1.100000000000000000e+01
4.000000000000000000e+00
7.000000000000000000e+00
6.000000000000000000e+00
5.000000000000000000e+00
0.000000000000000000e+00
0.000000000000000000e+00
0.000000000000000000e+00
5.686000000000000000e+03
6.981000000000000000e+03
1.426900000000000000e+04
2.578700000000000000e+04
2.904600000000000000e+04
2.332600000000000000e+04
1.626500000000000000e+04
1.107300000000000000e+04
7.965000000000000000e+03
6.076000000000000000e+03
4.587000000000000000e+03
3.688000000000000000e+03
3.089000000000000000e+03
2.610000000000000000e+03
2.263000000000000000e+03
1.909000000000000000e+03
1.702000000000000000e+03
1.597000000000000000e+03
1.360000000000000000e+03
1.242000000000000000e+03
1.067000000000000000e+03
1.042000000000000000e+03
8.980000000000000000e+02
8.570000000000000000e+02
7.500000000000000000e+02
6.970000000000000000e+02
6.510000000000000000e+02
5.900000000000000000e+02
5.130000000000000000e+02
4.960000000000000000e+02
4.460000000000000000e+02
4.170000000000000000e+02
3.790000000000000000e+02
3.870000000000000000e+02
3.490000000000000000e+02
3.070000000000000000e+02
3.360000000000000000e+02
2.700000000000000000e+02
2.590000000000000000e+02
2.470000000000000000e+02
2.500000000000000000e+02
2.310000000000000000e+02
1.960000000000000000e+02
2.350000000000000000e+02
1.920000000000000000e+02
1.750000000000000000e+02
1.760000000000000000e+02
1.550000000000000000e+02
1.520000000000000000e+02
1.440000000000000000e+02
1.320000000000000000e+02
1.290000000000000000e+02
1.170000000000000000e+02
1.020000000000000000e+02
1.210000000000000000e+02
1.140000000000000000e+02
8.000000000000000000e+01
1.150000000000000000e+02
9.000000000000000000e+01
1.060000000000000000e+02
8.200000000000000000e+01
9.000000000000000000e+01
7.800000000000000000e+01
9.600000000000000000e+01
8.000000000000000000e+01
8.400000000000000000e+01
8.000000000000000000e+01
7.600000000000000000e+01
6.300000000000000000e+01
6.200000000000000000e+01
5.900000000000000000e+01
7.900000000000000000e+01
5.400000000000000000e+01
5.800000000000000000e+01
6.400000000000000000e+01
7.100000000000000000e+01
5.900000000000000000e+01
5.900000000000000000e+01
3.900000000000000000e+01
5.900000000000000000e+01
4.700000000000000000e+01
4.700000000000000000e+01
5.800000000000000000e+01
5.500000000000000000e+01
5.200000000000000000e+01
4.500000000000000000e+01
5.300000000000000000e+01
4.300000000000000000e+01
4.500000000000000000e+01
4.700000000000000000e+01
4.200000000000000000e+01
4.400000000000000000e+01
4.100000000000000000e+01
4.500000000000000000e+01
3.100000000000000000e+01
3.200000000000000000e+01
4.500000000000000000e+01
5.500000000000000000e+01
4.800000000000000000e+01
4.700000000000000000e+01
4.700000000000000000e+01
4.300000000000000000e+01
4.100000000000000000e+01
3.700000000000000000e+01
3.300000000000000000e+01
3.400000000000000000e+01
4.700000000000000000e+01
3.900000000000000000e+01
4.500000000000000000e+01
4.100000000000000000e+01
4.700000000000000000e+01
3.900000000000000000e+01
3.700000000000000000e+01
3.200000000000000000e+01
3.500000000000000000e+01
3.200000000000000000e+01
3.700000000000000000e+01
3.500000000000000000e+01
2.900000000000000000e+01
2.700000000000000000e+01
3.600000000000000000e+01
4.000000000000000000e+01
3.000000000000000000e+01
3.700000000000000000e+01
2.600000000000000000e+01
3.200000000000000000e+01
4.100000000000000000e+01
2.900000000000000000e+01
3.700000000000000000e+01
3.800000000000000000e+01
3.900000000000000000e+01
3.500000000000000000e+01
3.100000000000000000e+01
4.300000000000000000e+01
2.600000000000000000e+01
3.000000000000000000e+01
2.400000000000000000e+01
2.600000000000000000e+01
4.100000000000000000e+01
3.200000000000000000e+01
3.100000000000000000e+01
2.800000000000000000e+01
3.300000000000000000e+01
3.100000000000000000e+01
2.800000000000000000e+01
3.100000000000000000e+01
3.800000000000000000e+01
3.200000000000000000e+01
3.400000000000000000e+01
4.000000000000000000e+01
2.800000000000000000e+01
3.900000000000000000e+01
3.800000000000000000e+01
3.900000000000000000e+01
2.200000000000000000e+01
3.200000000000000000e+01
3.800000000000000000e+01
2.100000000000000000e+01
2.500000000000000000e+01
2.800000000000000000e+01
4.500000000000000000e+01
3.300000000000000000e+01
3.400000000000000000e+01
2.600000000000000000e+01
3.200000000000000000e+01
2.500000000000000000e+01
3.500000000000000000e+01
3.700000000000000000e+01
2.600000000000000000e+01
2.700000000000000000e+01
3.100000000000000000e+01
3.700000000000000000e+01
3.300000000000000000e+01
3.600000000000000000e+01
3.200000000000000000e+01
2.400000000000000000e+01
3.200000000000000000e+01
3.100000000000000000e+01
3.200000000000000000e+01
3.500000000000000000e+01
2.800000000000000000e+01
3.600000000000000000e+01
2.200000000000000000e+01
3.600000000000000000e+01
2.700000000000000000e+01
3.600000000000000000e+01
2.600000000000000000e+01
2.700000000000000000e+01
3.400000000000000000e+01
2.900000000000000000e+01
2.600000000000000000e+01
4.700000000000000000e+01
3.100000000000000000e+01
2.600000000000000000e+01
1.900000000000000000e+01
2.700000000000000000e+01
3.000000000000000000e+01
2.500000000000000000e+01
3.000000000000000000e+01
3.400000000000000000e+01
3.200000000000000000e+01
3.300000000000000000e+01
3.200000000000000000e+01
2.100000000000000000e+01
2.700000000000000000e+01
2.300000000000000000e+01
3.600000000000000000e+01
3.500000000000000000e+01
2.100000000000000000e+01
2.700000000000000000e+01
1.900000000000000000e+01
2.600000000000000000e+01
3.400000000000000000e+01
3.000000000000000000e+01
3.200000000000000000e+01
3.400000000000000000e+01
2.800000000000000000e+01
2.500000000000000000e+01
3.600000000000000000e+01
3.700000000000000000e+01
2.700000000000000000e+01
3.000000000000000000e+01
3.000000000000000000e+01
3.900000000000000000e+01
2.400000000000000000e+01
2.100000000000000000e+01
3.700000000000000000e+01
3.600000000000000000e+01
2.600000000000000000e+01
2.900000000000000000e+01
3.100000000000000000e+01
3.900000000000000000e+01
2.300000000000000000e+01
4.100000000000000000e+01
3.000000000000000000e+01
3.700000000000000000e+01
3.900000000000000000e+01
4.200000000000000000e+01
2.600000000000000000e+01
3.000000000000000000e+01
4.900000000000000000e+01
3.600000000000000000e+01
3.200000000000000000e+01
3.600000000000000000e+01
3.900000000000000000e+01
4.100000000000000000e+01
3.300000000000000000e+01
3.100000000000000000e+01
4.700000000000000000e+01
3.500000000000000000e+01
3.500000000000000000e+01
4.300000000000000000e+01
3.500000000000000000e+01
4.600000000000000000e+01
4.100000000000000000e+01
3.600000000000000000e+01
3.620000000000000000e+02
