1.947000000000000000e+03
2.010000000000000000e+02
4.650000000000000000e+02
9.090000000000000000e+02
8.410000000000000000e+02
4.191000000000000000e+03
5.222000000000000000e+03
4.338000000000000000e+03
1.815600000000000000e+04
1.906300000000000000e+04
2.330500000000000000e+04
5.387800000000000000e+04
1.741100000000000000e+04
2.161200000000000000e+04
2.900000000000000000e+03
2.937000000000000000e+03
1.352000000000000000e+03
6.250000000000000000e+02
2.680000000000000000e+02
6.410000000000000000e+02
6.850000000000000000e+02
4.410000000000000000e+02
1.160000000000000000e+02
1.120000000000000000e+02
2.190000000000000000e+02
7.100000000000000000e+01
3.800000000000000000e+01
0.000000000000000000e+00
1.000000000000000000e+00
0.000000000000000000e+00
2.280000000000000000e+02
0.000000000000000000e+00
1.000000000000000000e+00
0.000000000000000000e+00
7.000000000000000000e+00
1.900000000000000000e+01
3.200000000000000000e+01
1.000000000000000000e+00
0.000000000000000000e+00
0.000000000000000000e+00
1.000000000000000000e+00
1.000000000000000000e+00
7.000000000000000000e+00
4.000000000000000000e+00
0.000000000000000000e+00
0.000000000000000000e+00
0.000000000000000000e+00
0.000000000000000000e+00
0.000000000000000000e+00
0.000000000000000000e+00
2.500000000000000000e+01
0.000000000000000000e+00
0.000000000000000000e+00
0.000000000000000000e+00
0.000000000000000000e+00
2.000000000000000000e+00
0.000000000000000000e+00
0.000000000000000000e+00
0.000000000000000000e+00
0.000000000000000000e+00
1.000000000000000000e+00
0.000000000000000000e+00
0.000000000000000000e+00
0.000000000000000000e+00
0.000000000000000000e+00
0.000000000000000000e+00
1.000000000000000000e+00
0.000000000000000000e+00
0.000000000000000000e+00
0.000000000000000000e+00
0.000000000000000000e+00
0.000000000000000000e+00
0.000000000000000000e+00
0.000000000000000000e+00
0.000000000000000000e+00
7.800000000000000000e+01
0.000000000000000000e+00
0.000000000000000000e+00
0.000000000000000000e+00
0.000000000000000000e+00
2.000000000000000000e+00
0.000000000000000000e+00
0.000000000000000000e+00
6.000000000000000000e+00
0.000000000000000000e+00
0.000000000000000000e+00
0.000000000000000000e+00
0.000000000000000000e+00
0.000000000000000000e+00
0.000000000000000000e+00
1.000000000000000000e+00
0.000000000000000000e+00
0.000000000000000000e+00
0.000000000000000000e+00
0.000000000000000000e+00
0.000000000000000000e+00
3.000000000000000000e+01
0.000000000000000000e+00
4.000000000000000000e+00
0.000000000000000000e+00
0.000000000000000000e+00
1.500000000000000000e+01
0.000000000000000000e+00
8.300000000000000000e+01
1.000000000000000000e+01
0.000000000000000000e+00
1.700000000000000000e+01
0.000000000000000000e+00
0.000000000000000000e+00
5.100000000000000000e+01
9.800000000000000000e+01
3.400000000000000000e+01
0.000000000000000000e+00
3.000000000000000000e+00
5.100000000000000000e+01
4.200000000000000000e+01
0.000000000000000000e+00
0.000000000000000000e+00
0.000000000000000000e+00
0.000000000000000000e+00
2.480000000000000000e+02
0.000000000000000000e+00
0.000000000000000000e+00
0.000000000000000000e+00
1.000000000000000000e+00
1.500000000000000000e+01
5.200000000000000000e+01
0.000000000000000000e+00
0.000000000000000000e+00
0.000000000000000000e+00
2.000000000000000000e+00
0.000000000000000000e+00
6.800000000000000000e+01
5.000000000000000000e+00
0.000000000000000000e+00
0.000000000000000000e+00
0.000000000000000000e+00
0.000000000000000000e+00
0.000000000000000000e+00
0.000000000000000000e+00
3.440000000000000000e+02
2.000000000000000000e+00
0.000000000000000000e+00
0.000000000000000000e+00
0.000000000000000000e+00
2.200000000000000000e+01
1.000000000000000000e+00
0.000000000000000000e+00
0.000000000000000000e+00
0.000000000000000000e+00
1.500000000000000000e+01
0.000000000000000000e+00
0.000000000000000000e+00
0.000000000000000000e+00
0.000000000000000000e+00
0.000000000000000000e+00
2.970000000000000000e+02
0.000000000000000000e+00
1.000000000000000000e+00
1.000000000000000000e+00
8.600000000000000000e+01
0.000000000000000000e+00
0.000000000000000000e+00
4.200000000000000000e+01
1.600000000000000000e+01
6.130000000000000000e+02
5.000000000000000000e+00
1.000000000000000000e+00
0.000000000000000000e+00
8.800000000000000000e+01
7.500000000000000000e+02
2.000000000000000000e+00
0.000000000000000000e+00
9.670000000000000000e+02
5.400000000000000000e+01
1.000000000000000000e+02
4.000000000000000000e+00
7.910000000000000000e+02
4.700000000000000000e+01
6.000000000000000000e+01
0.000000000000000000e+00
0.000000000000000000e+00
0.000000000000000000e+00
0.000000000000000000e+00
0.000000000000000000e+00
0.000000000000000000e+00
0.000000000000000000e+00
0.000000000000000000e+00
0.000000000000000000e+00
0.000000000000000000e+00
0.000000000000000000e+00
0.000000000000000000e+00
0.000000000000000000e+00
0.000000000000000000e+00
0.000000000000000000e+00
0.000000000000000000e+00
0.000000000000000000e+00
0.000000000000000000e+00
0.000000000000000000e+00
0.000000000000000000e+00
0.000000000000000000e+00
0.000000000000000000e+00
0.000000000000000000e+00
0.000000000000000000e+00
0.000000000000000000e+00
0.000000000000000000e+00
0.000000000000000000e+00
0.000000000000000000e+00
0.000000000000000000e+00
0.000000000000000000e+00
0.000000000000000000e+00
0.000000000000000000e+00
0.000000000000000000e+00
0.000000000000000000e+00
0.000000000000000000e+00
0.000000000000000000e+00
0.000000000000000000e+00
0.000000000000000000e+00
0.000000000000000000e+00
0.000000000000000000e+00
0.000000000000000000e+00
0.000000000000000000e+00
0.000000000000000000e+00
0.000000000000000000e+00
0.000000000000000000e+00
0.000000000000000000e+00
0.000000000000000000e+00
0.000000000000000000e+00
0.000000000000000000e+00
0.000000000000000000e+00
0.000000000000000000e+00
0.000000000000000000e+00
0.000000000000000000e+00
0.000000000000000000e+00
0.000000000000000000e+00
0.000000000000000000e+00
0.000000000000000000e+00
0.000000000000000000e+00
0.000000000000000000e+00
0.000000000000000000e+00
0.000000000000000000e+00
0.000000000000000000e+00
0.000000000000000000e+00
0.000000000000000000e+00
0.000000000000000000e+00
0.000000000000000000e+00
0.000000000000000000e+00
0.000000000000000000e+00
0.000000000000000000e+00
0.000000000000000000e+00
0.000000000000000000e+00
0.000000000000000000e+00
0.000000000000000000e+00
0.000000000000000000e+00
0.000000000000000000e+00
0.000000000000000000e+00
3.660000000000000000e+02
0.000000000000000000e+00
7.300000000000000000e+01
8.090000000000000000e+02
6.020000000000000000e+02
4.860000000000000000e+02
6.000000000000000000e+02
8.600000000000000000e+02
9.150000000000000000e+02
7.180000000000000000e+02
6.640000000000000000e+02
5.940000000000000000e+02
5.600000000000000000e+02
5.590000000000000000e+02
6.810000000000000000e+02
6.540000000000000000e+02
7.380000000000000000e+02
7.630000000000000000e+02
7.050000000000000000e+02
8.580000000000000000e+02
9.060000000000000000e+02
8.650000000000000000e+02
9.240000000000000000e+02
1.106000000000000000e+03
1.051000000000000000e+03
1.136000000000000000e+03
1.231000000000000000e+03
1.341000000000000000e+03
1.648000000000000000e+03
1.864000000000000000e+03
1.984000000000000000e+03
2.427000000000000000e+03
2.970000000000000000e+03
3.778000000000000000e+03
4.969000000000000000e+03
5.541000000000000000e+03
7.905000000000000000e+03
1.042200000000000000e+04
1.177200000000000000e+04
1.152700000000000000e+04
1.171500000000000000e+04
1.088100000000000000e+04
9.621000000000000000e+03
8.243000000000000000e+03
7.433000000000000000e+03
6.380000000000000000e+03
5.280000000000000000e+03
4.544000000000000000e+03
4.188000000000000000e+03
3.481000000000000000e+03
2.915000000000000000e+03
2.171000000000000000e+03
2.173000000000000000e+03
2.014000000000000000e+03
1.551000000000000000e+03
1.324000000000000000e+03
1.298000000000000000e+03
1.024000000000000000e+03
9.990000000000000000e+02
9.090000000000000000e+02
7.760000000000000000e+02
7.690000000000000000e+02
6.640000000000000000e+02
6.340000000000000000e+02
6.260000000000000000e+02
5.800000000000000000e+02
4.720000000000000000e+02
4.620000000000000000e+02
4.190000000000000000e+02
3.590000000000000000e+02
3.570000000000000000e+02
3.120000000000000000e+02
2.990000000000000000e+02
2.920000000000000000e+02
2.330000000000000000e+02
2.500000000000000000e+02
2.310000000000000000e+02
1.810000000000000000e+02
1.910000000000000000e+02
1.600000000000000000e+02
1.600000000000000000e+02
1.730000000000000000e+02
1.200000000000000000e+02
1.360000000000000000e+02
1.140000000000000000e+02
1.230000000000000000e+02
9.200000000000000000e+01
8.800000000000000000e+01
1.060000000000000000e+02
8.100000000000000000e+01
8.200000000000000000e+01
8.000000000000000000e+01
7.100000000000000000e+01
6.300000000000000000e+01
7.000000000000000000e+01
6.200000000000000000e+01
5.700000000000000000e+01
6.500000000000000000e+01
5.800000000000000000e+01
6.400000000000000000e+01
6.700000000000000000e+01
5.200000000000000000e+01
5.600000000000000000e+01
5.100000000000000000e+01
4.400000000000000000e+01
3.000000000000000000e+01
5.300000000000000000e+01
3.500000000000000000e+01
4.300000000000000000e+01
3.200000000000000000e+01
4.300000000000000000e+01
3.800000000000000000e+01
3.100000000000000000e+01
3.600000000000000000e+01
3.100000000000000000e+01
4.100000000000000000e+01
3.600000000000000000e+01
3.100000000000000000e+01
3.000000000000000000e+01
2.900000000000000000e+01
2.900000000000000000e+01
3.800000000000000000e+01
3.000000000000000000e+01
2.400000000000000000e+01
3.000000000000000000e+01
1.900000000000000000e+01
1.400000000000000000e+01
2.400000000000000000e+01
3.000000000000000000e+01
1.600000000000000000e+01
1.800000000000000000e+01
3.600000000000000000e+01
9.000000000000000000e+00
2.400000000000000000e+01
1.700000000000000000e+01
2.000000000000000000e+01
1.300000000000000000e+01
2.000000000000000000e+01
2.100000000000000000e+01
1.800000000000000000e+01
1.600000000000000000e+01
2.100000000000000000e+01
1.900000000000000000e+01
1.000000000000000000e+01
1.200000000000000000e+01
8.000000000000000000e+00
5.000000000000000000e+00
9.000000000000000000e+00
1.000000000000000000e+01
6.000000000000000000e+00
1.100000000000000000e+01
6.000000000000000000e+00
1.000000000000000000e+01
7.000000000000000000e+00
4.000000000000000000e+00
7.000000000000000000e+00
1.100000000000000000e+01
8.000000000000000000e+00
9.000000000000000000e+00
6.000000000000000000e+00
8.000000000000000000e+00
3.000000000000000000e+00
7.000000000000000000e+00
4.000000000000000000e+00
1.100000000000000000e+01
5.000000000000000000e+00
6.000000000000000000e+00
9.000000000000000000e+00
4.000000000000000000e+00
1.000000000000000000e+00
9.000000000000000000e+00
2.000000000000000000e+00
4.000000000000000000e+00
5.000000000000000000e+00
2.000000000000000000e+00
3.000000000000000000e+00
2.000000000000000000e+00
6.000000000000000000e+00
1.000000000000000000e+00
0.000000000000000000e+00
0.000000000000000000e+00
3.000000000000000000e+00
2.000000000000000000e+00
1.000000000000000000e+00
3.000000000000000000e+00
4.000000000000000000e+00
3.000000000000000000e+00
1.000000000000000000e+00
1.000000000000000000e+00
3.000000000000000000e+00
0.000000000000000000e+00
2.000000000000000000e+00
0.000000000000000000e+00
1.000000000000000000e+00
1.000000000000000000e+00
0.000000000000000000e+00
2.000000000000000000e+00
3.000000000000000000e+00
6.000000000000000000e+00
0.000000000000000000e+00
1.000000000000000000e+00
1.000000000000000000e+00
0.000000000000000000e+00
0.000000000000000000e+00
1.000000000000000000e+00
0.000000000000000000e+00
0.000000000000000000e+00
0.000000000000000000e+00
0.000000000000000000e+00
3.000000000000000000e+00
1.000000000000000000e+00
2.000000000000000000e+00
1.000000000000000000e+00
1.000000000000000000e+00
0.000000000000000000e+00
0.000000000000000000e+00
0.000000000000000000e+00
1.000000000000000000e+00
1.000000000000000000e+00
2.000000000000000000e+00
2.000000000000000000e+00
1.000000000000000000e+00
0.000000000000000000e+00
0.000000000000000000e+00
3.000000000000000000e+00
2.000000000000000000e+00
0.000000000000000000e+00
1.000000000000000000e+00
0.000000000000000000e+00
0.000000000000000000e+00
1.000000000000000000e+00
0.000000000000000000e+00
0.000000000000000000e+00
1.000000000000000000e+00
1.000000000000000000e+00
1.000000000000000000e+00
0.000000000000000000e+00
0.000000000000000000e+00
1.000000000000000000e+00
1.000000000000000000e+00
0.000000000000000000e+00
0.000000000000000000e+00
0.000000000000000000e+00
1.000000000000000000e+00
2.000000000000000000e+00
0.000000000000000000e+00
0.000000000000000000e+00
0.000000000000000000e+00
1.000000000000000000e+00
1.000000000000000000e+00
1.000000000000000000e+00
0.000000000000000000e+00
0.000000000000000000e+00
0.000000000000000000e+00
0.000000000000000000e+00
3.400000000000000000e+01
0.000000000000000000e+00
0.000000000000000000e+00
0.000000000000000000e+00
0.000000000000000000e+00
2.000000000000000000e+00
0.000000000000000000e+00
2.000000000000000000e+00
2.000000000000000000e+00
3.000000000000000000e+00
4.000000000000000000e+00
1.000000000000000000e+00
4.000000000000000000e+00
2.000000000000000000e+00
3.000000000000000000e+00
2.000000000000000000e+00
6.000000000000000000e+00
3.000000000000000000e+00
5.000000000000000000e+00
7.000000000000000000e+00
3.000000000000000000e+00
1.200000000000000000e+01
1.200000000000000000e+01
1.600000000000000000e+01
1.200000000000000000e+01
1.100000000000000000e+01
1.300000000000000000e+01
2.200000000000000000e+01
1.600000000000000000e+01
2.600000000000000000e+01
3.100000000000000000e+01
2.600000000000000000e+01
2.700000000000000000e+01
2.500000000000000000e+01
3.700000000000000000e+01
2.200000000000000000e+01
4.100000000000000000e+01
4.000000000000000000e+01
4.000000000000000000e+01
4.500000000000000000e+01
4.700000000000000000e+01
3.400000000000000000e+01
4.300000000000000000e+01
3.900000000000000000e+01
5.100000000000000000e+01
5.100000000000000000e+01
3.300000000000000000e+01
5.100000000000000000e+01
5.800000000000000000e+01
4.800000000000000000e+01
4.900000000000000000e+01
4.400000000000000000e+01
5.800000000000000000e+01
4.700000000000000000e+01
7.100000000000000000e+01
5.800000000000000000e+01
7.600000000000000000e+01
6.700000000000000000e+01
8.100000000000000000e+01
8.100000000000000000e+01
7.100000000000000000e+01
9.100000000000000000e+01
7.800000000000000000e+01
9.000000000000000000e+01
8.900000000000000000e+01
8.800000000000000000e+01
1.090000000000000000e+02
9.300000000000000000e+01
9.200000000000000000e+01
1.010000000000000000e+02
1.160000000000000000e+02
1.200000000000000000e+02
1.140000000000000000e+02
1.110000000000000000e+02
9.900000000000000000e+01
1.200000000000000000e+02
1.390000000000000000e+02
1.290000000000000000e+02
1.380000000000000000e+02
1.690000000000000000e+02
1.420000000000000000e+02
1.670000000000000000e+02
1.890000000000000000e+02
1.820000000000000000e+02
1.840000000000000000e+02
1.720000000000000000e+02
1.800000000000000000e+02
1.940000000000000000e+02
2.330000000000000000e+02
2.140000000000000000e+02
2.320000000000000000e+02
2.430000000000000000e+02
2.370000000000000000e+02
2.560000000000000000e+02
2.680000000000000000e+02
2.500000000000000000e+02
2.410000000000000000e+02
2.800000000000000000e+02
2.450000000000000000e+02
2.880000000000000000e+02
2.850000000000000000e+02
3.000000000000000000e+02
2.720000000000000000e+02
3.420000000000000000e+02
2.980000000000000000e+02
3.410000000000000000e+02
3.250000000000000000e+02
3.250000000000000000e+02
3.640000000000000000e+02
3.910000000000000000e+02
3.520000000000000000e+02
3.560000000000000000e+02
3.920000000000000000e+02
3.850000000000000000e+02
4.110000000000000000e+02
4.090000000000000000e+02
4.270000000000000000e+02
4.560000000000000000e+02
4.290000000000000000e+02
4.710000000000000000e+02
4.770000000000000000e+02
4.480000000000000000e+02
4.680000000000000000e+02
4.940000000000000000e+02
5.170000000000000000e+02
5.110000000000000000e+02
4.970000000000000000e+02
5.380000000000000000e+02
4.930000000000000000e+02
5.240000000000000000e+02
5.260000000000000000e+02
5.720000000000000000e+02
6.040000000000000000e+02
6.170000000000000000e+02
5.830000000000000000e+02
6.120000000000000000e+02
6.160000000000000000e+02
6.210000000000000000e+02
7.040000000000000000e+02
6.730000000000000000e+02
6.740000000000000000e+02
6.880000000000000000e+02
7.240000000000000000e+02
7.020000000000000000e+02
7.260000000000000000e+02
7.100000000000000000e+02
7.810000000000000000e+02
8.100000000000000000e+02
8.380000000000000000e+02
8.160000000000000000e+02
8.470000000000000000e+02
8.230000000000000000e+02
8.550000000000000000e+02
8.820000000000000000e+02
8.740000000000000000e+02
8.510000000000000000e+02
9.220000000000000000e+02
9.060000000000000000e+02
9.600000000000000000e+02
9.290000000000000000e+02
9.670000000000000000e+02
1.031000000000000000e+03
1.023000000000000000e+03
1.027000000000000000e+03
1.045000000000000000e+03
1.039000000000000000e+03
1.103000000000000000e+03
1.085000000000000000e+03
1.109000000000000000e+03
1.142000000000000000e+03
1.110000000000000000e+03
1.185000000000000000e+03
1.232000000000000000e+03
1.278000000000000000e+03
1.388000000000000000e+03
1.318000000000000000e+03
1.392000000000000000e+03
1.348000000000000000e+03
1.432000000000000000e+03
1.527000000000000000e+03
1.517000000000000000e+03
1.672000000000000000e+03
1.636000000000000000e+03
1.788000000000000000e+03
1.808000000000000000e+03
1.982000000000000000e+03
2.101000000000000000e+03
2.217000000000000000e+03
2.254000000000000000e+03
2.300000000000000000e+03
2.360000000000000000e+03
2.485000000000000000e+03
2.577000000000000000e+03
2.627000000000000000e+03
2.808000000000000000e+03
2.663000000000000000e+03
2.838000000000000000e+03
2.935000000000000000e+03
3.024000000000000000e+03
3.217000000000000000e+03
3.403000000000000000e+03
3.577000000000000000e+03
3.745000000000000000e+03
3.975000000000000000e+03
4.269000000000000000e+03
4.272000000000000000e+03
4.315000000000000000e+03
4.116000000000000000e+03
4.063000000000000000e+03
3.977000000000000000e+03
3.700000000000000000e+03
3.678000000000000000e+03
3.325000000000000000e+03
3.100000000000000000e+03
2.686000000000000000e+03
2.379000000000000000e+03
1.966000000000000000e+03
1.851000000000000000e+03
1.519000000000000000e+03
1.308000000000000000e+03
1.006000000000000000e+03
7.900000000000000000e+02
6.880000000000000000e+02
5.270000000000000000e+02
4.490000000000000000e+02
4.520000000000000000e+02
4.310000000000000000e+02
4.040000000000000000e+02
3.800000000000000000e+02
3.330000000000000000e+02
3.000000000000000000e+02
2.540000000000000000e+02
2.530000000000000000e+02
2.230000000000000000e+02
2.080000000000000000e+02
1.810000000000000000e+02
1.330000000000000000e+02
1.660000000000000000e+02
1.640000000000000000e+02
1.660000000000000000e+02
1.460000000000000000e+02
1.330000000000000000e+02
1.130000000000000000e+02
7.900000000000000000e+01
8.500000000000000000e+01
8.700000000000000000e+01
7.400000000000000000e+01
6.900000000000000000e+01
6.300000000000000000e+01
6.700000000000000000e+01
6.600000000000000000e+01
5.600000000000000000e+01
8.700000000000000000e+01
5.300000000000000000e+01
3.400000000000000000e+01
1.600000000000000000e+01
4.200000000000000000e+01
