6.776000000000000000e+03
4.362000000000000000e+03
5.640000000000000000e+03
5.367000000000000000e+03
7.737000000000000000e+03
8.166000000000000000e+03
9.487000000000000000e+03
8.330000000000000000e+03
1.258100000000000000e+04
9.887000000000000000e+03
8.081000000000000000e+03
6.976000000000000000e+03
4.361000000000000000e+03
4.188000000000000000e+03
2.123000000000000000e+03
2.247000000000000000e+03
1.497000000000000000e+03
1.375000000000000000e+03
8.260000000000000000e+02
8.620000000000000000e+02
6.010000000000000000e+02
5.530000000000000000e+02
5.320000000000000000e+02
3.530000000000000000e+02
4.570000000000000000e+02
2.340000000000000000e+02
4.420000000000000000e+02
1.400000000000000000e+02
1.750000000000000000e+02
1.930000000000000000e+02
5.310000000000000000e+02
5.300000000000000000e+01
2.060000000000000000e+02
2.670000000000000000e+02
4.770000000000000000e+02
8.770000000000000000e+02
2.660000000000000000e+02
1.099000000000000000e+03
4.860000000000000000e+02
4.360000000000000000e+02
9.770000000000000000e+02
6.110000000000000000e+02
5.860000000000000000e+02
1.221000000000000000e+03
3.150000000000000000e+02
3.710000000000000000e+02
5.090000000000000000e+02
4.900000000000000000e+01
4.310000000000000000e+02
1.040000000000000000e+02
1.270000000000000000e+02
2.500000000000000000e+02
2.050000000000000000e+02
5.500000000000000000e+01
1.430000000000000000e+02
1.040000000000000000e+02
2.970000000000000000e+02
1.760000000000000000e+02
3.000000000000000000e+01
2.000000000000000000e+00
3.450000000000000000e+02
0.000000000000000000e+00
5.100000000000000000e+01
2.730000000000000000e+02
3.000000000000000000e+00
3.250000000000000000e+02
3.170000000000000000e+02
1.070000000000000000e+02
3.530000000000000000e+02
2.350000000000000000e+02
7.000000000000000000e+01
6.000000000000000000e+01
1.400000000000000000e+01
1.370000000000000000e+02
5.070000000000000000e+02
5.600000000000000000e+01
9.400000000000000000e+01
9.000000000000000000e+00
2.000000000000000000e+00
1.530000000000000000e+02
3.920000000000000000e+02
8.000000000000000000e+00
5.000000000000000000e+00
5.400000000000000000e+01
2.300000000000000000e+02
1.860000000000000000e+02
6.000000000000000000e+00
3.060000000000000000e+02
1.370000000000000000e+02
1.100000000000000000e+01
7.600000000000000000e+02
2.700000000000000000e+01
2.190000000000000000e+02
2.230000000000000000e+02
3.600000000000000000e+01
6.790000000000000000e+02
1.770000000000000000e+02
5.600000000000000000e+01
4.330000000000000000e+02
3.810000000000000000e+02
5.150000000000000000e+02
1.181000000000000000e+03
1.279000000000000000e+03
5.037000000000000000e+03
2.215000000000000000e+03
1.613600000000000000e+04
1.538000000000000000e+03
5.264000000000000000e+03
7.080000000000000000e+02
1.236000000000000000e+03
5.760000000000000000e+02
7.170000000000000000e+02
6.390000000000000000e+02
1.740000000000000000e+02
4.050000000000000000e+02
1.640000000000000000e+02
4.590000000000000000e+02
5.400000000000000000e+01
1.070000000000000000e+02
8.700000000000000000e+01
3.720000000000000000e+02
6.000000000000000000e+00
1.880000000000000000e+02
7.400000000000000000e+01
1.560000000000000000e+02
2.830000000000000000e+02
7.400000000000000000e+01
5.000000000000000000e+01
1.400000000000000000e+02
6.900000000000000000e+01
1.010000000000000000e+02
2.300000000000000000e+01
1.180000000000000000e+02
1.530000000000000000e+02
2.400000000000000000e+01
6.800000000000000000e+01
7.600000000000000000e+01
1.100000000000000000e+01
1.420000000000000000e+02
2.200000000000000000e+01
1.060000000000000000e+02
1.020000000000000000e+02
9.600000000000000000e+01
3.000000000000000000e+01
4.000000000000000000e+01
1.200000000000000000e+02
1.170000000000000000e+02
6.800000000000000000e+01
3.600000000000000000e+01
1.400000000000000000e+01
4.510000000000000000e+02
9.000000000000000000e+00
4.700000000000000000e+01
1.260000000000000000e+02
1.800000000000000000e+01
7.600000000000000000e+01
2.210000000000000000e+02
1.030000000000000000e+02
1.120000000000000000e+02
1.640000000000000000e+02
1.530000000000000000e+02
9.200000000000000000e+01
1.110000000000000000e+02
1.610000000000000000e+02
3.600000000000000000e+02
1.790000000000000000e+02
2.130000000000000000e+02
2.630000000000000000e+02
1.150000000000000000e+02
2.770000000000000000e+02
8.500000000000000000e+02
2.290000000000000000e+02
3.900000000000000000e+02
5.330000000000000000e+02
9.280000000000000000e+02
8.170000000000000000e+02
8.060000000000000000e+02
1.880000000000000000e+03
1.345000000000000000e+03
1.854000000000000000e+03
0.000000000000000000e+00
0.000000000000000000e+00
0.000000000000000000e+00
0.000000000000000000e+00
0.000000000000000000e+00
0.000000000000000000e+00
0.000000000000000000e+00
0.000000000000000000e+00
0.000000000000000000e+00
0.000000000000000000e+00
0.000000000000000000e+00
0.000000000000000000e+00
0.000000000000000000e+00
0.000000000000000000e+00
0.000000000000000000e+00
0.000000000000000000e+00
0.000000000000000000e+00
0.000000000000000000e+00
0.000000000000000000e+00
0.000000000000000000e+00
0.000000000000000000e+00
0.000000000000000000e+00
0.000000000000000000e+00
0.000000000000000000e+00
0.000000000000000000e+00
0.000000000000000000e+00
0.000000000000000000e+00
0.000000000000000000e+00
0.000000000000000000e+00
0.000000000000000000e+00
0.000000000000000000e+00
0.000000000000000000e+00
0.000000000000000000e+00
0.000000000000000000e+00
0.000000000000000000e+00
0.000000000000000000e+00
0.000000000000000000e+00
0.000000000000000000e+00
0.000000000000000000e+00
0.000000000000000000e+00
0.000000000000000000e+00
0.000000000000000000e+00
0.000000000000000000e+00
0.000000000000000000e+00
0.000000000000000000e+00
0.000000000000000000e+00
0.000000000000000000e+00
0.000000000000000000e+00
0.000000000000000000e+00
0.000000000000000000e+00
0.000000000000000000e+00
0.000000000000000000e+00
0.000000000000000000e+00
0.000000000000000000e+00
0.000000000000000000e+00
0.000000000000000000e+00
0.000000000000000000e+00
0.000000000000000000e+00
0.000000000000000000e+00
0.000000000000000000e+00
0.000000000000000000e+00
0.000000000000000000e+00
0.000000000000000000e+00
0.000000000000000000e+00
0.000000000000000000e+00
0.000000000000000000e+00
0.000000000000000000e+00
0.000000000000000000e+00
0.000000000000000000e+00
0.000000000000000000e+00
0.000000000000000000e+00
0.000000000000000000e+00
0.000000000000000000e+00
0.000000000000000000e+00
0.000000000000000000e+00
0.000000000000000000e+00
7.800000000000000000e+01
2.800000000000000000e+01
8.900000000000000000e+01
1.170000000000000000e+02
1.590000000000000000e+02
1.790000000000000000e+02
2.380000000000000000e+02
2.500000000000000000e+02
2.550000000000000000e+02
3.110000000000000000e+02
2.320000000000000000e+02
3.170000000000000000e+02
3.270000000000000000e+02
2.990000000000000000e+02
3.210000000000000000e+02
2.730000000000000000e+02
3.380000000000000000e+02
3.160000000000000000e+02
3.150000000000000000e+02
3.850000000000000000e+02
3.570000000000000000e+02
4.150000000000000000e+02
3.810000000000000000e+02
3.990000000000000000e+02
3.790000000000000000e+02
3.940000000000000000e+02
4.650000000000000000e+02
4.120000000000000000e+02
4.130000000000000000e+02
4.420000000000000000e+02
4.620000000000000000e+02
3.940000000000000000e+02
4.190000000000000000e+02
4.570000000000000000e+02
4.460000000000000000e+02
4.660000000000000000e+02
4.930000000000000000e+02
4.070000000000000000e+02
6.360000000000000000e+02
6.050000000000000000e+02
6.520000000000000000e+02
6.060000000000000000e+02
6.120000000000000000e+02
6.920000000000000000e+02
6.920000000000000000e+02
7.430000000000000000e+02
7.330000000000000000e+02
6.910000000000000000e+02
9.060000000000000000e+02
8.190000000000000000e+02
7.900000000000000000e+02
7.390000000000000000e+02
7.820000000000000000e+02
9.610000000000000000e+02
8.850000000000000000e+02
9.040000000000000000e+02
8.330000000000000000e+02
8.290000000000000000e+02
7.690000000000000000e+02
7.670000000000000000e+02
7.580000000000000000e+02
7.650000000000000000e+02
7.980000000000000000e+02
8.090000000000000000e+02
8.980000000000000000e+02
9.710000000000000000e+02
9.450000000000000000e+02
8.990000000000000000e+02
1.006000000000000000e+03
8.460000000000000000e+02
1.127000000000000000e+03
1.007000000000000000e+03
1.149000000000000000e+03
1.035000000000000000e+03
1.060000000000000000e+03
1.136000000000000000e+03
1.129000000000000000e+03
1.146000000000000000e+03
1.253000000000000000e+03
1.126000000000000000e+03
1.130000000000000000e+03
1.194000000000000000e+03
1.020000000000000000e+03
1.164000000000000000e+03
1.143000000000000000e+03
1.136000000000000000e+03
1.067000000000000000e+03
1.064000000000000000e+03
1.079000000000000000e+03
1.086000000000000000e+03
1.122000000000000000e+03
1.054000000000000000e+03
1.074000000000000000e+03
1.050000000000000000e+03
1.108000000000000000e+03
1.066000000000000000e+03
1.152000000000000000e+03
1.092000000000000000e+03
1.232000000000000000e+03
1.092000000000000000e+03
1.221000000000000000e+03
1.171000000000000000e+03
1.099000000000000000e+03
1.257000000000000000e+03
1.213000000000000000e+03
1.129000000000000000e+03
1.248000000000000000e+03
1.181000000000000000e+03
1.170000000000000000e+03
1.352000000000000000e+03
1.241000000000000000e+03
1.305000000000000000e+03
1.286000000000000000e+03
1.388000000000000000e+03
1.292000000000000000e+03
1.377000000000000000e+03
1.366000000000000000e+03
1.485000000000000000e+03
1.496000000000000000e+03
1.385000000000000000e+03
1.684000000000000000e+03
1.386000000000000000e+03
1.749000000000000000e+03
1.306000000000000000e+03
2.030000000000000000e+03
1.301000000000000000e+03
2.208000000000000000e+03
1.883000000000000000e+03
1.851000000000000000e+03
2.150000000000000000e+03
1.843000000000000000e+03
2.487000000000000000e+03
1.636000000000000000e+03
1.948000000000000000e+03
2.349000000000000000e+03
1.998000000000000000e+03
1.995000000000000000e+03
1.641000000000000000e+03
1.967000000000000000e+03
1.707000000000000000e+03
1.393000000000000000e+03
1.576000000000000000e+03
1.415000000000000000e+03
1.740000000000000000e+03
9.610000000000000000e+02
1.259000000000000000e+03
1.278000000000000000e+03
8.830000000000000000e+02
1.135000000000000000e+03
9.920000000000000000e+02
8.610000000000000000e+02
8.560000000000000000e+02
7.520000000000000000e+02
6.900000000000000000e+02
7.330000000000000000e+02
6.800000000000000000e+02
6.300000000000000000e+02
6.380000000000000000e+02
6.140000000000000000e+02
6.600000000000000000e+02
4.610000000000000000e+02
5.600000000000000000e+02
5.240000000000000000e+02
4.760000000000000000e+02
5.220000000000000000e+02
4.750000000000000000e+02
4.280000000000000000e+02
4.870000000000000000e+02
3.990000000000000000e+02
3.590000000000000000e+02
5.160000000000000000e+02
3.230000000000000000e+02
3.560000000000000000e+02
4.170000000000000000e+02
3.810000000000000000e+02
3.030000000000000000e+02
2.860000000000000000e+02
3.990000000000000000e+02
3.110000000000000000e+02
3.460000000000000000e+02
3.270000000000000000e+02
3.500000000000000000e+02
3.260000000000000000e+02
3.300000000000000000e+02
2.980000000000000000e+02
3.420000000000000000e+02
2.570000000000000000e+02
2.720000000000000000e+02
3.100000000000000000e+02
2.900000000000000000e+02
2.770000000000000000e+02
3.390000000000000000e+02
2.040000000000000000e+02
2.660000000000000000e+02
2.430000000000000000e+02
2.620000000000000000e+02
2.690000000000000000e+02
2.600000000000000000e+02
2.650000000000000000e+02
2.420000000000000000e+02
2.470000000000000000e+02
2.190000000000000000e+02
2.070000000000000000e+02
2.210000000000000000e+02
2.420000000000000000e+02
2.520000000000000000e+02
2.360000000000000000e+02
2.300000000000000000e+02
2.380000000000000000e+02
2.590000000000000000e+02
2.280000000000000000e+02
2.460000000000000000e+02
2.130000000000000000e+02
2.990000000000000000e+02
2.290000000000000000e+02
2.640000000000000000e+02
2.010000000000000000e+02
2.400000000000000000e+02
2.050000000000000000e+02
2.980000000000000000e+02
2.310000000000000000e+02
2.340000000000000000e+02
2.240000000000000000e+02
2.010000000000000000e+02
2.540000000000000000e+02
2.490000000000000000e+02
2.290000000000000000e+02
2.120000000000000000e+02
2.150000000000000000e+02
2.000000000000000000e+02
2.920000000000000000e+02
2.360000000000000000e+02
2.220000000000000000e+02
2.290000000000000000e+02
2.400000000000000000e+02
2.380000000000000000e+02
1.940000000000000000e+02
2.320000000000000000e+02
1.820000000000000000e+02
2.070000000000000000e+02
2.210000000000000000e+02
1.920000000000000000e+02
1.990000000000000000e+02
2.190000000000000000e+02
1.690000000000000000e+02
2.090000000000000000e+02
1.700000000000000000e+02
2.090000000000000000e+02
1.590000000000000000e+02
2.040000000000000000e+02
1.760000000000000000e+02
1.870000000000000000e+02
1.020000000000000000e+02
1.230000000000000000e+02
0.000000000000000000e+00
8.019000000000000000e+03
4.000000000000000000e+00
2.500000000000000000e+01
2.100000000000000000e+01
3.300000000000000000e+01
5.900000000000000000e+01
2.900000000000000000e+01
6.500000000000000000e+01
8.000000000000000000e+01
8.000000000000000000e+01
7.000000000000000000e+01
1.160000000000000000e+02
1.150000000000000000e+02
8.400000000000000000e+01
1.760000000000000000e+02
1.750000000000000000e+02
2.120000000000000000e+02
1.480000000000000000e+02
2.230000000000000000e+02
2.350000000000000000e+02
1.980000000000000000e+02
2.250000000000000000e+02
2.620000000000000000e+02
3.210000000000000000e+02
2.480000000000000000e+02
3.270000000000000000e+02
3.810000000000000000e+02
3.530000000000000000e+02
4.060000000000000000e+02
4.340000000000000000e+02
4.410000000000000000e+02
4.000000000000000000e+02
4.100000000000000000e+02
4.380000000000000000e+02
4.170000000000000000e+02
4.480000000000000000e+02
4.280000000000000000e+02
4.310000000000000000e+02
4.270000000000000000e+02
4.850000000000000000e+02
4.550000000000000000e+02
4.290000000000000000e+02
4.670000000000000000e+02
4.970000000000000000e+02
5.120000000000000000e+02
4.750000000000000000e+02
5.030000000000000000e+02
5.160000000000000000e+02
5.580000000000000000e+02
5.640000000000000000e+02
5.790000000000000000e+02
6.220000000000000000e+02
7.650000000000000000e+02
8.170000000000000000e+02
9.900000000000000000e+02
1.197000000000000000e+03
1.535000000000000000e+03
2.068000000000000000e+03
2.622000000000000000e+03
3.146000000000000000e+03
3.164000000000000000e+03
3.000000000000000000e+03
3.339000000000000000e+03
3.746000000000000000e+03
4.363000000000000000e+03
4.550000000000000000e+03
4.431000000000000000e+03
4.138000000000000000e+03
3.864000000000000000e+03
3.456000000000000000e+03
3.024000000000000000e+03
2.745000000000000000e+03
2.366000000000000000e+03
2.039000000000000000e+03
1.855000000000000000e+03
1.839000000000000000e+03
1.800000000000000000e+03
1.545000000000000000e+03
1.457000000000000000e+03
1.331000000000000000e+03
1.329000000000000000e+03
1.217000000000000000e+03
1.206000000000000000e+03
1.228000000000000000e+03
1.221000000000000000e+03
1.237000000000000000e+03
1.284000000000000000e+03
1.210000000000000000e+03
1.184000000000000000e+03
1.133000000000000000e+03
1.051000000000000000e+03
9.660000000000000000e+02
9.790000000000000000e+02
9.840000000000000000e+02
9.090000000000000000e+02
9.120000000000000000e+02
9.260000000000000000e+02
9.150000000000000000e+02
9.270000000000000000e+02
8.830000000000000000e+02
8.620000000000000000e+02
8.710000000000000000e+02
9.450000000000000000e+02
9.290000000000000000e+02
8.640000000000000000e+02
8.470000000000000000e+02
8.910000000000000000e+02
8.730000000000000000e+02
8.610000000000000000e+02
8.540000000000000000e+02
9.000000000000000000e+02
8.630000000000000000e+02
8.400000000000000000e+02
8.170000000000000000e+02
8.280000000000000000e+02
8.010000000000000000e+02
8.520000000000000000e+02
7.710000000000000000e+02
7.980000000000000000e+02
8.370000000000000000e+02
7.980000000000000000e+02
8.000000000000000000e+02
8.040000000000000000e+02
8.250000000000000000e+02
8.080000000000000000e+02
8.860000000000000000e+02
7.960000000000000000e+02
7.750000000000000000e+02
8.040000000000000000e+02
7.870000000000000000e+02
7.960000000000000000e+02
7.890000000000000000e+02
7.480000000000000000e+02
7.370000000000000000e+02
8.060000000000000000e+02
7.810000000000000000e+02
7.640000000000000000e+02
7.270000000000000000e+02
7.720000000000000000e+02
7.140000000000000000e+02
7.580000000000000000e+02
6.940000000000000000e+02
7.570000000000000000e+02
7.410000000000000000e+02
6.880000000000000000e+02
7.090000000000000000e+02
6.640000000000000000e+02
6.860000000000000000e+02
6.500000000000000000e+02
6.940000000000000000e+02
6.090000000000000000e+02
6.330000000000000000e+02
6.470000000000000000e+02
5.990000000000000000e+02
5.750000000000000000e+02
5.810000000000000000e+02
5.770000000000000000e+02
5.970000000000000000e+02
5.640000000000000000e+02
5.310000000000000000e+02
5.540000000000000000e+02
5.400000000000000000e+02
5.820000000000000000e+02
5.230000000000000000e+02
5.140000000000000000e+02
4.900000000000000000e+02
4.850000000000000000e+02
5.040000000000000000e+02
4.520000000000000000e+02
4.730000000000000000e+02
4.770000000000000000e+02
4.960000000000000000e+02
4.830000000000000000e+02
4.820000000000000000e+02
5.110000000000000000e+02
4.760000000000000000e+02
4.630000000000000000e+02
4.120000000000000000e+02
4.350000000000000000e+02
4.430000000000000000e+02
4.030000000000000000e+02
4.050000000000000000e+02
4.170000000000000000e+02
4.250000000000000000e+02
3.740000000000000000e+02
3.590000000000000000e+02
3.940000000000000000e+02
3.630000000000000000e+02
3.760000000000000000e+02
3.770000000000000000e+02
3.660000000000000000e+02
3.440000000000000000e+02
3.530000000000000000e+02
3.540000000000000000e+02
3.190000000000000000e+02
3.140000000000000000e+02
3.060000000000000000e+02
3.520000000000000000e+02
3.220000000000000000e+02
3.280000000000000000e+02
2.900000000000000000e+02
3.360000000000000000e+02
3.180000000000000000e+02
3.060000000000000000e+02
2.780000000000000000e+02
2.760000000000000000e+02
2.940000000000000000e+02
2.750000000000000000e+02
2.670000000000000000e+02
2.640000000000000000e+02
2.740000000000000000e+02
3.230000000000000000e+02
2.670000000000000000e+02
2.910000000000000000e+02
2.580000000000000000e+02
2.650000000000000000e+02
2.420000000000000000e+02
2.400000000000000000e+02
2.220000000000000000e+02
2.430000000000000000e+02
2.410000000000000000e+02
2.270000000000000000e+02
2.340000000000000000e+02
2.240000000000000000e+02
2.250000000000000000e+02
2.370000000000000000e+02
2.100000000000000000e+02
2.210000000000000000e+02
2.220000000000000000e+02
2.290000000000000000e+02
2.070000000000000000e+02
1.910000000000000000e+02
2.080000000000000000e+02
2.170000000000000000e+02
2.110000000000000000e+02
2.000000000000000000e+02
1.760000000000000000e+02
2.090000000000000000e+02
1.760000000000000000e+02
1.780000000000000000e+02
1.690000000000000000e+02
1.890000000000000000e+02
1.870000000000000000e+02
2.090000000000000000e+02
1.880000000000000000e+02
1.910000000000000000e+02
1.590000000000000000e+02
1.650000000000000000e+02
1.770000000000000000e+02
1.670000000000000000e+02
1.560000000000000000e+02
1.740000000000000000e+02
1.830000000000000000e+02
1.690000000000000000e+02
1.690000000000000000e+02
1.780000000000000000e+02
3.577000000000000000e+03
