6.380000000000000000e+02
1.400000000000000000e+01
7.000000000000000000e+00
2.100000000000000000e+01
3.100000000000000000e+01
4.500000000000000000e+01
1.090000000000000000e+02
2.100000000000000000e+01
5.500000000000000000e+01
3.200000000000000000e+01
2.500000000000000000e+01
7.700000000000000000e+01
2.900000000000000000e+01
9.900000000000000000e+01
3.700000000000000000e+01
5.700000000000000000e+01
8.800000000000000000e+01
5.200000000000000000e+01
2.600000000000000000e+01
5.400000000000000000e+01
3.830000000000000000e+02
1.060000000000000000e+02
1.030000000000000000e+02
1.230000000000000000e+02
3.160000000000000000e+02
9.600000000000000000e+01
3.290000000000000000e+02
4.300000000000000000e+01
8.200000000000000000e+01
7.100000000000000000e+01
9.890000000000000000e+02
2.100000000000000000e+01
3.820000000000000000e+02
8.300000000000000000e+01
3.130000000000000000e+02
7.760000000000000000e+02
7.580000000000000000e+02
3.420000000000000000e+02
2.110000000000000000e+02
1.110000000000000000e+02
4.820000000000000000e+02
1.320000000000000000e+02
7.530000000000000000e+02
8.810000000000000000e+02
1.350000000000000000e+02
3.250000000000000000e+02
4.970000000000000000e+02
1.250000000000000000e+02
1.639000000000000000e+03
4.130000000000000000e+02
2.460000000000000000e+03
4.460000000000000000e+03
4.075000000000000000e+03
1.681000000000000000e+03
2.112000000000000000e+03
2.797000000000000000e+03
3.286000000000000000e+03
3.084000000000000000e+03
2.777000000000000000e+03
2.628000000000000000e+03
2.933000000000000000e+03
3.065000000000000000e+03
2.586000000000000000e+03
3.013000000000000000e+03
2.428000000000000000e+03
3.098000000000000000e+03
3.536000000000000000e+03
2.994000000000000000e+03
3.237000000000000000e+03
3.183000000000000000e+03
1.964000000000000000e+03
1.850000000000000000e+03
1.661000000000000000e+03
2.374000000000000000e+03
2.031000000000000000e+03
2.232000000000000000e+03
1.943000000000000000e+03
2.023000000000000000e+03
1.936000000000000000e+03
8.900000000000000000e+02
3.947000000000000000e+03
1.434000000000000000e+03
1.803000000000000000e+03
2.159000000000000000e+03
2.545000000000000000e+03
3.404000000000000000e+03
1.940000000000000000e+03
2.831000000000000000e+03
1.950000000000000000e+03
2.331000000000000000e+03
3.232000000000000000e+03
2.064000000000000000e+03
1.718000000000000000e+03
1.451000000000000000e+03
1.403000000000000000e+03
3.811000000000000000e+03
1.511000000000000000e+03
1.137000000000000000e+03
3.464000000000000000e+03
1.886000000000000000e+03
1.683000000000000000e+03
3.415000000000000000e+03
2.190000000000000000e+03
2.872000000000000000e+03
9.480000000000000000e+02
4.680000000000000000e+02
4.980000000000000000e+02
3.630000000000000000e+02
2.830000000000000000e+02
2.900000000000000000e+02
6.350000000000000000e+02
2.480000000000000000e+02
2.100000000000000000e+02
1.260000000000000000e+02
2.140000000000000000e+02
8.700000000000000000e+01
1.280000000000000000e+02
4.500000000000000000e+01
3.800000000000000000e+01
5.000000000000000000e+01
7.230000000000000000e+02
1.200000000000000000e+01
5.700000000000000000e+01
4.800000000000000000e+01
1.840000000000000000e+02
3.770000000000000000e+02
3.160000000000000000e+02
3.700000000000000000e+01
4.000000000000000000e+01
2.400000000000000000e+01
8.500000000000000000e+01
1.700000000000000000e+01
4.520000000000000000e+02
1.960000000000000000e+02
1.400000000000000000e+01
4.500000000000000000e+01
2.900000000000000000e+01
9.000000000000000000e+00
7.600000000000000000e+01
1.200000000000000000e+01
4.660000000000000000e+02
7.800000000000000000e+01
2.300000000000000000e+01
1.600000000000000000e+01
3.200000000000000000e+01
2.840000000000000000e+02
3.100000000000000000e+01
2.400000000000000000e+01
1.200000000000000000e+01
2.300000000000000000e+01
1.370000000000000000e+02
1.000000000000000000e+01
1.700000000000000000e+01
3.300000000000000000e+01
1.300000000000000000e+01
2.600000000000000000e+01
6.800000000000000000e+01
2.600000000000000000e+01
2.400000000000000000e+01
3.700000000000000000e+01
4.000000000000000000e+01
2.000000000000000000e+01
2.800000000000000000e+01
1.900000000000000000e+01
3.700000000000000000e+01
1.670000000000000000e+02
1.800000000000000000e+01
2.300000000000000000e+01
8.000000000000000000e+00
1.700000000000000000e+01
7.300000000000000000e+01
6.000000000000000000e+00
1.500000000000000000e+01
5.300000000000000000e+01
3.600000000000000000e+01
1.900000000000000000e+01
1.900000000000000000e+01
5.600000000000000000e+01
1.300000000000000000e+01
1.400000000000000000e+01
0.000000000000000000e+00
0.000000000000000000e+00
0.000000000000000000e+00
0.000000000000000000e+00
0.000000000000000000e+00
0.000000000000000000e+00
0.000000000000000000e+00
0.000000000000000000e+00
0.000000000000000000e+00
0.000000000000000000e+00
0.000000000000000000e+00
0.000000000000000000e+00
0.000000000000000000e+00
0.000000000000000000e+00
0.000000000000000000e+00
0.000000000000000000e+00
0.000000000000000000e+00
0.000000000000000000e+00
0.000000000000000000e+00
0.000000000000000000e+00
0.000000000000000000e+00
0.000000000000000000e+00
0.000000000000000000e+00
0.000000000000000000e+00
0.000000000000000000e+00
0.000000000000000000e+00
0.000000000000000000e+00
0.000000000000000000e+00
0.000000000000000000e+00
0.000000000000000000e+00
0.000000000000000000e+00
0.000000000000000000e+00
0.000000000000000000e+00
0.000000000000000000e+00
0.000000000000000000e+00
0.000000000000000000e+00
0.000000000000000000e+00
0.000000000000000000e+00
0.000000000000000000e+00
0.000000000000000000e+00
0.000000000000000000e+00
0.000000000000000000e+00
0.000000000000000000e+00
0.000000000000000000e+00
0.000000000000000000e+00
0.000000000000000000e+00
0.000000000000000000e+00
0.000000000000000000e+00
0.000000000000000000e+00
0.000000000000000000e+00
0.000000000000000000e+00
0.000000000000000000e+00
0.000000000000000000e+00
0.000000000000000000e+00
0.000000000000000000e+00
0.000000000000000000e+00
0.000000000000000000e+00
0.000000000000000000e+00
0.000000000000000000e+00
0.000000000000000000e+00
0.000000000000000000e+00
0.000000000000000000e+00
0.000000000000000000e+00
0.000000000000000000e+00
0.000000000000000000e+00
0.000000000000000000e+00
0.000000000000000000e+00
0.000000000000000000e+00
0.000000000000000000e+00
0.000000000000000000e+00
0.000000000000000000e+00
0.000000000000000000e+00
0.000000000000000000e+00
0.000000000000000000e+00
0.000000000000000000e+00
0.000000000000000000e+00
5.830000000000000000e+02
1.400000000000000000e+01
4.500000000000000000e+01
7.800000000000000000e+01
6.800000000000000000e+01
9.500000000000000000e+01
1.180000000000000000e+02
1.280000000000000000e+02
1.070000000000000000e+02
1.400000000000000000e+02
1.330000000000000000e+02
1.490000000000000000e+02
1.550000000000000000e+02
1.570000000000000000e+02
1.480000000000000000e+02
2.170000000000000000e+02
2.110000000000000000e+02
2.110000000000000000e+02
1.920000000000000000e+02
1.770000000000000000e+02
1.930000000000000000e+02
1.830000000000000000e+02
1.970000000000000000e+02
2.000000000000000000e+02
2.290000000000000000e+02
1.770000000000000000e+02
1.830000000000000000e+02
2.200000000000000000e+02
2.510000000000000000e+02
1.680000000000000000e+02
2.730000000000000000e+02
1.770000000000000000e+02
3.310000000000000000e+02
1.610000000000000000e+02
3.650000000000000000e+02
1.640000000000000000e+02
3.330000000000000000e+02
1.330000000000000000e+02
1.870000000000000000e+02
3.090000000000000000e+02
1.740000000000000000e+02
1.540000000000000000e+02
1.380000000000000000e+02
3.080000000000000000e+02
1.280000000000000000e+02
2.240000000000000000e+02
2.690000000000000000e+02
1.630000000000000000e+02
2.290000000000000000e+02
1.740000000000000000e+02
1.380000000000000000e+02
3.930000000000000000e+02
1.240000000000000000e+02
1.450000000000000000e+02
1.550000000000000000e+02
3.180000000000000000e+02
1.680000000000000000e+02
3.560000000000000000e+02
2.210000000000000000e+02
3.430000000000000000e+02
1.770000000000000000e+02
2.230000000000000000e+02
1.890000000000000000e+02
1.430000000000000000e+02
6.920000000000000000e+02
1.520000000000000000e+02
1.710000000000000000e+02
3.690000000000000000e+02
1.960000000000000000e+02
1.960000000000000000e+02
4.700000000000000000e+02
3.660000000000000000e+02
1.770000000000000000e+02
4.270000000000000000e+02
3.180000000000000000e+02
4.010000000000000000e+02
2.430000000000000000e+02
4.880000000000000000e+02
4.070000000000000000e+02
1.950000000000000000e+02
5.570000000000000000e+02
4.240000000000000000e+02
3.620000000000000000e+02
3.800000000000000000e+02
1.460000000000000000e+02
1.297000000000000000e+03
1.620000000000000000e+02
4.320000000000000000e+02
4.220000000000000000e+02
4.880000000000000000e+02
6.380000000000000000e+02
6.760000000000000000e+02
5.750000000000000000e+02
5.270000000000000000e+02
9.120000000000000000e+02
4.650000000000000000e+02
1.173000000000000000e+03
5.810000000000000000e+02
1.279000000000000000e+03
9.430000000000000000e+02
8.740000000000000000e+02
9.920000000000000000e+02
1.268000000000000000e+03
1.265000000000000000e+03
1.069000000000000000e+03
1.396000000000000000e+03
2.130000000000000000e+03
1.413000000000000000e+03
1.530000000000000000e+03
1.907000000000000000e+03
1.485000000000000000e+03
1.631000000000000000e+03
1.987000000000000000e+03
2.009000000000000000e+03
1.768000000000000000e+03
1.579000000000000000e+03
2.296000000000000000e+03
2.002000000000000000e+03
2.205000000000000000e+03
1.921000000000000000e+03
2.119000000000000000e+03
2.111000000000000000e+03
2.106000000000000000e+03
2.114000000000000000e+03
1.837000000000000000e+03
2.531000000000000000e+03
1.935000000000000000e+03
2.377000000000000000e+03
3.618000000000000000e+03
1.827000000000000000e+03
2.434000000000000000e+03
1.960000000000000000e+03
2.038000000000000000e+03
2.446000000000000000e+03
2.012000000000000000e+03
2.016000000000000000e+03
1.519000000000000000e+03
1.836000000000000000e+03
1.758000000000000000e+03
1.757000000000000000e+03
1.662000000000000000e+03
1.161000000000000000e+03
1.606000000000000000e+03
1.882000000000000000e+03
1.264000000000000000e+03
1.582000000000000000e+03
2.055000000000000000e+03
1.666000000000000000e+03
1.782000000000000000e+03
1.752000000000000000e+03
1.404000000000000000e+03
1.562000000000000000e+03
1.376000000000000000e+03
1.704000000000000000e+03
1.282000000000000000e+03
1.398000000000000000e+03
1.200000000000000000e+03
1.075000000000000000e+03
8.810000000000000000e+02
8.500000000000000000e+02
5.620000000000000000e+02
7.530000000000000000e+02
5.930000000000000000e+02
4.050000000000000000e+02
4.530000000000000000e+02
3.810000000000000000e+02
4.340000000000000000e+02
3.740000000000000000e+02
4.830000000000000000e+02
1.990000000000000000e+02
5.410000000000000000e+02
1.890000000000000000e+02
4.680000000000000000e+02
3.090000000000000000e+02
3.780000000000000000e+02
2.100000000000000000e+02
3.270000000000000000e+02
2.900000000000000000e+02
1.770000000000000000e+02
4.530000000000000000e+02
3.120000000000000000e+02
3.140000000000000000e+02
3.960000000000000000e+02
3.840000000000000000e+02
3.460000000000000000e+02
3.680000000000000000e+02
2.610000000000000000e+02
2.580000000000000000e+02
4.300000000000000000e+02
1.140000000000000000e+02
1.820000000000000000e+02
2.260000000000000000e+02
6.000000000000000000e+01
2.580000000000000000e+02
1.670000000000000000e+02
9.000000000000000000e+01
7.400000000000000000e+01
6.400000000000000000e+01
2.100000000000000000e+02
6.400000000000000000e+01
9.500000000000000000e+01
8.100000000000000000e+01
1.120000000000000000e+02
6.100000000000000000e+01
2.840000000000000000e+02
4.300000000000000000e+01
8.700000000000000000e+01
8.900000000000000000e+01
6.700000000000000000e+01
1.040000000000000000e+02
2.340000000000000000e+02
1.640000000000000000e+02
1.010000000000000000e+02
1.510000000000000000e+02
2.180000000000000000e+02
2.130000000000000000e+02
2.300000000000000000e+02
1.740000000000000000e+02
1.730000000000000000e+02
2.660000000000000000e+02
2.640000000000000000e+02
4.020000000000000000e+02
3.270000000000000000e+02
4.240000000000000000e+02
3.010000000000000000e+02
2.770000000000000000e+02
2.920000000000000000e+02
3.150000000000000000e+02
2.260000000000000000e+02
3.470000000000000000e+02
3.270000000000000000e+02
1.860000000000000000e+02
2.980000000000000000e+02
2.530000000000000000e+02
1.250000000000000000e+02
2.170000000000000000e+02
1.040000000000000000e+02
2.570000000000000000e+02
7.300000000000000000e+01
5.500000000000000000e+01
3.700000000000000000e+01
1.600000000000000000e+01
2.400000000000000000e+01
1.760000000000000000e+02
1.020000000000000000e+02
6.300000000000000000e+01
1.850000000000000000e+02
1.000000000000000000e+00
2.000000000000000000e+00
2.000000000000000000e+00
0.000000000000000000e+00
0.000000000000000000e+00
0.000000000000000000e+00
0.000000000000000000e+00
0.000000000000000000e+00
7.750000000000000000e+02
1.100000000000000000e+01
4.400000000000000000e+01
6.300000000000000000e+01
5.600000000000000000e+01
6.000000000000000000e+01
6.300000000000000000e+01
1.200000000000000000e+02
2.650000000000000000e+02
4.690000000000000000e+02
6.090000000000000000e+02
8.020000000000000000e+02
1.112000000000000000e+03
1.235000000000000000e+03
1.227000000000000000e+03
1.012000000000000000e+03
9.500000000000000000e+02
1.063000000000000000e+03
9.250000000000000000e+02
8.570000000000000000e+02
9.410000000000000000e+02
1.102000000000000000e+03
1.234000000000000000e+03
1.657000000000000000e+03
1.580000000000000000e+03
1.535000000000000000e+03
1.359000000000000000e+03
1.286000000000000000e+03
1.146000000000000000e+03
1.089000000000000000e+03
1.052000000000000000e+03
9.360000000000000000e+02
9.350000000000000000e+02
1.062000000000000000e+03
1.067000000000000000e+03
1.186000000000000000e+03
1.273000000000000000e+03
1.403000000000000000e+03
1.588000000000000000e+03
1.538000000000000000e+03
1.501000000000000000e+03
1.404000000000000000e+03
1.429000000000000000e+03
1.560000000000000000e+03
1.532000000000000000e+03
1.367000000000000000e+03
1.416000000000000000e+03
1.416000000000000000e+03
1.452000000000000000e+03
1.570000000000000000e+03
1.641000000000000000e+03
1.683000000000000000e+03
1.481000000000000000e+03
1.446000000000000000e+03
1.282000000000000000e+03
1.253000000000000000e+03
1.221000000000000000e+03
1.301000000000000000e+03
1.290000000000000000e+03
1.240000000000000000e+03
1.346000000000000000e+03
1.450000000000000000e+03
1.509000000000000000e+03
1.498000000000000000e+03
1.488000000000000000e+03
1.377000000000000000e+03
1.320000000000000000e+03
1.189000000000000000e+03
1.164000000000000000e+03
1.066000000000000000e+03
8.870000000000000000e+02
8.600000000000000000e+02
8.480000000000000000e+02
7.810000000000000000e+02
8.300000000000000000e+02
8.970000000000000000e+02
9.070000000000000000e+02
9.430000000000000000e+02
9.940000000000000000e+02
1.007000000000000000e+03
1.033000000000000000e+03
1.011000000000000000e+03
9.080000000000000000e+02
9.750000000000000000e+02
1.033000000000000000e+03
1.019000000000000000e+03
1.123000000000000000e+03
1.121000000000000000e+03
1.165000000000000000e+03
1.046000000000000000e+03
9.960000000000000000e+02
1.032000000000000000e+03
1.032000000000000000e+03
1.092000000000000000e+03
1.034000000000000000e+03
9.920000000000000000e+02
1.085000000000000000e+03
1.030000000000000000e+03
9.940000000000000000e+02
9.440000000000000000e+02
1.014000000000000000e+03
1.059000000000000000e+03
1.001000000000000000e+03
9.760000000000000000e+02
8.800000000000000000e+02
8.120000000000000000e+02
6.490000000000000000e+02
6.480000000000000000e+02
6.240000000000000000e+02
5.990000000000000000e+02
6.380000000000000000e+02
5.710000000000000000e+02
5.340000000000000000e+02
5.040000000000000000e+02
4.620000000000000000e+02
4.670000000000000000e+02
4.780000000000000000e+02
3.890000000000000000e+02
3.820000000000000000e+02
3.630000000000000000e+02
4.000000000000000000e+02
3.930000000000000000e+02
4.280000000000000000e+02
4.120000000000000000e+02
4.370000000000000000e+02
4.300000000000000000e+02
4.550000000000000000e+02
5.830000000000000000e+02
5.140000000000000000e+02
5.590000000000000000e+02
5.760000000000000000e+02
5.790000000000000000e+02
5.970000000000000000e+02
6.210000000000000000e+02
6.010000000000000000e+02
6.150000000000000000e+02
6.000000000000000000e+02
6.010000000000000000e+02
5.990000000000000000e+02
5.940000000000000000e+02
5.900000000000000000e+02
5.780000000000000000e+02
5.890000000000000000e+02
5.650000000000000000e+02
5.090000000000000000e+02
5.100000000000000000e+02
5.180000000000000000e+02
4.680000000000000000e+02
4.430000000000000000e+02
4.570000000000000000e+02
3.530000000000000000e+02
3.960000000000000000e+02
4.090000000000000000e+02
3.880000000000000000e+02
3.520000000000000000e+02
3.250000000000000000e+02
3.880000000000000000e+02
3.560000000000000000e+02
3.440000000000000000e+02
3.690000000000000000e+02
3.710000000000000000e+02
3.390000000000000000e+02
4.240000000000000000e+02
3.870000000000000000e+02
3.870000000000000000e+02
3.610000000000000000e+02
3.670000000000000000e+02
3.550000000000000000e+02
3.680000000000000000e+02
3.620000000000000000e+02
3.530000000000000000e+02
3.270000000000000000e+02
3.340000000000000000e+02
3.110000000000000000e+02
3.270000000000000000e+02
3.540000000000000000e+02
3.240000000000000000e+02
3.240000000000000000e+02
3.180000000000000000e+02
2.910000000000000000e+02
2.600000000000000000e+02
2.300000000000000000e+02
2.500000000000000000e+02
2.130000000000000000e+02
2.260000000000000000e+02
2.040000000000000000e+02
1.900000000000000000e+02
1.830000000000000000e+02
1.740000000000000000e+02
1.830000000000000000e+02
2.050000000000000000e+02
1.510000000000000000e+02
1.690000000000000000e+02
1.660000000000000000e+02
1.350000000000000000e+02
1.750000000000000000e+02
1.360000000000000000e+02
1.350000000000000000e+02
1.560000000000000000e+02
1.430000000000000000e+02
1.320000000000000000e+02
1.400000000000000000e+02
1.390000000000000000e+02
1.130000000000000000e+02
1.030000000000000000e+02
1.220000000000000000e+02
1.200000000000000000e+02
1.290000000000000000e+02
1.160000000000000000e+02
1.110000000000000000e+02
1.050000000000000000e+02
1.060000000000000000e+02
9.600000000000000000e+01
9.200000000000000000e+01
9.700000000000000000e+01
1.110000000000000000e+02
1.170000000000000000e+02
9.800000000000000000e+01
9.800000000000000000e+01
9.100000000000000000e+01
8.400000000000000000e+01
7.800000000000000000e+01
1.080000000000000000e+02
8.900000000000000000e+01
8.200000000000000000e+01
9.700000000000000000e+01
9.200000000000000000e+01
9.200000000000000000e+01
8.300000000000000000e+01
8.600000000000000000e+01
9.700000000000000000e+01
9.600000000000000000e+01
7.200000000000000000e+01
7.400000000000000000e+01
6.800000000000000000e+01
6.600000000000000000e+01
6.600000000000000000e+01
6.200000000000000000e+01
8.600000000000000000e+01
6.500000000000000000e+01
6.800000000000000000e+01
6.900000000000000000e+01
8.400000000000000000e+01
5.700000000000000000e+01
6.800000000000000000e+01
6.800000000000000000e+01
7.400000000000000000e+01
6.600000000000000000e+01
7.000000000000000000e+01
8.700000000000000000e+01
7.600000000000000000e+01
6.700000000000000000e+01
8.400000000000000000e+01
7.600000000000000000e+01
7.600000000000000000e+01
7.100000000000000000e+01
8.180000000000000000e+02
