1.450000000000000000e+02
4.000000000000000000e+00
8.000000000000000000e+00
1.200000000000000000e+01
7.000000000000000000e+00
2.900000000000000000e+01
2.600000000000000000e+01
1.300000000000000000e+01
2.600000000000000000e+01
2.100000000000000000e+01
3.000000000000000000e+01
5.500000000000000000e+01
4.000000000000000000e+01
7.100000000000000000e+01
7.500000000000000000e+01
1.350000000000000000e+02
1.420000000000000000e+02
1.730000000000000000e+02
1.990000000000000000e+02
2.580000000000000000e+02
3.180000000000000000e+02
3.540000000000000000e+02
4.170000000000000000e+02
3.430000000000000000e+02
4.270000000000000000e+02
4.190000000000000000e+02
6.610000000000000000e+02
6.710000000000000000e+02
1.050000000000000000e+03
1.170000000000000000e+03
2.914000000000000000e+03
1.262000000000000000e+03
1.535000000000000000e+03
1.609000000000000000e+03
1.828000000000000000e+03
3.477000000000000000e+03
5.072000000000000000e+03
8.958000000000000000e+03
1.182100000000000000e+04
1.317600000000000000e+04
1.176000000000000000e+04
9.576000000000000000e+03
8.152000000000000000e+03
8.108000000000000000e+03
7.285000000000000000e+03
8.246000000000000000e+03
9.992000000000000000e+03
9.728000000000000000e+03
1.296800000000000000e+04
1.066600000000000000e+04
1.022600000000000000e+04
7.713000000000000000e+03
4.240000000000000000e+03
3.125000000000000000e+03
1.758000000000000000e+03
1.439000000000000000e+03
7.300000000000000000e+02
4.130000000000000000e+02
3.040000000000000000e+02
2.040000000000000000e+02
5.180000000000000000e+02
6.800000000000000000e+01
8.800000000000000000e+01
1.160000000000000000e+02
3.900000000000000000e+01
5.200000000000000000e+01
1.610000000000000000e+02
6.600000000000000000e+01
4.300000000000000000e+01
3.600000000000000000e+01
4.300000000000000000e+01
1.900000000000000000e+01
2.100000000000000000e+01
3.100000000000000000e+01
3.200000000000000000e+01
4.900000000000000000e+01
1.400000000000000000e+01
1.500000000000000000e+01
9.000000000000000000e+00
1.500000000000000000e+01
4.400000000000000000e+01
3.000000000000000000e+00
3.000000000000000000e+00
2.300000000000000000e+01
1.100000000000000000e+01
1.000000000000000000e+00
0.000000000000000000e+00
7.000000000000000000e+00
0.000000000000000000e+00
1.000000000000000000e+00
7.200000000000000000e+01
0.000000000000000000e+00
1.000000000000000000e+00
2.000000000000000000e+00
0.000000000000000000e+00
1.000000000000000000e+00
2.300000000000000000e+01
0.000000000000000000e+00
3.000000000000000000e+00
1.000000000000000000e+00
0.000000000000000000e+00
5.000000000000000000e+00
0.000000000000000000e+00
1.700000000000000000e+01
2.000000000000000000e+00
1.000000000000000000e+01
3.000000000000000000e+00
2.000000000000000000e+00
1.000000000000000000e+00
5.000000000000000000e+00
7.000000000000000000e+00
2.000000000000000000e+00
0.000000000000000000e+00
1.000000000000000000e+00
1.100000000000000000e+01
4.000000000000000000e+00
1.000000000000000000e+00
0.000000000000000000e+00
1.000000000000000000e+00
0.000000000000000000e+00
1.900000000000000000e+01
0.000000000000000000e+00
2.000000000000000000e+00
0.000000000000000000e+00
4.000000000000000000e+00
3.000000000000000000e+00
5.000000000000000000e+00
1.000000000000000000e+00
4.000000000000000000e+00
0.000000000000000000e+00
3.000000000000000000e+00
0.000000000000000000e+00
5.000000000000000000e+00
3.000000000000000000e+00
0.000000000000000000e+00
5.000000000000000000e+00
0.000000000000000000e+00
1.000000000000000000e+00
2.000000000000000000e+00
1.000000000000000000e+00
1.500000000000000000e+01
4.000000000000000000e+00
0.000000000000000000e+00
2.000000000000000000e+00
0.000000000000000000e+00
2.000000000000000000e+00
3.000000000000000000e+00
2.000000000000000000e+00
0.000000000000000000e+00
0.000000000000000000e+00
3.600000000000000000e+01
0.000000000000000000e+00
1.000000000000000000e+00
0.000000000000000000e+00
0.000000000000000000e+00
0.000000000000000000e+00
1.100000000000000000e+01
1.000000000000000000e+00
0.000000000000000000e+00
1.000000000000000000e+00
3.000000000000000000e+00
1.000000000000000000e+00
1.000000000000000000e+00
3.000000000000000000e+00
3.000000000000000000e+00
3.100000000000000000e+01
0.000000000000000000e+00
0.000000000000000000e+00
0.000000000000000000e+00
4.000000000000000000e+00
7.000000000000000000e+00
0.000000000000000000e+00
1.000000000000000000e+00
1.000000000000000000e+01
3.000000000000000000e+00
0.000000000000000000e+00
1.000000000000000000e+00
6.000000000000000000e+00
2.000000000000000000e+00
1.000000000000000000e+00
0.000000000000000000e+00
0.000000000000000000e+00
0.000000000000000000e+00
0.000000000000000000e+00
0.000000000000000000e+00
0.000000000000000000e+00
0.000000000000000000e+00
0.000000000000000000e+00
0.000000000000000000e+00
0.000000000000000000e+00
0.000000000000000000e+00
0.000000000000000000e+00
0.000000000000000000e+00
0.000000000000000000e+00
0.000000000000000000e+00
0.000000000000000000e+00
0.000000000000000000e+00
0.000000000000000000e+00
0.000000000000000000e+00
0.000000000000000000e+00
0.000000000000000000e+00
0.000000000000000000e+00
0.000000000000000000e+00
0.000000000000000000e+00
0.000000000000000000e+00
0.000000000000000000e+00
0.000000000000000000e+00
0.000000000000000000e+00
0.000000000000000000e+00
0.000000000000000000e+00
0.000000000000000000e+00
0.000000000000000000e+00
0.000000000000000000e+00
0.000000000000000000e+00
0.000000000000000000e+00
0.000000000000000000e+00
0.000000000000000000e+00
0.000000000000000000e+00
0.000000000000000000e+00
0.000000000000000000e+00
0.000000000000000000e+00
0.000000000000000000e+00
0.000000000000000000e+00
0.000000000000000000e+00
0.000000000000000000e+00
0.000000000000000000e+00
0.000000000000000000e+00
0.000000000000000000e+00
0.000000000000000000e+00
0.000000000000000000e+00
0.000000000000000000e+00
0.000000000000000000e+00
0.000000000000000000e+00
0.000000000000000000e+00
0.000000000000000000e+00
0.000000000000000000e+00
0.000000000000000000e+00
0.000000000000000000e+00
0.000000000000000000e+00
0.000000000000000000e+00
0.000000000000000000e+00
0.000000000000000000e+00
0.000000000000000000e+00
0.000000000000000000e+00
0.000000000000000000e+00
0.000000000000000000e+00
0.000000000000000000e+00
0.000000000000000000e+00
0.000000000000000000e+00
0.000000000000000000e+00
0.000000000000000000e+00
0.000000000000000000e+00
0.000000000000000000e+00
0.000000000000000000e+00
0.000000000000000000e+00
0.000000000000000000e+00
1.030000000000000000e+02
6.000000000000000000e+01
1.600000000000000000e+02
4.600000000000000000e+01
8.800000000000000000e+01
1.070000000000000000e+02
2.900000000000000000e+01
7.600000000000000000e+01
3.200000000000000000e+01
9.400000000000000000e+01
3.100000000000000000e+01
9.800000000000000000e+01
1.140000000000000000e+02
4.500000000000000000e+01
1.210000000000000000e+02
4.600000000000000000e+01
1.130000000000000000e+02
5.100000000000000000e+01
1.080000000000000000e+02
9.500000000000000000e+01
7.400000000000000000e+01
1.140000000000000000e+02
6.600000000000000000e+01
1.010000000000000000e+02
5.700000000000000000e+01
8.700000000000000000e+01
9.500000000000000000e+01
1.100000000000000000e+02
1.140000000000000000e+02
1.190000000000000000e+02
1.200000000000000000e+02
1.350000000000000000e+02
1.470000000000000000e+02
1.510000000000000000e+02
1.360000000000000000e+02
1.310000000000000000e+02
1.460000000000000000e+02
1.460000000000000000e+02
1.560000000000000000e+02
1.170000000000000000e+02
1.330000000000000000e+02
1.440000000000000000e+02
1.480000000000000000e+02
1.350000000000000000e+02
1.640000000000000000e+02
1.610000000000000000e+02
1.570000000000000000e+02
1.620000000000000000e+02
1.510000000000000000e+02
1.470000000000000000e+02
1.570000000000000000e+02
1.510000000000000000e+02
1.750000000000000000e+02
1.730000000000000000e+02
1.690000000000000000e+02
1.770000000000000000e+02
1.710000000000000000e+02
2.130000000000000000e+02
1.510000000000000000e+02
1.850000000000000000e+02
1.940000000000000000e+02
1.800000000000000000e+02
2.110000000000000000e+02
1.970000000000000000e+02
1.810000000000000000e+02
1.940000000000000000e+02
2.100000000000000000e+02
2.080000000000000000e+02
2.260000000000000000e+02
2.350000000000000000e+02
2.270000000000000000e+02
2.240000000000000000e+02
2.410000000000000000e+02
2.370000000000000000e+02
2.370000000000000000e+02
2.700000000000000000e+02
2.280000000000000000e+02
2.570000000000000000e+02
2.110000000000000000e+02
2.230000000000000000e+02
2.430000000000000000e+02
2.180000000000000000e+02
2.170000000000000000e+02
2.440000000000000000e+02
2.110000000000000000e+02
2.500000000000000000e+02
2.150000000000000000e+02
2.280000000000000000e+02
1.930000000000000000e+02
2.160000000000000000e+02
2.460000000000000000e+02
2.350000000000000000e+02
2.060000000000000000e+02
2.400000000000000000e+02
2.250000000000000000e+02
2.190000000000000000e+02
2.290000000000000000e+02
2.100000000000000000e+02
2.630000000000000000e+02
2.640000000000000000e+02
2.360000000000000000e+02
2.170000000000000000e+02
2.370000000000000000e+02
2.270000000000000000e+02
2.220000000000000000e+02
2.410000000000000000e+02
2.430000000000000000e+02
2.410000000000000000e+02
2.470000000000000000e+02
2.760000000000000000e+02
2.330000000000000000e+02
2.220000000000000000e+02
2.810000000000000000e+02
2.590000000000000000e+02
2.680000000000000000e+02
2.680000000000000000e+02
3.350000000000000000e+02
3.000000000000000000e+02
3.410000000000000000e+02
3.300000000000000000e+02
3.630000000000000000e+02
3.240000000000000000e+02
3.290000000000000000e+02
3.420000000000000000e+02
3.690000000000000000e+02
3.510000000000000000e+02
3.310000000000000000e+02
3.420000000000000000e+02
6.710000000000000000e+02
3.500000000000000000e+02
3.700000000000000000e+02
4.110000000000000000e+02
4.420000000000000000e+02
4.110000000000000000e+02
4.470000000000000000e+02
4.370000000000000000e+02
4.600000000000000000e+02
6.040000000000000000e+02
5.340000000000000000e+02
6.540000000000000000e+02
5.610000000000000000e+02
5.630000000000000000e+02
5.840000000000000000e+02
6.400000000000000000e+02
6.210000000000000000e+02
6.640000000000000000e+02
7.350000000000000000e+02
6.330000000000000000e+02
7.550000000000000000e+02
7.960000000000000000e+02
7.740000000000000000e+02
7.150000000000000000e+02
6.880000000000000000e+02
9.070000000000000000e+02
7.570000000000000000e+02
8.690000000000000000e+02
9.260000000000000000e+02
9.000000000000000000e+02
9.830000000000000000e+02
1.232000000000000000e+03
9.650000000000000000e+02
1.174000000000000000e+03
1.183000000000000000e+03
1.096000000000000000e+03
1.226000000000000000e+03
1.253000000000000000e+03
1.217000000000000000e+03
1.171000000000000000e+03
1.203000000000000000e+03
1.113000000000000000e+03
1.783000000000000000e+03
1.138000000000000000e+03
1.137000000000000000e+03
1.288000000000000000e+03
1.311000000000000000e+03
1.205000000000000000e+03
1.194000000000000000e+03
1.260000000000000000e+03
1.139000000000000000e+03
1.257000000000000000e+03
1.265000000000000000e+03
1.154000000000000000e+03
1.352000000000000000e+03
1.117000000000000000e+03
1.321000000000000000e+03
1.224000000000000000e+03
1.122000000000000000e+03
1.196000000000000000e+03
1.460000000000000000e+03
1.119000000000000000e+03
1.102000000000000000e+03
1.467000000000000000e+03
1.074000000000000000e+03
1.058000000000000000e+03
1.255000000000000000e+03
1.070000000000000000e+03
1.029000000000000000e+03
1.218000000000000000e+03
1.052000000000000000e+03
7.360000000000000000e+02
9.450000000000000000e+02
8.660000000000000000e+02
7.010000000000000000e+02
6.660000000000000000e+02
1.078000000000000000e+03
5.560000000000000000e+02
1.007000000000000000e+03
6.640000000000000000e+02
6.020000000000000000e+02
7.430000000000000000e+02
6.940000000000000000e+02
6.450000000000000000e+02
4.960000000000000000e+02
9.230000000000000000e+02
6.370000000000000000e+02
6.490000000000000000e+02
6.280000000000000000e+02
9.180000000000000000e+02
4.320000000000000000e+02
8.510000000000000000e+02
5.730000000000000000e+02
7.410000000000000000e+02
8.300000000000000000e+02
7.510000000000000000e+02
6.160000000000000000e+02
6.610000000000000000e+02
8.320000000000000000e+02
8.080000000000000000e+02
6.780000000000000000e+02
6.890000000000000000e+02
1.129000000000000000e+03
7.750000000000000000e+02
9.340000000000000000e+02
1.069000000000000000e+03
8.040000000000000000e+02
1.156000000000000000e+03
7.990000000000000000e+02
1.365000000000000000e+03
9.950000000000000000e+02
1.138000000000000000e+03
1.479000000000000000e+03
1.145000000000000000e+03
1.243000000000000000e+03
1.745000000000000000e+03
1.380000000000000000e+03
1.325000000000000000e+03
1.440000000000000000e+03
1.814000000000000000e+03
2.163000000000000000e+03
2.469000000000000000e+03
1.901000000000000000e+03
1.875000000000000000e+03
1.600000000000000000e+03
5.340000000000000000e+02
5.000000000000000000e+00
4.043900000000000000e+04
0.000000000000000000e+00
2.000000000000000000e+00
6.000000000000000000e+00
1.300000000000000000e+01
1.700000000000000000e+01
2.100000000000000000e+01
4.800000000000000000e+01
5.700000000000000000e+01
9.800000000000000000e+01
1.880000000000000000e+02
2.610000000000000000e+02
4.380000000000000000e+02
3.810000000000000000e+02
4.370000000000000000e+02
6.270000000000000000e+02
9.150000000000000000e+02
9.900000000000000000e+02
8.590000000000000000e+02
8.620000000000000000e+02
8.350000000000000000e+02
8.640000000000000000e+02
1.075000000000000000e+03
1.084000000000000000e+03
1.003000000000000000e+03
1.059000000000000000e+03
1.041000000000000000e+03
1.026000000000000000e+03
1.166000000000000000e+03
1.327000000000000000e+03
1.403000000000000000e+03
1.409000000000000000e+03
1.465000000000000000e+03
1.563000000000000000e+03
1.622000000000000000e+03
1.622000000000000000e+03
1.638000000000000000e+03
1.657000000000000000e+03
1.777000000000000000e+03
1.651000000000000000e+03
1.678000000000000000e+03
1.772000000000000000e+03
1.828000000000000000e+03
1.726000000000000000e+03
1.618000000000000000e+03
1.530000000000000000e+03
1.493000000000000000e+03
1.480000000000000000e+03
1.374000000000000000e+03
1.341000000000000000e+03
1.303000000000000000e+03
1.179000000000000000e+03
1.195000000000000000e+03
1.112000000000000000e+03
1.073000000000000000e+03
1.081000000000000000e+03
1.099000000000000000e+03
9.960000000000000000e+02
1.025000000000000000e+03
9.690000000000000000e+02
9.780000000000000000e+02
9.110000000000000000e+02
9.550000000000000000e+02
9.940000000000000000e+02
9.930000000000000000e+02
1.132000000000000000e+03
1.139000000000000000e+03
1.110000000000000000e+03
1.126000000000000000e+03
1.087000000000000000e+03
1.083000000000000000e+03
1.010000000000000000e+03
9.770000000000000000e+02
9.660000000000000000e+02
9.510000000000000000e+02
9.080000000000000000e+02
8.030000000000000000e+02
7.310000000000000000e+02
6.570000000000000000e+02
6.910000000000000000e+02
6.740000000000000000e+02
6.640000000000000000e+02
6.040000000000000000e+02
6.200000000000000000e+02
6.070000000000000000e+02
6.410000000000000000e+02
6.340000000000000000e+02
6.620000000000000000e+02
7.290000000000000000e+02
6.890000000000000000e+02
6.630000000000000000e+02
6.610000000000000000e+02
6.390000000000000000e+02
6.090000000000000000e+02
5.900000000000000000e+02
5.560000000000000000e+02
5.600000000000000000e+02
5.060000000000000000e+02
4.430000000000000000e+02
4.420000000000000000e+02
4.440000000000000000e+02
4.450000000000000000e+02
3.760000000000000000e+02
4.060000000000000000e+02
4.080000000000000000e+02
4.200000000000000000e+02
3.570000000000000000e+02
3.840000000000000000e+02
4.210000000000000000e+02
4.320000000000000000e+02
3.770000000000000000e+02
3.650000000000000000e+02
3.780000000000000000e+02
4.220000000000000000e+02
4.210000000000000000e+02
3.960000000000000000e+02
3.820000000000000000e+02
4.040000000000000000e+02
4.140000000000000000e+02
4.080000000000000000e+02
3.720000000000000000e+02
4.380000000000000000e+02
4.320000000000000000e+02
4.540000000000000000e+02
4.410000000000000000e+02
4.410000000000000000e+02
4.370000000000000000e+02
4.520000000000000000e+02
4.290000000000000000e+02
4.000000000000000000e+02
4.660000000000000000e+02
4.350000000000000000e+02
4.100000000000000000e+02
4.240000000000000000e+02
4.380000000000000000e+02
4.080000000000000000e+02
4.060000000000000000e+02
3.990000000000000000e+02
3.950000000000000000e+02
3.590000000000000000e+02
4.020000000000000000e+02
4.260000000000000000e+02
3.810000000000000000e+02
4.000000000000000000e+02
3.960000000000000000e+02
3.780000000000000000e+02
3.570000000000000000e+02
3.600000000000000000e+02
3.440000000000000000e+02
3.610000000000000000e+02
4.170000000000000000e+02
3.760000000000000000e+02
3.370000000000000000e+02
3.920000000000000000e+02
3.790000000000000000e+02
3.650000000000000000e+02
3.820000000000000000e+02
3.610000000000000000e+02
3.770000000000000000e+02
3.460000000000000000e+02
3.340000000000000000e+02
3.330000000000000000e+02
3.690000000000000000e+02
3.600000000000000000e+02
3.870000000000000000e+02
4.170000000000000000e+02
3.600000000000000000e+02
4.280000000000000000e+02
4.010000000000000000e+02
4.170000000000000000e+02
4.030000000000000000e+02
4.140000000000000000e+02
4.130000000000000000e+02
3.990000000000000000e+02
4.130000000000000000e+02
3.600000000000000000e+02
4.050000000000000000e+02
3.700000000000000000e+02
4.350000000000000000e+02
4.100000000000000000e+02
4.240000000000000000e+02
4.300000000000000000e+02
4.430000000000000000e+02
3.990000000000000000e+02
4.590000000000000000e+02
4.720000000000000000e+02
4.660000000000000000e+02
4.770000000000000000e+02
4.520000000000000000e+02
4.740000000000000000e+02
4.790000000000000000e+02
5.020000000000000000e+02
5.410000000000000000e+02
5.460000000000000000e+02
5.620000000000000000e+02
5.890000000000000000e+02
5.880000000000000000e+02
6.010000000000000000e+02
6.280000000000000000e+02
6.720000000000000000e+02
6.940000000000000000e+02
7.280000000000000000e+02
6.330000000000000000e+02
6.900000000000000000e+02
7.000000000000000000e+02
6.900000000000000000e+02
7.330000000000000000e+02
7.250000000000000000e+02
7.150000000000000000e+02
6.420000000000000000e+02
7.040000000000000000e+02
6.510000000000000000e+02
6.820000000000000000e+02
6.710000000000000000e+02
6.070000000000000000e+02
6.720000000000000000e+02
6.490000000000000000e+02
6.860000000000000000e+02
6.540000000000000000e+02
6.340000000000000000e+02
5.960000000000000000e+02
6.330000000000000000e+02
6.900000000000000000e+02
7.210000000000000000e+02
7.630000000000000000e+02
7.300000000000000000e+02
7.720000000000000000e+02
8.460000000000000000e+02
8.060000000000000000e+02
8.620000000000000000e+02
8.200000000000000000e+02
8.360000000000000000e+02
9.030000000000000000e+02
9.070000000000000000e+02
9.180000000000000000e+02
9.380000000000000000e+02
9.810000000000000000e+02
9.520000000000000000e+02
9.630000000000000000e+02
1.033000000000000000e+03
1.004000000000000000e+03
1.051000000000000000e+03
1.096000000000000000e+03
1.145000000000000000e+03
1.235000000000000000e+03
1.230000000000000000e+03
1.215000000000000000e+03
1.237000000000000000e+03
1.197000000000000000e+03
1.097000000000000000e+03
1.051000000000000000e+03
1.025000000000000000e+03
9.020000000000000000e+02
9.360000000000000000e+02
8.920000000000000000e+02
8.410000000000000000e+02
7.277000000000000000e+03
