1.830000000000000000e+03
1.750000000000000000e+02
2.280000000000000000e+02
3.930000000000000000e+02
5.870000000000000000e+02
1.574000000000000000e+03
2.043000000000000000e+03
1.201000000000000000e+03
4.369000000000000000e+03
4.830000000000000000e+03
8.208000000000000000e+03
1.467000000000000000e+04
1.357500000000000000e+04
2.235500000000000000e+04
1.497700000000000000e+04
1.683900000000000000e+04
1.008900000000000000e+04
8.594000000000000000e+03
7.340000000000000000e+03
1.472400000000000000e+04
1.270500000000000000e+04
4.803000000000000000e+03
2.287000000000000000e+03
7.600000000000000000e+02
1.653000000000000000e+03
7.290000000000000000e+02
4.230000000000000000e+02
8.700000000000000000e+01
6.300000000000000000e+01
8.900000000000000000e+01
1.765000000000000000e+03
4.600000000000000000e+01
6.700000000000000000e+01
5.800000000000000000e+01
1.400000000000000000e+02
3.870000000000000000e+02
6.850000000000000000e+02
2.500000000000000000e+01
4.200000000000000000e+01
3.100000000000000000e+01
6.200000000000000000e+01
1.500000000000000000e+01
1.780000000000000000e+02
1.260000000000000000e+02
1.400000000000000000e+01
2.900000000000000000e+01
2.600000000000000000e+01
1.200000000000000000e+01
2.900000000000000000e+01
1.000000000000000000e+01
3.460000000000000000e+02
3.800000000000000000e+01
1.500000000000000000e+01
5.000000000000000000e+00
7.000000000000000000e+00
4.300000000000000000e+01
1.700000000000000000e+01
1.300000000000000000e+01
8.000000000000000000e+00
6.000000000000000000e+00
2.800000000000000000e+01
5.000000000000000000e+00
6.000000000000000000e+00
1.200000000000000000e+01
6.000000000000000000e+00
4.000000000000000000e+00
1.080000000000000000e+02
5.000000000000000000e+00
6.000000000000000000e+00
8.000000000000000000e+00
2.500000000000000000e+01
4.000000000000000000e+00
1.000000000000000000e+00
1.100000000000000000e+01
6.000000000000000000e+00
5.850000000000000000e+02
4.000000000000000000e+00
2.000000000000000000e+00
1.000000000000000000e+00
5.000000000000000000e+00
7.300000000000000000e+01
1.000000000000000000e+00
2.000000000000000000e+00
2.040000000000000000e+02
2.000000000000000000e+00
3.000000000000000000e+00
0.000000000000000000e+00
2.000000000000000000e+01
0.000000000000000000e+00
0.000000000000000000e+00
7.900000000000000000e+01
0.000000000000000000e+00
1.000000000000000000e+00
8.000000000000000000e+00
1.000000000000000000e+00
1.800000000000000000e+01
1.840000000000000000e+02
6.000000000000000000e+00
3.200000000000000000e+01
1.500000000000000000e+01
1.900000000000000000e+01
1.340000000000000000e+02
7.500000000000000000e+01
3.580000000000000000e+02
2.470000000000000000e+02
3.260000000000000000e+02
3.360000000000000000e+02
3.050000000000000000e+02
2.210000000000000000e+02
4.090000000000000000e+02
6.670000000000000000e+02
4.130000000000000000e+02
3.440000000000000000e+02
2.280000000000000000e+02
3.460000000000000000e+02
2.000000000000000000e+02
2.210000000000000000e+02
2.600000000000000000e+01
2.900000000000000000e+01
2.600000000000000000e+01
6.720000000000000000e+02
3.000000000000000000e+00
7.000000000000000000e+01
2.400000000000000000e+01
8.900000000000000000e+01
2.030000000000000000e+02
2.070000000000000000e+02
1.200000000000000000e+01
4.300000000000000000e+01
1.600000000000000000e+01
4.700000000000000000e+01
4.000000000000000000e+00
1.240000000000000000e+02
8.700000000000000000e+01
4.000000000000000000e+00
1.700000000000000000e+01
7.000000000000000000e+00
1.000000000000000000e+00
3.800000000000000000e+01
0.000000000000000000e+00
2.820000000000000000e+02
4.300000000000000000e+01
2.000000000000000000e+01
2.000000000000000000e+00
3.000000000000000000e+00
9.300000000000000000e+01
2.200000000000000000e+01
1.200000000000000000e+01
1.000000000000000000e+00
0.000000000000000000e+00
6.500000000000000000e+01
0.000000000000000000e+00
3.000000000000000000e+00
1.700000000000000000e+01
0.000000000000000000e+00
1.100000000000000000e+01
1.890000000000000000e+02
7.000000000000000000e+00
1.400000000000000000e+01
2.000000000000000000e+01
8.400000000000000000e+01
3.000000000000000000e+00
2.000000000000000000e+00
4.100000000000000000e+01
4.200000000000000000e+01
6.910000000000000000e+02
1.600000000000000000e+01
1.200000000000000000e+01
1.000000000000000000e+00
6.300000000000000000e+01
3.120000000000000000e+02
5.000000000000000000e+00
4.000000000000000000e+00
2.940000000000000000e+02
8.000000000000000000e+01
6.000000000000000000e+01
3.200000000000000000e+01
3.170000000000000000e+02
5.400000000000000000e+01
5.900000000000000000e+01
0.000000000000000000e+00
0.000000000000000000e+00
0.000000000000000000e+00
0.000000000000000000e+00
0.000000000000000000e+00
0.000000000000000000e+00
0.000000000000000000e+00
0.000000000000000000e+00
0.000000000000000000e+00
0.000000000000000000e+00
0.000000000000000000e+00
0.000000000000000000e+00
0.000000000000000000e+00
0.000000000000000000e+00
0.000000000000000000e+00
0.000000000000000000e+00
0.000000000000000000e+00
0.000000000000000000e+00
0.000000000000000000e+00
0.000000000000000000e+00
0.000000000000000000e+00
0.000000000000000000e+00
0.000000000000000000e+00
0.000000000000000000e+00
0.000000000000000000e+00
0.000000000000000000e+00
0.000000000000000000e+00
0.000000000000000000e+00
0.000000000000000000e+00
0.000000000000000000e+00
0.000000000000000000e+00
0.000000000000000000e+00
0.000000000000000000e+00
0.000000000000000000e+00
0.000000000000000000e+00
0.000000000000000000e+00
0.000000000000000000e+00
0.000000000000000000e+00
0.000000000000000000e+00
0.000000000000000000e+00
0.000000000000000000e+00
0.000000000000000000e+00
0.000000000000000000e+00
0.000000000000000000e+00
0.000000000000000000e+00
0.000000000000000000e+00
0.000000000000000000e+00
0.000000000000000000e+00
0.000000000000000000e+00
0.000000000000000000e+00
0.000000000000000000e+00
0.000000000000000000e+00
0.000000000000000000e+00
0.000000000000000000e+00
0.000000000000000000e+00
0.000000000000000000e+00
0.000000000000000000e+00
0.000000000000000000e+00
0.000000000000000000e+00
0.000000000000000000e+00
0.000000000000000000e+00
0.000000000000000000e+00
0.000000000000000000e+00
0.000000000000000000e+00
0.000000000000000000e+00
0.000000000000000000e+00
0.000000000000000000e+00
0.000000000000000000e+00
0.000000000000000000e+00
0.000000000000000000e+00
0.000000000000000000e+00
0.000000000000000000e+00
0.000000000000000000e+00
0.000000000000000000e+00
0.000000000000000000e+00
0.000000000000000000e+00
1.112000000000000000e+03
0.000000000000000000e+00
6.000000000000000000e+00
2.100000000000000000e+01
4.400000000000000000e+01
1.030000000000000000e+02
1.140000000000000000e+02
1.670000000000000000e+02
2.260000000000000000e+02
3.270000000000000000e+02
3.440000000000000000e+02
3.880000000000000000e+02
4.730000000000000000e+02
4.520000000000000000e+02
4.160000000000000000e+02
4.480000000000000000e+02
3.970000000000000000e+02
4.800000000000000000e+02
4.500000000000000000e+02
4.290000000000000000e+02
5.080000000000000000e+02
5.580000000000000000e+02
5.170000000000000000e+02
5.730000000000000000e+02
5.130000000000000000e+02
4.610000000000000000e+02
6.280000000000000000e+02
5.280000000000000000e+02
6.900000000000000000e+02
5.160000000000000000e+02
6.130000000000000000e+02
5.190000000000000000e+02
5.430000000000000000e+02
5.110000000000000000e+02
6.510000000000000000e+02
5.710000000000000000e+02
8.070000000000000000e+02
3.900000000000000000e+02
5.860000000000000000e+02
5.890000000000000000e+02
5.430000000000000000e+02
4.860000000000000000e+02
5.180000000000000000e+02
6.870000000000000000e+02
5.000000000000000000e+02
5.640000000000000000e+02
6.720000000000000000e+02
5.680000000000000000e+02
5.960000000000000000e+02
6.490000000000000000e+02
5.420000000000000000e+02
7.890000000000000000e+02
6.560000000000000000e+02
7.930000000000000000e+02
7.670000000000000000e+02
8.350000000000000000e+02
1.182000000000000000e+03
1.472000000000000000e+03
1.460000000000000000e+03
1.538000000000000000e+03
1.606000000000000000e+03
1.469000000000000000e+03
1.607000000000000000e+03
2.000000000000000000e+03
1.702000000000000000e+03
1.657000000000000000e+03
1.485000000000000000e+03
1.496000000000000000e+03
1.659000000000000000e+03
1.526000000000000000e+03
1.548000000000000000e+03
1.335000000000000000e+03
1.229000000000000000e+03
1.150000000000000000e+03
1.089000000000000000e+03
1.052000000000000000e+03
1.033000000000000000e+03
9.590000000000000000e+02
1.021000000000000000e+03
9.300000000000000000e+02
1.011000000000000000e+03
9.660000000000000000e+02
8.670000000000000000e+02
9.410000000000000000e+02
9.490000000000000000e+02
1.278000000000000000e+03
9.490000000000000000e+02
1.016000000000000000e+03
9.770000000000000000e+02
1.066000000000000000e+03
1.093000000000000000e+03
1.021000000000000000e+03
1.065000000000000000e+03
1.086000000000000000e+03
1.074000000000000000e+03
1.092000000000000000e+03
1.196000000000000000e+03
1.006000000000000000e+03
1.183000000000000000e+03
1.036000000000000000e+03
1.229000000000000000e+03
1.109000000000000000e+03
1.052000000000000000e+03
1.131000000000000000e+03
1.195000000000000000e+03
1.068000000000000000e+03
1.181000000000000000e+03
1.169000000000000000e+03
1.212000000000000000e+03
1.236000000000000000e+03
1.230000000000000000e+03
1.242000000000000000e+03
1.231000000000000000e+03
1.188000000000000000e+03
1.298000000000000000e+03
1.273000000000000000e+03
1.374000000000000000e+03
1.222000000000000000e+03
1.333000000000000000e+03
1.325000000000000000e+03
1.443000000000000000e+03
1.321000000000000000e+03
1.347000000000000000e+03
1.280000000000000000e+03
1.367000000000000000e+03
1.185000000000000000e+03
1.581000000000000000e+03
1.085000000000000000e+03
1.142000000000000000e+03
1.574000000000000000e+03
1.115000000000000000e+03
1.317000000000000000e+03
1.216000000000000000e+03
1.277000000000000000e+03
1.229000000000000000e+03
1.145000000000000000e+03
1.178000000000000000e+03
1.104000000000000000e+03
1.179000000000000000e+03
1.161000000000000000e+03
1.092000000000000000e+03
1.146000000000000000e+03
1.073000000000000000e+03
1.198000000000000000e+03
9.570000000000000000e+02
9.860000000000000000e+02
9.500000000000000000e+02
9.300000000000000000e+02
9.160000000000000000e+02
9.070000000000000000e+02
7.860000000000000000e+02
8.590000000000000000e+02
8.480000000000000000e+02
7.070000000000000000e+02
8.750000000000000000e+02
7.000000000000000000e+02
7.410000000000000000e+02
6.210000000000000000e+02
7.210000000000000000e+02
6.970000000000000000e+02
6.530000000000000000e+02
5.720000000000000000e+02
6.490000000000000000e+02
6.280000000000000000e+02
6.130000000000000000e+02
7.010000000000000000e+02
7.110000000000000000e+02
7.160000000000000000e+02
9.300000000000000000e+02
7.480000000000000000e+02
9.770000000000000000e+02
8.680000000000000000e+02
1.385000000000000000e+03
9.670000000000000000e+02
1.246000000000000000e+03
1.284000000000000000e+03
1.022000000000000000e+03
1.316000000000000000e+03
1.266000000000000000e+03
1.210000000000000000e+03
1.344000000000000000e+03
1.264000000000000000e+03
1.228000000000000000e+03
1.290000000000000000e+03
1.299000000000000000e+03
1.114000000000000000e+03
1.080000000000000000e+03
8.760000000000000000e+02
1.189000000000000000e+03
7.820000000000000000e+02
9.440000000000000000e+02
9.490000000000000000e+02
5.100000000000000000e+02
8.520000000000000000e+02
5.920000000000000000e+02
5.230000000000000000e+02
4.000000000000000000e+02
3.620000000000000000e+02
2.800000000000000000e+02
2.070000000000000000e+02
2.030000000000000000e+02
1.540000000000000000e+02
9.000000000000000000e+01
1.120000000000000000e+02
9.500000000000000000e+01
9.300000000000000000e+01
6.500000000000000000e+01
7.100000000000000000e+01
7.100000000000000000e+01
6.500000000000000000e+01
5.200000000000000000e+01
5.000000000000000000e+01
5.300000000000000000e+01
7.200000000000000000e+01
4.200000000000000000e+01
5.700000000000000000e+01
4.800000000000000000e+01
3.600000000000000000e+01
3.400000000000000000e+01
3.400000000000000000e+01
3.200000000000000000e+01
3.600000000000000000e+01
3.100000000000000000e+01
3.200000000000000000e+01
2.600000000000000000e+01
2.700000000000000000e+01
2.700000000000000000e+01
3.500000000000000000e+01
2.700000000000000000e+01
2.000000000000000000e+01
3.000000000000000000e+01
2.700000000000000000e+01
1.800000000000000000e+01
1.900000000000000000e+01
2.000000000000000000e+01
1.900000000000000000e+01
2.700000000000000000e+01
2.200000000000000000e+01
1.300000000000000000e+01
2.400000000000000000e+01
1.100000000000000000e+01
1.400000000000000000e+01
1.500000000000000000e+01
9.000000000000000000e+00
1.300000000000000000e+01
1.300000000000000000e+01
9.000000000000000000e+00
1.400000000000000000e+01
2.000000000000000000e+00
9.000000000000000000e+00
1.200000000000000000e+01
8.000000000000000000e+00
2.000000000000000000e+00
0.000000000000000000e+00
0.000000000000000000e+00
6.480000000000000000e+02
1.700000000000000000e+01
3.800000000000000000e+01
2.400000000000000000e+01
5.800000000000000000e+01
8.500000000000000000e+01
7.800000000000000000e+01
1.230000000000000000e+02
1.740000000000000000e+02
1.810000000000000000e+02
2.220000000000000000e+02
2.140000000000000000e+02
2.540000000000000000e+02
2.620000000000000000e+02
2.680000000000000000e+02
2.830000000000000000e+02
2.900000000000000000e+02
2.350000000000000000e+02
2.730000000000000000e+02
2.800000000000000000e+02
2.300000000000000000e+02
2.240000000000000000e+02
2.650000000000000000e+02
2.140000000000000000e+02
2.310000000000000000e+02
2.690000000000000000e+02
2.500000000000000000e+02
2.600000000000000000e+02
2.720000000000000000e+02
3.320000000000000000e+02
3.330000000000000000e+02
3.540000000000000000e+02
3.470000000000000000e+02
3.590000000000000000e+02
3.800000000000000000e+02
4.040000000000000000e+02
4.340000000000000000e+02
4.640000000000000000e+02
4.710000000000000000e+02
5.210000000000000000e+02
5.490000000000000000e+02
5.340000000000000000e+02
5.390000000000000000e+02
6.030000000000000000e+02
6.140000000000000000e+02
6.260000000000000000e+02
6.310000000000000000e+02
6.470000000000000000e+02
6.670000000000000000e+02
6.830000000000000000e+02
6.440000000000000000e+02
6.470000000000000000e+02
6.970000000000000000e+02
7.380000000000000000e+02
7.320000000000000000e+02
7.410000000000000000e+02
8.370000000000000000e+02
7.550000000000000000e+02
8.130000000000000000e+02
8.380000000000000000e+02
9.090000000000000000e+02
1.011000000000000000e+03
9.600000000000000000e+02
9.680000000000000000e+02
9.770000000000000000e+02
1.052000000000000000e+03
1.094000000000000000e+03
1.166000000000000000e+03
1.229000000000000000e+03
1.188000000000000000e+03
1.338000000000000000e+03
1.368000000000000000e+03
1.413000000000000000e+03
1.352000000000000000e+03
1.477000000000000000e+03
1.528000000000000000e+03
1.538000000000000000e+03
1.679000000000000000e+03
1.705000000000000000e+03
1.724000000000000000e+03
1.855000000000000000e+03
2.057000000000000000e+03
2.204000000000000000e+03
2.403000000000000000e+03
2.509000000000000000e+03
2.588000000000000000e+03
2.815000000000000000e+03
2.930000000000000000e+03
2.975000000000000000e+03
3.166000000000000000e+03
2.945000000000000000e+03
2.926000000000000000e+03
2.722000000000000000e+03
2.664000000000000000e+03
2.415000000000000000e+03
2.394000000000000000e+03
2.250000000000000000e+03
2.104000000000000000e+03
2.142000000000000000e+03
2.028000000000000000e+03
2.120000000000000000e+03
2.037000000000000000e+03
1.992000000000000000e+03
1.935000000000000000e+03
1.771000000000000000e+03
1.545000000000000000e+03
1.542000000000000000e+03
1.421000000000000000e+03
1.378000000000000000e+03
1.259000000000000000e+03
1.268000000000000000e+03
1.249000000000000000e+03
1.216000000000000000e+03
1.209000000000000000e+03
1.314000000000000000e+03
1.187000000000000000e+03
1.059000000000000000e+03
9.640000000000000000e+02
8.610000000000000000e+02
8.390000000000000000e+02
7.940000000000000000e+02
8.300000000000000000e+02
7.540000000000000000e+02
7.350000000000000000e+02
7.270000000000000000e+02
7.670000000000000000e+02
7.990000000000000000e+02
6.980000000000000000e+02
7.670000000000000000e+02
7.870000000000000000e+02
7.120000000000000000e+02
7.100000000000000000e+02
7.260000000000000000e+02
6.710000000000000000e+02
6.210000000000000000e+02
5.630000000000000000e+02
6.030000000000000000e+02
5.770000000000000000e+02
5.810000000000000000e+02
5.430000000000000000e+02
5.970000000000000000e+02
5.220000000000000000e+02
5.370000000000000000e+02
5.330000000000000000e+02
5.350000000000000000e+02
5.100000000000000000e+02
5.030000000000000000e+02
5.160000000000000000e+02
4.930000000000000000e+02
5.100000000000000000e+02
4.630000000000000000e+02
5.230000000000000000e+02
4.780000000000000000e+02
4.880000000000000000e+02
4.680000000000000000e+02
4.770000000000000000e+02
4.530000000000000000e+02
4.650000000000000000e+02
4.370000000000000000e+02
4.430000000000000000e+02
4.520000000000000000e+02
4.630000000000000000e+02
4.670000000000000000e+02
4.380000000000000000e+02
4.350000000000000000e+02
4.660000000000000000e+02
4.210000000000000000e+02
4.590000000000000000e+02
4.370000000000000000e+02
4.140000000000000000e+02
3.790000000000000000e+02
4.010000000000000000e+02
4.030000000000000000e+02
4.070000000000000000e+02
4.130000000000000000e+02
3.630000000000000000e+02
3.830000000000000000e+02
3.900000000000000000e+02
3.490000000000000000e+02
3.620000000000000000e+02
3.720000000000000000e+02
3.770000000000000000e+02
3.680000000000000000e+02
3.570000000000000000e+02
3.600000000000000000e+02
3.480000000000000000e+02
3.350000000000000000e+02
3.310000000000000000e+02
3.100000000000000000e+02
3.120000000000000000e+02
3.850000000000000000e+02
2.980000000000000000e+02
3.290000000000000000e+02
3.180000000000000000e+02
3.120000000000000000e+02
3.190000000000000000e+02
3.030000000000000000e+02
2.990000000000000000e+02
3.540000000000000000e+02
3.110000000000000000e+02
3.460000000000000000e+02
3.240000000000000000e+02
3.450000000000000000e+02
3.700000000000000000e+02
3.790000000000000000e+02
3.830000000000000000e+02
3.630000000000000000e+02
3.900000000000000000e+02
4.730000000000000000e+02
4.860000000000000000e+02
4.710000000000000000e+02
5.870000000000000000e+02
5.350000000000000000e+02
5.850000000000000000e+02
5.520000000000000000e+02
4.810000000000000000e+02
4.810000000000000000e+02
4.610000000000000000e+02
6.000000000000000000e+02
6.360000000000000000e+02
7.280000000000000000e+02
7.420000000000000000e+02
7.560000000000000000e+02
7.050000000000000000e+02
5.310000000000000000e+02
4.920000000000000000e+02
4.640000000000000000e+02
4.240000000000000000e+02
4.800000000000000000e+02
4.600000000000000000e+02
4.490000000000000000e+02
4.690000000000000000e+02
5.320000000000000000e+02
6.020000000000000000e+02
5.870000000000000000e+02
6.010000000000000000e+02
5.570000000000000000e+02
4.570000000000000000e+02
4.200000000000000000e+02
3.210000000000000000e+02
2.400000000000000000e+02
1.630000000000000000e+02
1.410000000000000000e+02
9.200000000000000000e+01
6.200000000000000000e+01
3.900000000000000000e+01
4.300000000000000000e+01
3.000000000000000000e+01
2.000000000000000000e+01
2.200000000000000000e+01
2.500000000000000000e+01
1.700000000000000000e+01
2.100000000000000000e+01
2.400000000000000000e+01
1.200000000000000000e+01
8.000000000000000000e+00
1.580000000000000000e+02
