6.927000000000000000e+03
2.720000000000000000e+02
6.820000000000000000e+02
1.220000000000000000e+03
3.360000000000000000e+02
3.277000000000000000e+03
3.627000000000000000e+03
3.820000000000000000e+02
3.322000000000000000e+03
1.588000000000000000e+03
1.581000000000000000e+03
6.363000000000000000e+03
2.891000000000000000e+03
7.296000000000000000e+03
3.819000000000000000e+03
5.104000000000000000e+03
4.910000000000000000e+03
3.519000000000000000e+03
2.485000000000000000e+03
4.344000000000000000e+03
4.703000000000000000e+03
4.033000000000000000e+03
3.175000000000000000e+03
1.896000000000000000e+03
3.800000000000000000e+03
1.986000000000000000e+03
3.929000000000000000e+03
8.300000000000000000e+02
1.281000000000000000e+03
1.550000000000000000e+03
6.774000000000000000e+03
3.620000000000000000e+02
1.342000000000000000e+03
1.322000000000000000e+03
1.500000000000000000e+03
2.810000000000000000e+03
1.897000000000000000e+03
4.720000000000000000e+02
9.640000000000000000e+02
6.190000000000000000e+02
7.630000000000000000e+02
3.310000000000000000e+02
1.051000000000000000e+03
8.900000000000000000e+02
4.000000000000000000e+02
6.000000000000000000e+02
4.130000000000000000e+02
3.730000000000000000e+02
6.290000000000000000e+02
3.840000000000000000e+02
1.521000000000000000e+03
5.120000000000000000e+02
2.930000000000000000e+02
2.860000000000000000e+02
2.480000000000000000e+02
4.700000000000000000e+02
3.000000000000000000e+02
2.080000000000000000e+02
1.930000000000000000e+02
1.700000000000000000e+02
3.220000000000000000e+02
1.570000000000000000e+02
1.720000000000000000e+02
2.170000000000000000e+02
1.940000000000000000e+02
2.050000000000000000e+02
7.050000000000000000e+02
1.930000000000000000e+02
1.990000000000000000e+02
2.070000000000000000e+02
4.470000000000000000e+02
1.540000000000000000e+02
1.480000000000000000e+02
2.220000000000000000e+02
1.800000000000000000e+02
1.839000000000000000e+03
4.900000000000000000e+01
4.800000000000000000e+01
1.000000000000000000e+01
5.200000000000000000e+01
5.500000000000000000e+02
3.000000000000000000e+00
0.000000000000000000e+00
8.210000000000000000e+02
1.900000000000000000e+01
2.200000000000000000e+01
4.000000000000000000e+00
3.010000000000000000e+02
6.000000000000000000e+00
0.000000000000000000e+00
1.116000000000000000e+03
0.000000000000000000e+00
2.500000000000000000e+01
1.390000000000000000e+02
0.000000000000000000e+00
3.050000000000000000e+02
1.510000000000000000e+03
2.000000000000000000e+00
5.400000000000000000e+02
5.000000000000000000e+01
3.100000000000000000e+01
1.046000000000000000e+03
5.100000000000000000e+01
2.447000000000000000e+03
3.860000000000000000e+02
2.240000000000000000e+02
7.370000000000000000e+02
1.100000000000000000e+02
1.850000000000000000e+02
1.524000000000000000e+03
2.398000000000000000e+03
1.737000000000000000e+03
8.590000000000000000e+02
8.970000000000000000e+02
3.408000000000000000e+03
2.400000000000000000e+03
1.479000000000000000e+03
2.960000000000000000e+02
3.760000000000000000e+02
3.510000000000000000e+02
4.962000000000000000e+03
5.500000000000000000e+01
3.060000000000000000e+02
1.920000000000000000e+02
1.198000000000000000e+03
2.477000000000000000e+03
2.452000000000000000e+03
6.000000000000000000e+01
3.140000000000000000e+02
9.500000000000000000e+01
5.020000000000000000e+02
1.500000000000000000e+01
1.601000000000000000e+03
9.410000000000000000e+02
1.200000000000000000e+01
1.380000000000000000e+02
3.800000000000000000e+01
2.000000000000000000e+00
2.490000000000000000e+02
1.300000000000000000e+01
2.200000000000000000e+03
3.970000000000000000e+02
1.080000000000000000e+02
8.000000000000000000e+00
3.000000000000000000e+01
7.630000000000000000e+02
2.010000000000000000e+02
5.400000000000000000e+01
6.000000000000000000e+00
0.000000000000000000e+00
1.296000000000000000e+03
0.000000000000000000e+00
2.000000000000000000e+01
1.260000000000000000e+02
2.000000000000000000e+00
6.900000000000000000e+01
1.613000000000000000e+03
3.500000000000000000e+01
1.240000000000000000e+02
6.400000000000000000e+01
7.520000000000000000e+02
5.100000000000000000e+01
4.400000000000000000e+01
4.040000000000000000e+02
4.550000000000000000e+02
2.427000000000000000e+03
1.960000000000000000e+02
6.100000000000000000e+01
0.000000000000000000e+00
5.960000000000000000e+02
2.833000000000000000e+03
5.000000000000000000e+01
1.900000000000000000e+01
2.017000000000000000e+03
5.550000000000000000e+02
4.840000000000000000e+02
5.500000000000000000e+01
2.068000000000000000e+03
2.640000000000000000e+02
1.310000000000000000e+02
0.000000000000000000e+00
0.000000000000000000e+00
0.000000000000000000e+00
0.000000000000000000e+00
0.000000000000000000e+00
0.000000000000000000e+00
0.000000000000000000e+00
0.000000000000000000e+00
0.000000000000000000e+00
0.000000000000000000e+00
0.000000000000000000e+00
0.000000000000000000e+00
0.000000000000000000e+00
0.000000000000000000e+00
0.000000000000000000e+00
0.000000000000000000e+00
0.000000000000000000e+00
0.000000000000000000e+00
0.000000000000000000e+00
0.000000000000000000e+00
0.000000000000000000e+00
0.000000000000000000e+00
0.000000000000000000e+00
0.000000000000000000e+00
0.000000000000000000e+00
0.000000000000000000e+00
0.000000000000000000e+00
0.000000000000000000e+00
0.000000000000000000e+00
0.000000000000000000e+00
0.000000000000000000e+00
0.000000000000000000e+00
0.000000000000000000e+00
0.000000000000000000e+00
0.000000000000000000e+00
0.000000000000000000e+00
0.000000000000000000e+00
0.000000000000000000e+00
0.000000000000000000e+00
0.000000000000000000e+00
0.000000000000000000e+00
0.000000000000000000e+00
0.000000000000000000e+00
0.000000000000000000e+00
0.000000000000000000e+00
0.000000000000000000e+00
0.000000000000000000e+00
0.000000000000000000e+00
0.000000000000000000e+00
0.000000000000000000e+00
0.000000000000000000e+00
0.000000000000000000e+00
0.000000000000000000e+00
0.000000000000000000e+00
0.000000000000000000e+00
0.000000000000000000e+00
0.000000000000000000e+00
0.000000000000000000e+00
0.000000000000000000e+00
0.000000000000000000e+00
0.000000000000000000e+00
0.000000000000000000e+00
0.000000000000000000e+00
0.000000000000000000e+00
0.000000000000000000e+00
0.000000000000000000e+00
0.000000000000000000e+00
0.000000000000000000e+00
0.000000000000000000e+00
0.000000000000000000e+00
0.000000000000000000e+00
0.000000000000000000e+00
0.000000000000000000e+00
0.000000000000000000e+00
0.000000000000000000e+00
0.000000000000000000e+00
3.837000000000000000e+03
1.014000000000000000e+03
1.745000000000000000e+03
1.118000000000000000e+03
1.419000000000000000e+03
1.818000000000000000e+03
1.796000000000000000e+03
2.032000000000000000e+03
2.487000000000000000e+03
2.452000000000000000e+03
2.461000000000000000e+03
2.603000000000000000e+03
2.585000000000000000e+03
2.602000000000000000e+03
2.647000000000000000e+03
2.438000000000000000e+03
2.619000000000000000e+03
2.631000000000000000e+03
2.755000000000000000e+03
2.606000000000000000e+03
2.771000000000000000e+03
2.778000000000000000e+03
2.752000000000000000e+03
2.784000000000000000e+03
2.702000000000000000e+03
2.441000000000000000e+03
2.935000000000000000e+03
2.687000000000000000e+03
2.884000000000000000e+03
2.546000000000000000e+03
2.622000000000000000e+03
2.529000000000000000e+03
2.421000000000000000e+03
2.447000000000000000e+03
2.574000000000000000e+03
2.272000000000000000e+03
2.824000000000000000e+03
1.800000000000000000e+03
2.481000000000000000e+03
2.285000000000000000e+03
2.331000000000000000e+03
2.198000000000000000e+03
2.118000000000000000e+03
2.214000000000000000e+03
2.202000000000000000e+03
2.134000000000000000e+03
2.126000000000000000e+03
1.992000000000000000e+03
2.145000000000000000e+03
2.169000000000000000e+03
1.964000000000000000e+03
2.113000000000000000e+03
1.791000000000000000e+03
1.977000000000000000e+03
1.803000000000000000e+03
1.998000000000000000e+03
1.773000000000000000e+03
1.800000000000000000e+03
1.801000000000000000e+03
1.704000000000000000e+03
1.627000000000000000e+03
1.728000000000000000e+03
1.537000000000000000e+03
1.256000000000000000e+03
1.863000000000000000e+03
1.444000000000000000e+03
1.348000000000000000e+03
1.488000000000000000e+03
1.460000000000000000e+03
1.207000000000000000e+03
1.482000000000000000e+03
1.355000000000000000e+03
1.165000000000000000e+03
1.214000000000000000e+03
1.128000000000000000e+03
1.171000000000000000e+03
8.950000000000000000e+02
1.211000000000000000e+03
1.109000000000000000e+03
8.960000000000000000e+02
1.023000000000000000e+03
1.071000000000000000e+03
8.280000000000000000e+02
9.060000000000000000e+02
6.760000000000000000e+02
1.223000000000000000e+03
5.860000000000000000e+02
7.380000000000000000e+02
6.750000000000000000e+02
6.570000000000000000e+02
6.950000000000000000e+02
6.110000000000000000e+02
5.700000000000000000e+02
5.520000000000000000e+02
5.390000000000000000e+02
4.250000000000000000e+02
6.460000000000000000e+02
4.270000000000000000e+02
5.140000000000000000e+02
3.950000000000000000e+02
3.740000000000000000e+02
3.280000000000000000e+02
4.740000000000000000e+02
2.940000000000000000e+02
3.310000000000000000e+02
2.960000000000000000e+02
3.790000000000000000e+02
2.880000000000000000e+02
2.310000000000000000e+02
3.600000000000000000e+02
1.960000000000000000e+02
2.280000000000000000e+02
2.000000000000000000e+02
2.630000000000000000e+02
1.880000000000000000e+02
1.790000000000000000e+02
2.650000000000000000e+02
1.510000000000000000e+02
1.840000000000000000e+02
1.490000000000000000e+02
1.840000000000000000e+02
1.860000000000000000e+02
1.520000000000000000e+02
1.090000000000000000e+02
1.080000000000000000e+02
8.400000000000000000e+01
5.300000000000000000e+01
1.170000000000000000e+02
4.030000000000000000e+02
3.600000000000000000e+01
6.400000000000000000e+01
6.600000000000000000e+01
7.800000000000000000e+01
7.100000000000000000e+01
1.020000000000000000e+02
6.800000000000000000e+01
1.110000000000000000e+02
8.600000000000000000e+01
4.400000000000000000e+01
8.600000000000000000e+01
5.100000000000000000e+01
3.000000000000000000e+01
1.140000000000000000e+02
7.400000000000000000e+01
2.300000000000000000e+01
2.000000000000000000e+01
1.000000000000000000e+02
2.200000000000000000e+01
4.200000000000000000e+01
5.000000000000000000e+01
3.300000000000000000e+01
2.100000000000000000e+01
1.200000000000000000e+01
1.300000000000000000e+02
6.000000000000000000e+00
2.000000000000000000e+01
2.400000000000000000e+01
4.500000000000000000e+01
1.300000000000000000e+01
7.500000000000000000e+01
4.000000000000000000e+00
2.100000000000000000e+01
3.400000000000000000e+01
6.000000000000000000e+00
3.100000000000000000e+01
2.600000000000000000e+01
1.400000000000000000e+01
1.100000000000000000e+01
0.000000000000000000e+00
2.000000000000000000e+00
1.310000000000000000e+02
1.000000000000000000e+00
2.000000000000000000e+00
9.000000000000000000e+00
9.000000000000000000e+00
3.500000000000000000e+01
6.000000000000000000e+00
2.300000000000000000e+01
2.000000000000000000e+00
2.600000000000000000e+01
4.000000000000000000e+00
6.000000000000000000e+00
6.100000000000000000e+01
3.000000000000000000e+00
9.000000000000000000e+00
2.500000000000000000e+01
1.000000000000000000e+00
2.000000000000000000e+01
6.000000000000000000e+00
4.000000000000000000e+00
1.000000000000000000e+00
8.600000000000000000e+01
1.000000000000000000e+00
6.000000000000000000e+00
3.000000000000000000e+00
5.000000000000000000e+00
8.000000000000000000e+00
3.000000000000000000e+00
1.300000000000000000e+01
0.000000000000000000e+00
2.400000000000000000e+01
4.000000000000000000e+00
3.000000000000000000e+00
0.000000000000000000e+00
2.400000000000000000e+01
0.000000000000000000e+00
1.000000000000000000e+00
4.000000000000000000e+00
1.000000000000000000e+00
1.300000000000000000e+01
3.000000000000000000e+00
4.000000000000000000e+00
0.000000000000000000e+00
4.000000000000000000e+01
0.000000000000000000e+00
1.000000000000000000e+00
1.800000000000000000e+01
1.000000000000000000e+00
0.000000000000000000e+00
2.200000000000000000e+01
1.000000000000000000e+00
5.000000000000000000e+00
3.000000000000000000e+00
8.000000000000000000e+00
1.000000000000000000e+00
1.000000000000000000e+00
0.000000000000000000e+00
1.800000000000000000e+01
0.000000000000000000e+00
0.000000000000000000e+00
1.200000000000000000e+01
0.000000000000000000e+00
8.000000000000000000e+00
0.000000000000000000e+00
5.000000000000000000e+00
1.000000000000000000e+00
0.000000000000000000e+00
2.000000000000000000e+00
4.000000000000000000e+00
0.000000000000000000e+00
0.000000000000000000e+00
2.000000000000000000e+00
1.000000000000000000e+00
3.000000000000000000e+00
0.000000000000000000e+00
1.000000000000000000e+00
0.000000000000000000e+00
0.000000000000000000e+00
0.000000000000000000e+00
0.000000000000000000e+00
0.000000000000000000e+00
0.000000000000000000e+00
0.000000000000000000e+00
0.000000000000000000e+00
0.000000000000000000e+00
2.380000000000000000e+02
3.000000000000000000e+00
1.200000000000000000e+01
4.300000000000000000e+01
4.700000000000000000e+01
7.000000000000000000e+01
9.700000000000000000e+01
8.300000000000000000e+01
1.310000000000000000e+02
1.540000000000000000e+02
1.820000000000000000e+02
2.280000000000000000e+02
2.510000000000000000e+02
3.090000000000000000e+02
3.440000000000000000e+02
3.840000000000000000e+02
4.100000000000000000e+02
4.360000000000000000e+02
3.950000000000000000e+02
4.340000000000000000e+02
4.630000000000000000e+02
4.630000000000000000e+02
4.600000000000000000e+02
4.760000000000000000e+02
4.730000000000000000e+02
4.990000000000000000e+02
5.240000000000000000e+02
5.230000000000000000e+02
5.770000000000000000e+02
5.920000000000000000e+02
6.000000000000000000e+02
6.220000000000000000e+02
6.370000000000000000e+02
7.260000000000000000e+02
6.980000000000000000e+02
7.260000000000000000e+02
7.510000000000000000e+02
8.410000000000000000e+02
8.770000000000000000e+02
9.470000000000000000e+02
9.550000000000000000e+02
9.800000000000000000e+02
1.020000000000000000e+03
1.120000000000000000e+03
1.082000000000000000e+03
1.134000000000000000e+03
1.134000000000000000e+03
1.206000000000000000e+03
1.240000000000000000e+03
1.224000000000000000e+03
1.329000000000000000e+03
1.355000000000000000e+03
1.344000000000000000e+03
1.302000000000000000e+03
1.322000000000000000e+03
1.480000000000000000e+03
1.466000000000000000e+03
1.451000000000000000e+03
1.511000000000000000e+03
1.439000000000000000e+03
1.452000000000000000e+03
1.536000000000000000e+03
1.534000000000000000e+03
1.610000000000000000e+03
1.602000000000000000e+03
1.545000000000000000e+03
1.579000000000000000e+03
1.489000000000000000e+03
1.496000000000000000e+03
1.470000000000000000e+03
1.453000000000000000e+03
1.427000000000000000e+03
1.461000000000000000e+03
1.409000000000000000e+03
1.268000000000000000e+03
1.297000000000000000e+03
1.288000000000000000e+03
1.202000000000000000e+03
1.193000000000000000e+03
1.243000000000000000e+03
1.157000000000000000e+03
1.224000000000000000e+03
1.170000000000000000e+03
1.169000000000000000e+03
1.203000000000000000e+03
1.131000000000000000e+03
1.135000000000000000e+03
1.090000000000000000e+03
1.072000000000000000e+03
1.143000000000000000e+03
1.137000000000000000e+03
1.065000000000000000e+03
1.082000000000000000e+03
1.054000000000000000e+03
1.084000000000000000e+03
9.900000000000000000e+02
9.960000000000000000e+02
1.002000000000000000e+03
1.057000000000000000e+03
1.052000000000000000e+03
1.040000000000000000e+03
9.650000000000000000e+02
1.055000000000000000e+03
1.020000000000000000e+03
9.550000000000000000e+02
9.050000000000000000e+02
9.700000000000000000e+02
9.430000000000000000e+02
9.410000000000000000e+02
9.140000000000000000e+02
9.570000000000000000e+02
9.450000000000000000e+02
9.410000000000000000e+02
8.740000000000000000e+02
9.480000000000000000e+02
8.630000000000000000e+02
8.860000000000000000e+02
8.810000000000000000e+02
8.570000000000000000e+02
8.280000000000000000e+02
7.870000000000000000e+02
7.870000000000000000e+02
7.930000000000000000e+02
7.770000000000000000e+02
7.110000000000000000e+02
6.800000000000000000e+02
6.920000000000000000e+02
6.730000000000000000e+02
6.460000000000000000e+02
6.570000000000000000e+02
6.410000000000000000e+02
7.100000000000000000e+02
7.050000000000000000e+02
6.150000000000000000e+02
6.700000000000000000e+02
6.610000000000000000e+02
6.790000000000000000e+02
5.960000000000000000e+02
6.650000000000000000e+02
6.960000000000000000e+02
6.340000000000000000e+02
6.340000000000000000e+02
6.360000000000000000e+02
6.680000000000000000e+02
6.400000000000000000e+02
6.630000000000000000e+02
5.830000000000000000e+02
6.260000000000000000e+02
5.660000000000000000e+02
5.290000000000000000e+02
5.680000000000000000e+02
5.380000000000000000e+02
5.330000000000000000e+02
5.400000000000000000e+02
4.910000000000000000e+02
4.890000000000000000e+02
4.780000000000000000e+02
5.090000000000000000e+02
4.690000000000000000e+02
5.080000000000000000e+02
4.640000000000000000e+02
4.590000000000000000e+02
4.680000000000000000e+02
4.760000000000000000e+02
4.710000000000000000e+02
4.820000000000000000e+02
4.570000000000000000e+02
4.760000000000000000e+02
4.910000000000000000e+02
4.450000000000000000e+02
4.920000000000000000e+02
4.260000000000000000e+02
4.890000000000000000e+02
4.350000000000000000e+02
4.680000000000000000e+02
4.400000000000000000e+02
4.110000000000000000e+02
4.460000000000000000e+02
4.470000000000000000e+02
4.040000000000000000e+02
4.370000000000000000e+02
4.210000000000000000e+02
4.650000000000000000e+02
4.250000000000000000e+02
4.210000000000000000e+02
4.480000000000000000e+02
4.390000000000000000e+02
4.570000000000000000e+02
4.340000000000000000e+02
4.840000000000000000e+02
4.340000000000000000e+02
4.380000000000000000e+02
4.310000000000000000e+02
3.900000000000000000e+02
4.530000000000000000e+02
4.170000000000000000e+02
3.840000000000000000e+02
4.120000000000000000e+02
3.700000000000000000e+02
4.130000000000000000e+02
3.930000000000000000e+02
4.150000000000000000e+02
3.830000000000000000e+02
3.490000000000000000e+02
3.680000000000000000e+02
3.620000000000000000e+02
3.590000000000000000e+02
3.670000000000000000e+02
3.490000000000000000e+02
3.180000000000000000e+02
3.130000000000000000e+02
3.570000000000000000e+02
3.030000000000000000e+02
3.420000000000000000e+02
2.960000000000000000e+02
3.010000000000000000e+02
3.330000000000000000e+02
3.380000000000000000e+02
3.340000000000000000e+02
3.390000000000000000e+02
3.430000000000000000e+02
3.530000000000000000e+02
3.580000000000000000e+02
3.150000000000000000e+02
3.360000000000000000e+02
3.280000000000000000e+02
3.270000000000000000e+02
3.360000000000000000e+02
3.240000000000000000e+02
3.170000000000000000e+02
3.210000000000000000e+02
3.420000000000000000e+02
3.460000000000000000e+02
3.270000000000000000e+02
3.540000000000000000e+02
3.560000000000000000e+02
3.320000000000000000e+02
3.840000000000000000e+02
3.570000000000000000e+02
3.880000000000000000e+02
4.070000000000000000e+02
4.430000000000000000e+02
4.080000000000000000e+02
4.420000000000000000e+02
4.570000000000000000e+02
4.530000000000000000e+02
4.810000000000000000e+02
4.600000000000000000e+02
4.990000000000000000e+02
4.900000000000000000e+02
5.470000000000000000e+02
5.640000000000000000e+02
6.410000000000000000e+02
8.090000000000000000e+02
1.127000000000000000e+03
1.718000000000000000e+03
1.009100000000000000e+04
