1.420500000000000000e+04
3.000000000000000000e+02
1.520000000000000000e+02
3.390000000000000000e+02
1.500000000000000000e+02
1.757000000000000000e+03
8.138000000000000000e+03
1.650000000000000000e+02
3.846000000000000000e+03
8.350000000000000000e+02
9.790000000000000000e+02
8.979000000000000000e+03
2.496000000000000000e+03
1.798300000000000000e+04
6.261000000000000000e+03
6.272000000000000000e+03
9.495000000000000000e+03
3.890000000000000000e+03
2.467000000000000000e+03
7.964000000000000000e+03
1.091400000000000000e+04
6.490000000000000000e+03
3.675000000000000000e+03
2.198000000000000000e+03
9.608000000000000000e+03
2.985000000000000000e+03
5.018000000000000000e+03
7.730000000000000000e+02
1.150000000000000000e+03
1.138000000000000000e+03
1.019500000000000000e+04
5.400000000000000000e+01
1.436000000000000000e+03
5.050000000000000000e+02
8.460000000000000000e+02
1.793000000000000000e+03
3.207000000000000000e+03
1.070000000000000000e+02
2.980000000000000000e+02
1.440000000000000000e+02
1.840000000000000000e+02
7.000000000000000000e+00
3.990000000000000000e+02
2.760000000000000000e+02
4.000000000000000000e+00
5.100000000000000000e+01
1.900000000000000000e+01
0.000000000000000000e+00
8.500000000000000000e+01
0.000000000000000000e+00
9.880000000000000000e+02
7.400000000000000000e+01
1.200000000000000000e+01
0.000000000000000000e+00
5.000000000000000000e+00
5.200000000000000000e+01
2.300000000000000000e+01
6.000000000000000000e+00
0.000000000000000000e+00
0.000000000000000000e+00
2.500000000000000000e+01
0.000000000000000000e+00
0.000000000000000000e+00
1.000000000000000000e+01
0.000000000000000000e+00
1.000000000000000000e+00
1.150000000000000000e+02
0.000000000000000000e+00
2.000000000000000000e+00
0.000000000000000000e+00
3.200000000000000000e+01
0.000000000000000000e+00
0.000000000000000000e+00
6.000000000000000000e+00
1.000000000000000000e+00
2.254000000000000000e+03
0.000000000000000000e+00
0.000000000000000000e+00
0.000000000000000000e+00
4.000000000000000000e+00
8.000000000000000000e+01
0.000000000000000000e+00
0.000000000000000000e+00
4.490000000000000000e+02
1.000000000000000000e+00
0.000000000000000000e+00
0.000000000000000000e+00
2.600000000000000000e+01
0.000000000000000000e+00
0.000000000000000000e+00
1.810000000000000000e+02
0.000000000000000000e+00
4.000000000000000000e+00
9.000000000000000000e+00
0.000000000000000000e+00
2.100000000000000000e+01
7.060000000000000000e+02
0.000000000000000000e+00
7.400000000000000000e+01
5.000000000000000000e+00
1.000000000000000000e+01
3.200000000000000000e+02
9.000000000000000000e+00
1.090000000000000000e+03
7.200000000000000000e+01
4.500000000000000000e+01
2.190000000000000000e+02
6.000000000000000000e+01
3.200000000000000000e+01
6.160000000000000000e+02
1.303000000000000000e+03
3.920000000000000000e+02
5.100000000000000000e+01
9.100000000000000000e+01
5.110000000000000000e+02
3.160000000000000000e+02
4.900000000000000000e+01
2.000000000000000000e+01
6.000000000000000000e+00
6.000000000000000000e+00
2.784000000000000000e+03
3.000000000000000000e+00
1.000000000000000000e+00
6.000000000000000000e+00
5.300000000000000000e+01
1.740000000000000000e+02
5.230000000000000000e+02
1.000000000000000000e+00
2.000000000000000000e+00
1.000000000000000000e+00
6.000000000000000000e+00
0.000000000000000000e+00
3.100000000000000000e+02
5.200000000000000000e+01
1.000000000000000000e+00
0.000000000000000000e+00
1.000000000000000000e+00
0.000000000000000000e+00
1.000000000000000000e+00
1.000000000000000000e+00
1.814000000000000000e+03
1.700000000000000000e+01
0.000000000000000000e+00
0.000000000000000000e+00
0.000000000000000000e+00
9.600000000000000000e+01
4.000000000000000000e+00
0.000000000000000000e+00
0.000000000000000000e+00
0.000000000000000000e+00
1.500000000000000000e+01
0.000000000000000000e+00
0.000000000000000000e+00
1.000000000000000000e+00
0.000000000000000000e+00
0.000000000000000000e+00
5.470000000000000000e+02
1.000000000000000000e+00
6.000000000000000000e+00
0.000000000000000000e+00
7.800000000000000000e+01
1.000000000000000000e+00
0.000000000000000000e+00
1.200000000000000000e+01
1.000000000000000000e+00
6.533000000000000000e+03
0.000000000000000000e+00
0.000000000000000000e+00
0.000000000000000000e+00
2.000000000000000000e+01
6.150000000000000000e+02
0.000000000000000000e+00
0.000000000000000000e+00
2.446000000000000000e+03
9.000000000000000000e+00
3.800000000000000000e+01
3.500000000000000000e+01
5.700000000000000000e+02
4.300000000000000000e+01
6.200000000000000000e+01
0.000000000000000000e+00
0.000000000000000000e+00
0.000000000000000000e+00
0.000000000000000000e+00
0.000000000000000000e+00
0.000000000000000000e+00
0.000000000000000000e+00
0.000000000000000000e+00
0.000000000000000000e+00
0.000000000000000000e+00
0.000000000000000000e+00
0.000000000000000000e+00
0.000000000000000000e+00
0.000000000000000000e+00
0.000000000000000000e+00
0.000000000000000000e+00
0.000000000000000000e+00
0.000000000000000000e+00
0.000000000000000000e+00
0.000000000000000000e+00
0.000000000000000000e+00
0.000000000000000000e+00
0.000000000000000000e+00
0.000000000000000000e+00
0.000000000000000000e+00
0.000000000000000000e+00
0.000000000000000000e+00
0.000000000000000000e+00
0.000000000000000000e+00
0.000000000000000000e+00
0.000000000000000000e+00
0.000000000000000000e+00
0.000000000000000000e+00
0.000000000000000000e+00
0.000000000000000000e+00
0.000000000000000000e+00
0.000000000000000000e+00
0.000000000000000000e+00
0.000000000000000000e+00
0.000000000000000000e+00
0.000000000000000000e+00
0.000000000000000000e+00
0.000000000000000000e+00
0.000000000000000000e+00
0.000000000000000000e+00
0.000000000000000000e+00
0.000000000000000000e+00
0.000000000000000000e+00
0.000000000000000000e+00
0.000000000000000000e+00
0.000000000000000000e+00
0.000000000000000000e+00
0.000000000000000000e+00
0.000000000000000000e+00
0.000000000000000000e+00
0.000000000000000000e+00
0.000000000000000000e+00
0.000000000000000000e+00
0.000000000000000000e+00
0.000000000000000000e+00
0.000000000000000000e+00
0.000000000000000000e+00
0.000000000000000000e+00
0.000000000000000000e+00
0.000000000000000000e+00
0.000000000000000000e+00
0.000000000000000000e+00
0.000000000000000000e+00
0.000000000000000000e+00
0.000000000000000000e+00
0.000000000000000000e+00
0.000000000000000000e+00
0.000000000000000000e+00
0.000000000000000000e+00
0.000000000000000000e+00
0.000000000000000000e+00
1.173600000000000000e+04
0.000000000000000000e+00
1.968000000000000000e+03
2.408000000000000000e+03
2.602000000000000000e+03
2.211000000000000000e+03
3.936000000000000000e+03
2.868000000000000000e+03
4.154000000000000000e+03
4.039000000000000000e+03
4.027000000000000000e+03
3.935000000000000000e+03
3.970000000000000000e+03
4.348000000000000000e+03
3.486000000000000000e+03
3.552000000000000000e+03
3.546000000000000000e+03
3.185000000000000000e+03
3.245000000000000000e+03
3.338000000000000000e+03
3.476000000000000000e+03
3.280000000000000000e+03
3.388000000000000000e+03
3.412000000000000000e+03
3.189000000000000000e+03
3.316000000000000000e+03
3.471000000000000000e+03
3.034000000000000000e+03
3.158000000000000000e+03
2.899000000000000000e+03
3.144000000000000000e+03
2.737000000000000000e+03
2.687000000000000000e+03
2.602000000000000000e+03
2.483000000000000000e+03
2.364000000000000000e+03
2.600000000000000000e+03
1.682000000000000000e+03
2.228000000000000000e+03
2.018000000000000000e+03
1.934000000000000000e+03
1.849000000000000000e+03
1.632000000000000000e+03
1.750000000000000000e+03
1.506000000000000000e+03
1.342000000000000000e+03
1.471000000000000000e+03
1.338000000000000000e+03
1.231000000000000000e+03
1.269000000000000000e+03
1.155000000000000000e+03
1.179000000000000000e+03
1.064000000000000000e+03
1.123000000000000000e+03
9.580000000000000000e+02
1.008000000000000000e+03
9.260000000000000000e+02
9.510000000000000000e+02
9.240000000000000000e+02
8.310000000000000000e+02
8.400000000000000000e+02
8.350000000000000000e+02
7.300000000000000000e+02
6.700000000000000000e+02
9.390000000000000000e+02
7.190000000000000000e+02
6.600000000000000000e+02
7.230000000000000000e+02
6.970000000000000000e+02
6.290000000000000000e+02
7.470000000000000000e+02
6.140000000000000000e+02
5.960000000000000000e+02
6.690000000000000000e+02
5.630000000000000000e+02
6.150000000000000000e+02
5.630000000000000000e+02
6.290000000000000000e+02
6.080000000000000000e+02
5.120000000000000000e+02
5.080000000000000000e+02
5.290000000000000000e+02
5.110000000000000000e+02
5.520000000000000000e+02
4.460000000000000000e+02
6.140000000000000000e+02
4.420000000000000000e+02
4.800000000000000000e+02
4.380000000000000000e+02
4.320000000000000000e+02
5.000000000000000000e+02
4.640000000000000000e+02
4.210000000000000000e+02
3.860000000000000000e+02
4.250000000000000000e+02
3.700000000000000000e+02
4.470000000000000000e+02
3.570000000000000000e+02
3.790000000000000000e+02
3.370000000000000000e+02
3.710000000000000000e+02
3.090000000000000000e+02
3.180000000000000000e+02
3.030000000000000000e+02
3.080000000000000000e+02
2.570000000000000000e+02
3.220000000000000000e+02
2.710000000000000000e+02
2.790000000000000000e+02
3.360000000000000000e+02
2.090000000000000000e+02
2.350000000000000000e+02
2.150000000000000000e+02
2.570000000000000000e+02
2.130000000000000000e+02
1.870000000000000000e+02
2.270000000000000000e+02
1.780000000000000000e+02
1.960000000000000000e+02
1.550000000000000000e+02
1.690000000000000000e+02
1.600000000000000000e+02
1.530000000000000000e+02
1.600000000000000000e+02
1.830000000000000000e+02
1.620000000000000000e+02
1.300000000000000000e+02
1.470000000000000000e+02
1.740000000000000000e+02
1.150000000000000000e+02
1.150000000000000000e+02
1.320000000000000000e+02
1.110000000000000000e+02
9.600000000000000000e+01
1.000000000000000000e+02
1.210000000000000000e+02
8.800000000000000000e+01
8.000000000000000000e+01
9.900000000000000000e+01
9.200000000000000000e+01
7.000000000000000000e+01
6.000000000000000000e+01
7.500000000000000000e+01
9.700000000000000000e+01
7.500000000000000000e+01
5.500000000000000000e+01
6.500000000000000000e+01
6.800000000000000000e+01
7.100000000000000000e+01
6.100000000000000000e+01
3.700000000000000000e+01
6.700000000000000000e+01
4.600000000000000000e+01
5.300000000000000000e+01
5.000000000000000000e+01
4.400000000000000000e+01
5.000000000000000000e+01
2.800000000000000000e+01
3.900000000000000000e+01
4.300000000000000000e+01
2.500000000000000000e+01
2.900000000000000000e+01
3.000000000000000000e+01
2.600000000000000000e+01
3.000000000000000000e+01
3.500000000000000000e+01
3.600000000000000000e+01
2.400000000000000000e+01
2.600000000000000000e+01
2.000000000000000000e+01
4.700000000000000000e+01
1.300000000000000000e+01
2.000000000000000000e+01
2.500000000000000000e+01
2.300000000000000000e+01
1.600000000000000000e+01
1.300000000000000000e+01
2.500000000000000000e+01
8.000000000000000000e+00
2.100000000000000000e+01
2.300000000000000000e+01
1.000000000000000000e+01
2.100000000000000000e+01
1.300000000000000000e+01
1.500000000000000000e+01
1.900000000000000000e+01
4.000000000000000000e+00
1.000000000000000000e+01
1.000000000000000000e+01
8.000000000000000000e+00
4.000000000000000000e+00
2.100000000000000000e+01
4.000000000000000000e+00
7.000000000000000000e+00
7.000000000000000000e+00
3.000000000000000000e+00
6.000000000000000000e+00
9.000000000000000000e+00
6.000000000000000000e+00
7.000000000000000000e+00
6.000000000000000000e+00
6.000000000000000000e+00
7.000000000000000000e+00
4.000000000000000000e+00
7.000000000000000000e+00
3.000000000000000000e+00
2.000000000000000000e+00
1.000000000000000000e+00
1.000000000000000000e+00
6.000000000000000000e+00
2.000000000000000000e+00
6.000000000000000000e+00
2.000000000000000000e+00
1.200000000000000000e+01
1.000000000000000000e+00
2.000000000000000000e+00
3.000000000000000000e+00
4.000000000000000000e+00
2.000000000000000000e+00
3.000000000000000000e+00
2.000000000000000000e+00
2.000000000000000000e+00
1.000000000000000000e+00
3.000000000000000000e+00
3.000000000000000000e+00
1.000000000000000000e+00
0.000000000000000000e+00
3.000000000000000000e+00
1.000000000000000000e+00
0.000000000000000000e+00
3.000000000000000000e+00
1.000000000000000000e+00
0.000000000000000000e+00
1.000000000000000000e+00
1.000000000000000000e+00
1.000000000000000000e+00
1.000000000000000000e+00
0.000000000000000000e+00
2.000000000000000000e+00
0.000000000000000000e+00
2.000000000000000000e+00
0.000000000000000000e+00
2.000000000000000000e+00
1.000000000000000000e+00
0.000000000000000000e+00
1.000000000000000000e+00
0.000000000000000000e+00
0.000000000000000000e+00
0.000000000000000000e+00
0.000000000000000000e+00
0.000000000000000000e+00
0.000000000000000000e+00
0.000000000000000000e+00
0.000000000000000000e+00
0.000000000000000000e+00
4.300000000000000000e+01
2.000000000000000000e+00
2.000000000000000000e+00
3.000000000000000000e+00
7.000000000000000000e+00
1.600000000000000000e+01
3.700000000000000000e+01
4.900000000000000000e+01
8.800000000000000000e+01
8.000000000000000000e+01
9.900000000000000000e+01
1.010000000000000000e+02
9.100000000000000000e+01
1.130000000000000000e+02
1.020000000000000000e+02
1.240000000000000000e+02
1.590000000000000000e+02
1.720000000000000000e+02
2.250000000000000000e+02
2.280000000000000000e+02
2.370000000000000000e+02
3.070000000000000000e+02
3.050000000000000000e+02
3.350000000000000000e+02
4.120000000000000000e+02
4.200000000000000000e+02
4.700000000000000000e+02
4.920000000000000000e+02
5.240000000000000000e+02
6.080000000000000000e+02
6.470000000000000000e+02
6.250000000000000000e+02
6.550000000000000000e+02
6.820000000000000000e+02
7.450000000000000000e+02
8.090000000000000000e+02
8.000000000000000000e+02
8.740000000000000000e+02
8.980000000000000000e+02
9.010000000000000000e+02
9.950000000000000000e+02
1.020000000000000000e+03
1.078000000000000000e+03
1.065000000000000000e+03
1.092000000000000000e+03
1.088000000000000000e+03
1.102000000000000000e+03
1.182000000000000000e+03
1.173000000000000000e+03
1.236000000000000000e+03
1.289000000000000000e+03
1.353000000000000000e+03
1.423000000000000000e+03
1.427000000000000000e+03
1.426000000000000000e+03
1.451000000000000000e+03
1.490000000000000000e+03
1.528000000000000000e+03
1.617000000000000000e+03
1.571000000000000000e+03
1.617000000000000000e+03
1.626000000000000000e+03
1.642000000000000000e+03
1.694000000000000000e+03
1.624000000000000000e+03
1.689000000000000000e+03
1.613000000000000000e+03
1.620000000000000000e+03
1.714000000000000000e+03
1.588000000000000000e+03
1.657000000000000000e+03
1.647000000000000000e+03
1.657000000000000000e+03
1.635000000000000000e+03
1.594000000000000000e+03
1.623000000000000000e+03
1.619000000000000000e+03
1.595000000000000000e+03
1.554000000000000000e+03
1.517000000000000000e+03
1.660000000000000000e+03
1.613000000000000000e+03
1.601000000000000000e+03
1.558000000000000000e+03
1.542000000000000000e+03
1.519000000000000000e+03
1.546000000000000000e+03
1.522000000000000000e+03
1.540000000000000000e+03
1.547000000000000000e+03
1.520000000000000000e+03
1.524000000000000000e+03
1.488000000000000000e+03
1.413000000000000000e+03
1.430000000000000000e+03
1.310000000000000000e+03
1.318000000000000000e+03
1.277000000000000000e+03
1.350000000000000000e+03
1.334000000000000000e+03
1.338000000000000000e+03
1.222000000000000000e+03
1.288000000000000000e+03
1.181000000000000000e+03
1.189000000000000000e+03
1.180000000000000000e+03
1.178000000000000000e+03
1.116000000000000000e+03
1.082000000000000000e+03
1.113000000000000000e+03
1.069000000000000000e+03
1.057000000000000000e+03
1.047000000000000000e+03
1.010000000000000000e+03
1.017000000000000000e+03
9.370000000000000000e+02
9.690000000000000000e+02
8.860000000000000000e+02
9.220000000000000000e+02
8.620000000000000000e+02
8.880000000000000000e+02
8.410000000000000000e+02
8.270000000000000000e+02
8.810000000000000000e+02
8.500000000000000000e+02
8.580000000000000000e+02
8.710000000000000000e+02
8.810000000000000000e+02
8.350000000000000000e+02
7.860000000000000000e+02
8.600000000000000000e+02
8.480000000000000000e+02
8.600000000000000000e+02
8.460000000000000000e+02
8.780000000000000000e+02
8.530000000000000000e+02
8.820000000000000000e+02
8.900000000000000000e+02
9.030000000000000000e+02
8.950000000000000000e+02
8.740000000000000000e+02
8.350000000000000000e+02
8.870000000000000000e+02
8.120000000000000000e+02
8.540000000000000000e+02
7.480000000000000000e+02
7.930000000000000000e+02
7.210000000000000000e+02
7.000000000000000000e+02
7.360000000000000000e+02
7.480000000000000000e+02
6.620000000000000000e+02
6.210000000000000000e+02
6.300000000000000000e+02
6.240000000000000000e+02
6.320000000000000000e+02
5.930000000000000000e+02
5.500000000000000000e+02
5.730000000000000000e+02
5.840000000000000000e+02
5.460000000000000000e+02
5.180000000000000000e+02
5.470000000000000000e+02
5.840000000000000000e+02
5.490000000000000000e+02
5.380000000000000000e+02
6.100000000000000000e+02
5.640000000000000000e+02
5.960000000000000000e+02
6.450000000000000000e+02
6.160000000000000000e+02
6.640000000000000000e+02
6.520000000000000000e+02
6.260000000000000000e+02
6.640000000000000000e+02
6.040000000000000000e+02
6.250000000000000000e+02
5.890000000000000000e+02
5.460000000000000000e+02
5.230000000000000000e+02
4.990000000000000000e+02
4.430000000000000000e+02
4.180000000000000000e+02
4.050000000000000000e+02
3.820000000000000000e+02
3.560000000000000000e+02
3.320000000000000000e+02
3.000000000000000000e+02
2.810000000000000000e+02
2.850000000000000000e+02
2.640000000000000000e+02
2.980000000000000000e+02
2.530000000000000000e+02
2.870000000000000000e+02
2.910000000000000000e+02
2.870000000000000000e+02
3.070000000000000000e+02
2.790000000000000000e+02
3.020000000000000000e+02
3.140000000000000000e+02
3.050000000000000000e+02
3.340000000000000000e+02
3.320000000000000000e+02
3.500000000000000000e+02
3.450000000000000000e+02
3.750000000000000000e+02
4.020000000000000000e+02
4.410000000000000000e+02
4.460000000000000000e+02
5.050000000000000000e+02
5.340000000000000000e+02
6.070000000000000000e+02
5.820000000000000000e+02
6.270000000000000000e+02
6.350000000000000000e+02
6.980000000000000000e+02
7.100000000000000000e+02
6.450000000000000000e+02
6.660000000000000000e+02
6.140000000000000000e+02
5.700000000000000000e+02
5.550000000000000000e+02
5.380000000000000000e+02
4.520000000000000000e+02
4.410000000000000000e+02
3.940000000000000000e+02
2.950000000000000000e+02
2.640000000000000000e+02
2.360000000000000000e+02
1.920000000000000000e+02
1.510000000000000000e+02
1.380000000000000000e+02
1.180000000000000000e+02
8.500000000000000000e+01
4.500000000000000000e+01
5.800000000000000000e+01
3.000000000000000000e+01
1.700000000000000000e+01
2.100000000000000000e+01
9.000000000000000000e+00
1.000000000000000000e+01
2.000000000000000000e+00
3.000000000000000000e+00
0.000000000000000000e+00
4.000000000000000000e+00
5.000000000000000000e+00
4.000000000000000000e+00
2.000000000000000000e+00
2.000000000000000000e+00
4.000000000000000000e+00
2.000000000000000000e+00
3.000000000000000000e+00
4.000000000000000000e+00
1.000000000000000000e+00
6.000000000000000000e+00
4.000000000000000000e+00
3.300000000000000000e+01
