8.217000000000000000e+03
3.760000000000000000e+02
4.410000000000000000e+02
5.920000000000000000e+02
4.210000000000000000e+02
1.556000000000000000e+03
2.643000000000000000e+03
2.860000000000000000e+02
2.119000000000000000e+03
8.950000000000000000e+02
1.045000000000000000e+03
4.258000000000000000e+03
1.900000000000000000e+03
6.615000000000000000e+03
2.765000000000000000e+03
3.605000000000000000e+03
3.411000000000000000e+03
1.998000000000000000e+03
1.259000000000000000e+03
2.961000000000000000e+03
3.129000000000000000e+03
4.076000000000000000e+03
2.705000000000000000e+03
2.609000000000000000e+03
1.561000000000000000e+03
2.104000000000000000e+03
3.368000000000000000e+03
1.870000000000000000e+02
2.500000000000000000e+02
2.440000000000000000e+02
5.130000000000000000e+03
1.330000000000000000e+02
7.510000000000000000e+02
2.980000000000000000e+02
1.700000000000000000e+03
3.032000000000000000e+03
1.365000000000000000e+03
3.810000000000000000e+02
9.220000000000000000e+02
6.340000000000000000e+02
1.426000000000000000e+03
5.290000000000000000e+02
1.948000000000000000e+03
2.354000000000000000e+03
1.155000000000000000e+03
1.504000000000000000e+03
2.023000000000000000e+03
1.859000000000000000e+03
3.337000000000000000e+03
2.431000000000000000e+03
4.752000000000000000e+03
3.538000000000000000e+03
2.576000000000000000e+03
3.381000000000000000e+03
1.517000000000000000e+03
3.708000000000000000e+03
2.599000000000000000e+03
1.392000000000000000e+03
1.391000000000000000e+03
1.442000000000000000e+03
1.990000000000000000e+03
8.800000000000000000e+02
8.540000000000000000e+02
1.161000000000000000e+03
6.670000000000000000e+02
7.290000000000000000e+02
1.937000000000000000e+03
6.970000000000000000e+02
5.350000000000000000e+02
7.850000000000000000e+02
9.400000000000000000e+02
3.810000000000000000e+02
2.870000000000000000e+02
6.470000000000000000e+02
5.400000000000000000e+02
3.308000000000000000e+03
2.350000000000000000e+02
2.100000000000000000e+02
1.070000000000000000e+02
2.360000000000000000e+02
1.620000000000000000e+03
5.100000000000000000e+01
9.400000000000000000e+01
1.664000000000000000e+03
2.160000000000000000e+02
2.220000000000000000e+02
5.700000000000000000e+01
8.520000000000000000e+02
1.000000000000000000e+02
6.700000000000000000e+01
1.649000000000000000e+03
8.400000000000000000e+01
1.900000000000000000e+02
4.480000000000000000e+02
9.700000000000000000e+01
1.115000000000000000e+03
4.212000000000000000e+03
6.700000000000000000e+01
1.585000000000000000e+03
2.280000000000000000e+02
1.620000000000000000e+02
2.940000000000000000e+03
1.400000000000000000e+02
4.248000000000000000e+03
9.870000000000000000e+02
4.060000000000000000e+02
6.670000000000000000e+02
1.420000000000000000e+02
1.590000000000000000e+02
9.750000000000000000e+02
3.093000000000000000e+03
5.580000000000000000e+02
1.580000000000000000e+02
2.160000000000000000e+02
1.623000000000000000e+03
6.110000000000000000e+02
1.910000000000000000e+02
8.000000000000000000e+00
1.300000000000000000e+01
6.000000000000000000e+00
2.643000000000000000e+03
0.000000000000000000e+00
6.500000000000000000e+01
1.200000000000000000e+01
2.600000000000000000e+02
6.490000000000000000e+02
9.210000000000000000e+02
1.500000000000000000e+01
1.310000000000000000e+02
3.300000000000000000e+01
1.590000000000000000e+02
3.000000000000000000e+00
5.830000000000000000e+02
3.710000000000000000e+02
6.000000000000000000e+00
6.800000000000000000e+01
2.200000000000000000e+01
6.000000000000000000e+00
1.680000000000000000e+02
5.000000000000000000e+00
8.700000000000000000e+02
2.390000000000000000e+02
7.600000000000000000e+01
2.200000000000000000e+01
3.700000000000000000e+01
4.020000000000000000e+02
1.560000000000000000e+02
3.900000000000000000e+01
1.800000000000000000e+01
1.000000000000000000e+00
3.920000000000000000e+02
2.000000000000000000e+00
3.000000000000000000e+01
1.110000000000000000e+02
1.000000000000000000e+01
9.800000000000000000e+01
8.040000000000000000e+02
1.090000000000000000e+02
2.040000000000000000e+02
3.720000000000000000e+02
6.330000000000000000e+02
3.510000000000000000e+02
3.230000000000000000e+02
6.460000000000000000e+02
6.440000000000000000e+02
2.870000000000000000e+03
2.290000000000000000e+02
3.110000000000000000e+02
5.000000000000000000e+01
3.610000000000000000e+02
1.363000000000000000e+03
8.500000000000000000e+01
1.310000000000000000e+02
1.147000000000000000e+03
5.940000000000000000e+02
4.060000000000000000e+02
1.800000000000000000e+02
1.123000000000000000e+03
3.160000000000000000e+02
2.740000000000000000e+02
0.000000000000000000e+00
0.000000000000000000e+00
0.000000000000000000e+00
0.000000000000000000e+00
0.000000000000000000e+00
0.000000000000000000e+00
0.000000000000000000e+00
0.000000000000000000e+00
0.000000000000000000e+00
0.000000000000000000e+00
0.000000000000000000e+00
0.000000000000000000e+00
0.000000000000000000e+00
0.000000000000000000e+00
0.000000000000000000e+00
0.000000000000000000e+00
0.000000000000000000e+00
0.000000000000000000e+00
0.000000000000000000e+00
0.000000000000000000e+00
0.000000000000000000e+00
0.000000000000000000e+00
0.000000000000000000e+00
0.000000000000000000e+00
0.000000000000000000e+00
0.000000000000000000e+00
0.000000000000000000e+00
0.000000000000000000e+00
0.000000000000000000e+00
0.000000000000000000e+00
0.000000000000000000e+00
0.000000000000000000e+00
0.000000000000000000e+00
0.000000000000000000e+00
0.000000000000000000e+00
0.000000000000000000e+00
0.000000000000000000e+00
0.000000000000000000e+00
0.000000000000000000e+00
0.000000000000000000e+00
0.000000000000000000e+00
0.000000000000000000e+00
0.000000000000000000e+00
0.000000000000000000e+00
0.000000000000000000e+00
0.000000000000000000e+00
0.000000000000000000e+00
0.000000000000000000e+00
0.000000000000000000e+00
0.000000000000000000e+00
0.000000000000000000e+00
0.000000000000000000e+00
0.000000000000000000e+00
0.000000000000000000e+00
0.000000000000000000e+00
0.000000000000000000e+00
0.000000000000000000e+00
0.000000000000000000e+00
0.000000000000000000e+00
0.000000000000000000e+00
0.000000000000000000e+00
0.000000000000000000e+00
0.000000000000000000e+00
0.000000000000000000e+00
0.000000000000000000e+00
0.000000000000000000e+00
0.000000000000000000e+00
0.000000000000000000e+00
0.000000000000000000e+00
0.000000000000000000e+00
0.000000000000000000e+00
0.000000000000000000e+00
0.000000000000000000e+00
0.000000000000000000e+00
0.000000000000000000e+00
0.000000000000000000e+00
6.615000000000000000e+03
1.470000000000000000e+02
6.600000000000000000e+03
4.723000000000000000e+03
2.446000000000000000e+03
4.480000000000000000e+03
4.155000000000000000e+03
4.529000000000000000e+03
4.625000000000000000e+03
4.573000000000000000e+03
3.930000000000000000e+03
3.049000000000000000e+03
3.562000000000000000e+03
2.843000000000000000e+03
2.838000000000000000e+03
2.685000000000000000e+03
2.502000000000000000e+03
2.259000000000000000e+03
2.273000000000000000e+03
2.262000000000000000e+03
2.167000000000000000e+03
1.973000000000000000e+03
1.785000000000000000e+03
1.839000000000000000e+03
1.731000000000000000e+03
1.536000000000000000e+03
1.655000000000000000e+03
1.486000000000000000e+03
1.444000000000000000e+03
1.357000000000000000e+03
1.293000000000000000e+03
1.248000000000000000e+03
1.220000000000000000e+03
1.132000000000000000e+03
1.132000000000000000e+03
1.067000000000000000e+03
1.211000000000000000e+03
8.500000000000000000e+02
1.071000000000000000e+03
1.004000000000000000e+03
1.007000000000000000e+03
9.350000000000000000e+02
9.440000000000000000e+02
9.260000000000000000e+02
9.290000000000000000e+02
8.810000000000000000e+02
9.450000000000000000e+02
8.180000000000000000e+02
8.850000000000000000e+02
7.730000000000000000e+02
8.360000000000000000e+02
7.450000000000000000e+02
7.510000000000000000e+02
7.780000000000000000e+02
7.220000000000000000e+02
8.430000000000000000e+02
7.400000000000000000e+02
7.800000000000000000e+02
7.250000000000000000e+02
7.500000000000000000e+02
7.450000000000000000e+02
7.400000000000000000e+02
6.990000000000000000e+02
5.770000000000000000e+02
8.630000000000000000e+02
7.170000000000000000e+02
6.490000000000000000e+02
6.950000000000000000e+02
7.070000000000000000e+02
6.100000000000000000e+02
7.890000000000000000e+02
7.060000000000000000e+02
6.440000000000000000e+02
7.460000000000000000e+02
7.130000000000000000e+02
7.230000000000000000e+02
6.640000000000000000e+02
7.790000000000000000e+02
8.260000000000000000e+02
6.680000000000000000e+02
7.780000000000000000e+02
8.300000000000000000e+02
6.910000000000000000e+02
7.400000000000000000e+02
6.080000000000000000e+02
1.086000000000000000e+03
5.880000000000000000e+02
6.730000000000000000e+02
7.670000000000000000e+02
7.150000000000000000e+02
7.530000000000000000e+02
7.280000000000000000e+02
7.010000000000000000e+02
7.270000000000000000e+02
7.710000000000000000e+02
6.230000000000000000e+02
8.920000000000000000e+02
7.070000000000000000e+02
8.290000000000000000e+02
7.300000000000000000e+02
8.010000000000000000e+02
6.990000000000000000e+02
7.780000000000000000e+02
7.040000000000000000e+02
7.530000000000000000e+02
7.160000000000000000e+02
8.120000000000000000e+02
7.260000000000000000e+02
7.530000000000000000e+02
8.920000000000000000e+02
6.980000000000000000e+02
7.440000000000000000e+02
7.670000000000000000e+02
8.080000000000000000e+02
6.770000000000000000e+02
6.680000000000000000e+02
7.280000000000000000e+02
7.220000000000000000e+02
7.690000000000000000e+02
6.500000000000000000e+02
6.460000000000000000e+02
6.670000000000000000e+02
6.590000000000000000e+02
6.400000000000000000e+02
5.550000000000000000e+02
6.470000000000000000e+02
5.070000000000000000e+02
6.450000000000000000e+02
1.004000000000000000e+03
5.130000000000000000e+02
5.690000000000000000e+02
4.820000000000000000e+02
5.090000000000000000e+02
5.470000000000000000e+02
5.560000000000000000e+02
5.490000000000000000e+02
4.410000000000000000e+02
4.630000000000000000e+02
4.740000000000000000e+02
5.270000000000000000e+02
4.580000000000000000e+02
3.870000000000000000e+02
5.410000000000000000e+02
5.260000000000000000e+02
3.900000000000000000e+02
3.570000000000000000e+02
5.180000000000000000e+02
3.800000000000000000e+02
4.580000000000000000e+02
4.720000000000000000e+02
3.680000000000000000e+02
3.610000000000000000e+02
3.500000000000000000e+02
5.850000000000000000e+02
3.330000000000000000e+02
3.450000000000000000e+02
3.670000000000000000e+02
3.070000000000000000e+02
3.360000000000000000e+02
5.190000000000000000e+02
2.700000000000000000e+02
3.470000000000000000e+02
3.570000000000000000e+02
2.910000000000000000e+02
2.950000000000000000e+02
3.400000000000000000e+02
2.950000000000000000e+02
2.730000000000000000e+02
2.600000000000000000e+02
1.490000000000000000e+02
6.870000000000000000e+02
1.640000000000000000e+02
2.350000000000000000e+02
2.840000000000000000e+02
3.150000000000000000e+02
2.610000000000000000e+02
2.210000000000000000e+02
3.200000000000000000e+02
1.570000000000000000e+02
3.320000000000000000e+02
2.420000000000000000e+02
2.340000000000000000e+02
3.810000000000000000e+02
1.720000000000000000e+02
2.580000000000000000e+02
2.480000000000000000e+02
1.370000000000000000e+02
2.120000000000000000e+02
2.500000000000000000e+02
1.480000000000000000e+02
1.720000000000000000e+02
4.190000000000000000e+02
6.600000000000000000e+01
1.840000000000000000e+02
1.660000000000000000e+02
1.420000000000000000e+02
1.730000000000000000e+02
1.580000000000000000e+02
2.450000000000000000e+02
1.180000000000000000e+02
2.170000000000000000e+02
1.350000000000000000e+02
1.310000000000000000e+02
1.090000000000000000e+02
2.150000000000000000e+02
1.050000000000000000e+02
1.430000000000000000e+02
1.230000000000000000e+02
1.000000000000000000e+02
2.150000000000000000e+02
1.160000000000000000e+02
1.180000000000000000e+02
8.400000000000000000e+01
2.970000000000000000e+02
1.050000000000000000e+02
1.090000000000000000e+02
1.410000000000000000e+02
1.020000000000000000e+02
6.500000000000000000e+01
2.160000000000000000e+02
8.200000000000000000e+01
1.200000000000000000e+02
9.600000000000000000e+01
1.540000000000000000e+02
8.000000000000000000e+01
6.700000000000000000e+01
5.600000000000000000e+01
1.050000000000000000e+02
6.500000000000000000e+01
4.600000000000000000e+01
1.290000000000000000e+02
5.400000000000000000e+01
6.700000000000000000e+01
6.700000000000000000e+01
8.900000000000000000e+01
8.800000000000000000e+01
3.300000000000000000e+01
7.800000000000000000e+01
4.400000000000000000e+01
6.900000000000000000e+01
5.700000000000000000e+01
6.700000000000000000e+01
5.000000000000000000e+01
5.600000000000000000e+01
5.500000000000000000e+01
3.800000000000000000e+01
4.400000000000000000e+01
3.700000000000000000e+01
3.900000000000000000e+01
3.800000000000000000e+01
2.700000000000000000e+01
9.000000000000000000e+00
0.000000000000000000e+00
0.000000000000000000e+00
0.000000000000000000e+00
3.040000000000000000e+03
1.000000000000000000e+01
4.700000000000000000e+01
1.010000000000000000e+02
1.230000000000000000e+02
2.670000000000000000e+02
3.810000000000000000e+02
3.930000000000000000e+02
4.140000000000000000e+02
4.340000000000000000e+02
4.110000000000000000e+02
4.350000000000000000e+02
4.430000000000000000e+02
4.160000000000000000e+02
4.800000000000000000e+02
4.800000000000000000e+02
5.230000000000000000e+02
5.630000000000000000e+02
5.300000000000000000e+02
5.420000000000000000e+02
5.260000000000000000e+02
5.470000000000000000e+02
5.280000000000000000e+02
5.500000000000000000e+02
5.190000000000000000e+02
5.190000000000000000e+02
5.100000000000000000e+02
5.430000000000000000e+02
5.440000000000000000e+02
5.730000000000000000e+02
5.620000000000000000e+02
5.820000000000000000e+02
5.980000000000000000e+02
5.860000000000000000e+02
6.430000000000000000e+02
6.680000000000000000e+02
6.720000000000000000e+02
6.800000000000000000e+02
7.100000000000000000e+02
7.440000000000000000e+02
7.050000000000000000e+02
8.050000000000000000e+02
8.020000000000000000e+02
8.250000000000000000e+02
8.080000000000000000e+02
8.390000000000000000e+02
8.810000000000000000e+02
8.960000000000000000e+02
9.180000000000000000e+02
1.028000000000000000e+03
9.910000000000000000e+02
1.110000000000000000e+03
1.056000000000000000e+03
1.118000000000000000e+03
1.034000000000000000e+03
1.126000000000000000e+03
1.245000000000000000e+03
1.188000000000000000e+03
1.209000000000000000e+03
1.183000000000000000e+03
1.207000000000000000e+03
1.092000000000000000e+03
1.119000000000000000e+03
1.154000000000000000e+03
1.112000000000000000e+03
1.163000000000000000e+03
1.150000000000000000e+03
1.077000000000000000e+03
1.165000000000000000e+03
1.140000000000000000e+03
1.182000000000000000e+03
1.159000000000000000e+03
1.139000000000000000e+03
1.201000000000000000e+03
1.187000000000000000e+03
1.188000000000000000e+03
1.148000000000000000e+03
1.127000000000000000e+03
1.125000000000000000e+03
1.133000000000000000e+03
1.143000000000000000e+03
1.132000000000000000e+03
1.088000000000000000e+03
1.080000000000000000e+03
1.098000000000000000e+03
1.147000000000000000e+03
1.130000000000000000e+03
1.114000000000000000e+03
1.126000000000000000e+03
1.172000000000000000e+03
1.172000000000000000e+03
1.186000000000000000e+03
1.174000000000000000e+03
1.168000000000000000e+03
1.193000000000000000e+03
1.161000000000000000e+03
1.155000000000000000e+03
1.132000000000000000e+03
1.096000000000000000e+03
1.131000000000000000e+03
1.131000000000000000e+03
1.080000000000000000e+03
1.081000000000000000e+03
1.100000000000000000e+03
1.061000000000000000e+03
9.480000000000000000e+02
9.650000000000000000e+02
9.380000000000000000e+02
9.790000000000000000e+02
8.790000000000000000e+02
8.860000000000000000e+02
8.360000000000000000e+02
9.180000000000000000e+02
8.370000000000000000e+02
8.050000000000000000e+02
7.880000000000000000e+02
7.190000000000000000e+02
6.670000000000000000e+02
6.520000000000000000e+02
6.630000000000000000e+02
6.370000000000000000e+02
6.470000000000000000e+02
6.140000000000000000e+02
5.750000000000000000e+02
5.640000000000000000e+02
5.830000000000000000e+02
5.750000000000000000e+02
5.520000000000000000e+02
5.630000000000000000e+02
5.160000000000000000e+02
5.130000000000000000e+02
5.220000000000000000e+02
5.630000000000000000e+02
5.900000000000000000e+02
5.600000000000000000e+02
5.780000000000000000e+02
5.900000000000000000e+02
5.800000000000000000e+02
5.590000000000000000e+02
5.930000000000000000e+02
6.180000000000000000e+02
5.720000000000000000e+02
5.680000000000000000e+02
5.370000000000000000e+02
5.650000000000000000e+02
5.770000000000000000e+02
5.490000000000000000e+02
5.750000000000000000e+02
5.550000000000000000e+02
5.420000000000000000e+02
5.750000000000000000e+02
5.910000000000000000e+02
5.670000000000000000e+02
5.630000000000000000e+02
5.610000000000000000e+02
5.910000000000000000e+02
5.560000000000000000e+02
5.900000000000000000e+02
5.970000000000000000e+02
5.840000000000000000e+02
5.650000000000000000e+02
5.980000000000000000e+02
6.090000000000000000e+02
5.710000000000000000e+02
5.510000000000000000e+02
5.290000000000000000e+02
5.810000000000000000e+02
5.820000000000000000e+02
5.890000000000000000e+02
4.880000000000000000e+02
4.630000000000000000e+02
5.250000000000000000e+02
5.460000000000000000e+02
5.000000000000000000e+02
4.660000000000000000e+02
5.180000000000000000e+02
4.730000000000000000e+02
5.230000000000000000e+02
4.900000000000000000e+02
4.600000000000000000e+02
4.670000000000000000e+02
5.290000000000000000e+02
4.600000000000000000e+02
4.360000000000000000e+02
4.790000000000000000e+02
4.810000000000000000e+02
5.010000000000000000e+02
4.780000000000000000e+02
4.960000000000000000e+02
4.930000000000000000e+02
5.150000000000000000e+02
5.240000000000000000e+02
5.210000000000000000e+02
4.930000000000000000e+02
5.280000000000000000e+02
5.080000000000000000e+02
5.560000000000000000e+02
5.040000000000000000e+02
5.150000000000000000e+02
5.580000000000000000e+02
5.300000000000000000e+02
5.780000000000000000e+02
5.710000000000000000e+02
6.010000000000000000e+02
6.320000000000000000e+02
6.210000000000000000e+02
6.620000000000000000e+02
6.650000000000000000e+02
6.400000000000000000e+02
6.990000000000000000e+02
6.910000000000000000e+02
6.770000000000000000e+02
7.030000000000000000e+02
7.390000000000000000e+02
6.900000000000000000e+02
6.870000000000000000e+02
6.360000000000000000e+02
6.700000000000000000e+02
6.910000000000000000e+02
7.000000000000000000e+02
6.480000000000000000e+02
6.800000000000000000e+02
6.980000000000000000e+02
7.740000000000000000e+02
8.150000000000000000e+02
8.570000000000000000e+02
8.170000000000000000e+02
8.580000000000000000e+02
8.830000000000000000e+02
9.320000000000000000e+02
1.015000000000000000e+03
1.047000000000000000e+03
1.106000000000000000e+03
1.069000000000000000e+03
1.072000000000000000e+03
1.089000000000000000e+03
1.031000000000000000e+03
1.020000000000000000e+03
9.800000000000000000e+02
9.410000000000000000e+02
9.930000000000000000e+02
9.510000000000000000e+02
1.014000000000000000e+03
1.106000000000000000e+03
1.162000000000000000e+03
1.212000000000000000e+03
1.145000000000000000e+03
1.068000000000000000e+03
1.027000000000000000e+03
1.087000000000000000e+03
1.133000000000000000e+03
1.066000000000000000e+03
1.220000000000000000e+03
1.264000000000000000e+03
1.533000000000000000e+03
1.688000000000000000e+03
2.077000000000000000e+03
