2.599000000000000000e+03
3.200000000000000000e+01
4.500000000000000000e+01
1.390000000000000000e+02
6.900000000000000000e+01
3.660000000000000000e+02
7.610000000000000000e+02
1.570000000000000000e+02
6.900000000000000000e+02
5.000000000000000000e+02
5.940000000000000000e+02
1.956000000000000000e+03
1.569000000000000000e+03
5.374000000000000000e+03
8.557000000000000000e+03
1.753900000000000000e+04
2.035000000000000000e+04
2.473300000000000000e+04
1.227700000000000000e+04
6.895000000000000000e+03
3.800000000000000000e+03
3.040000000000000000e+03
1.560000000000000000e+03
1.032000000000000000e+03
1.753000000000000000e+03
1.605000000000000000e+03
5.880000000000000000e+02
2.200000000000000000e+01
1.800000000000000000e+01
1.000000000000000000e+01
3.163000000000000000e+03
0.000000000000000000e+00
4.300000000000000000e+01
1.000000000000000000e+00
1.430000000000000000e+02
6.010000000000000000e+02
1.271000000000000000e+03
0.000000000000000000e+00
4.000000000000000000e+00
2.000000000000000000e+00
1.700000000000000000e+01
0.000000000000000000e+00
3.020000000000000000e+02
6.000000000000000000e+01
0.000000000000000000e+00
5.000000000000000000e+00
0.000000000000000000e+00
0.000000000000000000e+00
4.000000000000000000e+00
0.000000000000000000e+00
1.223000000000000000e+03
8.000000000000000000e+00
0.000000000000000000e+00
0.000000000000000000e+00
0.000000000000000000e+00
3.900000000000000000e+01
0.000000000000000000e+00
0.000000000000000000e+00
0.000000000000000000e+00
0.000000000000000000e+00
4.400000000000000000e+01
0.000000000000000000e+00
0.000000000000000000e+00
0.000000000000000000e+00
0.000000000000000000e+00
0.000000000000000000e+00
2.130000000000000000e+02
0.000000000000000000e+00
0.000000000000000000e+00
0.000000000000000000e+00
2.100000000000000000e+01
0.000000000000000000e+00
0.000000000000000000e+00
4.000000000000000000e+00
0.000000000000000000e+00
3.259000000000000000e+03
0.000000000000000000e+00
0.000000000000000000e+00
0.000000000000000000e+00
1.400000000000000000e+01
1.420000000000000000e+02
0.000000000000000000e+00
0.000000000000000000e+00
9.570000000000000000e+02
1.700000000000000000e+01
6.700000000000000000e+01
0.000000000000000000e+00
1.790000000000000000e+02
2.000000000000000000e+00
0.000000000000000000e+00
1.093000000000000000e+03
0.000000000000000000e+00
2.320000000000000000e+02
2.420000000000000000e+02
0.000000000000000000e+00
1.880000000000000000e+03
3.387000000000000000e+03
1.000000000000000000e+00
3.336000000000000000e+03
9.930000000000000000e+02
7.220000000000000000e+02
8.291000000000000000e+03
4.130000000000000000e+03
1.305300000000000000e+04
8.916000000000000000e+03
1.125100000000000000e+04
4.096000000000000000e+03
1.814000000000000000e+03
3.480000000000000000e+02
7.730000000000000000e+02
2.195000000000000000e+03
2.930000000000000000e+02
2.600000000000000000e+01
2.600000000000000000e+01
4.850000000000000000e+02
7.500000000000000000e+01
7.000000000000000000e+00
0.000000000000000000e+00
1.000000000000000000e+00
0.000000000000000000e+00
6.120000000000000000e+02
0.000000000000000000e+00
1.000000000000000000e+00
0.000000000000000000e+00
8.000000000000000000e+00
3.300000000000000000e+01
1.550000000000000000e+02
0.000000000000000000e+00
3.000000000000000000e+00
0.000000000000000000e+00
2.000000000000000000e+00
0.000000000000000000e+00
4.200000000000000000e+01
8.000000000000000000e+00
0.000000000000000000e+00
1.000000000000000000e+01
0.000000000000000000e+00
0.000000000000000000e+00
0.000000000000000000e+00
0.000000000000000000e+00
1.480000000000000000e+02
4.000000000000000000e+00
0.000000000000000000e+00
1.000000000000000000e+00
0.000000000000000000e+00
9.000000000000000000e+00
0.000000000000000000e+00
0.000000000000000000e+00
1.000000000000000000e+00
0.000000000000000000e+00
4.000000000000000000e+00
0.000000000000000000e+00
0.000000000000000000e+00
0.000000000000000000e+00
0.000000000000000000e+00
0.000000000000000000e+00
4.600000000000000000e+01
0.000000000000000000e+00
6.000000000000000000e+00
0.000000000000000000e+00
1.900000000000000000e+01
0.000000000000000000e+00
1.000000000000000000e+00
1.000000000000000000e+00
1.000000000000000000e+00
4.560000000000000000e+02
0.000000000000000000e+00
0.000000000000000000e+00
0.000000000000000000e+00
5.000000000000000000e+00
5.600000000000000000e+01
0.000000000000000000e+00
0.000000000000000000e+00
1.690000000000000000e+02
6.000000000000000000e+00
5.000000000000000000e+00
2.000000000000000000e+00
8.000000000000000000e+01
2.000000000000000000e+00
3.000000000000000000e+00
0.000000000000000000e+00
0.000000000000000000e+00
0.000000000000000000e+00
0.000000000000000000e+00
0.000000000000000000e+00
0.000000000000000000e+00
0.000000000000000000e+00
0.000000000000000000e+00
0.000000000000000000e+00
0.000000000000000000e+00
0.000000000000000000e+00
0.000000000000000000e+00
0.000000000000000000e+00
0.000000000000000000e+00
0.000000000000000000e+00
0.000000000000000000e+00
0.000000000000000000e+00
0.000000000000000000e+00
0.000000000000000000e+00
0.000000000000000000e+00
0.000000000000000000e+00
0.000000000000000000e+00
0.000000000000000000e+00
0.000000000000000000e+00
0.000000000000000000e+00
0.000000000000000000e+00
0.000000000000000000e+00
0.000000000000000000e+00
0.000000000000000000e+00
0.000000000000000000e+00
0.000000000000000000e+00
0.000000000000000000e+00
0.000000000000000000e+00
0.000000000000000000e+00
0.000000000000000000e+00
0.000000000000000000e+00
0.000000000000000000e+00
0.000000000000000000e+00
0.000000000000000000e+00
0.000000000000000000e+00
0.000000000000000000e+00
0.000000000000000000e+00
0.000000000000000000e+00
0.000000000000000000e+00
0.000000000000000000e+00
0.000000000000000000e+00
0.000000000000000000e+00
0.000000000000000000e+00
0.000000000000000000e+00
0.000000000000000000e+00
0.000000000000000000e+00
0.000000000000000000e+00
0.000000000000000000e+00
0.000000000000000000e+00
0.000000000000000000e+00
0.000000000000000000e+00
0.000000000000000000e+00
0.000000000000000000e+00
0.000000000000000000e+00
0.000000000000000000e+00
0.000000000000000000e+00
0.000000000000000000e+00
0.000000000000000000e+00
0.000000000000000000e+00
0.000000000000000000e+00
0.000000000000000000e+00
0.000000000000000000e+00
0.000000000000000000e+00
0.000000000000000000e+00
0.000000000000000000e+00
0.000000000000000000e+00
0.000000000000000000e+00
0.000000000000000000e+00
0.000000000000000000e+00
0.000000000000000000e+00
0.000000000000000000e+00
1.869000000000000000e+03
0.000000000000000000e+00
0.000000000000000000e+00
1.400000000000000000e+01
7.800000000000000000e+01
1.210000000000000000e+02
3.670000000000000000e+02
4.550000000000000000e+02
5.070000000000000000e+02
5.970000000000000000e+02
6.770000000000000000e+02
6.880000000000000000e+02
8.480000000000000000e+02
8.490000000000000000e+02
7.390000000000000000e+02
9.660000000000000000e+02
8.930000000000000000e+02
7.410000000000000000e+02
9.190000000000000000e+02
7.650000000000000000e+02
1.001000000000000000e+03
9.220000000000000000e+02
8.090000000000000000e+02
9.090000000000000000e+02
8.470000000000000000e+02
7.240000000000000000e+02
1.022000000000000000e+03
8.820000000000000000e+02
9.850000000000000000e+02
7.730000000000000000e+02
9.610000000000000000e+02
9.000000000000000000e+02
8.750000000000000000e+02
9.640000000000000000e+02
1.144000000000000000e+03
1.059000000000000000e+03
1.402000000000000000e+03
8.420000000000000000e+02
1.394000000000000000e+03
1.449000000000000000e+03
1.436000000000000000e+03
1.397000000000000000e+03
1.400000000000000000e+03
1.851000000000000000e+03
1.945000000000000000e+03
1.774000000000000000e+03
2.101000000000000000e+03
1.871000000000000000e+03
1.882000000000000000e+03
2.035000000000000000e+03
2.029000000000000000e+03
1.837000000000000000e+03
1.951000000000000000e+03
2.147000000000000000e+03
2.212000000000000000e+03
2.199000000000000000e+03
2.162000000000000000e+03
2.271000000000000000e+03
2.300000000000000000e+03
2.041000000000000000e+03
2.131000000000000000e+03
2.095000000000000000e+03
1.976000000000000000e+03
1.894000000000000000e+03
2.382000000000000000e+03
1.865000000000000000e+03
1.848000000000000000e+03
2.026000000000000000e+03
2.142000000000000000e+03
1.726000000000000000e+03
2.200000000000000000e+03
1.767000000000000000e+03
1.814000000000000000e+03
1.857000000000000000e+03
1.700000000000000000e+03
1.655000000000000000e+03
1.445000000000000000e+03
1.519000000000000000e+03
1.391000000000000000e+03
1.171000000000000000e+03
1.135000000000000000e+03
1.239000000000000000e+03
1.066000000000000000e+03
1.189000000000000000e+03
8.580000000000000000e+02
1.332000000000000000e+03
7.320000000000000000e+02
1.065000000000000000e+03
9.500000000000000000e+02
8.980000000000000000e+02
9.430000000000000000e+02
8.650000000000000000e+02
7.600000000000000000e+02
8.880000000000000000e+02
8.240000000000000000e+02
7.810000000000000000e+02
8.870000000000000000e+02
7.360000000000000000e+02
7.230000000000000000e+02
7.050000000000000000e+02
7.570000000000000000e+02
6.890000000000000000e+02
7.520000000000000000e+02
7.490000000000000000e+02
7.340000000000000000e+02
6.920000000000000000e+02
7.720000000000000000e+02
7.390000000000000000e+02
6.260000000000000000e+02
6.590000000000000000e+02
6.910000000000000000e+02
7.170000000000000000e+02
7.010000000000000000e+02
6.980000000000000000e+02
6.730000000000000000e+02
6.180000000000000000e+02
6.790000000000000000e+02
6.470000000000000000e+02
7.850000000000000000e+02
7.000000000000000000e+02
7.070000000000000000e+02
7.030000000000000000e+02
6.950000000000000000e+02
7.330000000000000000e+02
7.060000000000000000e+02
7.210000000000000000e+02
7.540000000000000000e+02
7.010000000000000000e+02
7.450000000000000000e+02
8.110000000000000000e+02
8.290000000000000000e+02
8.020000000000000000e+02
8.520000000000000000e+02
7.370000000000000000e+02
7.720000000000000000e+02
8.710000000000000000e+02
8.390000000000000000e+02
7.820000000000000000e+02
8.630000000000000000e+02
8.390000000000000000e+02
8.440000000000000000e+02
7.900000000000000000e+02
7.910000000000000000e+02
9.480000000000000000e+02
7.470000000000000000e+02
8.750000000000000000e+02
9.380000000000000000e+02
7.940000000000000000e+02
8.630000000000000000e+02
9.010000000000000000e+02
8.140000000000000000e+02
8.660000000000000000e+02
8.670000000000000000e+02
8.740000000000000000e+02
8.170000000000000000e+02
8.380000000000000000e+02
8.240000000000000000e+02
7.310000000000000000e+02
8.370000000000000000e+02
8.560000000000000000e+02
7.140000000000000000e+02
6.690000000000000000e+02
8.200000000000000000e+02
6.800000000000000000e+02
7.270000000000000000e+02
7.150000000000000000e+02
6.400000000000000000e+02
7.130000000000000000e+02
6.110000000000000000e+02
6.240000000000000000e+02
6.990000000000000000e+02
5.970000000000000000e+02
5.390000000000000000e+02
5.750000000000000000e+02
6.260000000000000000e+02
5.410000000000000000e+02
4.660000000000000000e+02
6.250000000000000000e+02
4.200000000000000000e+02
5.700000000000000000e+02
4.420000000000000000e+02
5.060000000000000000e+02
4.110000000000000000e+02
4.450000000000000000e+02
4.040000000000000000e+02
4.500000000000000000e+02
3.410000000000000000e+02
3.100000000000000000e+02
4.220000000000000000e+02
3.230000000000000000e+02
3.340000000000000000e+02
4.440000000000000000e+02
2.510000000000000000e+02
3.060000000000000000e+02
2.980000000000000000e+02
3.210000000000000000e+02
2.570000000000000000e+02
2.730000000000000000e+02
2.680000000000000000e+02
2.140000000000000000e+02
2.570000000000000000e+02
2.100000000000000000e+02
2.170000000000000000e+02
2.490000000000000000e+02
2.070000000000000000e+02
2.040000000000000000e+02
2.340000000000000000e+02
2.070000000000000000e+02
1.490000000000000000e+02
1.980000000000000000e+02
1.890000000000000000e+02
1.610000000000000000e+02
1.310000000000000000e+02
1.930000000000000000e+02
1.350000000000000000e+02
1.770000000000000000e+02
1.300000000000000000e+02
1.540000000000000000e+02
9.400000000000000000e+01
1.690000000000000000e+02
1.020000000000000000e+02
1.260000000000000000e+02
9.000000000000000000e+01
1.200000000000000000e+02
1.060000000000000000e+02
1.130000000000000000e+02
8.000000000000000000e+01
1.010000000000000000e+02
1.080000000000000000e+02
8.000000000000000000e+01
8.400000000000000000e+01
7.800000000000000000e+01
6.800000000000000000e+01
7.000000000000000000e+01
7.400000000000000000e+01
6.000000000000000000e+01
6.000000000000000000e+01
5.200000000000000000e+01
6.200000000000000000e+01
5.200000000000000000e+01
4.800000000000000000e+01
4.500000000000000000e+01
5.500000000000000000e+01
5.400000000000000000e+01
5.700000000000000000e+01
4.900000000000000000e+01
5.200000000000000000e+01
3.500000000000000000e+01
4.600000000000000000e+01
3.600000000000000000e+01
4.300000000000000000e+01
3.000000000000000000e+01
1.600000000000000000e+01
0.000000000000000000e+00
0.000000000000000000e+00
2.159000000000000000e+03
7.900000000000000000e+01
1.860000000000000000e+02
1.580000000000000000e+02
1.930000000000000000e+02
1.630000000000000000e+02
1.170000000000000000e+02
1.420000000000000000e+02
1.210000000000000000e+02
1.140000000000000000e+02
9.800000000000000000e+01
1.070000000000000000e+02
1.300000000000000000e+02
1.140000000000000000e+02
1.200000000000000000e+02
8.500000000000000000e+01
1.000000000000000000e+02
1.090000000000000000e+02
1.240000000000000000e+02
1.460000000000000000e+02
2.100000000000000000e+02
2.650000000000000000e+02
3.390000000000000000e+02
3.860000000000000000e+02
4.800000000000000000e+02
5.640000000000000000e+02
6.090000000000000000e+02
6.820000000000000000e+02
8.040000000000000000e+02
8.070000000000000000e+02
8.130000000000000000e+02
9.540000000000000000e+02
9.230000000000000000e+02
9.890000000000000000e+02
1.064000000000000000e+03
1.097000000000000000e+03
1.163000000000000000e+03
1.208000000000000000e+03
1.290000000000000000e+03
1.348000000000000000e+03
1.443000000000000000e+03
1.575000000000000000e+03
1.753000000000000000e+03
1.763000000000000000e+03
1.742000000000000000e+03
1.674000000000000000e+03
1.480000000000000000e+03
1.318000000000000000e+03
1.319000000000000000e+03
1.226000000000000000e+03
1.270000000000000000e+03
1.304000000000000000e+03
1.235000000000000000e+03
1.290000000000000000e+03
1.314000000000000000e+03
1.251000000000000000e+03
1.367000000000000000e+03
1.320000000000000000e+03
1.362000000000000000e+03
1.357000000000000000e+03
1.346000000000000000e+03
1.317000000000000000e+03
1.424000000000000000e+03
1.396000000000000000e+03
1.373000000000000000e+03
1.387000000000000000e+03
1.434000000000000000e+03
1.406000000000000000e+03
1.393000000000000000e+03
1.410000000000000000e+03
1.480000000000000000e+03
1.564000000000000000e+03
1.485000000000000000e+03
1.476000000000000000e+03
1.556000000000000000e+03
1.532000000000000000e+03
1.563000000000000000e+03
1.600000000000000000e+03
1.549000000000000000e+03
1.592000000000000000e+03
1.637000000000000000e+03
1.691000000000000000e+03
1.794000000000000000e+03
1.838000000000000000e+03
1.873000000000000000e+03
1.891000000000000000e+03
1.905000000000000000e+03
1.963000000000000000e+03
2.001000000000000000e+03
2.006000000000000000e+03
2.073000000000000000e+03
2.017000000000000000e+03
2.193000000000000000e+03
2.081000000000000000e+03
2.078000000000000000e+03
2.065000000000000000e+03
2.035000000000000000e+03
2.056000000000000000e+03
2.074000000000000000e+03
2.114000000000000000e+03
2.193000000000000000e+03
2.202000000000000000e+03
2.276000000000000000e+03
2.260000000000000000e+03
2.225000000000000000e+03
2.145000000000000000e+03
2.113000000000000000e+03
2.003000000000000000e+03
2.004000000000000000e+03
1.962000000000000000e+03
1.919000000000000000e+03
1.731000000000000000e+03
1.699000000000000000e+03
1.610000000000000000e+03
1.532000000000000000e+03
1.362000000000000000e+03
1.366000000000000000e+03
1.234000000000000000e+03
1.289000000000000000e+03
1.158000000000000000e+03
1.114000000000000000e+03
9.810000000000000000e+02
9.450000000000000000e+02
8.550000000000000000e+02
7.350000000000000000e+02
7.020000000000000000e+02
5.990000000000000000e+02
6.100000000000000000e+02
5.810000000000000000e+02
5.270000000000000000e+02
5.210000000000000000e+02
4.570000000000000000e+02
4.920000000000000000e+02
4.820000000000000000e+02
4.020000000000000000e+02
4.390000000000000000e+02
4.110000000000000000e+02
3.900000000000000000e+02
3.810000000000000000e+02
3.580000000000000000e+02
3.590000000000000000e+02
3.360000000000000000e+02
3.290000000000000000e+02
3.110000000000000000e+02
3.480000000000000000e+02
3.200000000000000000e+02
2.920000000000000000e+02
3.050000000000000000e+02
3.100000000000000000e+02
2.990000000000000000e+02
3.030000000000000000e+02
2.920000000000000000e+02
2.830000000000000000e+02
2.820000000000000000e+02
2.980000000000000000e+02
2.820000000000000000e+02
2.910000000000000000e+02
2.840000000000000000e+02
3.320000000000000000e+02
3.350000000000000000e+02
3.270000000000000000e+02
3.470000000000000000e+02
3.330000000000000000e+02
3.400000000000000000e+02
3.380000000000000000e+02
3.160000000000000000e+02
3.630000000000000000e+02
3.860000000000000000e+02
3.470000000000000000e+02
3.910000000000000000e+02
3.890000000000000000e+02
3.830000000000000000e+02
3.660000000000000000e+02
3.940000000000000000e+02
3.790000000000000000e+02
3.860000000000000000e+02
4.140000000000000000e+02
3.890000000000000000e+02
4.220000000000000000e+02
4.120000000000000000e+02
4.200000000000000000e+02
4.200000000000000000e+02
4.380000000000000000e+02
4.430000000000000000e+02
4.160000000000000000e+02
4.300000000000000000e+02
3.860000000000000000e+02
4.170000000000000000e+02
4.310000000000000000e+02
4.040000000000000000e+02
3.930000000000000000e+02
4.170000000000000000e+02
4.060000000000000000e+02
4.230000000000000000e+02
4.210000000000000000e+02
3.930000000000000000e+02
3.630000000000000000e+02
3.880000000000000000e+02
3.370000000000000000e+02
3.800000000000000000e+02
3.380000000000000000e+02
3.530000000000000000e+02
3.110000000000000000e+02
3.100000000000000000e+02
3.280000000000000000e+02
3.230000000000000000e+02
3.020000000000000000e+02
2.970000000000000000e+02
3.080000000000000000e+02
2.760000000000000000e+02
3.150000000000000000e+02
2.900000000000000000e+02
2.610000000000000000e+02
2.580000000000000000e+02
2.750000000000000000e+02
2.750000000000000000e+02
2.130000000000000000e+02
2.550000000000000000e+02
2.350000000000000000e+02
2.360000000000000000e+02
2.290000000000000000e+02
2.180000000000000000e+02
2.130000000000000000e+02
2.050000000000000000e+02
2.180000000000000000e+02
1.940000000000000000e+02
2.290000000000000000e+02
1.950000000000000000e+02
1.970000000000000000e+02
1.890000000000000000e+02
2.100000000000000000e+02
2.060000000000000000e+02
1.940000000000000000e+02
1.800000000000000000e+02
1.790000000000000000e+02
2.070000000000000000e+02
2.050000000000000000e+02
2.270000000000000000e+02
1.860000000000000000e+02
1.970000000000000000e+02
2.090000000000000000e+02
2.200000000000000000e+02
2.030000000000000000e+02
2.010000000000000000e+02
2.040000000000000000e+02
2.500000000000000000e+02
2.710000000000000000e+02
2.710000000000000000e+02
2.740000000000000000e+02
2.820000000000000000e+02
3.140000000000000000e+02
3.400000000000000000e+02
3.340000000000000000e+02
3.480000000000000000e+02
3.620000000000000000e+02
2.840000000000000000e+02
3.600000000000000000e+02
