1.961200000000000000e+04
1.590000000000000000e+02
6.790000000000000000e+02
2.437000000000000000e+03
3.080000000000000000e+02
3.456000000000000000e+03
1.705500000000000000e+04
2.710000000000000000e+02
6.848000000000000000e+03
6.890000000000000000e+02
6.280000000000000000e+02
1.835900000000000000e+04
1.089000000000000000e+03
1.645600000000000000e+04
3.742000000000000000e+03
5.766000000000000000e+03
8.735000000000000000e+03
8.145000000000000000e+03
9.529000000000000000e+03
8.997000000000000000e+03
5.464000000000000000e+03
1.698000000000000000e+03
8.330000000000000000e+02
4.580000000000000000e+02
2.279000000000000000e+03
1.296000000000000000e+03
4.090000000000000000e+02
3.800000000000000000e+01
4.900000000000000000e+01
4.900000000000000000e+01
2.467000000000000000e+03
2.000000000000000000e+00
1.070000000000000000e+02
2.600000000000000000e+01
2.430000000000000000e+02
5.770000000000000000e+02
7.450000000000000000e+02
9.000000000000000000e+00
7.200000000000000000e+01
3.500000000000000000e+01
9.400000000000000000e+01
6.000000000000000000e+00
3.180000000000000000e+02
1.940000000000000000e+02
1.000000000000000000e+00
2.300000000000000000e+01
6.000000000000000000e+00
0.000000000000000000e+00
6.100000000000000000e+01
2.000000000000000000e+00
6.580000000000000000e+02
1.100000000000000000e+02
2.500000000000000000e+01
0.000000000000000000e+00
4.000000000000000000e+00
1.470000000000000000e+02
6.000000000000000000e+01
1.800000000000000000e+01
3.000000000000000000e+00
0.000000000000000000e+00
1.090000000000000000e+02
0.000000000000000000e+00
3.000000000000000000e+00
3.000000000000000000e+01
0.000000000000000000e+00
2.000000000000000000e+00
3.040000000000000000e+02
5.000000000000000000e+00
1.000000000000000000e+01
6.000000000000000000e+00
1.730000000000000000e+02
3.000000000000000000e+00
2.000000000000000000e+00
1.500000000000000000e+02
6.600000000000000000e+01
9.340000000000000000e+02
8.000000000000000000e+00
2.000000000000000000e+00
0.000000000000000000e+00
6.400000000000000000e+01
3.760000000000000000e+02
0.000000000000000000e+00
3.000000000000000000e+00
2.560000000000000000e+02
1.700000000000000000e+01
1.500000000000000000e+01
0.000000000000000000e+00
1.220000000000000000e+02
1.000000000000000000e+00
0.000000000000000000e+00
1.100000000000000000e+02
1.000000000000000000e+00
4.000000000000000000e+00
1.700000000000000000e+01
0.000000000000000000e+00
2.800000000000000000e+01
1.910000000000000000e+02
0.000000000000000000e+00
2.000000000000000000e+01
9.000000000000000000e+00
9.000000000000000000e+00
5.800000000000000000e+01
1.800000000000000000e+01
1.310000000000000000e+02
2.800000000000000000e+01
4.200000000000000000e+01
5.700000000000000000e+01
2.200000000000000000e+01
1.400000000000000000e+01
5.600000000000000000e+01
5.350000000000000000e+02
2.900000000000000000e+01
9.000000000000000000e+00
1.400000000000000000e+01
1.240000000000000000e+02
3.400000000000000000e+01
9.000000000000000000e+00
0.000000000000000000e+00
1.000000000000000000e+00
0.000000000000000000e+00
6.690000000000000000e+02
0.000000000000000000e+00
1.000000000000000000e+00
0.000000000000000000e+00
1.000000000000000000e+01
3.200000000000000000e+01
7.800000000000000000e+01
1.000000000000000000e+00
4.000000000000000000e+00
0.000000000000000000e+00
1.200000000000000000e+01
0.000000000000000000e+00
8.100000000000000000e+01
3.200000000000000000e+01
0.000000000000000000e+00
3.000000000000000000e+00
3.000000000000000000e+00
0.000000000000000000e+00
1.300000000000000000e+01
0.000000000000000000e+00
7.240000000000000000e+02
1.400000000000000000e+01
6.000000000000000000e+00
1.000000000000000000e+00
2.000000000000000000e+00
5.100000000000000000e+01
1.500000000000000000e+01
0.000000000000000000e+00
0.000000000000000000e+00
0.000000000000000000e+00
5.700000000000000000e+01
0.000000000000000000e+00
6.000000000000000000e+00
1.200000000000000000e+01
0.000000000000000000e+00
8.000000000000000000e+00
4.650000000000000000e+02
6.000000000000000000e+00
1.800000000000000000e+01
1.600000000000000000e+01
4.140000000000000000e+02
4.000000000000000000e+00
7.000000000000000000e+00
3.330000000000000000e+02
1.520000000000000000e+02
5.375000000000000000e+03
2.500000000000000000e+01
2.000000000000000000e+00
1.000000000000000000e+00
7.250000000000000000e+02
6.761000000000000000e+03
1.300000000000000000e+01
5.000000000000000000e+00
5.194000000000000000e+03
2.810000000000000000e+02
5.910000000000000000e+02
1.500000000000000000e+01
9.257000000000000000e+03
1.810000000000000000e+02
4.700000000000000000e+01
0.000000000000000000e+00
0.000000000000000000e+00
0.000000000000000000e+00
0.000000000000000000e+00
0.000000000000000000e+00
0.000000000000000000e+00
0.000000000000000000e+00
0.000000000000000000e+00
0.000000000000000000e+00
0.000000000000000000e+00
0.000000000000000000e+00
0.000000000000000000e+00
0.000000000000000000e+00
0.000000000000000000e+00
0.000000000000000000e+00
0.000000000000000000e+00
0.000000000000000000e+00
0.000000000000000000e+00
0.000000000000000000e+00
0.000000000000000000e+00
0.000000000000000000e+00
0.000000000000000000e+00
0.000000000000000000e+00
0.000000000000000000e+00
0.000000000000000000e+00
0.000000000000000000e+00
0.000000000000000000e+00
0.000000000000000000e+00
0.000000000000000000e+00
0.000000000000000000e+00
0.000000000000000000e+00
0.000000000000000000e+00
0.000000000000000000e+00
0.000000000000000000e+00
0.000000000000000000e+00
0.000000000000000000e+00
0.000000000000000000e+00
0.000000000000000000e+00
0.000000000000000000e+00
0.000000000000000000e+00
0.000000000000000000e+00
0.000000000000000000e+00
0.000000000000000000e+00
0.000000000000000000e+00
0.000000000000000000e+00
0.000000000000000000e+00
0.000000000000000000e+00
0.000000000000000000e+00
0.000000000000000000e+00
0.000000000000000000e+00
0.000000000000000000e+00
0.000000000000000000e+00
0.000000000000000000e+00
0.000000000000000000e+00
0.000000000000000000e+00
0.000000000000000000e+00
0.000000000000000000e+00
0.000000000000000000e+00
0.000000000000000000e+00
0.000000000000000000e+00
0.000000000000000000e+00
0.000000000000000000e+00
0.000000000000000000e+00
0.000000000000000000e+00
0.000000000000000000e+00
0.000000000000000000e+00
0.000000000000000000e+00
0.000000000000000000e+00
0.000000000000000000e+00
0.000000000000000000e+00
0.000000000000000000e+00
0.000000000000000000e+00
0.000000000000000000e+00
0.000000000000000000e+00
0.000000000000000000e+00
0.000000000000000000e+00
3.196000000000000000e+03
0.000000000000000000e+00
2.000000000000000000e+00
1.561000000000000000e+03
6.196000000000000000e+03
2.705000000000000000e+03
2.109000000000000000e+03
4.358000000000000000e+03
4.665000000000000000e+03
4.422000000000000000e+03
6.594000000000000000e+03
7.514000000000000000e+03
6.827000000000000000e+03
7.238000000000000000e+03
6.844000000000000000e+03
6.089000000000000000e+03
5.564000000000000000e+03
4.436000000000000000e+03
3.558000000000000000e+03
3.301000000000000000e+03
2.826000000000000000e+03
2.430000000000000000e+03
2.366000000000000000e+03
2.329000000000000000e+03
1.855000000000000000e+03
1.580000000000000000e+03
1.706000000000000000e+03
1.236000000000000000e+03
1.164000000000000000e+03
1.043000000000000000e+03
9.590000000000000000e+02
9.050000000000000000e+02
8.160000000000000000e+02
9.430000000000000000e+02
8.390000000000000000e+02
8.040000000000000000e+02
9.450000000000000000e+02
5.130000000000000000e+02
8.330000000000000000e+02
6.720000000000000000e+02
8.760000000000000000e+02
6.760000000000000000e+02
7.010000000000000000e+02
6.790000000000000000e+02
6.740000000000000000e+02
6.070000000000000000e+02
7.170000000000000000e+02
4.470000000000000000e+02
5.420000000000000000e+02
6.420000000000000000e+02
4.640000000000000000e+02
5.960000000000000000e+02
4.580000000000000000e+02
5.980000000000000000e+02
4.060000000000000000e+02
6.660000000000000000e+02
3.770000000000000000e+02
6.920000000000000000e+02
4.560000000000000000e+02
6.200000000000000000e+02
3.860000000000000000e+02
7.070000000000000000e+02
3.710000000000000000e+02
1.680000000000000000e+02
8.580000000000000000e+02
3.100000000000000000e+02
3.210000000000000000e+02
8.020000000000000000e+02
3.980000000000000000e+02
2.780000000000000000e+02
8.550000000000000000e+02
3.910000000000000000e+02
3.460000000000000000e+02
7.350000000000000000e+02
3.950000000000000000e+02
3.960000000000000000e+02
2.920000000000000000e+02
8.840000000000000000e+02
4.460000000000000000e+02
3.970000000000000000e+02
4.020000000000000000e+02
6.110000000000000000e+02
5.380000000000000000e+02
4.140000000000000000e+02
2.500000000000000000e+02
8.470000000000000000e+02
2.470000000000000000e+02
3.330000000000000000e+02
5.200000000000000000e+02
3.550000000000000000e+02
3.790000000000000000e+02
3.220000000000000000e+02
4.430000000000000000e+02
4.140000000000000000e+02
5.030000000000000000e+02
3.690000000000000000e+02
5.350000000000000000e+02
3.900000000000000000e+02
4.560000000000000000e+02
3.910000000000000000e+02
5.140000000000000000e+02
4.090000000000000000e+02
4.780000000000000000e+02
4.290000000000000000e+02
5.600000000000000000e+02
4.350000000000000000e+02
5.800000000000000000e+02
5.220000000000000000e+02
5.850000000000000000e+02
6.940000000000000000e+02
5.960000000000000000e+02
6.720000000000000000e+02
6.910000000000000000e+02
7.470000000000000000e+02
7.370000000000000000e+02
8.150000000000000000e+02
8.560000000000000000e+02
8.070000000000000000e+02
8.040000000000000000e+02
7.450000000000000000e+02
7.960000000000000000e+02
7.560000000000000000e+02
7.340000000000000000e+02
7.360000000000000000e+02
7.460000000000000000e+02
6.860000000000000000e+02
5.910000000000000000e+02
5.880000000000000000e+02
7.000000000000000000e+02
5.890000000000000000e+02
5.930000000000000000e+02
6.320000000000000000e+02
6.220000000000000000e+02
6.370000000000000000e+02
5.530000000000000000e+02
6.260000000000000000e+02
5.480000000000000000e+02
5.900000000000000000e+02
6.710000000000000000e+02
6.250000000000000000e+02
5.930000000000000000e+02
6.290000000000000000e+02
6.970000000000000000e+02
6.170000000000000000e+02
6.150000000000000000e+02
6.010000000000000000e+02
6.810000000000000000e+02
6.060000000000000000e+02
6.010000000000000000e+02
5.500000000000000000e+02
5.360000000000000000e+02
5.220000000000000000e+02
4.800000000000000000e+02
4.390000000000000000e+02
4.240000000000000000e+02
4.210000000000000000e+02
3.710000000000000000e+02
3.340000000000000000e+02
3.170000000000000000e+02
2.910000000000000000e+02
2.660000000000000000e+02
3.170000000000000000e+02
3.110000000000000000e+02
2.290000000000000000e+02
2.410000000000000000e+02
2.680000000000000000e+02
2.180000000000000000e+02
2.210000000000000000e+02
2.000000000000000000e+02
2.060000000000000000e+02
1.740000000000000000e+02
2.140000000000000000e+02
2.090000000000000000e+02
1.840000000000000000e+02
1.950000000000000000e+02
1.690000000000000000e+02
1.760000000000000000e+02
1.750000000000000000e+02
1.540000000000000000e+02
1.590000000000000000e+02
1.570000000000000000e+02
1.770000000000000000e+02
1.420000000000000000e+02
1.210000000000000000e+02
1.290000000000000000e+02
1.430000000000000000e+02
9.900000000000000000e+01
1.230000000000000000e+02
1.350000000000000000e+02
9.200000000000000000e+01
8.500000000000000000e+01
1.030000000000000000e+02
6.900000000000000000e+01
6.500000000000000000e+01
6.200000000000000000e+01
4.500000000000000000e+01
4.700000000000000000e+01
6.400000000000000000e+01
6.400000000000000000e+01
5.200000000000000000e+01
3.700000000000000000e+01
5.500000000000000000e+01
4.000000000000000000e+01
3.900000000000000000e+01
3.900000000000000000e+01
3.300000000000000000e+01
2.500000000000000000e+01
2.100000000000000000e+01
2.600000000000000000e+01
2.700000000000000000e+01
3.100000000000000000e+01
2.100000000000000000e+01
2.100000000000000000e+01
2.700000000000000000e+01
1.700000000000000000e+01
2.000000000000000000e+01
1.400000000000000000e+01
1.600000000000000000e+01
1.500000000000000000e+01
1.800000000000000000e+01
9.000000000000000000e+00
1.100000000000000000e+01
1.500000000000000000e+01
1.000000000000000000e+01
1.000000000000000000e+01
7.000000000000000000e+00
1.000000000000000000e+01
1.100000000000000000e+01
1.000000000000000000e+01
9.000000000000000000e+00
2.000000000000000000e+01
7.000000000000000000e+00
5.000000000000000000e+00
7.000000000000000000e+00
1.200000000000000000e+01
5.000000000000000000e+00
9.000000000000000000e+00
8.000000000000000000e+00
9.000000000000000000e+00
7.000000000000000000e+00
3.000000000000000000e+00
7.000000000000000000e+00
4.000000000000000000e+00
5.000000000000000000e+00
4.000000000000000000e+00
7.000000000000000000e+00
4.000000000000000000e+00
1.000000000000000000e+00
7.000000000000000000e+00
2.000000000000000000e+00
8.000000000000000000e+00
9.000000000000000000e+00
1.000000000000000000e+00
0.000000000000000000e+00
0.000000000000000000e+00
1.330000000000000000e+02
0.000000000000000000e+00
0.000000000000000000e+00
0.000000000000000000e+00
0.000000000000000000e+00
0.000000000000000000e+00
0.000000000000000000e+00
0.000000000000000000e+00
0.000000000000000000e+00
0.000000000000000000e+00
1.000000000000000000e+00
2.000000000000000000e+00
2.000000000000000000e+00
1.000000000000000000e+00
6.000000000000000000e+00
5.000000000000000000e+00
1.500000000000000000e+01
2.700000000000000000e+01
1.210000000000000000e+02
2.210000000000000000e+02
4.380000000000000000e+02
6.550000000000000000e+02
7.210000000000000000e+02
7.990000000000000000e+02
7.550000000000000000e+02
6.970000000000000000e+02
6.360000000000000000e+02
6.200000000000000000e+02
5.960000000000000000e+02
5.600000000000000000e+02
4.660000000000000000e+02
4.800000000000000000e+02
4.920000000000000000e+02
4.580000000000000000e+02
4.650000000000000000e+02
4.660000000000000000e+02
5.030000000000000000e+02
4.430000000000000000e+02
4.290000000000000000e+02
4.540000000000000000e+02
4.680000000000000000e+02
4.440000000000000000e+02
4.970000000000000000e+02
5.310000000000000000e+02
5.550000000000000000e+02
5.770000000000000000e+02
4.980000000000000000e+02
5.300000000000000000e+02
5.390000000000000000e+02
5.770000000000000000e+02
5.800000000000000000e+02
5.690000000000000000e+02
5.490000000000000000e+02
6.220000000000000000e+02
6.750000000000000000e+02
6.510000000000000000e+02
6.720000000000000000e+02
7.270000000000000000e+02
7.000000000000000000e+02
7.150000000000000000e+02
6.760000000000000000e+02
6.680000000000000000e+02
6.880000000000000000e+02
6.970000000000000000e+02
7.090000000000000000e+02
7.470000000000000000e+02
6.770000000000000000e+02
7.210000000000000000e+02
7.310000000000000000e+02
7.180000000000000000e+02
7.290000000000000000e+02
6.950000000000000000e+02
6.780000000000000000e+02
7.310000000000000000e+02
7.140000000000000000e+02
6.970000000000000000e+02
7.220000000000000000e+02
7.010000000000000000e+02
7.640000000000000000e+02
7.420000000000000000e+02
7.490000000000000000e+02
8.210000000000000000e+02
7.580000000000000000e+02
7.620000000000000000e+02
7.820000000000000000e+02
7.960000000000000000e+02
7.410000000000000000e+02
8.270000000000000000e+02
8.100000000000000000e+02
8.210000000000000000e+02
7.590000000000000000e+02
8.000000000000000000e+02
7.250000000000000000e+02
8.130000000000000000e+02
8.280000000000000000e+02
8.440000000000000000e+02
8.570000000000000000e+02
8.040000000000000000e+02
8.790000000000000000e+02
8.630000000000000000e+02
9.350000000000000000e+02
9.400000000000000000e+02
9.900000000000000000e+02
9.920000000000000000e+02
9.960000000000000000e+02
9.850000000000000000e+02
1.011000000000000000e+03
9.750000000000000000e+02
9.600000000000000000e+02
9.890000000000000000e+02
1.037000000000000000e+03
9.930000000000000000e+02
1.067000000000000000e+03
9.830000000000000000e+02
1.061000000000000000e+03
1.109000000000000000e+03
1.100000000000000000e+03
1.116000000000000000e+03
1.162000000000000000e+03
1.162000000000000000e+03
1.213000000000000000e+03
1.199000000000000000e+03
1.124000000000000000e+03
1.231000000000000000e+03
1.317000000000000000e+03
1.253000000000000000e+03
1.238000000000000000e+03
1.279000000000000000e+03
1.226000000000000000e+03
1.302000000000000000e+03
1.297000000000000000e+03
1.280000000000000000e+03
1.264000000000000000e+03
1.314000000000000000e+03
1.219000000000000000e+03
1.278000000000000000e+03
1.212000000000000000e+03
1.280000000000000000e+03
1.249000000000000000e+03
1.257000000000000000e+03
1.290000000000000000e+03
1.353000000000000000e+03
1.320000000000000000e+03
1.338000000000000000e+03
1.289000000000000000e+03
1.278000000000000000e+03
1.272000000000000000e+03
1.215000000000000000e+03
1.296000000000000000e+03
1.131000000000000000e+03
1.158000000000000000e+03
1.064000000000000000e+03
1.073000000000000000e+03
1.067000000000000000e+03
1.055000000000000000e+03
1.010000000000000000e+03
1.014000000000000000e+03
1.032000000000000000e+03
1.043000000000000000e+03
1.062000000000000000e+03
1.086000000000000000e+03
1.108000000000000000e+03
1.139000000000000000e+03
1.101000000000000000e+03
1.193000000000000000e+03
1.228000000000000000e+03
1.240000000000000000e+03
1.341000000000000000e+03
1.464000000000000000e+03
1.505000000000000000e+03
1.574000000000000000e+03
1.671000000000000000e+03
1.720000000000000000e+03
1.740000000000000000e+03
1.745000000000000000e+03
1.767000000000000000e+03
1.828000000000000000e+03
1.802000000000000000e+03
1.819000000000000000e+03
1.807000000000000000e+03
1.837000000000000000e+03
1.641000000000000000e+03
1.754000000000000000e+03
1.655000000000000000e+03
1.633000000000000000e+03
1.512000000000000000e+03
1.476000000000000000e+03
1.264000000000000000e+03
1.297000000000000000e+03
1.158000000000000000e+03
1.139000000000000000e+03
1.018000000000000000e+03
1.082000000000000000e+03
9.290000000000000000e+02
8.450000000000000000e+02
7.980000000000000000e+02
6.540000000000000000e+02
6.430000000000000000e+02
5.840000000000000000e+02
5.500000000000000000e+02
4.910000000000000000e+02
4.840000000000000000e+02
4.330000000000000000e+02
3.760000000000000000e+02
4.210000000000000000e+02
3.250000000000000000e+02
3.150000000000000000e+02
2.880000000000000000e+02
2.760000000000000000e+02
2.220000000000000000e+02
2.420000000000000000e+02
2.230000000000000000e+02
2.170000000000000000e+02
2.380000000000000000e+02
1.990000000000000000e+02
2.330000000000000000e+02
2.210000000000000000e+02
2.060000000000000000e+02
2.160000000000000000e+02
1.970000000000000000e+02
1.790000000000000000e+02
2.160000000000000000e+02
1.810000000000000000e+02
1.880000000000000000e+02
1.720000000000000000e+02
1.640000000000000000e+02
1.810000000000000000e+02
1.840000000000000000e+02
1.430000000000000000e+02
1.430000000000000000e+02
1.760000000000000000e+02
1.770000000000000000e+02
1.620000000000000000e+02
1.420000000000000000e+02
1.270000000000000000e+02
1.350000000000000000e+02
1.440000000000000000e+02
1.240000000000000000e+02
1.230000000000000000e+02
1.090000000000000000e+02
1.470000000000000000e+02
1.740000000000000000e+02
1.310000000000000000e+02
1.470000000000000000e+02
1.590000000000000000e+02
1.280000000000000000e+02
1.540000000000000000e+02
1.390000000000000000e+02
1.300000000000000000e+02
1.270000000000000000e+02
1.330000000000000000e+02
1.330000000000000000e+02
1.090000000000000000e+02
1.150000000000000000e+02
1.280000000000000000e+02
9.600000000000000000e+01
6.010000000000000000e+02
