2.430000000000000000e+02
6.000000000000000000e+00
1.400000000000000000e+01
1.700000000000000000e+01
1.900000000000000000e+01
5.900000000000000000e+01
6.300000000000000000e+01
3.900000000000000000e+01
1.120000000000000000e+02
8.800000000000000000e+01
1.100000000000000000e+02
1.300000000000000000e+02
8.600000000000000000e+01
1.620000000000000000e+02
7.600000000000000000e+01
1.000000000000000000e+02
1.170000000000000000e+02
9.600000000000000000e+01
7.600000000000000000e+01
1.910000000000000000e+02
1.740000000000000000e+02
2.660000000000000000e+02
4.200000000000000000e+02
2.460000000000000000e+02
9.910000000000000000e+02
4.340000000000000000e+02
2.012000000000000000e+03
1.291000000000000000e+03
2.209000000000000000e+03
4.152000000000000000e+03
4.459000000000000000e+03
4.960000000000000000e+03
6.336000000000000000e+03
6.227000000000000000e+03
7.253000000000000000e+03
1.232900000000000000e+04
1.120000000000000000e+04
9.658000000000000000e+03
1.190800000000000000e+04
1.141000000000000000e+04
1.266200000000000000e+04
9.420000000000000000e+03
1.036000000000000000e+04
9.682000000000000000e+03
6.980000000000000000e+03
5.699000000000000000e+03
6.098000000000000000e+03
2.819000000000000000e+03
3.986000000000000000e+03
1.561000000000000000e+03
1.700000000000000000e+03
1.860000000000000000e+03
1.241000000000000000e+03
7.700000000000000000e+02
9.270000000000000000e+02
1.069000000000000000e+03
1.097000000000000000e+03
6.960000000000000000e+02
4.430000000000000000e+02
2.090000000000000000e+02
8.900000000000000000e+02
7.800000000000000000e+01
3.800000000000000000e+02
5.890000000000000000e+02
1.900000000000000000e+01
2.620000000000000000e+02
8.880000000000000000e+02
2.740000000000000000e+02
1.880000000000000000e+02
3.460000000000000000e+02
3.670000000000000000e+02
7.300000000000000000e+01
3.800000000000000000e+01
2.720000000000000000e+02
2.120000000000000000e+02
7.000000000000000000e+01
4.400000000000000000e+01
3.000000000000000000e+00
3.000000000000000000e+00
8.600000000000000000e+01
5.950000000000000000e+02
3.000000000000000000e+00
0.000000000000000000e+00
2.880000000000000000e+02
1.400000000000000000e+01
2.400000000000000000e+01
3.000000000000000000e+00
2.120000000000000000e+02
1.000000000000000000e+00
0.000000000000000000e+00
2.950000000000000000e+02
0.000000000000000000e+00
1.300000000000000000e+01
2.100000000000000000e+01
3.000000000000000000e+00
4.400000000000000000e+01
1.940000000000000000e+02
0.000000000000000000e+00
4.500000000000000000e+01
2.700000000000000000e+01
3.800000000000000000e+01
1.120000000000000000e+02
6.000000000000000000e+01
1.360000000000000000e+02
1.900000000000000000e+01
3.200000000000000000e+01
3.900000000000000000e+01
2.400000000000000000e+01
1.800000000000000000e+01
3.600000000000000000e+01
7.200000000000000000e+01
3.600000000000000000e+01
4.100000000000000000e+01
2.400000000000000000e+01
5.100000000000000000e+01
2.800000000000000000e+01
4.000000000000000000e+01
1.000000000000000000e+01
1.100000000000000000e+01
1.200000000000000000e+01
1.080000000000000000e+02
1.000000000000000000e+00
3.200000000000000000e+01
6.000000000000000000e+00
2.300000000000000000e+01
5.300000000000000000e+01
2.300000000000000000e+01
1.100000000000000000e+01
3.000000000000000000e+01
9.000000000000000000e+00
2.600000000000000000e+01
1.000000000000000000e+00
1.200000000000000000e+01
1.600000000000000000e+01
0.000000000000000000e+00
2.100000000000000000e+01
1.000000000000000000e+00
1.000000000000000000e+00
1.500000000000000000e+01
0.000000000000000000e+00
1.600000000000000000e+01
8.000000000000000000e+00
7.000000000000000000e+00
2.000000000000000000e+00
4.000000000000000000e+00
9.000000000000000000e+00
1.000000000000000000e+00
3.000000000000000000e+00
0.000000000000000000e+00
0.000000000000000000e+00
1.640000000000000000e+02
0.000000000000000000e+00
0.000000000000000000e+00
4.000000000000000000e+00
0.000000000000000000e+00
5.000000000000000000e+00
1.600000000000000000e+01
2.000000000000000000e+00
2.000000000000000000e+00
2.000000000000000000e+00
9.000000000000000000e+00
2.000000000000000000e+00
3.000000000000000000e+00
4.000000000000000000e+00
5.000000000000000000e+00
3.200000000000000000e+01
2.000000000000000000e+00
2.000000000000000000e+00
0.000000000000000000e+00
2.000000000000000000e+00
1.700000000000000000e+01
1.000000000000000000e+00
1.000000000000000000e+00
1.800000000000000000e+01
1.600000000000000000e+01
6.000000000000000000e+00
2.000000000000000000e+00
2.100000000000000000e+01
1.000000000000000000e+00
1.000000000000000000e+00
0.000000000000000000e+00
0.000000000000000000e+00
0.000000000000000000e+00
0.000000000000000000e+00
0.000000000000000000e+00
0.000000000000000000e+00
0.000000000000000000e+00
0.000000000000000000e+00
0.000000000000000000e+00
0.000000000000000000e+00
0.000000000000000000e+00
0.000000000000000000e+00
0.000000000000000000e+00
0.000000000000000000e+00
0.000000000000000000e+00
0.000000000000000000e+00
0.000000000000000000e+00
0.000000000000000000e+00
0.000000000000000000e+00
0.000000000000000000e+00
0.000000000000000000e+00
0.000000000000000000e+00
0.000000000000000000e+00
0.000000000000000000e+00
0.000000000000000000e+00
0.000000000000000000e+00
0.000000000000000000e+00
0.000000000000000000e+00
0.000000000000000000e+00
0.000000000000000000e+00
0.000000000000000000e+00
0.000000000000000000e+00
0.000000000000000000e+00
0.000000000000000000e+00
0.000000000000000000e+00
0.000000000000000000e+00
0.000000000000000000e+00
0.000000000000000000e+00
0.000000000000000000e+00
0.000000000000000000e+00
0.000000000000000000e+00
0.000000000000000000e+00
0.000000000000000000e+00
0.000000000000000000e+00
0.000000000000000000e+00
0.000000000000000000e+00
0.000000000000000000e+00
0.000000000000000000e+00
0.000000000000000000e+00
0.000000000000000000e+00
0.000000000000000000e+00
0.000000000000000000e+00
0.000000000000000000e+00
0.000000000000000000e+00
0.000000000000000000e+00
0.000000000000000000e+00
0.000000000000000000e+00
0.000000000000000000e+00
0.000000000000000000e+00
0.000000000000000000e+00
0.000000000000000000e+00
0.000000000000000000e+00
0.000000000000000000e+00
0.000000000000000000e+00
0.000000000000000000e+00
0.000000000000000000e+00
0.000000000000000000e+00
0.000000000000000000e+00
0.000000000000000000e+00
0.000000000000000000e+00
0.000000000000000000e+00
0.000000000000000000e+00
0.000000000000000000e+00
0.000000000000000000e+00
0.000000000000000000e+00
0.000000000000000000e+00
1.930000000000000000e+02
1.830000000000000000e+02
1.900000000000000000e+02
9.200000000000000000e+01
8.400000000000000000e+01
1.080000000000000000e+02
6.700000000000000000e+01
7.900000000000000000e+01
6.800000000000000000e+01
7.300000000000000000e+01
8.300000000000000000e+01
1.120000000000000000e+02
1.210000000000000000e+02
1.350000000000000000e+02
1.830000000000000000e+02
1.810000000000000000e+02
1.640000000000000000e+02
1.700000000000000000e+02
2.580000000000000000e+02
2.740000000000000000e+02
2.480000000000000000e+02
3.050000000000000000e+02
3.080000000000000000e+02
3.160000000000000000e+02
2.790000000000000000e+02
3.210000000000000000e+02
3.830000000000000000e+02
3.690000000000000000e+02
3.760000000000000000e+02
3.840000000000000000e+02
3.800000000000000000e+02
4.130000000000000000e+02
4.330000000000000000e+02
4.390000000000000000e+02
4.450000000000000000e+02
4.990000000000000000e+02
5.800000000000000000e+02
4.740000000000000000e+02
6.130000000000000000e+02
5.490000000000000000e+02
5.900000000000000000e+02
6.270000000000000000e+02
6.560000000000000000e+02
7.070000000000000000e+02
7.140000000000000000e+02
7.740000000000000000e+02
8.120000000000000000e+02
8.250000000000000000e+02
9.300000000000000000e+02
8.720000000000000000e+02
9.410000000000000000e+02
1.016000000000000000e+03
1.027000000000000000e+03
1.083000000000000000e+03
1.089000000000000000e+03
1.121000000000000000e+03
1.226000000000000000e+03
1.262000000000000000e+03
1.221000000000000000e+03
1.329000000000000000e+03
1.420000000000000000e+03
1.458000000000000000e+03
1.522000000000000000e+03
1.482000000000000000e+03
1.751000000000000000e+03
1.726000000000000000e+03
1.766000000000000000e+03
1.837000000000000000e+03
2.015000000000000000e+03
2.016000000000000000e+03
2.205000000000000000e+03
2.143000000000000000e+03
2.303000000000000000e+03
2.349000000000000000e+03
2.415000000000000000e+03
2.484000000000000000e+03
2.519000000000000000e+03
2.698000000000000000e+03
2.879000000000000000e+03
2.428000000000000000e+03
2.687000000000000000e+03
2.811000000000000000e+03
2.609000000000000000e+03
2.989000000000000000e+03
2.873000000000000000e+03
2.601000000000000000e+03
2.979000000000000000e+03
2.886000000000000000e+03
2.889000000000000000e+03
2.813000000000000000e+03
3.006000000000000000e+03
2.748000000000000000e+03
2.844000000000000000e+03
2.757000000000000000e+03
2.892000000000000000e+03
2.712000000000000000e+03
2.905000000000000000e+03
2.559000000000000000e+03
2.640000000000000000e+03
2.417000000000000000e+03
2.479000000000000000e+03
2.262000000000000000e+03
2.312000000000000000e+03
2.143000000000000000e+03
1.987000000000000000e+03
2.008000000000000000e+03
1.954000000000000000e+03
1.681000000000000000e+03
1.650000000000000000e+03
1.542000000000000000e+03
1.464000000000000000e+03
1.495000000000000000e+03
1.386000000000000000e+03
1.349000000000000000e+03
1.340000000000000000e+03
1.138000000000000000e+03
1.132000000000000000e+03
1.075000000000000000e+03
1.043000000000000000e+03
1.002000000000000000e+03
9.690000000000000000e+02
9.530000000000000000e+02
8.640000000000000000e+02
8.920000000000000000e+02
8.220000000000000000e+02
7.710000000000000000e+02
8.020000000000000000e+02
6.820000000000000000e+02
7.590000000000000000e+02
7.600000000000000000e+02
6.590000000000000000e+02
6.650000000000000000e+02
5.840000000000000000e+02
6.120000000000000000e+02
5.720000000000000000e+02
5.810000000000000000e+02
4.910000000000000000e+02
5.310000000000000000e+02
4.810000000000000000e+02
4.760000000000000000e+02
4.980000000000000000e+02
4.880000000000000000e+02
4.370000000000000000e+02
4.980000000000000000e+02
3.550000000000000000e+02
3.550000000000000000e+02
3.530000000000000000e+02
3.440000000000000000e+02
3.530000000000000000e+02
3.270000000000000000e+02
3.260000000000000000e+02
3.430000000000000000e+02
3.060000000000000000e+02
2.740000000000000000e+02
2.810000000000000000e+02
2.880000000000000000e+02
2.620000000000000000e+02
2.180000000000000000e+02
2.460000000000000000e+02
2.510000000000000000e+02
1.800000000000000000e+02
2.000000000000000000e+02
2.260000000000000000e+02
1.890000000000000000e+02
2.160000000000000000e+02
2.170000000000000000e+02
1.800000000000000000e+02
1.620000000000000000e+02
1.650000000000000000e+02
1.430000000000000000e+02
2.450000000000000000e+02
1.190000000000000000e+02
1.190000000000000000e+02
1.410000000000000000e+02
1.620000000000000000e+02
1.290000000000000000e+02
1.140000000000000000e+02
1.640000000000000000e+02
1.050000000000000000e+02
1.270000000000000000e+02
1.250000000000000000e+02
1.110000000000000000e+02
9.500000000000000000e+01
1.080000000000000000e+02
1.060000000000000000e+02
1.170000000000000000e+02
6.300000000000000000e+01
9.800000000000000000e+01
1.120000000000000000e+02
6.300000000000000000e+01
7.000000000000000000e+01
1.040000000000000000e+02
4.700000000000000000e+01
5.700000000000000000e+01
8.000000000000000000e+01
6.600000000000000000e+01
4.500000000000000000e+01
8.000000000000000000e+01
6.800000000000000000e+01
6.000000000000000000e+01
6.200000000000000000e+01
6.400000000000000000e+01
5.300000000000000000e+01
6.100000000000000000e+01
5.500000000000000000e+01
4.600000000000000000e+01
5.100000000000000000e+01
5.900000000000000000e+01
4.700000000000000000e+01
6.100000000000000000e+01
3.900000000000000000e+01
3.400000000000000000e+01
4.100000000000000000e+01
5.600000000000000000e+01
3.700000000000000000e+01
3.100000000000000000e+01
3.300000000000000000e+01
3.200000000000000000e+01
2.300000000000000000e+01
4.300000000000000000e+01
3.000000000000000000e+01
3.500000000000000000e+01
2.800000000000000000e+01
3.700000000000000000e+01
3.000000000000000000e+01
2.900000000000000000e+01
2.600000000000000000e+01
3.200000000000000000e+01
2.300000000000000000e+01
1.400000000000000000e+01
4.100000000000000000e+01
2.100000000000000000e+01
2.400000000000000000e+01
2.400000000000000000e+01
2.900000000000000000e+01
3.300000000000000000e+01
2.000000000000000000e+01
2.600000000000000000e+01
1.600000000000000000e+01
1.700000000000000000e+01
2.000000000000000000e+01
2.800000000000000000e+01
2.100000000000000000e+01
1.800000000000000000e+01
2.200000000000000000e+01
1.300000000000000000e+01
2.200000000000000000e+01
1.000000000000000000e+01
1.800000000000000000e+01
1.400000000000000000e+01
2.100000000000000000e+01
1.300000000000000000e+01
0.000000000000000000e+00
0.000000000000000000e+00
0.000000000000000000e+00
8.810000000000000000e+02
0.000000000000000000e+00
2.000000000000000000e+00
5.000000000000000000e+00
1.400000000000000000e+01
1.700000000000000000e+01
1.300000000000000000e+01
1.400000000000000000e+01
2.700000000000000000e+01
2.000000000000000000e+01
3.800000000000000000e+01
4.900000000000000000e+01
4.800000000000000000e+01
5.000000000000000000e+01
6.100000000000000000e+01
8.000000000000000000e+01
1.050000000000000000e+02
8.900000000000000000e+01
1.080000000000000000e+02
1.570000000000000000e+02
1.580000000000000000e+02
1.600000000000000000e+02
1.780000000000000000e+02
2.060000000000000000e+02
2.410000000000000000e+02
2.540000000000000000e+02
2.510000000000000000e+02
2.560000000000000000e+02
3.100000000000000000e+02
3.180000000000000000e+02
3.380000000000000000e+02
3.710000000000000000e+02
3.800000000000000000e+02
4.220000000000000000e+02
4.770000000000000000e+02
5.330000000000000000e+02
4.780000000000000000e+02
4.920000000000000000e+02
4.590000000000000000e+02
4.990000000000000000e+02
4.930000000000000000e+02
5.550000000000000000e+02
5.400000000000000000e+02
5.440000000000000000e+02
5.660000000000000000e+02
5.680000000000000000e+02
6.150000000000000000e+02
6.250000000000000000e+02
6.540000000000000000e+02
6.280000000000000000e+02
6.980000000000000000e+02
6.540000000000000000e+02
6.190000000000000000e+02
7.160000000000000000e+02
6.810000000000000000e+02
7.920000000000000000e+02
7.080000000000000000e+02
7.320000000000000000e+02
7.350000000000000000e+02
7.870000000000000000e+02
7.740000000000000000e+02
7.470000000000000000e+02
8.140000000000000000e+02
7.730000000000000000e+02
7.950000000000000000e+02
7.840000000000000000e+02
8.240000000000000000e+02
9.000000000000000000e+02
8.930000000000000000e+02
9.500000000000000000e+02
9.930000000000000000e+02
9.280000000000000000e+02
1.021000000000000000e+03
1.011000000000000000e+03
1.019000000000000000e+03
1.015000000000000000e+03
9.920000000000000000e+02
1.058000000000000000e+03
1.089000000000000000e+03
1.085000000000000000e+03
1.042000000000000000e+03
1.138000000000000000e+03
1.116000000000000000e+03
1.198000000000000000e+03
1.280000000000000000e+03
1.190000000000000000e+03
1.284000000000000000e+03
1.392000000000000000e+03
1.404000000000000000e+03
1.383000000000000000e+03
1.435000000000000000e+03
1.469000000000000000e+03
1.419000000000000000e+03
1.408000000000000000e+03
1.435000000000000000e+03
1.390000000000000000e+03
1.409000000000000000e+03
1.427000000000000000e+03
1.448000000000000000e+03
1.472000000000000000e+03
1.527000000000000000e+03
1.510000000000000000e+03
1.552000000000000000e+03
1.635000000000000000e+03
1.651000000000000000e+03
1.705000000000000000e+03
1.748000000000000000e+03
1.772000000000000000e+03
1.923000000000000000e+03
1.898000000000000000e+03
2.050000000000000000e+03
2.000000000000000000e+03
2.001000000000000000e+03
2.057000000000000000e+03
2.069000000000000000e+03
2.088000000000000000e+03
2.048000000000000000e+03
2.058000000000000000e+03
1.925000000000000000e+03
1.975000000000000000e+03
2.006000000000000000e+03
1.872000000000000000e+03
1.832000000000000000e+03
1.853000000000000000e+03
1.784000000000000000e+03
1.658000000000000000e+03
1.624000000000000000e+03
1.565000000000000000e+03
1.527000000000000000e+03
1.423000000000000000e+03
1.381000000000000000e+03
1.421000000000000000e+03
1.430000000000000000e+03
1.342000000000000000e+03
1.323000000000000000e+03
1.293000000000000000e+03
1.286000000000000000e+03
1.272000000000000000e+03
1.193000000000000000e+03
1.200000000000000000e+03
1.141000000000000000e+03
1.074000000000000000e+03
1.129000000000000000e+03
1.182000000000000000e+03
1.112000000000000000e+03
1.077000000000000000e+03
1.082000000000000000e+03
1.014000000000000000e+03
1.023000000000000000e+03
1.034000000000000000e+03
1.018000000000000000e+03
9.870000000000000000e+02
9.740000000000000000e+02
9.610000000000000000e+02
9.160000000000000000e+02
9.050000000000000000e+02
8.490000000000000000e+02
8.830000000000000000e+02
8.410000000000000000e+02
8.390000000000000000e+02
8.400000000000000000e+02
8.820000000000000000e+02
8.410000000000000000e+02
8.240000000000000000e+02
7.550000000000000000e+02
7.690000000000000000e+02
7.460000000000000000e+02
7.920000000000000000e+02
7.270000000000000000e+02
6.640000000000000000e+02
7.240000000000000000e+02
6.380000000000000000e+02
6.210000000000000000e+02
6.590000000000000000e+02
6.130000000000000000e+02
6.400000000000000000e+02
5.700000000000000000e+02
6.090000000000000000e+02
5.280000000000000000e+02
5.760000000000000000e+02
5.060000000000000000e+02
5.090000000000000000e+02
4.610000000000000000e+02
5.300000000000000000e+02
4.710000000000000000e+02
4.700000000000000000e+02
4.640000000000000000e+02
4.050000000000000000e+02
4.530000000000000000e+02
4.170000000000000000e+02
4.060000000000000000e+02
4.130000000000000000e+02
3.550000000000000000e+02
3.860000000000000000e+02
3.760000000000000000e+02
3.550000000000000000e+02
3.740000000000000000e+02
3.250000000000000000e+02
3.610000000000000000e+02
3.380000000000000000e+02
3.470000000000000000e+02
3.320000000000000000e+02
3.450000000000000000e+02
3.250000000000000000e+02
3.000000000000000000e+02
3.150000000000000000e+02
2.950000000000000000e+02
3.050000000000000000e+02
2.920000000000000000e+02
2.940000000000000000e+02
2.570000000000000000e+02
2.460000000000000000e+02
2.650000000000000000e+02
2.500000000000000000e+02
2.160000000000000000e+02
2.530000000000000000e+02
2.410000000000000000e+02
2.390000000000000000e+02
2.180000000000000000e+02
2.130000000000000000e+02
2.460000000000000000e+02
2.040000000000000000e+02
1.950000000000000000e+02
2.010000000000000000e+02
1.820000000000000000e+02
1.830000000000000000e+02
1.620000000000000000e+02
1.840000000000000000e+02
1.910000000000000000e+02
1.630000000000000000e+02
1.570000000000000000e+02
1.430000000000000000e+02
1.510000000000000000e+02
1.540000000000000000e+02
1.690000000000000000e+02
1.390000000000000000e+02
1.260000000000000000e+02
1.180000000000000000e+02
1.220000000000000000e+02
1.060000000000000000e+02
1.260000000000000000e+02
1.050000000000000000e+02
1.020000000000000000e+02
1.060000000000000000e+02
9.100000000000000000e+01
8.500000000000000000e+01
8.700000000000000000e+01
9.100000000000000000e+01
8.700000000000000000e+01
6.700000000000000000e+01
7.200000000000000000e+01
7.700000000000000000e+01
7.500000000000000000e+01
8.800000000000000000e+01
1.040000000000000000e+02
1.230000000000000000e+02
1.467000000000000000e+03
