9.109000000000000000e+03
4.690000000000000000e+02
6.440000000000000000e+02
8.190000000000000000e+02
7.190000000000000000e+02
1.610000000000000000e+03
2.572000000000000000e+03
5.050000000000000000e+02
1.731000000000000000e+03
9.150000000000000000e+02
8.660000000000000000e+02
2.217000000000000000e+03
6.750000000000000000e+02
3.192000000000000000e+03
7.110000000000000000e+02
5.380000000000000000e+02
8.150000000000000000e+02
2.920000000000000000e+02
1.520000000000000000e+02
1.141000000000000000e+03
3.396000000000000000e+03
9.290000000000000000e+02
2.320000000000000000e+02
3.950000000000000000e+02
2.935000000000000000e+03
1.619000000000000000e+03
3.940000000000000000e+02
4.600000000000000000e+01
4.900000000000000000e+01
3.500000000000000000e+01
8.467000000000000000e+03
6.000000000000000000e+00
1.740000000000000000e+02
3.800000000000000000e+01
1.455000000000000000e+03
3.325000000000000000e+03
4.316000000000000000e+03
7.200000000000000000e+01
8.190000000000000000e+02
2.550000000000000000e+02
1.576000000000000000e+03
3.400000000000000000e+01
5.292000000000000000e+03
3.328000000000000000e+03
5.300000000000000000e+01
6.680000000000000000e+02
3.720000000000000000e+02
1.200000000000000000e+01
1.991000000000000000e+03
8.200000000000000000e+01
7.341000000000000000e+03
2.936000000000000000e+03
1.155000000000000000e+03
1.250000000000000000e+02
4.020000000000000000e+02
4.477000000000000000e+03
2.095000000000000000e+03
7.470000000000000000e+02
1.620000000000000000e+02
1.200000000000000000e+01
3.126000000000000000e+03
7.000000000000000000e+00
2.540000000000000000e+02
1.064000000000000000e+03
4.000000000000000000e+00
5.480000000000000000e+02
6.362000000000000000e+03
3.490000000000000000e+02
7.450000000000000000e+02
6.300000000000000000e+02
2.644000000000000000e+03
2.880000000000000000e+02
2.510000000000000000e+02
1.497000000000000000e+03
1.563000000000000000e+03
4.648000000000000000e+03
5.890000000000000000e+02
2.690000000000000000e+02
6.500000000000000000e+01
1.056000000000000000e+03
4.161000000000000000e+03
1.330000000000000000e+02
6.100000000000000000e+01
2.880000000000000000e+03
7.530000000000000000e+02
5.610000000000000000e+02
1.370000000000000000e+02
1.722000000000000000e+03
3.750000000000000000e+02
2.930000000000000000e+02
2.494000000000000000e+03
9.230000000000000000e+02
8.230000000000000000e+02
1.306000000000000000e+03
1.526000000000000000e+03
4.863000000000000000e+03
3.330000000000000000e+03
1.688000000000000000e+03
4.923000000000000000e+03
3.505000000000000000e+03
2.629000000000000000e+03
4.295000000000000000e+03
1.454000000000000000e+03
2.482000000000000000e+03
1.095000000000000000e+03
8.630000000000000000e+02
8.130000000000000000e+02
3.850000000000000000e+02
1.200000000000000000e+02
4.900000000000000000e+02
1.493000000000000000e+03
3.650000000000000000e+02
8.300000000000000000e+01
7.700000000000000000e+01
4.500000000000000000e+02
1.800000000000000000e+02
4.400000000000000000e+01
2.000000000000000000e+00
7.000000000000000000e+00
2.000000000000000000e+00
1.166000000000000000e+03
1.000000000000000000e+00
9.000000000000000000e+00
5.000000000000000000e+00
3.500000000000000000e+01
1.250000000000000000e+02
3.240000000000000000e+02
2.000000000000000000e+00
1.500000000000000000e+01
4.000000000000000000e+00
3.500000000000000000e+01
0.000000000000000000e+00
1.640000000000000000e+02
6.300000000000000000e+01
2.000000000000000000e+00
1.400000000000000000e+01
8.000000000000000000e+00
0.000000000000000000e+00
2.200000000000000000e+01
1.000000000000000000e+00
4.400000000000000000e+02
3.500000000000000000e+01
1.100000000000000000e+01
3.000000000000000000e+00
2.000000000000000000e+00
7.900000000000000000e+01
2.300000000000000000e+01
8.000000000000000000e+00
0.000000000000000000e+00
1.000000000000000000e+00
7.300000000000000000e+01
0.000000000000000000e+00
4.000000000000000000e+00
2.000000000000000000e+01
0.000000000000000000e+00
9.000000000000000000e+00
2.340000000000000000e+02
1.000000000000000000e+01
1.600000000000000000e+01
1.900000000000000000e+01
1.080000000000000000e+02
1.000000000000000000e+01
9.000000000000000000e+00
6.000000000000000000e+01
6.800000000000000000e+01
1.595000000000000000e+03
2.500000000000000000e+01
1.400000000000000000e+01
8.000000000000000000e+00
8.500000000000000000e+01
5.190000000000000000e+02
1.400000000000000000e+01
3.900000000000000000e+01
5.900000000000000000e+02
1.660000000000000000e+02
1.250000000000000000e+02
1.080000000000000000e+02
6.810000000000000000e+02
2.520000000000000000e+02
2.880000000000000000e+02
0.000000000000000000e+00
0.000000000000000000e+00
0.000000000000000000e+00
0.000000000000000000e+00
0.000000000000000000e+00
0.000000000000000000e+00
0.000000000000000000e+00
0.000000000000000000e+00
0.000000000000000000e+00
0.000000000000000000e+00
0.000000000000000000e+00
0.000000000000000000e+00
0.000000000000000000e+00
0.000000000000000000e+00
0.000000000000000000e+00
0.000000000000000000e+00
0.000000000000000000e+00
0.000000000000000000e+00
0.000000000000000000e+00
0.000000000000000000e+00
0.000000000000000000e+00
0.000000000000000000e+00
0.000000000000000000e+00
0.000000000000000000e+00
0.000000000000000000e+00
0.000000000000000000e+00
0.000000000000000000e+00
0.000000000000000000e+00
0.000000000000000000e+00
0.000000000000000000e+00
0.000000000000000000e+00
0.000000000000000000e+00
0.000000000000000000e+00
0.000000000000000000e+00
0.000000000000000000e+00
0.000000000000000000e+00
0.000000000000000000e+00
0.000000000000000000e+00
0.000000000000000000e+00
0.000000000000000000e+00
0.000000000000000000e+00
0.000000000000000000e+00
0.000000000000000000e+00
0.000000000000000000e+00
0.000000000000000000e+00
0.000000000000000000e+00
0.000000000000000000e+00
0.000000000000000000e+00
0.000000000000000000e+00
0.000000000000000000e+00
0.000000000000000000e+00
0.000000000000000000e+00
0.000000000000000000e+00
0.000000000000000000e+00
0.000000000000000000e+00
0.000000000000000000e+00
0.000000000000000000e+00
0.000000000000000000e+00
0.000000000000000000e+00
0.000000000000000000e+00
0.000000000000000000e+00
0.000000000000000000e+00
0.000000000000000000e+00
0.000000000000000000e+00
0.000000000000000000e+00
0.000000000000000000e+00
0.000000000000000000e+00
0.000000000000000000e+00
0.000000000000000000e+00
0.000000000000000000e+00
0.000000000000000000e+00
0.000000000000000000e+00
0.000000000000000000e+00
0.000000000000000000e+00
0.000000000000000000e+00
0.000000000000000000e+00
7.656000000000000000e+03
1.000000000000000000e+01
7.000000000000000000e+00
3.000000000000000000e+01
1.720000000000000000e+02
1.910000000000000000e+02
8.180000000000000000e+02
9.950000000000000000e+02
6.920000000000000000e+02
1.110000000000000000e+03
1.292000000000000000e+03
9.950000000000000000e+02
8.510000000000000000e+02
1.051000000000000000e+03
1.118000000000000000e+03
1.321000000000000000e+03
1.742000000000000000e+03
1.933000000000000000e+03
1.947000000000000000e+03
1.913000000000000000e+03
2.146000000000000000e+03
2.034000000000000000e+03
2.063000000000000000e+03
2.024000000000000000e+03
1.836000000000000000e+03
1.613000000000000000e+03
1.925000000000000000e+03
1.806000000000000000e+03
1.827000000000000000e+03
1.504000000000000000e+03
1.842000000000000000e+03
1.569000000000000000e+03
2.061000000000000000e+03
1.477000000000000000e+03
2.404000000000000000e+03
1.434000000000000000e+03
3.395000000000000000e+03
1.001000000000000000e+03
1.757000000000000000e+03
3.507000000000000000e+03
1.825000000000000000e+03
1.496000000000000000e+03
1.419000000000000000e+03
3.996000000000000000e+03
1.289000000000000000e+03
1.796000000000000000e+03
2.457000000000000000e+03
1.061000000000000000e+03
1.945000000000000000e+03
1.179000000000000000e+03
7.590000000000000000e+02
2.952000000000000000e+03
6.750000000000000000e+02
1.065000000000000000e+03
7.080000000000000000e+02
2.618000000000000000e+03
5.270000000000000000e+02
1.040000000000000000e+03
1.012000000000000000e+03
1.999000000000000000e+03
8.000000000000000000e+02
1.144000000000000000e+03
7.050000000000000000e+02
2.670000000000000000e+02
2.771000000000000000e+03
4.670000000000000000e+02
5.670000000000000000e+02
1.550000000000000000e+03
7.500000000000000000e+02
5.220000000000000000e+02
1.294000000000000000e+03
1.728000000000000000e+03
3.800000000000000000e+02
1.096000000000000000e+03
6.580000000000000000e+02
1.757000000000000000e+03
4.070000000000000000e+02
1.073000000000000000e+03
1.064000000000000000e+03
3.310000000000000000e+02
1.966000000000000000e+03
1.234000000000000000e+03
6.030000000000000000e+02
4.750000000000000000e+02
2.120000000000000000e+02
3.506000000000000000e+03
2.260000000000000000e+02
4.450000000000000000e+02
6.610000000000000000e+02
8.550000000000000000e+02
1.082000000000000000e+03
1.596000000000000000e+03
4.670000000000000000e+02
6.480000000000000000e+02
9.830000000000000000e+02
2.560000000000000000e+02
1.068000000000000000e+03
6.250000000000000000e+02
1.237000000000000000e+03
7.680000000000000000e+02
7.310000000000000000e+02
3.390000000000000000e+02
1.317000000000000000e+03
3.400000000000000000e+02
7.130000000000000000e+02
7.050000000000000000e+02
1.085000000000000000e+03
5.910000000000000000e+02
5.150000000000000000e+02
9.330000000000000000e+02
2.670000000000000000e+02
5.600000000000000000e+02
8.130000000000000000e+02
6.620000000000000000e+02
3.160000000000000000e+02
4.810000000000000000e+02
5.850000000000000000e+02
5.340000000000000000e+02
6.160000000000000000e+02
5.050000000000000000e+02
5.650000000000000000e+02
5.810000000000000000e+02
5.170000000000000000e+02
4.310000000000000000e+02
4.330000000000000000e+02
2.750000000000000000e+02
1.360000000000000000e+02
6.410000000000000000e+02
1.418000000000000000e+03
1.170000000000000000e+02
3.030000000000000000e+02
4.210000000000000000e+02
3.820000000000000000e+02
4.210000000000000000e+02
5.880000000000000000e+02
5.030000000000000000e+02
4.370000000000000000e+02
5.260000000000000000e+02
4.410000000000000000e+02
4.120000000000000000e+02
4.740000000000000000e+02
3.390000000000000000e+02
5.980000000000000000e+02
5.360000000000000000e+02
3.800000000000000000e+02
3.890000000000000000e+02
5.640000000000000000e+02
4.130000000000000000e+02
5.980000000000000000e+02
4.700000000000000000e+02
4.220000000000000000e+02
4.470000000000000000e+02
4.070000000000000000e+02
6.000000000000000000e+02
3.450000000000000000e+02
4.600000000000000000e+02
4.150000000000000000e+02
3.320000000000000000e+02
3.350000000000000000e+02
5.720000000000000000e+02
2.940000000000000000e+02
4.090000000000000000e+02
3.840000000000000000e+02
3.310000000000000000e+02
3.520000000000000000e+02
4.170000000000000000e+02
3.250000000000000000e+02
2.770000000000000000e+02
4.460000000000000000e+02
7.300000000000000000e+01
6.450000000000000000e+02
6.200000000000000000e+01
3.650000000000000000e+02
2.420000000000000000e+02
3.160000000000000000e+02
2.460000000000000000e+02
2.310000000000000000e+02
3.270000000000000000e+02
1.260000000000000000e+02
2.350000000000000000e+02
2.570000000000000000e+02
2.190000000000000000e+02
2.450000000000000000e+02
1.710000000000000000e+02
2.180000000000000000e+02
2.420000000000000000e+02
1.280000000000000000e+02
1.840000000000000000e+02
2.090000000000000000e+02
1.590000000000000000e+02
1.880000000000000000e+02
2.750000000000000000e+02
9.600000000000000000e+01
1.780000000000000000e+02
1.560000000000000000e+02
1.480000000000000000e+02
1.460000000000000000e+02
1.310000000000000000e+02
1.410000000000000000e+02
1.210000000000000000e+02
1.500000000000000000e+02
1.300000000000000000e+02
1.030000000000000000e+02
1.320000000000000000e+02
1.390000000000000000e+02
7.500000000000000000e+01
1.140000000000000000e+02
8.400000000000000000e+01
6.600000000000000000e+01
1.090000000000000000e+02
5.200000000000000000e+01
8.400000000000000000e+01
5.500000000000000000e+01
9.400000000000000000e+01
5.900000000000000000e+01
6.300000000000000000e+01
7.200000000000000000e+01
3.800000000000000000e+01
5.000000000000000000e+01
7.000000000000000000e+01
5.000000000000000000e+01
4.900000000000000000e+01
3.800000000000000000e+01
4.100000000000000000e+01
4.100000000000000000e+01
2.900000000000000000e+01
4.200000000000000000e+01
4.200000000000000000e+01
3.000000000000000000e+01
1.300000000000000000e+01
4.000000000000000000e+01
3.400000000000000000e+01
2.800000000000000000e+01
2.100000000000000000e+01
3.700000000000000000e+01
3.200000000000000000e+01
1.700000000000000000e+01
2.000000000000000000e+01
2.000000000000000000e+01
2.200000000000000000e+01
1.600000000000000000e+01
1.200000000000000000e+01
2.200000000000000000e+01
1.400000000000000000e+01
1.600000000000000000e+01
1.200000000000000000e+01
1.200000000000000000e+01
5.000000000000000000e+00
7.000000000000000000e+00
6.000000000000000000e+00
9.000000000000000000e+00
2.000000000000000000e+00
3.000000000000000000e+00
2.000000000000000000e+00
1.000000000000000000e+00
3.780000000000000000e+02
0.000000000000000000e+00
1.000000000000000000e+00
1.000000000000000000e+01
3.000000000000000000e+00
2.200000000000000000e+01
2.100000000000000000e+01
3.800000000000000000e+01
6.500000000000000000e+01
1.450000000000000000e+02
5.750000000000000000e+02
2.302000000000000000e+03
4.329000000000000000e+03
5.165000000000000000e+03
5.430000000000000000e+03
5.353000000000000000e+03
5.151000000000000000e+03
4.568000000000000000e+03
3.982000000000000000e+03
3.412000000000000000e+03
3.056000000000000000e+03
2.664000000000000000e+03
2.455000000000000000e+03
2.316000000000000000e+03
2.146000000000000000e+03
2.024000000000000000e+03
1.855000000000000000e+03
1.805000000000000000e+03
1.757000000000000000e+03
1.694000000000000000e+03
1.603000000000000000e+03
1.563000000000000000e+03
1.528000000000000000e+03
1.524000000000000000e+03
1.479000000000000000e+03
1.520000000000000000e+03
1.484000000000000000e+03
1.449000000000000000e+03
1.515000000000000000e+03
1.506000000000000000e+03
1.535000000000000000e+03
1.539000000000000000e+03
1.480000000000000000e+03
1.553000000000000000e+03
1.480000000000000000e+03
1.441000000000000000e+03
1.519000000000000000e+03
1.413000000000000000e+03
1.462000000000000000e+03
1.507000000000000000e+03
1.455000000000000000e+03
1.501000000000000000e+03
1.542000000000000000e+03
1.484000000000000000e+03
1.417000000000000000e+03
1.419000000000000000e+03
1.412000000000000000e+03
1.411000000000000000e+03
1.398000000000000000e+03
1.411000000000000000e+03
1.520000000000000000e+03
1.448000000000000000e+03
1.447000000000000000e+03
1.478000000000000000e+03
1.475000000000000000e+03
1.436000000000000000e+03
1.421000000000000000e+03
1.361000000000000000e+03
1.368000000000000000e+03
1.383000000000000000e+03
1.303000000000000000e+03
1.388000000000000000e+03
1.405000000000000000e+03
1.483000000000000000e+03
1.520000000000000000e+03
1.551000000000000000e+03
1.557000000000000000e+03
1.572000000000000000e+03
1.556000000000000000e+03
1.595000000000000000e+03
1.546000000000000000e+03
1.419000000000000000e+03
1.380000000000000000e+03
1.245000000000000000e+03
1.291000000000000000e+03
1.133000000000000000e+03
9.620000000000000000e+02
9.420000000000000000e+02
8.170000000000000000e+02
7.400000000000000000e+02
6.980000000000000000e+02
6.460000000000000000e+02
6.130000000000000000e+02
5.400000000000000000e+02
5.540000000000000000e+02
5.100000000000000000e+02
4.440000000000000000e+02
4.750000000000000000e+02
4.150000000000000000e+02
4.430000000000000000e+02
4.260000000000000000e+02
4.000000000000000000e+02
4.140000000000000000e+02
4.130000000000000000e+02
4.380000000000000000e+02
4.120000000000000000e+02
4.120000000000000000e+02
3.820000000000000000e+02
3.370000000000000000e+02
3.630000000000000000e+02
3.100000000000000000e+02
3.370000000000000000e+02
3.060000000000000000e+02
2.800000000000000000e+02
2.900000000000000000e+02
2.550000000000000000e+02
2.930000000000000000e+02
3.200000000000000000e+02
3.120000000000000000e+02
2.880000000000000000e+02
3.480000000000000000e+02
3.300000000000000000e+02
3.640000000000000000e+02
3.810000000000000000e+02
3.810000000000000000e+02
4.120000000000000000e+02
4.250000000000000000e+02
4.570000000000000000e+02
4.100000000000000000e+02
4.350000000000000000e+02
4.590000000000000000e+02
4.420000000000000000e+02
4.350000000000000000e+02
4.640000000000000000e+02
4.540000000000000000e+02
4.700000000000000000e+02
4.780000000000000000e+02
5.160000000000000000e+02
5.070000000000000000e+02
5.330000000000000000e+02
5.090000000000000000e+02
4.780000000000000000e+02
5.360000000000000000e+02
4.370000000000000000e+02
4.510000000000000000e+02
4.310000000000000000e+02
4.350000000000000000e+02
4.390000000000000000e+02
4.370000000000000000e+02
3.960000000000000000e+02
3.350000000000000000e+02
3.220000000000000000e+02
2.780000000000000000e+02
2.970000000000000000e+02
2.490000000000000000e+02
2.800000000000000000e+02
2.520000000000000000e+02
2.530000000000000000e+02
2.600000000000000000e+02
2.630000000000000000e+02
2.550000000000000000e+02
2.480000000000000000e+02
2.200000000000000000e+02
2.280000000000000000e+02
1.940000000000000000e+02
1.870000000000000000e+02
1.990000000000000000e+02
1.520000000000000000e+02
1.360000000000000000e+02
1.150000000000000000e+02
1.040000000000000000e+02
8.600000000000000000e+01
7.600000000000000000e+01
5.900000000000000000e+01
5.600000000000000000e+01
5.200000000000000000e+01
3.200000000000000000e+01
2.800000000000000000e+01
3.100000000000000000e+01
2.200000000000000000e+01
1.700000000000000000e+01
8.000000000000000000e+00
6.000000000000000000e+00
1.100000000000000000e+01
1.500000000000000000e+01
6.000000000000000000e+00
8.000000000000000000e+00
8.000000000000000000e+00
5.000000000000000000e+00
6.000000000000000000e+00
7.000000000000000000e+00
5.000000000000000000e+00
5.000000000000000000e+00
8.000000000000000000e+00
4.000000000000000000e+00
7.000000000000000000e+00
4.000000000000000000e+00
2.000000000000000000e+00
2.000000000000000000e+00
4.000000000000000000e+00
5.000000000000000000e+00
4.000000000000000000e+00
2.000000000000000000e+00
3.000000000000000000e+00
4.000000000000000000e+00
6.000000000000000000e+00
2.000000000000000000e+00
5.000000000000000000e+00
2.000000000000000000e+00
5.000000000000000000e+00
3.000000000000000000e+00
4.000000000000000000e+00
3.000000000000000000e+00
4.000000000000000000e+00
5.000000000000000000e+00
2.000000000000000000e+00
3.000000000000000000e+00
4.000000000000000000e+00
5.000000000000000000e+00
5.000000000000000000e+00
4.000000000000000000e+00
4.000000000000000000e+00
4.000000000000000000e+00
7.000000000000000000e+00
6.000000000000000000e+00
1.000000000000000000e+00
0.000000000000000000e+00
2.000000000000000000e+00
5.000000000000000000e+00
2.000000000000000000e+00
1.000000000000000000e+00
5.000000000000000000e+00
3.000000000000000000e+00
5.000000000000000000e+00
3.000000000000000000e+00
4.000000000000000000e+00
3.000000000000000000e+00
1.000000000000000000e+00
5.000000000000000000e+00
5.000000000000000000e+00
4.000000000000000000e+00
3.000000000000000000e+00
3.000000000000000000e+00
5.000000000000000000e+00
5.000000000000000000e+00
4.000000000000000000e+00
3.000000000000000000e+00
2.000000000000000000e+00
3.000000000000000000e+00
4.000000000000000000e+00
1.000000000000000000e+01
8.000000000000000000e+00
7.000000000000000000e+00
6.000000000000000000e+00
7.000000000000000000e+00
9.000000000000000000e+00
1.520000000000000000e+02
