9.470000000000000000e+02
1.830000000000000000e+02
1.650000000000000000e+02
2.140000000000000000e+02
1.600000000000000000e+02
5.920000000000000000e+02
7.710000000000000000e+02
7.400000000000000000e+01
1.229000000000000000e+03
3.560000000000000000e+02
4.720000000000000000e+02
3.160000000000000000e+03
2.522000000000000000e+03
8.896000000000000000e+03
7.346000000000000000e+03
1.426300000000000000e+04
1.477400000000000000e+04
1.248600000000000000e+04
5.238000000000000000e+03
7.339000000000000000e+03
4.666000000000000000e+03
6.142000000000000000e+03
4.475000000000000000e+03
5.704000000000000000e+03
7.284000000000000000e+03
6.665000000000000000e+03
8.569000000000000000e+03
8.930000000000000000e+03
9.455000000000000000e+03
5.988000000000000000e+03
5.646000000000000000e+03
2.586000000000000000e+03
1.894000000000000000e+03
1.486000000000000000e+03
8.770000000000000000e+02
6.280000000000000000e+02
3.950000000000000000e+02
6.900000000000000000e+01
2.000000000000000000e+01
2.000000000000000000e+00
1.900000000000000000e+01
0.000000000000000000e+00
3.600000000000000000e+01
2.500000000000000000e+01
0.000000000000000000e+00
2.000000000000000000e+00
0.000000000000000000e+00
0.000000000000000000e+00
3.000000000000000000e+00
0.000000000000000000e+00
1.030000000000000000e+02
5.000000000000000000e+00
0.000000000000000000e+00
1.000000000000000000e+00
0.000000000000000000e+00
1.100000000000000000e+01
1.000000000000000000e+00
0.000000000000000000e+00
0.000000000000000000e+00
0.000000000000000000e+00
7.000000000000000000e+00
0.000000000000000000e+00
0.000000000000000000e+00
0.000000000000000000e+00
0.000000000000000000e+00
0.000000000000000000e+00
6.000000000000000000e+00
0.000000000000000000e+00
0.000000000000000000e+00
0.000000000000000000e+00
0.000000000000000000e+00
0.000000000000000000e+00
0.000000000000000000e+00
0.000000000000000000e+00
0.000000000000000000e+00
1.870000000000000000e+02
0.000000000000000000e+00
0.000000000000000000e+00
0.000000000000000000e+00
0.000000000000000000e+00
0.000000000000000000e+00
0.000000000000000000e+00
0.000000000000000000e+00
2.200000000000000000e+01
0.000000000000000000e+00
0.000000000000000000e+00
0.000000000000000000e+00
0.000000000000000000e+00
0.000000000000000000e+00
0.000000000000000000e+00
9.000000000000000000e+00
0.000000000000000000e+00
0.000000000000000000e+00
0.000000000000000000e+00
0.000000000000000000e+00
0.000000000000000000e+00
9.500000000000000000e+01
0.000000000000000000e+00
0.000000000000000000e+00
0.000000000000000000e+00
0.000000000000000000e+00
1.000000000000000000e+01
0.000000000000000000e+00
1.060000000000000000e+02
1.000000000000000000e+00
1.000000000000000000e+00
5.000000000000000000e+00
0.000000000000000000e+00
0.000000000000000000e+00
2.800000000000000000e+01
3.490000000000000000e+02
6.000000000000000000e+00
9.000000000000000000e+00
1.200000000000000000e+01
2.220000000000000000e+02
6.500000000000000000e+01
8.200000000000000000e+01
2.600000000000000000e+01
3.700000000000000000e+01
3.800000000000000000e+01
3.300000000000000000e+02
9.000000000000000000e+00
2.000000000000000000e+01
3.700000000000000000e+01
1.800000000000000000e+01
4.600000000000000000e+01
1.040000000000000000e+02
1.900000000000000000e+01
2.700000000000000000e+01
1.200000000000000000e+01
2.400000000000000000e+01
8.000000000000000000e+00
4.300000000000000000e+01
1.800000000000000000e+01
5.000000000000000000e+00
1.300000000000000000e+01
2.900000000000000000e+01
7.000000000000000000e+00
2.900000000000000000e+01
9.000000000000000000e+00
1.120000000000000000e+02
2.400000000000000000e+01
9.000000000000000000e+00
3.000000000000000000e+00
9.000000000000000000e+00
2.200000000000000000e+01
1.600000000000000000e+01
8.000000000000000000e+00
2.000000000000000000e+00
6.000000000000000000e+00
2.400000000000000000e+01
8.000000000000000000e+00
7.000000000000000000e+00
1.500000000000000000e+01
1.100000000000000000e+01
6.000000000000000000e+00
7.300000000000000000e+01
7.000000000000000000e+00
1.100000000000000000e+01
2.500000000000000000e+01
5.200000000000000000e+01
1.200000000000000000e+01
1.800000000000000000e+01
3.800000000000000000e+01
5.500000000000000000e+01
3.380000000000000000e+02
3.000000000000000000e+01
3.500000000000000000e+01
3.400000000000000000e+01
2.500000000000000000e+01
2.110000000000000000e+02
3.200000000000000000e+01
4.100000000000000000e+01
1.970000000000000000e+02
8.400000000000000000e+01
1.100000000000000000e+02
8.600000000000000000e+01
2.670000000000000000e+02
1.820000000000000000e+02
2.510000000000000000e+02
0.000000000000000000e+00
0.000000000000000000e+00
0.000000000000000000e+00
0.000000000000000000e+00
0.000000000000000000e+00
0.000000000000000000e+00
0.000000000000000000e+00
0.000000000000000000e+00
0.000000000000000000e+00
0.000000000000000000e+00
0.000000000000000000e+00
0.000000000000000000e+00
0.000000000000000000e+00
0.000000000000000000e+00
0.000000000000000000e+00
0.000000000000000000e+00
0.000000000000000000e+00
0.000000000000000000e+00
0.000000000000000000e+00
0.000000000000000000e+00
0.000000000000000000e+00
0.000000000000000000e+00
0.000000000000000000e+00
0.000000000000000000e+00
0.000000000000000000e+00
0.000000000000000000e+00
0.000000000000000000e+00
0.000000000000000000e+00
0.000000000000000000e+00
0.000000000000000000e+00
0.000000000000000000e+00
0.000000000000000000e+00
0.000000000000000000e+00
0.000000000000000000e+00
0.000000000000000000e+00
0.000000000000000000e+00
0.000000000000000000e+00
0.000000000000000000e+00
0.000000000000000000e+00
0.000000000000000000e+00
0.000000000000000000e+00
0.000000000000000000e+00
0.000000000000000000e+00
0.000000000000000000e+00
0.000000000000000000e+00
0.000000000000000000e+00
0.000000000000000000e+00
0.000000000000000000e+00
0.000000000000000000e+00
0.000000000000000000e+00
0.000000000000000000e+00
0.000000000000000000e+00
0.000000000000000000e+00
0.000000000000000000e+00
0.000000000000000000e+00
0.000000000000000000e+00
0.000000000000000000e+00
0.000000000000000000e+00
0.000000000000000000e+00
0.000000000000000000e+00
0.000000000000000000e+00
0.000000000000000000e+00
0.000000000000000000e+00
0.000000000000000000e+00
0.000000000000000000e+00
0.000000000000000000e+00
0.000000000000000000e+00
0.000000000000000000e+00
0.000000000000000000e+00
0.000000000000000000e+00
0.000000000000000000e+00
0.000000000000000000e+00
0.000000000000000000e+00
0.000000000000000000e+00
0.000000000000000000e+00
0.000000000000000000e+00
4.140000000000000000e+02
0.000000000000000000e+00
2.100000000000000000e+01
1.020000000000000000e+02
1.510000000000000000e+02
1.100000000000000000e+02
2.330000000000000000e+02
3.230000000000000000e+02
3.760000000000000000e+02
4.280000000000000000e+02
3.980000000000000000e+02
4.440000000000000000e+02
4.330000000000000000e+02
4.180000000000000000e+02
4.490000000000000000e+02
4.340000000000000000e+02
4.610000000000000000e+02
4.670000000000000000e+02
5.090000000000000000e+02
5.650000000000000000e+02
6.030000000000000000e+02
5.930000000000000000e+02
6.810000000000000000e+02
7.980000000000000000e+02
8.660000000000000000e+02
8.540000000000000000e+02
9.500000000000000000e+02
9.700000000000000000e+02
1.012000000000000000e+03
9.920000000000000000e+02
9.880000000000000000e+02
1.059000000000000000e+03
1.018000000000000000e+03
1.111000000000000000e+03
1.090000000000000000e+03
9.780000000000000000e+02
1.248000000000000000e+03
9.730000000000000000e+02
1.177000000000000000e+03
1.127000000000000000e+03
1.189000000000000000e+03
1.170000000000000000e+03
1.130000000000000000e+03
1.175000000000000000e+03
1.223000000000000000e+03
1.250000000000000000e+03
1.213000000000000000e+03
1.307000000000000000e+03
1.309000000000000000e+03
1.375000000000000000e+03
1.335000000000000000e+03
1.382000000000000000e+03
1.286000000000000000e+03
1.419000000000000000e+03
1.226000000000000000e+03
1.288000000000000000e+03
1.315000000000000000e+03
1.311000000000000000e+03
1.338000000000000000e+03
1.382000000000000000e+03
1.369000000000000000e+03
1.409000000000000000e+03
1.431000000000000000e+03
1.507000000000000000e+03
1.518000000000000000e+03
1.612000000000000000e+03
1.599000000000000000e+03
1.712000000000000000e+03
1.800000000000000000e+03
1.858000000000000000e+03
2.127000000000000000e+03
2.159000000000000000e+03
2.293000000000000000e+03
2.437000000000000000e+03
2.787000000000000000e+03
2.713000000000000000e+03
2.925000000000000000e+03
3.267000000000000000e+03
3.291000000000000000e+03
3.175000000000000000e+03
3.283000000000000000e+03
3.555000000000000000e+03
3.397000000000000000e+03
3.426000000000000000e+03
2.881000000000000000e+03
3.987000000000000000e+03
2.950000000000000000e+03
2.970000000000000000e+03
2.965000000000000000e+03
2.637000000000000000e+03
2.616000000000000000e+03
2.398000000000000000e+03
2.167000000000000000e+03
1.942000000000000000e+03
1.925000000000000000e+03
1.729000000000000000e+03
1.631000000000000000e+03
1.342000000000000000e+03
1.432000000000000000e+03
1.097000000000000000e+03
1.135000000000000000e+03
9.630000000000000000e+02
8.770000000000000000e+02
8.400000000000000000e+02
8.280000000000000000e+02
6.210000000000000000e+02
7.800000000000000000e+02
6.720000000000000000e+02
6.480000000000000000e+02
6.520000000000000000e+02
5.420000000000000000e+02
5.400000000000000000e+02
5.210000000000000000e+02
5.310000000000000000e+02
4.070000000000000000e+02
4.530000000000000000e+02
4.140000000000000000e+02
3.880000000000000000e+02
4.540000000000000000e+02
3.070000000000000000e+02
3.740000000000000000e+02
3.460000000000000000e+02
3.200000000000000000e+02
2.780000000000000000e+02
2.850000000000000000e+02
2.830000000000000000e+02
1.880000000000000000e+02
3.140000000000000000e+02
4.070000000000000000e+02
1.500000000000000000e+02
2.150000000000000000e+02
1.930000000000000000e+02
1.930000000000000000e+02
1.680000000000000000e+02
2.230000000000000000e+02
1.870000000000000000e+02
1.680000000000000000e+02
1.540000000000000000e+02
1.850000000000000000e+02
1.530000000000000000e+02
1.800000000000000000e+02
1.040000000000000000e+02
1.700000000000000000e+02
1.730000000000000000e+02
1.000000000000000000e+02
1.040000000000000000e+02
1.420000000000000000e+02
1.030000000000000000e+02
1.510000000000000000e+02
1.130000000000000000e+02
7.100000000000000000e+01
1.130000000000000000e+02
7.400000000000000000e+01
1.470000000000000000e+02
4.400000000000000000e+01
8.400000000000000000e+01
1.200000000000000000e+02
1.090000000000000000e+02
6.700000000000000000e+01
1.170000000000000000e+02
3.700000000000000000e+01
6.800000000000000000e+01
7.100000000000000000e+01
5.000000000000000000e+01
5.000000000000000000e+01
8.800000000000000000e+01
6.700000000000000000e+01
6.200000000000000000e+01
4.500000000000000000e+01
8.000000000000000000e+00
1.640000000000000000e+02
1.200000000000000000e+01
3.400000000000000000e+01
4.800000000000000000e+01
6.500000000000000000e+01
5.700000000000000000e+01
3.000000000000000000e+01
6.000000000000000000e+01
1.500000000000000000e+01
4.400000000000000000e+01
3.600000000000000000e+01
1.600000000000000000e+01
4.900000000000000000e+01
1.300000000000000000e+01
4.700000000000000000e+01
5.300000000000000000e+01
1.900000000000000000e+01
3.400000000000000000e+01
3.000000000000000000e+01
1.900000000000000000e+01
1.200000000000000000e+01
8.000000000000000000e+01
3.000000000000000000e+00
1.900000000000000000e+01
2.700000000000000000e+01
2.400000000000000000e+01
3.100000000000000000e+01
2.600000000000000000e+01
2.800000000000000000e+01
1.100000000000000000e+01
3.900000000000000000e+01
1.200000000000000000e+01
1.100000000000000000e+01
7.000000000000000000e+00
4.700000000000000000e+01
1.100000000000000000e+01
2.500000000000000000e+01
2.000000000000000000e+01
1.400000000000000000e+01
2.400000000000000000e+01
8.000000000000000000e+00
2.200000000000000000e+01
1.000000000000000000e+00
3.800000000000000000e+01
9.000000000000000000e+00
1.500000000000000000e+01
2.400000000000000000e+01
1.100000000000000000e+01
2.000000000000000000e+00
3.200000000000000000e+01
1.600000000000000000e+01
1.600000000000000000e+01
1.200000000000000000e+01
1.600000000000000000e+01
1.200000000000000000e+01
1.200000000000000000e+01
4.000000000000000000e+00
2.200000000000000000e+01
1.400000000000000000e+01
6.000000000000000000e+00
1.300000000000000000e+01
1.300000000000000000e+01
1.100000000000000000e+01
6.000000000000000000e+00
1.200000000000000000e+01
1.500000000000000000e+01
2.000000000000000000e+00
9.000000000000000000e+00
1.000000000000000000e+00
1.200000000000000000e+01
5.000000000000000000e+00
8.000000000000000000e+00
1.400000000000000000e+01
4.000000000000000000e+00
7.000000000000000000e+00
5.000000000000000000e+00
3.000000000000000000e+00
6.000000000000000000e+00
2.000000000000000000e+00
0.000000000000000000e+00
0.000000000000000000e+00
0.000000000000000000e+00
0.000000000000000000e+00
0.000000000000000000e+00
0.000000000000000000e+00
7.890000000000000000e+02
0.000000000000000000e+00
1.400000000000000000e+01
1.400000000000000000e+01
2.900000000000000000e+01
5.500000000000000000e+01
6.300000000000000000e+01
7.300000000000000000e+01
9.600000000000000000e+01
1.220000000000000000e+02
1.210000000000000000e+02
1.410000000000000000e+02
1.610000000000000000e+02
1.510000000000000000e+02
1.790000000000000000e+02
1.960000000000000000e+02
2.050000000000000000e+02
2.320000000000000000e+02
2.270000000000000000e+02
2.310000000000000000e+02
2.330000000000000000e+02
2.550000000000000000e+02
2.400000000000000000e+02
2.630000000000000000e+02
2.870000000000000000e+02
2.880000000000000000e+02
2.890000000000000000e+02
2.860000000000000000e+02
2.860000000000000000e+02
2.790000000000000000e+02
2.760000000000000000e+02
2.990000000000000000e+02
3.200000000000000000e+02
2.960000000000000000e+02
2.960000000000000000e+02
3.040000000000000000e+02
3.090000000000000000e+02
3.600000000000000000e+02
3.350000000000000000e+02
3.650000000000000000e+02
4.260000000000000000e+02
3.970000000000000000e+02
4.270000000000000000e+02
4.090000000000000000e+02
4.560000000000000000e+02
4.420000000000000000e+02
4.920000000000000000e+02
4.370000000000000000e+02
5.270000000000000000e+02
5.410000000000000000e+02
5.220000000000000000e+02
5.100000000000000000e+02
5.700000000000000000e+02
5.670000000000000000e+02
5.660000000000000000e+02
5.600000000000000000e+02
5.830000000000000000e+02
5.850000000000000000e+02
6.060000000000000000e+02
6.120000000000000000e+02
6.140000000000000000e+02
6.160000000000000000e+02
5.920000000000000000e+02
5.740000000000000000e+02
6.010000000000000000e+02
5.850000000000000000e+02
6.110000000000000000e+02
5.830000000000000000e+02
5.750000000000000000e+02
5.770000000000000000e+02
6.210000000000000000e+02
5.780000000000000000e+02
5.660000000000000000e+02
5.720000000000000000e+02
5.340000000000000000e+02
5.440000000000000000e+02
5.760000000000000000e+02
5.380000000000000000e+02
5.700000000000000000e+02
5.360000000000000000e+02
5.480000000000000000e+02
5.300000000000000000e+02
5.270000000000000000e+02
5.830000000000000000e+02
5.370000000000000000e+02
5.140000000000000000e+02
5.240000000000000000e+02
5.520000000000000000e+02
5.360000000000000000e+02
4.920000000000000000e+02
6.320000000000000000e+02
5.500000000000000000e+02
5.930000000000000000e+02
5.430000000000000000e+02
5.470000000000000000e+02
5.720000000000000000e+02
5.770000000000000000e+02
5.400000000000000000e+02
5.830000000000000000e+02
5.700000000000000000e+02
6.310000000000000000e+02
5.870000000000000000e+02
5.960000000000000000e+02
5.790000000000000000e+02
5.960000000000000000e+02
5.680000000000000000e+02
5.810000000000000000e+02
6.190000000000000000e+02
5.860000000000000000e+02
5.670000000000000000e+02
5.920000000000000000e+02
5.780000000000000000e+02
6.430000000000000000e+02
6.210000000000000000e+02
5.890000000000000000e+02
6.250000000000000000e+02
5.760000000000000000e+02
6.210000000000000000e+02
6.870000000000000000e+02
6.110000000000000000e+02
6.190000000000000000e+02
6.560000000000000000e+02
6.750000000000000000e+02
6.810000000000000000e+02
6.770000000000000000e+02
6.490000000000000000e+02
6.930000000000000000e+02
6.990000000000000000e+02
6.940000000000000000e+02
6.860000000000000000e+02
7.060000000000000000e+02
7.170000000000000000e+02
7.260000000000000000e+02
7.770000000000000000e+02
7.500000000000000000e+02
7.210000000000000000e+02
7.710000000000000000e+02
7.970000000000000000e+02
7.810000000000000000e+02
7.740000000000000000e+02
7.530000000000000000e+02
7.470000000000000000e+02
8.150000000000000000e+02
7.960000000000000000e+02
7.530000000000000000e+02
7.010000000000000000e+02
7.150000000000000000e+02
7.400000000000000000e+02
7.590000000000000000e+02
7.680000000000000000e+02
7.130000000000000000e+02
7.050000000000000000e+02
6.900000000000000000e+02
6.930000000000000000e+02
6.740000000000000000e+02
6.680000000000000000e+02
7.140000000000000000e+02
6.350000000000000000e+02
6.640000000000000000e+02
6.400000000000000000e+02
6.420000000000000000e+02
6.460000000000000000e+02
6.530000000000000000e+02
7.070000000000000000e+02
6.770000000000000000e+02
6.600000000000000000e+02
6.600000000000000000e+02
6.050000000000000000e+02
6.700000000000000000e+02
6.820000000000000000e+02
7.010000000000000000e+02
7.120000000000000000e+02
6.580000000000000000e+02
7.640000000000000000e+02
7.920000000000000000e+02
8.270000000000000000e+02
8.350000000000000000e+02
8.750000000000000000e+02
9.400000000000000000e+02
9.680000000000000000e+02
1.021000000000000000e+03
1.085000000000000000e+03
1.174000000000000000e+03
1.232000000000000000e+03
1.261000000000000000e+03
1.385000000000000000e+03
1.467000000000000000e+03
1.533000000000000000e+03
1.549000000000000000e+03
1.711000000000000000e+03
1.755000000000000000e+03
1.778000000000000000e+03
1.843000000000000000e+03
1.977000000000000000e+03
2.006000000000000000e+03
2.039000000000000000e+03
2.076000000000000000e+03
2.262000000000000000e+03
2.303000000000000000e+03
2.301000000000000000e+03
2.360000000000000000e+03
2.335000000000000000e+03
2.419000000000000000e+03
2.411000000000000000e+03
2.347000000000000000e+03
2.304000000000000000e+03
2.252000000000000000e+03
2.050000000000000000e+03
1.927000000000000000e+03
1.736000000000000000e+03
1.609000000000000000e+03
1.443000000000000000e+03
1.331000000000000000e+03
1.132000000000000000e+03
1.032000000000000000e+03
8.550000000000000000e+02
8.110000000000000000e+02
6.880000000000000000e+02
5.980000000000000000e+02
5.120000000000000000e+02
4.420000000000000000e+02
4.130000000000000000e+02
3.490000000000000000e+02
3.470000000000000000e+02
2.720000000000000000e+02
2.630000000000000000e+02
2.460000000000000000e+02
2.100000000000000000e+02
1.770000000000000000e+02
1.640000000000000000e+02
1.620000000000000000e+02
1.490000000000000000e+02
1.210000000000000000e+02
1.350000000000000000e+02
1.080000000000000000e+02
1.180000000000000000e+02
9.000000000000000000e+01
9.900000000000000000e+01
1.100000000000000000e+02
7.800000000000000000e+01
9.400000000000000000e+01
8.000000000000000000e+01
6.500000000000000000e+01
6.100000000000000000e+01
6.000000000000000000e+01
5.900000000000000000e+01
5.600000000000000000e+01
6.100000000000000000e+01
5.000000000000000000e+01
5.300000000000000000e+01
4.800000000000000000e+01
3.800000000000000000e+01
4.900000000000000000e+01
3.800000000000000000e+01
4.000000000000000000e+01
3.600000000000000000e+01
3.060000000000000000e+02
