7.840000000000000000e+02
8.000000000000000000e+00
2.000000000000000000e+01
3.700000000000000000e+01
3.200000000000000000e+01
9.500000000000000000e+01
1.090000000000000000e+02
3.800000000000000000e+01
1.720000000000000000e+02
1.700000000000000000e+02
3.700000000000000000e+02
1.249000000000000000e+03
2.947000000000000000e+03
8.659000000000000000e+03
8.636000000000000000e+03
1.576100000000000000e+04
1.119400000000000000e+04
8.672000000000000000e+03
4.288000000000000000e+03
3.973000000000000000e+03
3.595000000000000000e+03
2.406000000000000000e+03
2.784000000000000000e+03
2.324000000000000000e+03
2.810000000000000000e+03
1.928000000000000000e+03
2.745000000000000000e+03
2.139000000000000000e+03
2.281000000000000000e+03
2.756000000000000000e+03
3.176000000000000000e+03
2.933000000000000000e+03
4.250000000000000000e+03
4.647000000000000000e+03
5.865000000000000000e+03
7.991000000000000000e+03
6.203000000000000000e+03
5.185000000000000000e+03
4.438000000000000000e+03
3.283000000000000000e+03
2.485000000000000000e+03
1.990000000000000000e+03
2.371000000000000000e+03
2.829000000000000000e+03
1.743000000000000000e+03
2.306000000000000000e+03
2.653000000000000000e+03
8.940000000000000000e+02
2.170000000000000000e+03
6.720000000000000000e+02
7.510000000000000000e+02
6.640000000000000000e+02
4.220000000000000000e+02
2.570000000000000000e+02
2.510000000000000000e+02
2.070000000000000000e+02
2.430000000000000000e+02
1.390000000000000000e+02
4.900000000000000000e+01
1.400000000000000000e+01
1.310000000000000000e+02
1.000000000000000000e+01
5.100000000000000000e+01
7.300000000000000000e+01
1.000000000000000000e+01
2.000000000000000000e+01
1.140000000000000000e+02
1.600000000000000000e+01
1.800000000000000000e+01
8.000000000000000000e+00
7.600000000000000000e+01
3.000000000000000000e+00
6.000000000000000000e+00
2.400000000000000000e+01
7.000000000000000000e+00
1.160000000000000000e+02
0.000000000000000000e+00
0.000000000000000000e+00
0.000000000000000000e+00
2.000000000000000000e+00
4.000000000000000000e+01
0.000000000000000000e+00
0.000000000000000000e+00
4.100000000000000000e+01
3.000000000000000000e+00
0.000000000000000000e+00
0.000000000000000000e+00
9.000000000000000000e+00
0.000000000000000000e+00
0.000000000000000000e+00
3.280000000000000000e+02
0.000000000000000000e+00
0.000000000000000000e+00
0.000000000000000000e+00
0.000000000000000000e+00
3.000000000000000000e+00
2.900000000000000000e+01
0.000000000000000000e+00
4.000000000000000000e+00
1.000000000000000000e+00
0.000000000000000000e+00
2.000000000000000000e+00
0.000000000000000000e+00
4.000000000000000000e+00
2.000000000000000000e+00
3.200000000000000000e+01
1.000000000000000000e+00
0.000000000000000000e+00
0.000000000000000000e+00
2.000000000000000000e+00
2.300000000000000000e+01
4.000000000000000000e+00
0.000000000000000000e+00
3.000000000000000000e+00
1.500000000000000000e+01
7.000000000000000000e+00
1.900000000000000000e+01
5.000000000000000000e+00
1.300000000000000000e+01
1.000000000000000000e+01
8.300000000000000000e+01
0.000000000000000000e+00
1.700000000000000000e+01
5.000000000000000000e+00
1.200000000000000000e+01
2.700000000000000000e+01
8.000000000000000000e+00
0.000000000000000000e+00
1.000000000000000000e+01
1.200000000000000000e+01
9.000000000000000000e+00
0.000000000000000000e+00
2.500000000000000000e+01
1.500000000000000000e+01
0.000000000000000000e+00
1.300000000000000000e+01
1.000000000000000000e+00
0.000000000000000000e+00
1.900000000000000000e+01
0.000000000000000000e+00
6.200000000000000000e+01
1.300000000000000000e+01
8.000000000000000000e+00
1.000000000000000000e+00
0.000000000000000000e+00
2.700000000000000000e+01
9.000000000000000000e+00
3.000000000000000000e+00
0.000000000000000000e+00
0.000000000000000000e+00
4.340000000000000000e+02
0.000000000000000000e+00
0.000000000000000000e+00
8.000000000000000000e+00
0.000000000000000000e+00
3.000000000000000000e+00
3.500000000000000000e+01
2.000000000000000000e+00
7.000000000000000000e+00
4.000000000000000000e+00
1.100000000000000000e+01
1.000000000000000000e+00
0.000000000000000000e+00
1.100000000000000000e+01
1.200000000000000000e+01
9.800000000000000000e+01
1.000000000000000000e+00
0.000000000000000000e+00
1.000000000000000000e+00
9.000000000000000000e+00
3.900000000000000000e+01
1.000000000000000000e+00
0.000000000000000000e+00
4.700000000000000000e+01
6.000000000000000000e+00
1.200000000000000000e+01
0.000000000000000000e+00
2.000000000000000000e+01
9.000000000000000000e+00
2.000000000000000000e+00
0.000000000000000000e+00
0.000000000000000000e+00
0.000000000000000000e+00
0.000000000000000000e+00
0.000000000000000000e+00
0.000000000000000000e+00
0.000000000000000000e+00
0.000000000000000000e+00
0.000000000000000000e+00
0.000000000000000000e+00
0.000000000000000000e+00
0.000000000000000000e+00
0.000000000000000000e+00
0.000000000000000000e+00
0.000000000000000000e+00
0.000000000000000000e+00
0.000000000000000000e+00
0.000000000000000000e+00
0.000000000000000000e+00
0.000000000000000000e+00
0.000000000000000000e+00
0.000000000000000000e+00
0.000000000000000000e+00
0.000000000000000000e+00
0.000000000000000000e+00
0.000000000000000000e+00
0.000000000000000000e+00
0.000000000000000000e+00
0.000000000000000000e+00
0.000000000000000000e+00
0.000000000000000000e+00
0.000000000000000000e+00
0.000000000000000000e+00
0.000000000000000000e+00
0.000000000000000000e+00
0.000000000000000000e+00
0.000000000000000000e+00
0.000000000000000000e+00
0.000000000000000000e+00
0.000000000000000000e+00
0.000000000000000000e+00
0.000000000000000000e+00
0.000000000000000000e+00
0.000000000000000000e+00
0.000000000000000000e+00
0.000000000000000000e+00
0.000000000000000000e+00
0.000000000000000000e+00
0.000000000000000000e+00
0.000000000000000000e+00
0.000000000000000000e+00
0.000000000000000000e+00
0.000000000000000000e+00
0.000000000000000000e+00
0.000000000000000000e+00
0.000000000000000000e+00
0.000000000000000000e+00
0.000000000000000000e+00
0.000000000000000000e+00
0.000000000000000000e+00
0.000000000000000000e+00
0.000000000000000000e+00
0.000000000000000000e+00
0.000000000000000000e+00
0.000000000000000000e+00
0.000000000000000000e+00
0.000000000000000000e+00
0.000000000000000000e+00
0.000000000000000000e+00
0.000000000000000000e+00
0.000000000000000000e+00
0.000000000000000000e+00
0.000000000000000000e+00
0.000000000000000000e+00
0.000000000000000000e+00
0.000000000000000000e+00
7.070000000000000000e+02
5.510000000000000000e+02
6.820000000000000000e+02
3.130000000000000000e+02
2.840000000000000000e+02
4.360000000000000000e+02
3.330000000000000000e+02
2.270000000000000000e+02
2.450000000000000000e+02
1.920000000000000000e+02
2.120000000000000000e+02
2.140000000000000000e+02
2.340000000000000000e+02
2.170000000000000000e+02
2.780000000000000000e+02
2.490000000000000000e+02
2.460000000000000000e+02
2.370000000000000000e+02
2.580000000000000000e+02
2.150000000000000000e+02
2.330000000000000000e+02
2.280000000000000000e+02
2.380000000000000000e+02
2.310000000000000000e+02
2.910000000000000000e+02
2.470000000000000000e+02
2.940000000000000000e+02
3.240000000000000000e+02
2.960000000000000000e+02
3.530000000000000000e+02
3.550000000000000000e+02
3.280000000000000000e+02
3.410000000000000000e+02
3.530000000000000000e+02
3.990000000000000000e+02
4.090000000000000000e+02
5.170000000000000000e+02
4.100000000000000000e+02
5.000000000000000000e+02
4.200000000000000000e+02
4.520000000000000000e+02
4.530000000000000000e+02
4.100000000000000000e+02
5.190000000000000000e+02
4.820000000000000000e+02
5.560000000000000000e+02
6.270000000000000000e+02
5.760000000000000000e+02
6.360000000000000000e+02
7.270000000000000000e+02
7.820000000000000000e+02
7.120000000000000000e+02
7.010000000000000000e+02
6.350000000000000000e+02
6.790000000000000000e+02
6.790000000000000000e+02
6.260000000000000000e+02
6.650000000000000000e+02
6.390000000000000000e+02
6.380000000000000000e+02
6.960000000000000000e+02
6.970000000000000000e+02
7.350000000000000000e+02
7.400000000000000000e+02
6.390000000000000000e+02
6.950000000000000000e+02
6.570000000000000000e+02
6.540000000000000000e+02
6.680000000000000000e+02
6.540000000000000000e+02
6.790000000000000000e+02
6.760000000000000000e+02
6.460000000000000000e+02
6.530000000000000000e+02
6.550000000000000000e+02
6.520000000000000000e+02
6.990000000000000000e+02
7.440000000000000000e+02
7.700000000000000000e+02
6.640000000000000000e+02
7.090000000000000000e+02
7.130000000000000000e+02
7.320000000000000000e+02
7.900000000000000000e+02
6.890000000000000000e+02
9.080000000000000000e+02
7.290000000000000000e+02
8.080000000000000000e+02
8.950000000000000000e+02
9.100000000000000000e+02
1.100000000000000000e+03
1.129000000000000000e+03
1.264000000000000000e+03
1.374000000000000000e+03
1.467000000000000000e+03
1.368000000000000000e+03
1.675000000000000000e+03
1.447000000000000000e+03
1.638000000000000000e+03
1.669000000000000000e+03
1.851000000000000000e+03
1.644000000000000000e+03
1.883000000000000000e+03
1.607000000000000000e+03
1.728000000000000000e+03
1.552000000000000000e+03
1.758000000000000000e+03
1.576000000000000000e+03
1.465000000000000000e+03
1.606000000000000000e+03
1.476000000000000000e+03
1.562000000000000000e+03
1.323000000000000000e+03
1.423000000000000000e+03
1.446000000000000000e+03
1.333000000000000000e+03
1.380000000000000000e+03
1.411000000000000000e+03
1.441000000000000000e+03
1.303000000000000000e+03
1.424000000000000000e+03
1.343000000000000000e+03
1.330000000000000000e+03
1.449000000000000000e+03
1.203000000000000000e+03
1.626000000000000000e+03
1.270000000000000000e+03
1.250000000000000000e+03
1.149000000000000000e+03
1.369000000000000000e+03
1.465000000000000000e+03
1.218000000000000000e+03
1.195000000000000000e+03
1.346000000000000000e+03
1.283000000000000000e+03
1.268000000000000000e+03
1.268000000000000000e+03
1.233000000000000000e+03
1.268000000000000000e+03
1.253000000000000000e+03
1.176000000000000000e+03
1.230000000000000000e+03
1.162000000000000000e+03
1.250000000000000000e+03
1.219000000000000000e+03
1.065000000000000000e+03
1.219000000000000000e+03
1.145000000000000000e+03
1.053000000000000000e+03
1.171000000000000000e+03
1.010000000000000000e+03
1.037000000000000000e+03
1.063000000000000000e+03
9.300000000000000000e+02
1.058000000000000000e+03
9.840000000000000000e+02
9.750000000000000000e+02
8.150000000000000000e+02
9.000000000000000000e+02
8.690000000000000000e+02
7.150000000000000000e+02
8.120000000000000000e+02
8.710000000000000000e+02
7.140000000000000000e+02
7.320000000000000000e+02
7.470000000000000000e+02
6.220000000000000000e+02
6.180000000000000000e+02
6.010000000000000000e+02
5.020000000000000000e+02
6.570000000000000000e+02
4.540000000000000000e+02
4.810000000000000000e+02
5.100000000000000000e+02
6.020000000000000000e+02
3.780000000000000000e+02
4.600000000000000000e+02
4.990000000000000000e+02
3.990000000000000000e+02
4.720000000000000000e+02
4.040000000000000000e+02
3.660000000000000000e+02
4.080000000000000000e+02
4.150000000000000000e+02
3.830000000000000000e+02
3.920000000000000000e+02
3.610000000000000000e+02
3.310000000000000000e+02
4.050000000000000000e+02
3.190000000000000000e+02
4.120000000000000000e+02
3.530000000000000000e+02
2.960000000000000000e+02
3.750000000000000000e+02
3.440000000000000000e+02
3.130000000000000000e+02
3.930000000000000000e+02
3.260000000000000000e+02
3.570000000000000000e+02
3.510000000000000000e+02
3.760000000000000000e+02
3.440000000000000000e+02
3.460000000000000000e+02
3.020000000000000000e+02
2.780000000000000000e+02
2.990000000000000000e+02
2.810000000000000000e+02
2.750000000000000000e+02
2.780000000000000000e+02
2.900000000000000000e+02
2.690000000000000000e+02
2.420000000000000000e+02
2.570000000000000000e+02
2.550000000000000000e+02
2.530000000000000000e+02
2.400000000000000000e+02
1.920000000000000000e+02
1.700000000000000000e+02
1.700000000000000000e+02
1.860000000000000000e+02
1.600000000000000000e+02
1.410000000000000000e+02
1.550000000000000000e+02
1.460000000000000000e+02
1.400000000000000000e+02
1.320000000000000000e+02
1.110000000000000000e+02
1.030000000000000000e+02
7.600000000000000000e+01
7.900000000000000000e+01
1.290000000000000000e+02
5.600000000000000000e+01
6.200000000000000000e+01
5.400000000000000000e+01
5.100000000000000000e+01
6.300000000000000000e+01
7.800000000000000000e+01
4.500000000000000000e+01
5.800000000000000000e+01
4.100000000000000000e+01
2.300000000000000000e+01
2.900000000000000000e+01
3.000000000000000000e+01
6.900000000000000000e+01
6.300000000000000000e+01
3.800000000000000000e+01
1.700000000000000000e+01
1.400000000000000000e+01
6.000000000000000000e+00
1.240000000000000000e+02
4.100000000000000000e+01
5.000000000000000000e+00
5.000000000000000000e+00
2.000000000000000000e+00
0.000000000000000000e+00
4.140000000000000000e+02
0.000000000000000000e+00
2.000000000000000000e+00
0.000000000000000000e+00
1.000000000000000000e+00
3.000000000000000000e+00
2.000000000000000000e+00
5.000000000000000000e+00
9.000000000000000000e+00
5.000000000000000000e+00
6.000000000000000000e+00
1.200000000000000000e+01
1.200000000000000000e+01
4.000000000000000000e+00
1.500000000000000000e+01
1.400000000000000000e+01
2.000000000000000000e+01
2.100000000000000000e+01
2.600000000000000000e+01
3.600000000000000000e+01
3.800000000000000000e+01
3.500000000000000000e+01
3.200000000000000000e+01
4.600000000000000000e+01
6.000000000000000000e+01
5.600000000000000000e+01
4.400000000000000000e+01
7.600000000000000000e+01
8.700000000000000000e+01
8.500000000000000000e+01
9.300000000000000000e+01
1.050000000000000000e+02
1.330000000000000000e+02
1.520000000000000000e+02
1.910000000000000000e+02
2.130000000000000000e+02
2.400000000000000000e+02
2.560000000000000000e+02
2.970000000000000000e+02
3.250000000000000000e+02
4.340000000000000000e+02
5.720000000000000000e+02
7.150000000000000000e+02
7.490000000000000000e+02
7.770000000000000000e+02
8.640000000000000000e+02
9.700000000000000000e+02
1.089000000000000000e+03
1.068000000000000000e+03
1.128000000000000000e+03
1.181000000000000000e+03
1.170000000000000000e+03
1.203000000000000000e+03
1.186000000000000000e+03
1.145000000000000000e+03
1.142000000000000000e+03
1.141000000000000000e+03
1.016000000000000000e+03
1.064000000000000000e+03
1.087000000000000000e+03
1.075000000000000000e+03
1.040000000000000000e+03
1.060000000000000000e+03
1.013000000000000000e+03
1.005000000000000000e+03
9.560000000000000000e+02
1.058000000000000000e+03
9.880000000000000000e+02
9.470000000000000000e+02
9.970000000000000000e+02
1.045000000000000000e+03
9.960000000000000000e+02
1.102000000000000000e+03
1.000000000000000000e+03
9.440000000000000000e+02
9.290000000000000000e+02
9.040000000000000000e+02
9.970000000000000000e+02
8.650000000000000000e+02
9.160000000000000000e+02
9.480000000000000000e+02
9.390000000000000000e+02
9.950000000000000000e+02
9.990000000000000000e+02
1.035000000000000000e+03
1.027000000000000000e+03
1.088000000000000000e+03
1.085000000000000000e+03
1.080000000000000000e+03
1.086000000000000000e+03
1.126000000000000000e+03
1.125000000000000000e+03
1.152000000000000000e+03
1.157000000000000000e+03
1.176000000000000000e+03
1.225000000000000000e+03
1.289000000000000000e+03
1.220000000000000000e+03
1.195000000000000000e+03
1.253000000000000000e+03
1.329000000000000000e+03
1.276000000000000000e+03
1.260000000000000000e+03
1.277000000000000000e+03
1.317000000000000000e+03
1.268000000000000000e+03
1.276000000000000000e+03
1.175000000000000000e+03
1.180000000000000000e+03
1.158000000000000000e+03
1.068000000000000000e+03
9.930000000000000000e+02
9.830000000000000000e+02
9.970000000000000000e+02
9.930000000000000000e+02
1.007000000000000000e+03
1.026000000000000000e+03
1.057000000000000000e+03
9.650000000000000000e+02
9.890000000000000000e+02
8.970000000000000000e+02
8.800000000000000000e+02
9.200000000000000000e+02
7.810000000000000000e+02
8.690000000000000000e+02
8.650000000000000000e+02
8.570000000000000000e+02
8.710000000000000000e+02
8.380000000000000000e+02
8.590000000000000000e+02
8.320000000000000000e+02
8.100000000000000000e+02
8.190000000000000000e+02
7.500000000000000000e+02
7.040000000000000000e+02
7.220000000000000000e+02
7.500000000000000000e+02
7.060000000000000000e+02
6.950000000000000000e+02
6.550000000000000000e+02
5.810000000000000000e+02
6.030000000000000000e+02
6.290000000000000000e+02
6.140000000000000000e+02
5.480000000000000000e+02
5.380000000000000000e+02
5.910000000000000000e+02
5.800000000000000000e+02
6.130000000000000000e+02
6.200000000000000000e+02
5.760000000000000000e+02
5.690000000000000000e+02
5.510000000000000000e+02
5.500000000000000000e+02
5.280000000000000000e+02
5.190000000000000000e+02
5.120000000000000000e+02
5.250000000000000000e+02
4.980000000000000000e+02
4.790000000000000000e+02
4.810000000000000000e+02
4.170000000000000000e+02
4.160000000000000000e+02
4.540000000000000000e+02
4.360000000000000000e+02
4.090000000000000000e+02
4.120000000000000000e+02
4.250000000000000000e+02
3.910000000000000000e+02
4.270000000000000000e+02
3.970000000000000000e+02
4.210000000000000000e+02
3.910000000000000000e+02
4.210000000000000000e+02
4.090000000000000000e+02
4.010000000000000000e+02
3.700000000000000000e+02
3.720000000000000000e+02
4.170000000000000000e+02
4.330000000000000000e+02
3.900000000000000000e+02
4.130000000000000000e+02
4.110000000000000000e+02
4.060000000000000000e+02
3.800000000000000000e+02
3.720000000000000000e+02
3.940000000000000000e+02
3.950000000000000000e+02
3.920000000000000000e+02
3.460000000000000000e+02
3.590000000000000000e+02
3.780000000000000000e+02
3.180000000000000000e+02
3.400000000000000000e+02
3.440000000000000000e+02
3.610000000000000000e+02
3.500000000000000000e+02
3.470000000000000000e+02
3.370000000000000000e+02
3.340000000000000000e+02
3.520000000000000000e+02
3.410000000000000000e+02
3.510000000000000000e+02
3.550000000000000000e+02
3.770000000000000000e+02
3.700000000000000000e+02
3.680000000000000000e+02
3.830000000000000000e+02
3.700000000000000000e+02
3.970000000000000000e+02
4.100000000000000000e+02
4.130000000000000000e+02
3.880000000000000000e+02
4.100000000000000000e+02
4.160000000000000000e+02
3.990000000000000000e+02
3.960000000000000000e+02
3.970000000000000000e+02
4.250000000000000000e+02
3.940000000000000000e+02
4.410000000000000000e+02
4.190000000000000000e+02
4.050000000000000000e+02
3.780000000000000000e+02
4.070000000000000000e+02
4.070000000000000000e+02
3.950000000000000000e+02
3.590000000000000000e+02
3.960000000000000000e+02
3.750000000000000000e+02
3.880000000000000000e+02
3.510000000000000000e+02
3.520000000000000000e+02
3.940000000000000000e+02
3.700000000000000000e+02
4.310000000000000000e+02
3.910000000000000000e+02
3.790000000000000000e+02
4.450000000000000000e+02
4.300000000000000000e+02
4.630000000000000000e+02
4.420000000000000000e+02
4.630000000000000000e+02
5.270000000000000000e+02
5.450000000000000000e+02
5.830000000000000000e+02
6.130000000000000000e+02
6.240000000000000000e+02
6.680000000000000000e+02
7.100000000000000000e+02
7.320000000000000000e+02
8.190000000000000000e+02
8.560000000000000000e+02
1.137000000000000000e+03
1.322000000000000000e+03
1.651000000000000000e+03
8.660000000000000000e+03
