1.207000000000000000e+03
2.370000000000000000e+02
4.980000000000000000e+02
4.660000000000000000e+02
3.560000000000000000e+02
4.790000000000000000e+02
1.063000000000000000e+03
2.770000000000000000e+02
7.700000000000000000e+02
3.060000000000000000e+02
2.690000000000000000e+02
8.280000000000000000e+02
3.070000000000000000e+02
1.274000000000000000e+03
5.750000000000000000e+02
4.580000000000000000e+02
1.070000000000000000e+03
3.490000000000000000e+02
3.530000000000000000e+02
1.027000000000000000e+03
8.230000000000000000e+02
1.625000000000000000e+03
8.840000000000000000e+02
1.343000000000000000e+03
1.124000000000000000e+03
1.303000000000000000e+03
4.964000000000000000e+03
4.530000000000000000e+02
1.735000000000000000e+03
1.720000000000000000e+03
4.383000000000000000e+03
4.610000000000000000e+02
4.012000000000000000e+03
1.935000000000000000e+03
3.669000000000000000e+03
6.849000000000000000e+03
1.548000000000000000e+03
1.572000000000000000e+03
3.046000000000000000e+03
1.608000000000000000e+03
2.074000000000000000e+03
7.190000000000000000e+02
1.916000000000000000e+03
3.361000000000000000e+03
1.024000000000000000e+03
1.492000000000000000e+03
1.669000000000000000e+03
9.840000000000000000e+02
2.566000000000000000e+03
1.691000000000000000e+03
2.323000000000000000e+03
2.912000000000000000e+03
3.627000000000000000e+03
3.892000000000000000e+03
4.953000000000000000e+03
6.553000000000000000e+03
6.296000000000000000e+03
5.473000000000000000e+03
4.339000000000000000e+03
3.092000000000000000e+03
2.916000000000000000e+03
1.650000000000000000e+03
1.158000000000000000e+03
1.104000000000000000e+03
3.880000000000000000e+02
5.770000000000000000e+02
1.609000000000000000e+03
3.660000000000000000e+02
1.970000000000000000e+03
1.414000000000000000e+03
4.620000000000000000e+02
3.900000000000000000e+02
1.850000000000000000e+02
1.467000000000000000e+03
4.551000000000000000e+03
4.570000000000000000e+02
5.850000000000000000e+02
2.020000000000000000e+02
3.400000000000000000e+01
6.630000000000000000e+02
1.300000000000000000e+03
8.600000000000000000e+01
1.410000000000000000e+02
3.030000000000000000e+02
4.370000000000000000e+02
3.050000000000000000e+02
1.250000000000000000e+02
6.010000000000000000e+02
2.150000000000000000e+02
1.520000000000000000e+02
6.290000000000000000e+02
2.080000000000000000e+02
2.100000000000000000e+02
2.290000000000000000e+02
2.180000000000000000e+02
4.580000000000000000e+02
4.270000000000000000e+02
1.510000000000000000e+02
4.290000000000000000e+02
3.820000000000000000e+02
7.570000000000000000e+02
8.240000000000000000e+02
1.172000000000000000e+03
1.155000000000000000e+03
4.270000000000000000e+02
6.170000000000000000e+02
5.100000000000000000e+02
8.450000000000000000e+02
1.385000000000000000e+03
1.075000000000000000e+03
5.860000000000000000e+02
2.110000000000000000e+02
1.550000000000000000e+02
1.230000000000000000e+02
3.140000000000000000e+02
2.440000000000000000e+02
1.880000000000000000e+02
7.300000000000000000e+01
8.800000000000000000e+01
8.200000000000000000e+01
7.570000000000000000e+02
3.400000000000000000e+01
1.200000000000000000e+02
7.000000000000000000e+01
4.690000000000000000e+02
9.910000000000000000e+02
5.210000000000000000e+02
4.340000000000000000e+02
7.880000000000000000e+02
4.130000000000000000e+02
9.870000000000000000e+02
5.140000000000000000e+02
1.036000000000000000e+03
1.932000000000000000e+03
3.610000000000000000e+02
8.760000000000000000e+02
8.070000000000000000e+02
1.220000000000000000e+02
1.316000000000000000e+03
1.950000000000000000e+02
7.740000000000000000e+02
8.690000000000000000e+02
5.750000000000000000e+02
4.460000000000000000e+02
5.510000000000000000e+02
7.600000000000000000e+02
5.960000000000000000e+02
3.830000000000000000e+02
3.580000000000000000e+02
8.700000000000000000e+01
6.480000000000000000e+02
6.800000000000000000e+01
2.930000000000000000e+02
4.390000000000000000e+02
5.100000000000000000e+01
2.470000000000000000e+02
8.070000000000000000e+02
2.800000000000000000e+02
2.390000000000000000e+02
3.050000000000000000e+02
2.550000000000000000e+02
1.230000000000000000e+02
5.300000000000000000e+01
2.310000000000000000e+02
2.970000000000000000e+02
5.030000000000000000e+02
1.620000000000000000e+02
1.230000000000000000e+02
1.660000000000000000e+02
3.880000000000000000e+02
7.460000000000000000e+02
4.790000000000000000e+02
1.105000000000000000e+03
1.551000000000000000e+03
4.870000000000000000e+02
2.590000000000000000e+02
1.460000000000000000e+02
5.470000000000000000e+02
1.180000000000000000e+02
7.500000000000000000e+01
0.000000000000000000e+00
0.000000000000000000e+00
0.000000000000000000e+00
0.000000000000000000e+00
0.000000000000000000e+00
0.000000000000000000e+00
0.000000000000000000e+00
0.000000000000000000e+00
0.000000000000000000e+00
0.000000000000000000e+00
0.000000000000000000e+00
0.000000000000000000e+00
0.000000000000000000e+00
0.000000000000000000e+00
0.000000000000000000e+00
0.000000000000000000e+00
0.000000000000000000e+00
0.000000000000000000e+00
0.000000000000000000e+00
0.000000000000000000e+00
0.000000000000000000e+00
0.000000000000000000e+00
0.000000000000000000e+00
0.000000000000000000e+00
0.000000000000000000e+00
0.000000000000000000e+00
0.000000000000000000e+00
0.000000000000000000e+00
0.000000000000000000e+00
0.000000000000000000e+00
0.000000000000000000e+00
0.000000000000000000e+00
0.000000000000000000e+00
0.000000000000000000e+00
0.000000000000000000e+00
0.000000000000000000e+00
0.000000000000000000e+00
0.000000000000000000e+00
0.000000000000000000e+00
0.000000000000000000e+00
0.000000000000000000e+00
0.000000000000000000e+00
0.000000000000000000e+00
0.000000000000000000e+00
0.000000000000000000e+00
0.000000000000000000e+00
0.000000000000000000e+00
0.000000000000000000e+00
0.000000000000000000e+00
0.000000000000000000e+00
0.000000000000000000e+00
0.000000000000000000e+00
0.000000000000000000e+00
0.000000000000000000e+00
0.000000000000000000e+00
0.000000000000000000e+00
0.000000000000000000e+00
0.000000000000000000e+00
0.000000000000000000e+00
0.000000000000000000e+00
0.000000000000000000e+00
0.000000000000000000e+00
0.000000000000000000e+00
0.000000000000000000e+00
0.000000000000000000e+00
0.000000000000000000e+00
0.000000000000000000e+00
0.000000000000000000e+00
0.000000000000000000e+00
0.000000000000000000e+00
0.000000000000000000e+00
0.000000000000000000e+00
0.000000000000000000e+00
0.000000000000000000e+00
0.000000000000000000e+00
0.000000000000000000e+00
7.300000000000000000e+02
4.000000000000000000e+00
1.700000000000000000e+01
1.403000000000000000e+03
6.540000000000000000e+02
5.950000000000000000e+02
3.450000000000000000e+02
2.009000000000000000e+03
1.865000000000000000e+03
1.949000000000000000e+03
1.740000000000000000e+03
2.986000000000000000e+03
2.705000000000000000e+03
6.434000000000000000e+03
1.896000000000000000e+03
4.261000000000000000e+03
2.989000000000000000e+03
1.969000000000000000e+03
2.720000000000000000e+03
2.540000000000000000e+03
2.261000000000000000e+03
2.918000000000000000e+03
2.327000000000000000e+03
2.466000000000000000e+03
2.569000000000000000e+03
2.302000000000000000e+03
2.465000000000000000e+03
2.242000000000000000e+03
2.100000000000000000e+03
2.612000000000000000e+03
1.938000000000000000e+03
2.043000000000000000e+03
2.055000000000000000e+03
2.147000000000000000e+03
2.045000000000000000e+03
2.098000000000000000e+03
2.076000000000000000e+03
1.530000000000000000e+03
1.641000000000000000e+03
1.372000000000000000e+03
1.274000000000000000e+03
1.184000000000000000e+03
9.990000000000000000e+02
1.024000000000000000e+03
7.980000000000000000e+02
8.090000000000000000e+02
7.740000000000000000e+02
7.460000000000000000e+02
7.690000000000000000e+02
6.390000000000000000e+02
5.690000000000000000e+02
5.990000000000000000e+02
5.290000000000000000e+02
5.950000000000000000e+02
5.040000000000000000e+02
5.620000000000000000e+02
4.530000000000000000e+02
4.740000000000000000e+02
5.060000000000000000e+02
4.550000000000000000e+02
4.600000000000000000e+02
5.000000000000000000e+02
4.660000000000000000e+02
3.490000000000000000e+02
5.840000000000000000e+02
4.540000000000000000e+02
4.360000000000000000e+02
4.950000000000000000e+02
4.310000000000000000e+02
3.910000000000000000e+02
5.250000000000000000e+02
4.570000000000000000e+02
4.210000000000000000e+02
4.910000000000000000e+02
3.930000000000000000e+02
4.500000000000000000e+02
4.110000000000000000e+02
4.540000000000000000e+02
4.420000000000000000e+02
3.520000000000000000e+02
4.210000000000000000e+02
4.410000000000000000e+02
3.630000000000000000e+02
4.490000000000000000e+02
3.140000000000000000e+02
6.050000000000000000e+02
3.170000000000000000e+02
4.160000000000000000e+02
4.020000000000000000e+02
4.310000000000000000e+02
4.400000000000000000e+02
3.930000000000000000e+02
3.840000000000000000e+02
3.860000000000000000e+02
4.900000000000000000e+02
3.810000000000000000e+02
4.850000000000000000e+02
4.510000000000000000e+02
5.160000000000000000e+02
4.500000000000000000e+02
5.170000000000000000e+02
4.510000000000000000e+02
5.330000000000000000e+02
4.870000000000000000e+02
5.270000000000000000e+02
5.350000000000000000e+02
5.980000000000000000e+02
5.930000000000000000e+02
5.790000000000000000e+02
6.330000000000000000e+02
5.660000000000000000e+02
5.760000000000000000e+02
5.730000000000000000e+02
6.220000000000000000e+02
5.760000000000000000e+02
6.210000000000000000e+02
6.930000000000000000e+02
6.370000000000000000e+02
6.030000000000000000e+02
6.840000000000000000e+02
6.820000000000000000e+02
6.300000000000000000e+02
7.170000000000000000e+02
6.750000000000000000e+02
7.230000000000000000e+02
6.830000000000000000e+02
5.970000000000000000e+02
7.660000000000000000e+02
9.980000000000000000e+02
6.580000000000000000e+02
8.210000000000000000e+02
8.660000000000000000e+02
8.400000000000000000e+02
8.330000000000000000e+02
8.280000000000000000e+02
8.370000000000000000e+02
8.100000000000000000e+02
8.890000000000000000e+02
8.700000000000000000e+02
8.770000000000000000e+02
8.700000000000000000e+02
9.490000000000000000e+02
8.360000000000000000e+02
8.870000000000000000e+02
8.830000000000000000e+02
8.810000000000000000e+02
8.830000000000000000e+02
8.810000000000000000e+02
8.900000000000000000e+02
9.490000000000000000e+02
8.620000000000000000e+02
8.620000000000000000e+02
8.870000000000000000e+02
9.110000000000000000e+02
8.300000000000000000e+02
9.130000000000000000e+02
7.830000000000000000e+02
7.710000000000000000e+02
8.360000000000000000e+02
8.270000000000000000e+02
7.660000000000000000e+02
7.890000000000000000e+02
7.630000000000000000e+02
7.300000000000000000e+02
7.020000000000000000e+02
7.260000000000000000e+02
6.700000000000000000e+02
6.490000000000000000e+02
6.460000000000000000e+02
6.900000000000000000e+02
5.170000000000000000e+02
6.520000000000000000e+02
6.180000000000000000e+02
5.940000000000000000e+02
6.620000000000000000e+02
5.460000000000000000e+02
5.840000000000000000e+02
6.090000000000000000e+02
4.840000000000000000e+02
5.400000000000000000e+02
5.040000000000000000e+02
5.120000000000000000e+02
5.130000000000000000e+02
4.780000000000000000e+02
4.240000000000000000e+02
5.040000000000000000e+02
3.680000000000000000e+02
4.380000000000000000e+02
4.960000000000000000e+02
4.390000000000000000e+02
3.980000000000000000e+02
4.440000000000000000e+02
4.260000000000000000e+02
3.920000000000000000e+02
3.970000000000000000e+02
4.030000000000000000e+02
3.820000000000000000e+02
3.920000000000000000e+02
3.440000000000000000e+02
3.160000000000000000e+02
3.280000000000000000e+02
3.290000000000000000e+02
2.480000000000000000e+02
2.510000000000000000e+02
2.290000000000000000e+02
1.860000000000000000e+02
2.040000000000000000e+02
1.700000000000000000e+02
1.670000000000000000e+02
1.660000000000000000e+02
1.350000000000000000e+02
1.370000000000000000e+02
1.270000000000000000e+02
1.240000000000000000e+02
1.200000000000000000e+02
1.200000000000000000e+02
1.090000000000000000e+02
1.090000000000000000e+02
8.700000000000000000e+01
1.230000000000000000e+02
8.200000000000000000e+01
1.030000000000000000e+02
9.600000000000000000e+01
9.400000000000000000e+01
9.500000000000000000e+01
8.800000000000000000e+01
7.600000000000000000e+01
9.000000000000000000e+01
9.000000000000000000e+01
7.700000000000000000e+01
7.900000000000000000e+01
7.800000000000000000e+01
7.300000000000000000e+01
8.200000000000000000e+01
7.100000000000000000e+01
7.100000000000000000e+01
6.600000000000000000e+01
6.600000000000000000e+01
6.000000000000000000e+01
8.700000000000000000e+01
6.700000000000000000e+01
6.500000000000000000e+01
6.400000000000000000e+01
7.000000000000000000e+01
5.900000000000000000e+01
9.100000000000000000e+01
5.000000000000000000e+01
6.400000000000000000e+01
7.000000000000000000e+01
6.700000000000000000e+01
4.200000000000000000e+01
4.700000000000000000e+01
3.400000000000000000e+01
3.000000000000000000e+01
1.000000000000000000e+00
7.070000000000000000e+02
1.000000000000000000e+00
9.000000000000000000e+00
2.000000000000000000e+01
1.400000000000000000e+01
1.500000000000000000e+01
5.000000000000000000e+01
4.900000000000000000e+01
7.000000000000000000e+01
6.400000000000000000e+01
6.400000000000000000e+01
7.900000000000000000e+01
1.060000000000000000e+02
8.800000000000000000e+01
1.160000000000000000e+02
1.270000000000000000e+02
1.410000000000000000e+02
1.370000000000000000e+02
1.770000000000000000e+02
2.090000000000000000e+02
2.230000000000000000e+02
2.620000000000000000e+02
2.910000000000000000e+02
2.770000000000000000e+02
2.760000000000000000e+02
2.470000000000000000e+02
2.760000000000000000e+02
2.570000000000000000e+02
2.370000000000000000e+02
2.700000000000000000e+02
2.750000000000000000e+02
2.760000000000000000e+02
3.080000000000000000e+02
3.540000000000000000e+02
3.430000000000000000e+02
3.440000000000000000e+02
3.090000000000000000e+02
2.930000000000000000e+02
3.750000000000000000e+02
3.690000000000000000e+02
3.750000000000000000e+02
3.830000000000000000e+02
4.250000000000000000e+02
4.480000000000000000e+02
4.380000000000000000e+02
4.390000000000000000e+02
4.210000000000000000e+02
4.050000000000000000e+02
4.150000000000000000e+02
4.130000000000000000e+02
4.260000000000000000e+02
4.720000000000000000e+02
4.230000000000000000e+02
4.280000000000000000e+02
4.260000000000000000e+02
4.500000000000000000e+02
4.670000000000000000e+02
5.410000000000000000e+02
5.560000000000000000e+02
5.110000000000000000e+02
5.570000000000000000e+02
5.480000000000000000e+02
4.670000000000000000e+02
5.150000000000000000e+02
5.130000000000000000e+02
4.930000000000000000e+02
4.930000000000000000e+02
4.800000000000000000e+02
5.320000000000000000e+02
5.380000000000000000e+02
5.230000000000000000e+02
5.290000000000000000e+02
5.080000000000000000e+02
5.190000000000000000e+02
5.640000000000000000e+02
5.540000000000000000e+02
4.880000000000000000e+02
4.970000000000000000e+02
4.940000000000000000e+02
4.790000000000000000e+02
5.270000000000000000e+02
5.130000000000000000e+02
5.490000000000000000e+02
5.510000000000000000e+02
5.350000000000000000e+02
5.230000000000000000e+02
5.380000000000000000e+02
5.320000000000000000e+02
6.100000000000000000e+02
5.630000000000000000e+02
5.640000000000000000e+02
5.280000000000000000e+02
5.640000000000000000e+02
5.770000000000000000e+02
5.640000000000000000e+02
5.590000000000000000e+02
5.930000000000000000e+02
5.700000000000000000e+02
5.800000000000000000e+02
6.590000000000000000e+02
6.010000000000000000e+02
5.880000000000000000e+02
5.980000000000000000e+02
6.240000000000000000e+02
6.320000000000000000e+02
6.220000000000000000e+02
6.510000000000000000e+02
6.220000000000000000e+02
6.810000000000000000e+02
7.280000000000000000e+02
6.970000000000000000e+02
7.390000000000000000e+02
7.260000000000000000e+02
7.400000000000000000e+02
7.790000000000000000e+02
7.890000000000000000e+02
8.540000000000000000e+02
8.330000000000000000e+02
8.840000000000000000e+02
8.950000000000000000e+02
9.070000000000000000e+02
8.940000000000000000e+02
1.067000000000000000e+03
1.036000000000000000e+03
9.800000000000000000e+02
1.018000000000000000e+03
1.130000000000000000e+03
1.067000000000000000e+03
1.207000000000000000e+03
1.174000000000000000e+03
1.269000000000000000e+03
1.421000000000000000e+03
1.496000000000000000e+03
1.541000000000000000e+03
1.499000000000000000e+03
1.507000000000000000e+03
1.504000000000000000e+03
1.329000000000000000e+03
1.419000000000000000e+03
1.449000000000000000e+03
1.475000000000000000e+03
1.499000000000000000e+03
1.559000000000000000e+03
1.613000000000000000e+03
1.623000000000000000e+03
1.672000000000000000e+03
1.722000000000000000e+03
1.793000000000000000e+03
1.882000000000000000e+03
1.782000000000000000e+03
1.852000000000000000e+03
2.003000000000000000e+03
2.009000000000000000e+03
2.152000000000000000e+03
2.078000000000000000e+03
2.067000000000000000e+03
2.088000000000000000e+03
2.147000000000000000e+03
2.266000000000000000e+03
2.312000000000000000e+03
2.367000000000000000e+03
2.137000000000000000e+03
2.266000000000000000e+03
2.268000000000000000e+03
2.279000000000000000e+03
2.238000000000000000e+03
2.193000000000000000e+03
2.218000000000000000e+03
2.123000000000000000e+03
2.144000000000000000e+03
2.084000000000000000e+03
1.979000000000000000e+03
1.931000000000000000e+03
1.811000000000000000e+03
1.799000000000000000e+03
1.705000000000000000e+03
1.685000000000000000e+03
1.690000000000000000e+03
1.638000000000000000e+03
1.547000000000000000e+03
1.355000000000000000e+03
1.155000000000000000e+03
1.232000000000000000e+03
1.400000000000000000e+03
1.247000000000000000e+03
1.083000000000000000e+03
1.139000000000000000e+03
1.202000000000000000e+03
1.168000000000000000e+03
1.080000000000000000e+03
1.087000000000000000e+03
9.280000000000000000e+02
7.810000000000000000e+02
7.190000000000000000e+02
6.450000000000000000e+02
5.520000000000000000e+02
5.020000000000000000e+02
4.730000000000000000e+02
4.040000000000000000e+02
3.320000000000000000e+02
3.130000000000000000e+02
3.400000000000000000e+02
3.540000000000000000e+02
2.810000000000000000e+02
2.600000000000000000e+02
2.450000000000000000e+02
2.110000000000000000e+02
1.930000000000000000e+02
1.650000000000000000e+02
1.720000000000000000e+02
2.210000000000000000e+02
3.580000000000000000e+02
8.050000000000000000e+02
1.626000000000000000e+03
2.398000000000000000e+03
2.657000000000000000e+03
1.735000000000000000e+03
9.790000000000000000e+02
2.930000000000000000e+02
1.130000000000000000e+02
6.600000000000000000e+01
4.600000000000000000e+01
4.600000000000000000e+01
3.600000000000000000e+01
3.000000000000000000e+01
3.500000000000000000e+01
2.500000000000000000e+01
2.400000000000000000e+01
2.200000000000000000e+01
1.000000000000000000e+01
1.600000000000000000e+01
1.300000000000000000e+01
1.700000000000000000e+01
8.000000000000000000e+00
1.000000000000000000e+01
7.000000000000000000e+00
1.600000000000000000e+01
6.000000000000000000e+00
4.000000000000000000e+00
1.000000000000000000e+01
5.000000000000000000e+00
6.000000000000000000e+00
4.000000000000000000e+00
1.100000000000000000e+01
4.000000000000000000e+00
5.000000000000000000e+00
3.000000000000000000e+00
3.000000000000000000e+00
5.000000000000000000e+00
3.000000000000000000e+00
3.000000000000000000e+00
5.000000000000000000e+00
5.000000000000000000e+00
4.000000000000000000e+00
6.000000000000000000e+00
8.000000000000000000e+00
1.270000000000000000e+02
