1.736000000000000000e+03
6.820000000000000000e+02
7.100000000000000000e+02
7.940000000000000000e+02
9.130000000000000000e+02
1.489000000000000000e+03
1.168000000000000000e+03
6.430000000000000000e+02
1.389000000000000000e+03
7.870000000000000000e+02
8.390000000000000000e+02
1.417000000000000000e+03
5.680000000000000000e+02
1.000000000000000000e+03
4.000000000000000000e+02
5.390000000000000000e+02
5.410000000000000000e+02
3.110000000000000000e+02
2.080000000000000000e+02
4.430000000000000000e+02
5.560000000000000000e+02
4.920000000000000000e+02
3.180000000000000000e+02
2.980000000000000000e+02
4.450000000000000000e+02
2.580000000000000000e+02
5.410000000000000000e+02
1.220000000000000000e+02
2.780000000000000000e+02
3.200000000000000000e+02
1.311000000000000000e+03
2.540000000000000000e+02
3.780000000000000000e+02
7.580000000000000000e+02
8.840000000000000000e+02
1.889000000000000000e+03
1.542000000000000000e+03
1.826000000000000000e+03
2.050000000000000000e+03
2.139000000000000000e+03
2.363000000000000000e+03
1.996000000000000000e+03
2.611000000000000000e+03
2.778000000000000000e+03
2.210000000000000000e+03
2.126000000000000000e+03
2.583000000000000000e+03
2.305000000000000000e+03
2.844000000000000000e+03
2.991000000000000000e+03
3.435000000000000000e+03
3.019000000000000000e+03
2.614000000000000000e+03
2.728000000000000000e+03
1.794000000000000000e+03
3.010000000000000000e+03
2.585000000000000000e+03
2.430000000000000000e+03
2.877000000000000000e+03
2.631000000000000000e+03
1.869000000000000000e+03
2.052000000000000000e+03
1.844000000000000000e+03
1.648000000000000000e+03
1.242000000000000000e+03
1.251000000000000000e+03
1.661000000000000000e+03
1.289000000000000000e+03
9.940000000000000000e+02
1.736000000000000000e+03
9.520000000000000000e+02
7.830000000000000000e+02
1.342000000000000000e+03
8.080000000000000000e+02
1.653000000000000000e+03
1.088000000000000000e+03
6.500000000000000000e+02
6.690000000000000000e+02
2.220000000000000000e+02
2.300000000000000000e+02
9.100000000000000000e+02
1.490000000000000000e+02
1.580000000000000000e+02
3.790000000000000000e+02
3.110000000000000000e+02
1.710000000000000000e+02
1.150000000000000000e+02
4.260000000000000000e+02
1.110000000000000000e+02
9.300000000000000000e+01
8.200000000000000000e+02
1.620000000000000000e+02
1.750000000000000000e+02
3.180000000000000000e+02
2.900000000000000000e+02
6.720000000000000000e+02
1.747000000000000000e+03
1.037000000000000000e+03
2.441000000000000000e+03
2.051000000000000000e+03
1.987000000000000000e+03
4.137000000000000000e+03
1.806000000000000000e+03
7.945000000000000000e+03
1.470000000000000000e+03
1.336000000000000000e+03
2.444000000000000000e+03
9.320000000000000000e+02
1.089000000000000000e+03
2.243000000000000000e+03
1.790000000000000000e+03
2.489000000000000000e+03
1.094000000000000000e+03
9.930000000000000000e+02
5.560000000000000000e+02
4.100000000000000000e+02
2.960000000000000000e+02
1.200000000000000000e+01
2.000000000000000000e+01
1.800000000000000000e+01
8.350000000000000000e+02
1.100000000000000000e+01
5.800000000000000000e+01
1.300000000000000000e+01
1.270000000000000000e+02
3.270000000000000000e+02
2.670000000000000000e+02
2.400000000000000000e+01
5.800000000000000000e+01
3.200000000000000000e+01
9.200000000000000000e+01
1.200000000000000000e+01
1.470000000000000000e+02
1.470000000000000000e+02
1.200000000000000000e+01
4.700000000000000000e+01
3.900000000000000000e+01
5.000000000000000000e+00
9.000000000000000000e+01
1.100000000000000000e+01
1.980000000000000000e+02
9.800000000000000000e+01
3.900000000000000000e+01
2.900000000000000000e+01
2.800000000000000000e+01
1.090000000000000000e+02
7.600000000000000000e+01
4.800000000000000000e+01
4.400000000000000000e+01
1.800000000000000000e+01
2.540000000000000000e+02
1.300000000000000000e+01
4.800000000000000000e+01
8.700000000000000000e+01
2.600000000000000000e+01
5.200000000000000000e+01
2.600000000000000000e+02
1.390000000000000000e+02
8.200000000000000000e+01
1.560000000000000000e+02
1.930000000000000000e+02
6.300000000000000000e+01
9.700000000000000000e+01
1.610000000000000000e+02
2.750000000000000000e+02
3.900000000000000000e+02
1.370000000000000000e+02
2.360000000000000000e+02
1.170000000000000000e+02
1.570000000000000000e+02
8.180000000000000000e+02
1.390000000000000000e+02
4.070000000000000000e+02
4.680000000000000000e+02
6.390000000000000000e+02
5.310000000000000000e+02
4.270000000000000000e+02
9.640000000000000000e+02
4.850000000000000000e+02
5.530000000000000000e+02
0.000000000000000000e+00
0.000000000000000000e+00
0.000000000000000000e+00
0.000000000000000000e+00
0.000000000000000000e+00
0.000000000000000000e+00
0.000000000000000000e+00
0.000000000000000000e+00
0.000000000000000000e+00
0.000000000000000000e+00
0.000000000000000000e+00
0.000000000000000000e+00
0.000000000000000000e+00
0.000000000000000000e+00
0.000000000000000000e+00
0.000000000000000000e+00
0.000000000000000000e+00
0.000000000000000000e+00
0.000000000000000000e+00
0.000000000000000000e+00
0.000000000000000000e+00
0.000000000000000000e+00
0.000000000000000000e+00
0.000000000000000000e+00
0.000000000000000000e+00
0.000000000000000000e+00
0.000000000000000000e+00
0.000000000000000000e+00
0.000000000000000000e+00
0.000000000000000000e+00
0.000000000000000000e+00
0.000000000000000000e+00
0.000000000000000000e+00
0.000000000000000000e+00
0.000000000000000000e+00
0.000000000000000000e+00
0.000000000000000000e+00
0.000000000000000000e+00
0.000000000000000000e+00
0.000000000000000000e+00
0.000000000000000000e+00
0.000000000000000000e+00
0.000000000000000000e+00
0.000000000000000000e+00
0.000000000000000000e+00
0.000000000000000000e+00
0.000000000000000000e+00
0.000000000000000000e+00
0.000000000000000000e+00
0.000000000000000000e+00
0.000000000000000000e+00
0.000000000000000000e+00
0.000000000000000000e+00
0.000000000000000000e+00
0.000000000000000000e+00
0.000000000000000000e+00
0.000000000000000000e+00
0.000000000000000000e+00
0.000000000000000000e+00
0.000000000000000000e+00
0.000000000000000000e+00
0.000000000000000000e+00
0.000000000000000000e+00
0.000000000000000000e+00
0.000000000000000000e+00
0.000000000000000000e+00
0.000000000000000000e+00
0.000000000000000000e+00
0.000000000000000000e+00
0.000000000000000000e+00
0.000000000000000000e+00
0.000000000000000000e+00
0.000000000000000000e+00
0.000000000000000000e+00
0.000000000000000000e+00
0.000000000000000000e+00
7.100000000000000000e+02
9.100000000000000000e+01
2.550000000000000000e+02
2.870000000000000000e+02
2.040000000000000000e+02
3.690000000000000000e+02
3.550000000000000000e+02
3.430000000000000000e+02
3.540000000000000000e+02
3.730000000000000000e+02
4.110000000000000000e+02
4.560000000000000000e+02
5.400000000000000000e+02
4.730000000000000000e+02
4.740000000000000000e+02
4.940000000000000000e+02
4.740000000000000000e+02
4.710000000000000000e+02
4.760000000000000000e+02
4.280000000000000000e+02
4.360000000000000000e+02
4.530000000000000000e+02
3.740000000000000000e+02
4.700000000000000000e+02
4.730000000000000000e+02
4.330000000000000000e+02
5.360000000000000000e+02
4.800000000000000000e+02
5.430000000000000000e+02
4.340000000000000000e+02
5.600000000000000000e+02
4.800000000000000000e+02
5.600000000000000000e+02
4.750000000000000000e+02
6.790000000000000000e+02
5.300000000000000000e+02
8.010000000000000000e+02
4.460000000000000000e+02
6.690000000000000000e+02
6.900000000000000000e+02
7.120000000000000000e+02
6.250000000000000000e+02
5.710000000000000000e+02
8.900000000000000000e+02
7.700000000000000000e+02
7.540000000000000000e+02
8.170000000000000000e+02
7.520000000000000000e+02
8.440000000000000000e+02
8.270000000000000000e+02
7.040000000000000000e+02
1.108000000000000000e+03
7.190000000000000000e+02
8.650000000000000000e+02
8.570000000000000000e+02
9.480000000000000000e+02
7.830000000000000000e+02
8.860000000000000000e+02
1.251000000000000000e+03
7.560000000000000000e+02
1.343000000000000000e+03
8.370000000000000000e+02
1.538000000000000000e+03
5.620000000000000000e+02
2.043000000000000000e+03
7.760000000000000000e+02
1.675000000000000000e+03
9.810000000000000000e+02
1.362000000000000000e+03
1.031000000000000000e+03
1.658000000000000000e+03
1.154000000000000000e+03
1.274000000000000000e+03
1.110000000000000000e+03
1.313000000000000000e+03
1.141000000000000000e+03
1.093000000000000000e+03
1.333000000000000000e+03
1.457000000000000000e+03
9.890000000000000000e+02
1.314000000000000000e+03
1.301000000000000000e+03
1.200000000000000000e+03
1.482000000000000000e+03
9.520000000000000000e+02
1.908000000000000000e+03
9.180000000000000000e+02
1.487000000000000000e+03
1.548000000000000000e+03
1.293000000000000000e+03
1.522000000000000000e+03
1.368000000000000000e+03
1.364000000000000000e+03
1.255000000000000000e+03
1.426000000000000000e+03
1.046000000000000000e+03
1.465000000000000000e+03
1.128000000000000000e+03
1.324000000000000000e+03
1.260000000000000000e+03
1.259000000000000000e+03
1.158000000000000000e+03
1.229000000000000000e+03
1.201000000000000000e+03
1.266000000000000000e+03
1.191000000000000000e+03
1.279000000000000000e+03
1.172000000000000000e+03
1.120000000000000000e+03
1.237000000000000000e+03
1.053000000000000000e+03
1.175000000000000000e+03
1.151000000000000000e+03
1.195000000000000000e+03
1.159000000000000000e+03
1.066000000000000000e+03
1.086000000000000000e+03
1.064000000000000000e+03
1.122000000000000000e+03
1.092000000000000000e+03
1.097000000000000000e+03
1.135000000000000000e+03
1.065000000000000000e+03
1.200000000000000000e+03
1.006000000000000000e+03
1.201000000000000000e+03
1.037000000000000000e+03
1.083000000000000000e+03
1.315000000000000000e+03
1.078000000000000000e+03
1.131000000000000000e+03
1.118000000000000000e+03
1.077000000000000000e+03
1.121000000000000000e+03
1.100000000000000000e+03
1.089000000000000000e+03
1.071000000000000000e+03
1.105000000000000000e+03
1.164000000000000000e+03
9.900000000000000000e+02
1.016000000000000000e+03
9.900000000000000000e+02
9.340000000000000000e+02
9.870000000000000000e+02
7.970000000000000000e+02
8.780000000000000000e+02
9.490000000000000000e+02
7.310000000000000000e+02
7.490000000000000000e+02
7.970000000000000000e+02
7.300000000000000000e+02
6.480000000000000000e+02
5.410000000000000000e+02
6.810000000000000000e+02
5.600000000000000000e+02
7.550000000000000000e+02
5.330000000000000000e+02
4.890000000000000000e+02
5.380000000000000000e+02
5.880000000000000000e+02
4.290000000000000000e+02
4.840000000000000000e+02
4.440000000000000000e+02
4.490000000000000000e+02
3.780000000000000000e+02
5.670000000000000000e+02
3.580000000000000000e+02
3.780000000000000000e+02
3.440000000000000000e+02
2.850000000000000000e+02
5.200000000000000000e+02
2.620000000000000000e+02
3.250000000000000000e+02
3.050000000000000000e+02
2.900000000000000000e+02
2.990000000000000000e+02
2.530000000000000000e+02
2.670000000000000000e+02
2.080000000000000000e+02
2.410000000000000000e+02
1.830000000000000000e+02
1.910000000000000000e+02
2.100000000000000000e+02
1.530000000000000000e+02
1.620000000000000000e+02
1.920000000000000000e+02
1.440000000000000000e+02
1.510000000000000000e+02
1.560000000000000000e+02
1.370000000000000000e+02
1.250000000000000000e+02
1.670000000000000000e+02
1.040000000000000000e+02
1.170000000000000000e+02
1.160000000000000000e+02
1.390000000000000000e+02
1.240000000000000000e+02
1.320000000000000000e+02
1.380000000000000000e+02
1.290000000000000000e+02
1.560000000000000000e+02
1.520000000000000000e+02
1.220000000000000000e+02
1.200000000000000000e+02
1.380000000000000000e+02
1.350000000000000000e+02
1.410000000000000000e+02
1.360000000000000000e+02
1.510000000000000000e+02
1.430000000000000000e+02
1.560000000000000000e+02
1.790000000000000000e+02
1.740000000000000000e+02
1.880000000000000000e+02
1.880000000000000000e+02
1.810000000000000000e+02
1.930000000000000000e+02
1.970000000000000000e+02
2.230000000000000000e+02
2.520000000000000000e+02
2.540000000000000000e+02
2.570000000000000000e+02
2.760000000000000000e+02
2.360000000000000000e+02
2.810000000000000000e+02
2.670000000000000000e+02
2.630000000000000000e+02
2.320000000000000000e+02
2.510000000000000000e+02
2.510000000000000000e+02
2.940000000000000000e+02
2.200000000000000000e+02
2.260000000000000000e+02
2.810000000000000000e+02
2.100000000000000000e+02
1.690000000000000000e+02
2.110000000000000000e+02
1.680000000000000000e+02
1.450000000000000000e+02
1.290000000000000000e+02
1.070000000000000000e+02
1.290000000000000000e+02
9.000000000000000000e+01
8.300000000000000000e+01
8.400000000000000000e+01
6.700000000000000000e+01
5.100000000000000000e+01
4.900000000000000000e+01
4.500000000000000000e+01
4.500000000000000000e+01
4.400000000000000000e+01
2.800000000000000000e+01
1.300000000000000000e+01
3.000000000000000000e+01
2.000000000000000000e+00
7.190000000000000000e+02
0.000000000000000000e+00
0.000000000000000000e+00
1.000000000000000000e+00
2.000000000000000000e+00
8.000000000000000000e+00
7.000000000000000000e+00
8.000000000000000000e+00
1.800000000000000000e+01
4.200000000000000000e+01
1.130000000000000000e+02
1.580000000000000000e+02
2.500000000000000000e+02
3.680000000000000000e+02
3.990000000000000000e+02
4.880000000000000000e+02
5.430000000000000000e+02
5.490000000000000000e+02
5.300000000000000000e+02
5.260000000000000000e+02
5.090000000000000000e+02
5.310000000000000000e+02
5.260000000000000000e+02
5.770000000000000000e+02
7.090000000000000000e+02
7.510000000000000000e+02
8.920000000000000000e+02
1.165000000000000000e+03
1.451000000000000000e+03
1.566000000000000000e+03
1.701000000000000000e+03
1.686000000000000000e+03
1.596000000000000000e+03
1.488000000000000000e+03
1.366000000000000000e+03
1.235000000000000000e+03
1.171000000000000000e+03
1.162000000000000000e+03
1.108000000000000000e+03
1.117000000000000000e+03
9.860000000000000000e+02
9.970000000000000000e+02
9.410000000000000000e+02
9.890000000000000000e+02
9.720000000000000000e+02
9.850000000000000000e+02
8.860000000000000000e+02
1.015000000000000000e+03
9.550000000000000000e+02
1.010000000000000000e+03
1.020000000000000000e+03
1.116000000000000000e+03
1.142000000000000000e+03
1.165000000000000000e+03
1.136000000000000000e+03
1.144000000000000000e+03
1.108000000000000000e+03
1.059000000000000000e+03
9.560000000000000000e+02
8.600000000000000000e+02
8.500000000000000000e+02
8.810000000000000000e+02
8.190000000000000000e+02
8.310000000000000000e+02
6.940000000000000000e+02
7.940000000000000000e+02
7.630000000000000000e+02
7.560000000000000000e+02
8.020000000000000000e+02
8.210000000000000000e+02
8.230000000000000000e+02
7.780000000000000000e+02
8.520000000000000000e+02
8.250000000000000000e+02
8.440000000000000000e+02
8.770000000000000000e+02
8.520000000000000000e+02
9.510000000000000000e+02
8.650000000000000000e+02
8.180000000000000000e+02
7.930000000000000000e+02
8.160000000000000000e+02
7.640000000000000000e+02
8.240000000000000000e+02
7.920000000000000000e+02
8.180000000000000000e+02
8.590000000000000000e+02
8.270000000000000000e+02
8.240000000000000000e+02
8.420000000000000000e+02
9.030000000000000000e+02
9.570000000000000000e+02
9.910000000000000000e+02
9.590000000000000000e+02
9.450000000000000000e+02
1.013000000000000000e+03
1.007000000000000000e+03
1.018000000000000000e+03
1.008000000000000000e+03
1.114000000000000000e+03
1.097000000000000000e+03
1.184000000000000000e+03
1.194000000000000000e+03
1.336000000000000000e+03
1.324000000000000000e+03
1.395000000000000000e+03
1.422000000000000000e+03
1.394000000000000000e+03
1.432000000000000000e+03
1.402000000000000000e+03
1.375000000000000000e+03
1.327000000000000000e+03
1.235000000000000000e+03
1.250000000000000000e+03
1.239000000000000000e+03
1.174000000000000000e+03
1.197000000000000000e+03
1.169000000000000000e+03
1.122000000000000000e+03
1.091000000000000000e+03
1.084000000000000000e+03
1.073000000000000000e+03
9.950000000000000000e+02
1.026000000000000000e+03
1.023000000000000000e+03
9.910000000000000000e+02
9.530000000000000000e+02
9.990000000000000000e+02
1.004000000000000000e+03
9.560000000000000000e+02
9.220000000000000000e+02
9.170000000000000000e+02
9.190000000000000000e+02
9.460000000000000000e+02
8.860000000000000000e+02
8.790000000000000000e+02
8.550000000000000000e+02
8.140000000000000000e+02
8.660000000000000000e+02
8.320000000000000000e+02
8.350000000000000000e+02
7.990000000000000000e+02
8.570000000000000000e+02
7.970000000000000000e+02
8.150000000000000000e+02
7.880000000000000000e+02
8.110000000000000000e+02
8.030000000000000000e+02
7.880000000000000000e+02
7.130000000000000000e+02
7.450000000000000000e+02
7.500000000000000000e+02
6.670000000000000000e+02
7.260000000000000000e+02
7.430000000000000000e+02
6.360000000000000000e+02
6.140000000000000000e+02
6.140000000000000000e+02
5.700000000000000000e+02
5.920000000000000000e+02
5.710000000000000000e+02
5.690000000000000000e+02
5.430000000000000000e+02
4.750000000000000000e+02
4.880000000000000000e+02
4.750000000000000000e+02
4.770000000000000000e+02
4.600000000000000000e+02
4.160000000000000000e+02
4.460000000000000000e+02
3.890000000000000000e+02
4.230000000000000000e+02
4.200000000000000000e+02
3.660000000000000000e+02
3.630000000000000000e+02
3.460000000000000000e+02
3.170000000000000000e+02
2.870000000000000000e+02
3.440000000000000000e+02
3.140000000000000000e+02
3.210000000000000000e+02
3.280000000000000000e+02
2.710000000000000000e+02
2.740000000000000000e+02
2.550000000000000000e+02
2.900000000000000000e+02
2.770000000000000000e+02
2.870000000000000000e+02
2.660000000000000000e+02
2.720000000000000000e+02
2.390000000000000000e+02
2.440000000000000000e+02
2.570000000000000000e+02
2.550000000000000000e+02
3.080000000000000000e+02
2.870000000000000000e+02
2.950000000000000000e+02
2.780000000000000000e+02
2.540000000000000000e+02
2.830000000000000000e+02
2.470000000000000000e+02
2.620000000000000000e+02
2.400000000000000000e+02
2.480000000000000000e+02
2.630000000000000000e+02
2.080000000000000000e+02
2.140000000000000000e+02
1.870000000000000000e+02
2.120000000000000000e+02
1.970000000000000000e+02
1.880000000000000000e+02
1.980000000000000000e+02
1.940000000000000000e+02
1.540000000000000000e+02
1.790000000000000000e+02
1.870000000000000000e+02
1.750000000000000000e+02
1.660000000000000000e+02
1.850000000000000000e+02
1.760000000000000000e+02
1.570000000000000000e+02
1.400000000000000000e+02
1.830000000000000000e+02
1.590000000000000000e+02
1.690000000000000000e+02
1.810000000000000000e+02
1.510000000000000000e+02
1.620000000000000000e+02
1.730000000000000000e+02
1.570000000000000000e+02
1.570000000000000000e+02
1.510000000000000000e+02
1.690000000000000000e+02
1.650000000000000000e+02
1.760000000000000000e+02
1.560000000000000000e+02
1.560000000000000000e+02
1.400000000000000000e+02
1.520000000000000000e+02
1.310000000000000000e+02
1.550000000000000000e+02
1.590000000000000000e+02
1.920000000000000000e+02
1.800000000000000000e+02
1.930000000000000000e+02
1.900000000000000000e+02
2.100000000000000000e+02
2.050000000000000000e+02
2.270000000000000000e+02
2.210000000000000000e+02
2.070000000000000000e+02
2.100000000000000000e+02
1.790000000000000000e+02
1.740000000000000000e+02
1.830000000000000000e+02
1.740000000000000000e+02
1.522000000000000000e+03
