8.464000000000000000e+03
5.000000000000000000e+00
1.200000000000000000e+02
2.040000000000000000e+02
1.300000000000000000e+01
6.150000000000000000e+02
9.580000000000000000e+02
4.700000000000000000e+01
9.050000000000000000e+02
2.900000000000000000e+02
2.640000000000000000e+02
1.240000000000000000e+03
4.490000000000000000e+02
1.686000000000000000e+03
8.300000000000000000e+02
6.870000000000000000e+02
1.151000000000000000e+03
6.630000000000000000e+02
5.630000000000000000e+02
8.760000000000000000e+02
3.152000000000000000e+03
7.150000000000000000e+02
3.260000000000000000e+02
3.600000000000000000e+02
1.326000000000000000e+03
1.991000000000000000e+03
8.980000000000000000e+02
6.040000000000000000e+02
4.630000000000000000e+02
3.460000000000000000e+02
4.166000000000000000e+03
7.300000000000000000e+01
2.240000000000000000e+02
1.300000000000000000e+02
1.048000000000000000e+03
2.876000000000000000e+03
1.151000000000000000e+03
2.810000000000000000e+02
5.380000000000000000e+02
4.820000000000000000e+02
9.910000000000000000e+02
1.980000000000000000e+02
6.470000000000000000e+02
1.968000000000000000e+03
3.300000000000000000e+02
4.240000000000000000e+02
1.732000000000000000e+03
6.830000000000000000e+02
1.681000000000000000e+03
1.871000000000000000e+03
2.536000000000000000e+03
2.214000000000000000e+03
1.347000000000000000e+03
4.950000000000000000e+02
6.610000000000000000e+02
7.610000000000000000e+02
1.438000000000000000e+03
1.024000000000000000e+03
2.960000000000000000e+02
5.500000000000000000e+01
5.920000000000000000e+02
1.700000000000000000e+01
5.180000000000000000e+02
1.013000000000000000e+03
5.000000000000000000e+00
1.760000000000000000e+02
7.190000000000000000e+02
4.590000000000000000e+02
7.300000000000000000e+01
3.860000000000000000e+02
1.050000000000000000e+03
5.200000000000000000e+01
1.400000000000000000e+01
1.530000000000000000e+03
1.157000000000000000e+03
3.500000000000000000e+03
2.070000000000000000e+02
1.300000000000000000e+01
0.000000000000000000e+00
3.960000000000000000e+02
5.549000000000000000e+03
5.000000000000000000e+00
2.000000000000000000e+00
5.260000000000000000e+02
4.130000000000000000e+02
1.008000000000000000e+03
0.000000000000000000e+00
1.835000000000000000e+03
2.300000000000000000e+01
0.000000000000000000e+00
2.396000000000000000e+03
0.000000000000000000e+00
4.240000000000000000e+02
1.190000000000000000e+02
0.000000000000000000e+00
1.587000000000000000e+03
1.040000000000000000e+03
0.000000000000000000e+00
2.219000000000000000e+03
9.200000000000000000e+01
3.000000000000000000e+00
1.396000000000000000e+03
3.370000000000000000e+02
2.214000000000000000e+03
2.048000000000000000e+03
9.050000000000000000e+02
2.419000000000000000e+03
2.720000000000000000e+02
1.022000000000000000e+03
1.432000000000000000e+03
5.566000000000000000e+03
3.405000000000000000e+03
3.025000000000000000e+03
1.426000000000000000e+03
2.815000000000000000e+03
5.105000000000000000e+03
1.654000000000000000e+03
1.380000000000000000e+02
1.870000000000000000e+02
8.000000000000000000e+01
8.746000000000000000e+03
0.000000000000000000e+00
1.095000000000000000e+03
5.300000000000000000e+01
3.012000000000000000e+03
5.963000000000000000e+03
1.727000000000000000e+03
1.260000000000000000e+02
1.660000000000000000e+03
1.018000000000000000e+03
2.062000000000000000e+03
1.300000000000000000e+01
1.148000000000000000e+03
2.280000000000000000e+03
1.600000000000000000e+01
2.610000000000000000e+02
1.200000000000000000e+02
0.000000000000000000e+00
6.420000000000000000e+02
6.000000000000000000e+00
1.625000000000000000e+03
6.000000000000000000e+02
6.960000000000000000e+02
1.000000000000000000e+01
5.000000000000000000e+01
5.220000000000000000e+02
9.940000000000000000e+02
1.170000000000000000e+02
3.000000000000000000e+00
1.000000000000000000e+00
9.440000000000000000e+02
0.000000000000000000e+00
9.000000000000000000e+00
2.590000000000000000e+02
0.000000000000000000e+00
3.600000000000000000e+01
8.250000000000000000e+02
1.900000000000000000e+01
8.900000000000000000e+01
6.700000000000000000e+01
6.690000000000000000e+02
2.900000000000000000e+01
2.500000000000000000e+01
3.320000000000000000e+02
2.180000000000000000e+02
1.748000000000000000e+03
6.000000000000000000e+01
2.600000000000000000e+01
2.000000000000000000e+00
2.880000000000000000e+02
1.692000000000000000e+03
1.900000000000000000e+01
1.000000000000000000e+00
6.040000000000000000e+02
2.640000000000000000e+02
1.940000000000000000e+02
2.000000000000000000e+00
8.590000000000000000e+02
5.400000000000000000e+01
4.000000000000000000e+00
0.000000000000000000e+00
0.000000000000000000e+00
0.000000000000000000e+00
0.000000000000000000e+00
0.000000000000000000e+00
0.000000000000000000e+00
0.000000000000000000e+00
0.000000000000000000e+00
0.000000000000000000e+00
0.000000000000000000e+00
0.000000000000000000e+00
0.000000000000000000e+00
0.000000000000000000e+00
0.000000000000000000e+00
0.000000000000000000e+00
0.000000000000000000e+00
0.000000000000000000e+00
0.000000000000000000e+00
0.000000000000000000e+00
0.000000000000000000e+00
0.000000000000000000e+00
0.000000000000000000e+00
0.000000000000000000e+00
0.000000000000000000e+00
0.000000000000000000e+00
0.000000000000000000e+00
0.000000000000000000e+00
0.000000000000000000e+00
0.000000000000000000e+00
0.000000000000000000e+00
0.000000000000000000e+00
0.000000000000000000e+00
0.000000000000000000e+00
0.000000000000000000e+00
0.000000000000000000e+00
0.000000000000000000e+00
0.000000000000000000e+00
0.000000000000000000e+00
0.000000000000000000e+00
0.000000000000000000e+00
0.000000000000000000e+00
0.000000000000000000e+00
0.000000000000000000e+00
0.000000000000000000e+00
0.000000000000000000e+00
0.000000000000000000e+00
0.000000000000000000e+00
0.000000000000000000e+00
0.000000000000000000e+00
0.000000000000000000e+00
0.000000000000000000e+00
0.000000000000000000e+00
0.000000000000000000e+00
0.000000000000000000e+00
0.000000000000000000e+00
0.000000000000000000e+00
0.000000000000000000e+00
0.000000000000000000e+00
0.000000000000000000e+00
0.000000000000000000e+00
0.000000000000000000e+00
0.000000000000000000e+00
0.000000000000000000e+00
0.000000000000000000e+00
0.000000000000000000e+00
0.000000000000000000e+00
0.000000000000000000e+00
0.000000000000000000e+00
0.000000000000000000e+00
0.000000000000000000e+00
0.000000000000000000e+00
0.000000000000000000e+00
0.000000000000000000e+00
0.000000000000000000e+00
0.000000000000000000e+00
0.000000000000000000e+00
7.046000000000000000e+03
1.010000000000000000e+02
3.640000000000000000e+02
4.890000000000000000e+02
5.180000000000000000e+02
7.510000000000000000e+02
1.146000000000000000e+03
1.350000000000000000e+03
2.075000000000000000e+03
2.408000000000000000e+03
2.303000000000000000e+03
2.663000000000000000e+03
2.438000000000000000e+03
2.408000000000000000e+03
2.206000000000000000e+03
2.570000000000000000e+03
2.734000000000000000e+03
3.093000000000000000e+03
3.037000000000000000e+03
2.683000000000000000e+03
2.991000000000000000e+03
2.755000000000000000e+03
2.704000000000000000e+03
2.664000000000000000e+03
2.390000000000000000e+03
2.169000000000000000e+03
2.813000000000000000e+03
2.553000000000000000e+03
2.463000000000000000e+03
2.192000000000000000e+03
2.180000000000000000e+03
2.973000000000000000e+03
2.406000000000000000e+03
2.732000000000000000e+03
2.019000000000000000e+03
2.094000000000000000e+03
2.877000000000000000e+03
1.741000000000000000e+03
2.711000000000000000e+03
2.033000000000000000e+03
2.284000000000000000e+03
1.905000000000000000e+03
1.977000000000000000e+03
2.139000000000000000e+03
1.928000000000000000e+03
2.076000000000000000e+03
1.951000000000000000e+03
1.760000000000000000e+03
1.827000000000000000e+03
2.031000000000000000e+03
1.881000000000000000e+03
1.906000000000000000e+03
1.832000000000000000e+03
1.750000000000000000e+03
1.367000000000000000e+03
1.612000000000000000e+03
1.528000000000000000e+03
1.652000000000000000e+03
1.583000000000000000e+03
1.457000000000000000e+03
1.494000000000000000e+03
1.863000000000000000e+03
1.424000000000000000e+03
1.238000000000000000e+03
1.964000000000000000e+03
1.623000000000000000e+03
1.333000000000000000e+03
1.250000000000000000e+03
1.402000000000000000e+03
1.100000000000000000e+03
1.175000000000000000e+03
1.098000000000000000e+03
9.490000000000000000e+02
7.860000000000000000e+02
6.210000000000000000e+02
5.310000000000000000e+02
4.860000000000000000e+02
6.420000000000000000e+02
4.510000000000000000e+02
3.650000000000000000e+02
3.690000000000000000e+02
3.860000000000000000e+02
3.490000000000000000e+02
3.240000000000000000e+02
1.520000000000000000e+02
7.130000000000000000e+02
1.110000000000000000e+02
2.600000000000000000e+02
2.700000000000000000e+02
2.450000000000000000e+02
3.490000000000000000e+02
1.490000000000000000e+02
2.250000000000000000e+02
1.360000000000000000e+02
2.300000000000000000e+02
1.260000000000000000e+02
3.380000000000000000e+02
1.520000000000000000e+02
1.760000000000000000e+02
1.620000000000000000e+02
1.760000000000000000e+02
1.550000000000000000e+02
2.720000000000000000e+02
1.290000000000000000e+02
1.640000000000000000e+02
1.200000000000000000e+02
1.400000000000000000e+02
1.490000000000000000e+02
1.300000000000000000e+02
2.920000000000000000e+02
1.050000000000000000e+02
1.510000000000000000e+02
1.650000000000000000e+02
1.270000000000000000e+02
1.110000000000000000e+02
1.350000000000000000e+02
1.200000000000000000e+02
1.200000000000000000e+02
1.500000000000000000e+02
1.130000000000000000e+02
9.000000000000000000e+01
1.190000000000000000e+02
9.400000000000000000e+01
1.230000000000000000e+02
8.000000000000000000e+01
1.620000000000000000e+02
9.600000000000000000e+01
1.390000000000000000e+02
3.390000000000000000e+02
7.000000000000000000e+01
1.650000000000000000e+02
8.200000000000000000e+01
1.160000000000000000e+02
1.170000000000000000e+02
1.200000000000000000e+02
1.020000000000000000e+02
1.430000000000000000e+02
1.000000000000000000e+02
1.160000000000000000e+02
1.270000000000000000e+02
9.600000000000000000e+01
8.800000000000000000e+01
1.160000000000000000e+02
1.410000000000000000e+02
1.210000000000000000e+02
1.160000000000000000e+02
1.280000000000000000e+02
1.190000000000000000e+02
1.270000000000000000e+02
1.120000000000000000e+02
1.190000000000000000e+02
8.600000000000000000e+01
1.380000000000000000e+02
2.300000000000000000e+02
1.080000000000000000e+02
1.340000000000000000e+02
1.400000000000000000e+02
1.550000000000000000e+02
1.400000000000000000e+02
1.720000000000000000e+02
1.620000000000000000e+02
1.920000000000000000e+02
2.100000000000000000e+02
1.860000000000000000e+02
2.340000000000000000e+02
2.240000000000000000e+02
2.190000000000000000e+02
2.020000000000000000e+02
2.040000000000000000e+02
1.750000000000000000e+02
3.320000000000000000e+02
1.860000000000000000e+02
1.970000000000000000e+02
1.970000000000000000e+02
1.530000000000000000e+02
1.190000000000000000e+02
1.510000000000000000e+02
1.490000000000000000e+02
1.100000000000000000e+02
1.520000000000000000e+02
1.320000000000000000e+02
1.170000000000000000e+02
1.710000000000000000e+02
1.060000000000000000e+02
1.190000000000000000e+02
1.380000000000000000e+02
1.000000000000000000e+02
9.600000000000000000e+01
1.170000000000000000e+02
8.500000000000000000e+01
9.600000000000000000e+01
2.210000000000000000e+02
6.500000000000000000e+01
7.500000000000000000e+01
6.000000000000000000e+01
6.800000000000000000e+01
6.300000000000000000e+01
2.800000000000000000e+01
5.000000000000000000e+01
4.100000000000000000e+01
3.100000000000000000e+01
3.400000000000000000e+01
2.900000000000000000e+01
3.000000000000000000e+01
3.000000000000000000e+01
3.200000000000000000e+01
2.300000000000000000e+01
3.000000000000000000e+01
3.000000000000000000e+01
3.800000000000000000e+01
3.800000000000000000e+01
2.000000000000000000e+01
2.900000000000000000e+01
3.900000000000000000e+01
2.400000000000000000e+01
2.200000000000000000e+01
3.900000000000000000e+01
2.200000000000000000e+01
2.400000000000000000e+01
4.000000000000000000e+01
2.800000000000000000e+01
2.800000000000000000e+01
3.600000000000000000e+01
2.100000000000000000e+01
2.200000000000000000e+01
3.400000000000000000e+01
3.200000000000000000e+01
1.900000000000000000e+01
1.600000000000000000e+01
1.700000000000000000e+01
2.400000000000000000e+01
2.100000000000000000e+01
1.500000000000000000e+01
1.600000000000000000e+01
1.500000000000000000e+01
1.900000000000000000e+01
2.100000000000000000e+01
2.300000000000000000e+01
1.600000000000000000e+01
1.800000000000000000e+01
1.800000000000000000e+01
1.200000000000000000e+01
2.700000000000000000e+01
1.800000000000000000e+01
1.900000000000000000e+01
1.400000000000000000e+01
2.300000000000000000e+01
1.200000000000000000e+01
1.700000000000000000e+01
1.500000000000000000e+01
1.900000000000000000e+01
1.400000000000000000e+01
1.600000000000000000e+01
1.200000000000000000e+01
1.100000000000000000e+01
5.900000000000000000e+02
2.800000000000000000e+01
3.620000000000000000e+02
2.620000000000000000e+02
1.810000000000000000e+02
2.250000000000000000e+02
1.740000000000000000e+02
1.690000000000000000e+02
1.410000000000000000e+02
1.630000000000000000e+02
1.350000000000000000e+02
1.520000000000000000e+02
1.280000000000000000e+02
1.630000000000000000e+02
1.400000000000000000e+02
1.930000000000000000e+02
1.810000000000000000e+02
2.090000000000000000e+02
2.580000000000000000e+02
4.060000000000000000e+02
5.400000000000000000e+02
4.280000000000000000e+02
5.310000000000000000e+02
5.050000000000000000e+02
5.290000000000000000e+02
5.560000000000000000e+02
6.150000000000000000e+02
6.470000000000000000e+02
7.130000000000000000e+02
9.730000000000000000e+02
1.129000000000000000e+03
1.081000000000000000e+03
9.880000000000000000e+02
1.002000000000000000e+03
1.073000000000000000e+03
1.001000000000000000e+03
1.016000000000000000e+03
9.390000000000000000e+02
1.006000000000000000e+03
1.200000000000000000e+03
1.469000000000000000e+03
1.585000000000000000e+03
1.736000000000000000e+03
1.662000000000000000e+03
1.957000000000000000e+03
2.213000000000000000e+03
2.259000000000000000e+03
2.558000000000000000e+03
3.033000000000000000e+03
3.015000000000000000e+03
2.823000000000000000e+03
2.721000000000000000e+03
2.742000000000000000e+03
2.734000000000000000e+03
2.579000000000000000e+03
2.445000000000000000e+03
2.573000000000000000e+03
2.621000000000000000e+03
2.622000000000000000e+03
2.726000000000000000e+03
2.685000000000000000e+03
2.783000000000000000e+03
2.822000000000000000e+03
2.543000000000000000e+03
2.546000000000000000e+03
2.371000000000000000e+03
1.927000000000000000e+03
1.815000000000000000e+03
1.846000000000000000e+03
1.826000000000000000e+03
1.932000000000000000e+03
1.746000000000000000e+03
1.788000000000000000e+03
1.801000000000000000e+03
1.777000000000000000e+03
1.751000000000000000e+03
1.634000000000000000e+03
1.551000000000000000e+03
1.561000000000000000e+03
1.542000000000000000e+03
1.459000000000000000e+03
1.439000000000000000e+03
1.334000000000000000e+03
1.321000000000000000e+03
1.215000000000000000e+03
1.203000000000000000e+03
1.234000000000000000e+03
1.171000000000000000e+03
1.195000000000000000e+03
1.111000000000000000e+03
1.013000000000000000e+03
9.510000000000000000e+02
9.640000000000000000e+02
9.610000000000000000e+02
9.510000000000000000e+02
9.470000000000000000e+02
9.010000000000000000e+02
8.750000000000000000e+02
8.370000000000000000e+02
8.780000000000000000e+02
7.820000000000000000e+02
7.770000000000000000e+02
8.140000000000000000e+02
7.230000000000000000e+02
7.790000000000000000e+02
7.800000000000000000e+02
7.750000000000000000e+02
7.980000000000000000e+02
6.990000000000000000e+02
8.110000000000000000e+02
7.550000000000000000e+02
8.130000000000000000e+02
7.100000000000000000e+02
7.160000000000000000e+02
6.570000000000000000e+02
6.360000000000000000e+02
5.830000000000000000e+02
5.730000000000000000e+02
5.370000000000000000e+02
4.650000000000000000e+02
5.470000000000000000e+02
5.050000000000000000e+02
5.080000000000000000e+02
4.780000000000000000e+02
4.860000000000000000e+02
4.020000000000000000e+02
4.680000000000000000e+02
4.170000000000000000e+02
4.010000000000000000e+02
3.720000000000000000e+02
3.630000000000000000e+02
3.240000000000000000e+02
3.550000000000000000e+02
3.230000000000000000e+02
3.140000000000000000e+02
3.430000000000000000e+02
3.460000000000000000e+02
2.950000000000000000e+02
2.960000000000000000e+02
2.590000000000000000e+02
2.960000000000000000e+02
2.890000000000000000e+02
2.870000000000000000e+02
2.810000000000000000e+02
2.770000000000000000e+02
2.690000000000000000e+02
2.930000000000000000e+02
2.840000000000000000e+02
2.930000000000000000e+02
3.090000000000000000e+02
2.470000000000000000e+02
2.870000000000000000e+02
2.520000000000000000e+02
2.630000000000000000e+02
2.640000000000000000e+02
2.590000000000000000e+02
2.370000000000000000e+02
2.140000000000000000e+02
2.670000000000000000e+02
2.220000000000000000e+02
2.280000000000000000e+02
2.290000000000000000e+02
2.120000000000000000e+02
2.020000000000000000e+02
2.130000000000000000e+02
2.180000000000000000e+02
2.200000000000000000e+02
1.970000000000000000e+02
2.220000000000000000e+02
2.150000000000000000e+02
2.240000000000000000e+02
2.140000000000000000e+02
2.110000000000000000e+02
1.960000000000000000e+02
1.920000000000000000e+02
1.740000000000000000e+02
1.830000000000000000e+02
1.820000000000000000e+02
1.950000000000000000e+02
1.740000000000000000e+02
1.590000000000000000e+02
1.880000000000000000e+02
1.510000000000000000e+02
1.570000000000000000e+02
1.810000000000000000e+02
1.610000000000000000e+02
1.620000000000000000e+02
1.550000000000000000e+02
1.740000000000000000e+02
1.200000000000000000e+02
1.570000000000000000e+02
1.320000000000000000e+02
1.710000000000000000e+02
1.430000000000000000e+02
1.660000000000000000e+02
1.480000000000000000e+02
1.550000000000000000e+02
1.270000000000000000e+02
1.460000000000000000e+02
1.310000000000000000e+02
1.510000000000000000e+02
1.340000000000000000e+02
1.340000000000000000e+02
1.290000000000000000e+02
1.200000000000000000e+02
1.010000000000000000e+02
1.290000000000000000e+02
1.180000000000000000e+02
1.150000000000000000e+02
1.000000000000000000e+02
1.020000000000000000e+02
1.100000000000000000e+02
1.180000000000000000e+02
1.160000000000000000e+02
9.600000000000000000e+01
9.800000000000000000e+01
1.110000000000000000e+02
1.240000000000000000e+02
1.020000000000000000e+02
1.070000000000000000e+02
8.300000000000000000e+01
8.100000000000000000e+01
8.500000000000000000e+01
8.500000000000000000e+01
1.050000000000000000e+02
9.300000000000000000e+01
8.500000000000000000e+01
8.200000000000000000e+01
7.900000000000000000e+01
9.600000000000000000e+01
7.500000000000000000e+01
8.800000000000000000e+01
6.300000000000000000e+01
8.300000000000000000e+01
9.500000000000000000e+01
7.500000000000000000e+01
6.300000000000000000e+01
7.700000000000000000e+01
7.800000000000000000e+01
7.000000000000000000e+01
6.900000000000000000e+01
7.000000000000000000e+01
7.400000000000000000e+01
6.800000000000000000e+01
8.100000000000000000e+01
8.200000000000000000e+01
7.900000000000000000e+01
7.000000000000000000e+01
6.300000000000000000e+01
8.300000000000000000e+01
7.700000000000000000e+01
7.800000000000000000e+01
9.700000000000000000e+01
8.900000000000000000e+01
9.900000000000000000e+01
1.190000000000000000e+02
7.640000000000000000e+02
