2.401000000000000000e+03
1.200000000000000000e+01
7.800000000000000000e+01
2.640000000000000000e+02
2.600000000000000000e+01
1.658000000000000000e+03
5.128000000000000000e+03
1.260000000000000000e+02
5.402000000000000000e+03
1.624000000000000000e+03
2.032000000000000000e+03
1.324500000000000000e+04
5.518000000000000000e+03
2.187300000000000000e+04
1.110700000000000000e+04
7.574000000000000000e+03
9.238000000000000000e+03
2.420000000000000000e+03
1.794000000000000000e+03
6.862000000000000000e+03
3.343000000000000000e+03
5.678000000000000000e+03
1.195000000000000000e+03
1.228000000000000000e+03
5.417000000000000000e+03
2.058000000000000000e+03
9.370000000000000000e+02
2.240000000000000000e+02
2.690000000000000000e+02
3.690000000000000000e+02
3.893000000000000000e+03
3.950000000000000000e+02
1.478000000000000000e+03
7.800000000000000000e+02
3.294000000000000000e+03
8.472000000000000000e+03
1.202000000000000000e+04
2.094000000000000000e+03
1.699200000000000000e+04
8.097000000000000000e+03
4.754000000000000000e+03
5.246000000000000000e+03
3.563000000000000000e+03
1.528000000000000000e+03
4.230000000000000000e+02
3.140000000000000000e+02
4.500000000000000000e+01
1.600000000000000000e+01
1.400000000000000000e+01
0.000000000000000000e+00
2.490000000000000000e+02
3.000000000000000000e+00
0.000000000000000000e+00
0.000000000000000000e+00
0.000000000000000000e+00
1.600000000000000000e+01
2.000000000000000000e+00
0.000000000000000000e+00
0.000000000000000000e+00
0.000000000000000000e+00
7.000000000000000000e+00
0.000000000000000000e+00
0.000000000000000000e+00
0.000000000000000000e+00
0.000000000000000000e+00
1.000000000000000000e+00
1.300000000000000000e+01
0.000000000000000000e+00
0.000000000000000000e+00
0.000000000000000000e+00
3.000000000000000000e+00
0.000000000000000000e+00
0.000000000000000000e+00
0.000000000000000000e+00
1.000000000000000000e+00
2.270000000000000000e+02
0.000000000000000000e+00
0.000000000000000000e+00
0.000000000000000000e+00
0.000000000000000000e+00
5.000000000000000000e+00
0.000000000000000000e+00
0.000000000000000000e+00
2.100000000000000000e+01
0.000000000000000000e+00
0.000000000000000000e+00
0.000000000000000000e+00
1.000000000000000000e+00
0.000000000000000000e+00
0.000000000000000000e+00
6.000000000000000000e+00
0.000000000000000000e+00
0.000000000000000000e+00
0.000000000000000000e+00
0.000000000000000000e+00
1.000000000000000000e+00
3.500000000000000000e+01
0.000000000000000000e+00
4.000000000000000000e+00
0.000000000000000000e+00
0.000000000000000000e+00
1.000000000000000000e+01
0.000000000000000000e+00
2.500000000000000000e+01
1.000000000000000000e+00
0.000000000000000000e+00
7.000000000000000000e+00
0.000000000000000000e+00
2.000000000000000000e+00
3.600000000000000000e+01
2.170000000000000000e+02
5.700000000000000000e+01
1.200000000000000000e+01
5.000000000000000000e+01
1.400000000000000000e+02
1.840000000000000000e+02
2.700000000000000000e+01
0.000000000000000000e+00
0.000000000000000000e+00
0.000000000000000000e+00
8.910000000000000000e+02
0.000000000000000000e+00
2.000000000000000000e+00
0.000000000000000000e+00
6.300000000000000000e+01
2.480000000000000000e+02
4.920000000000000000e+02
0.000000000000000000e+00
6.000000000000000000e+00
1.000000000000000000e+00
2.100000000000000000e+01
0.000000000000000000e+00
2.910000000000000000e+02
8.100000000000000000e+01
0.000000000000000000e+00
0.000000000000000000e+00
0.000000000000000000e+00
0.000000000000000000e+00
6.000000000000000000e+00
0.000000000000000000e+00
8.590000000000000000e+02
1.200000000000000000e+01
1.000000000000000000e+00
0.000000000000000000e+00
0.000000000000000000e+00
6.900000000000000000e+01
3.000000000000000000e+00
1.000000000000000000e+00
0.000000000000000000e+00
0.000000000000000000e+00
1.500000000000000000e+01
0.000000000000000000e+00
0.000000000000000000e+00
2.000000000000000000e+00
0.000000000000000000e+00
2.000000000000000000e+00
3.880000000000000000e+02
1.000000000000000000e+00
2.000000000000000000e+00
3.000000000000000000e+00
6.200000000000000000e+01
0.000000000000000000e+00
0.000000000000000000e+00
1.500000000000000000e+01
1.400000000000000000e+01
1.884000000000000000e+03
2.000000000000000000e+00
0.000000000000000000e+00
0.000000000000000000e+00
3.900000000000000000e+01
3.190000000000000000e+02
0.000000000000000000e+00
0.000000000000000000e+00
1.426000000000000000e+03
1.100000000000000000e+01
2.200000000000000000e+01
0.000000000000000000e+00
3.550000000000000000e+02
9.000000000000000000e+00
1.000000000000000000e+00
0.000000000000000000e+00
0.000000000000000000e+00
0.000000000000000000e+00
0.000000000000000000e+00
0.000000000000000000e+00
0.000000000000000000e+00
0.000000000000000000e+00
0.000000000000000000e+00
0.000000000000000000e+00
0.000000000000000000e+00
0.000000000000000000e+00
0.000000000000000000e+00
0.000000000000000000e+00
0.000000000000000000e+00
0.000000000000000000e+00
0.000000000000000000e+00
0.000000000000000000e+00
0.000000000000000000e+00
0.000000000000000000e+00
0.000000000000000000e+00
0.000000000000000000e+00
0.000000000000000000e+00
0.000000000000000000e+00
0.000000000000000000e+00
0.000000000000000000e+00
0.000000000000000000e+00
0.000000000000000000e+00
0.000000000000000000e+00
0.000000000000000000e+00
0.000000000000000000e+00
0.000000000000000000e+00
0.000000000000000000e+00
0.000000000000000000e+00
0.000000000000000000e+00
0.000000000000000000e+00
0.000000000000000000e+00
0.000000000000000000e+00
0.000000000000000000e+00
0.000000000000000000e+00
0.000000000000000000e+00
0.000000000000000000e+00
0.000000000000000000e+00
0.000000000000000000e+00
0.000000000000000000e+00
0.000000000000000000e+00
0.000000000000000000e+00
0.000000000000000000e+00
0.000000000000000000e+00
0.000000000000000000e+00
0.000000000000000000e+00
0.000000000000000000e+00
0.000000000000000000e+00
0.000000000000000000e+00
0.000000000000000000e+00
0.000000000000000000e+00
0.000000000000000000e+00
0.000000000000000000e+00
0.000000000000000000e+00
0.000000000000000000e+00
0.000000000000000000e+00
0.000000000000000000e+00
0.000000000000000000e+00
0.000000000000000000e+00
0.000000000000000000e+00
0.000000000000000000e+00
0.000000000000000000e+00
0.000000000000000000e+00
0.000000000000000000e+00
0.000000000000000000e+00
0.000000000000000000e+00
0.000000000000000000e+00
0.000000000000000000e+00
0.000000000000000000e+00
0.000000000000000000e+00
0.000000000000000000e+00
0.000000000000000000e+00
1.437000000000000000e+03
0.000000000000000000e+00
2.200000000000000000e+01
3.930000000000000000e+02
1.041000000000000000e+03
1.471000000000000000e+03
1.577000000000000000e+03
1.817000000000000000e+03
2.066000000000000000e+03
2.016000000000000000e+03
2.119000000000000000e+03
2.277000000000000000e+03
2.541000000000000000e+03
2.791000000000000000e+03
2.949000000000000000e+03
3.190000000000000000e+03
3.371000000000000000e+03
3.615000000000000000e+03
3.862000000000000000e+03
3.771000000000000000e+03
3.732000000000000000e+03
3.820000000000000000e+03
3.606000000000000000e+03
3.569000000000000000e+03
3.291000000000000000e+03
3.213000000000000000e+03
3.380000000000000000e+03
3.031000000000000000e+03
3.058000000000000000e+03
2.827000000000000000e+03
3.085000000000000000e+03
2.747000000000000000e+03
2.676000000000000000e+03
2.654000000000000000e+03
2.510000000000000000e+03
2.480000000000000000e+03
2.553000000000000000e+03
1.930000000000000000e+03
2.229000000000000000e+03
1.962000000000000000e+03
1.984000000000000000e+03
1.860000000000000000e+03
1.800000000000000000e+03
1.670000000000000000e+03
1.644000000000000000e+03
1.519000000000000000e+03
1.448000000000000000e+03
1.378000000000000000e+03
1.394000000000000000e+03
1.245000000000000000e+03
1.137000000000000000e+03
1.074000000000000000e+03
1.050000000000000000e+03
9.870000000000000000e+02
8.980000000000000000e+02
8.520000000000000000e+02
8.680000000000000000e+02
7.690000000000000000e+02
7.590000000000000000e+02
7.280000000000000000e+02
6.620000000000000000e+02
6.290000000000000000e+02
5.770000000000000000e+02
5.430000000000000000e+02
5.270000000000000000e+02
5.380000000000000000e+02
4.350000000000000000e+02
4.430000000000000000e+02
4.140000000000000000e+02
3.540000000000000000e+02
4.680000000000000000e+02
3.850000000000000000e+02
3.530000000000000000e+02
4.060000000000000000e+02
4.060000000000000000e+02
3.830000000000000000e+02
3.470000000000000000e+02
4.230000000000000000e+02
4.080000000000000000e+02
4.500000000000000000e+02
3.410000000000000000e+02
4.570000000000000000e+02
4.200000000000000000e+02
4.720000000000000000e+02
5.210000000000000000e+02
5.590000000000000000e+02
6.510000000000000000e+02
9.370000000000000000e+02
1.210000000000000000e+03
1.067000000000000000e+03
1.195000000000000000e+03
1.263000000000000000e+03
1.608000000000000000e+03
1.918000000000000000e+03
2.375000000000000000e+03
2.549000000000000000e+03
3.162000000000000000e+03
3.039000000000000000e+03
3.881000000000000000e+03
4.193000000000000000e+03
4.788000000000000000e+03
4.295000000000000000e+03
5.868000000000000000e+03
3.754000000000000000e+03
3.473000000000000000e+03
2.874000000000000000e+03
2.423000000000000000e+03
1.573000000000000000e+03
1.024000000000000000e+03
7.320000000000000000e+02
5.390000000000000000e+02
6.490000000000000000e+02
5.960000000000000000e+02
4.540000000000000000e+02
4.350000000000000000e+02
2.690000000000000000e+02
1.340000000000000000e+02
3.300000000000000000e+01
2.200000000000000000e+01
2.200000000000000000e+01
2.500000000000000000e+01
2.300000000000000000e+01
1.600000000000000000e+01
2.100000000000000000e+01
1.900000000000000000e+01
1.400000000000000000e+01
2.000000000000000000e+01
1.700000000000000000e+01
1.700000000000000000e+01
2.500000000000000000e+01
1.400000000000000000e+01
1.400000000000000000e+01
1.600000000000000000e+01
2.000000000000000000e+01
1.100000000000000000e+01
1.200000000000000000e+01
1.600000000000000000e+01
1.600000000000000000e+01
7.000000000000000000e+00
1.300000000000000000e+01
9.000000000000000000e+00
1.600000000000000000e+01
1.600000000000000000e+01
1.900000000000000000e+01
1.500000000000000000e+01
1.600000000000000000e+01
1.100000000000000000e+01
1.600000000000000000e+01
2.000000000000000000e+01
1.600000000000000000e+01
2.300000000000000000e+01
2.300000000000000000e+01
1.800000000000000000e+01
1.700000000000000000e+01
2.200000000000000000e+01
1.500000000000000000e+01
1.300000000000000000e+01
1.600000000000000000e+01
9.000000000000000000e+00
1.400000000000000000e+01
1.500000000000000000e+01
9.000000000000000000e+00
1.100000000000000000e+01
1.200000000000000000e+01
1.200000000000000000e+01
7.000000000000000000e+00
6.000000000000000000e+00
3.000000000000000000e+00
1.500000000000000000e+01
8.000000000000000000e+00
1.100000000000000000e+01
1.000000000000000000e+01
8.000000000000000000e+00
8.000000000000000000e+00
9.000000000000000000e+00
9.000000000000000000e+00
6.000000000000000000e+00
4.000000000000000000e+00
2.000000000000000000e+00
1.000000000000000000e+00
1.000000000000000000e+00
1.000000000000000000e+00
0.000000000000000000e+00
0.000000000000000000e+00
0.000000000000000000e+00
1.000000000000000000e+00
0.000000000000000000e+00
0.000000000000000000e+00
0.000000000000000000e+00
0.000000000000000000e+00
0.000000000000000000e+00
0.000000000000000000e+00
0.000000000000000000e+00
0.000000000000000000e+00
0.000000000000000000e+00
0.000000000000000000e+00
0.000000000000000000e+00
0.000000000000000000e+00
0.000000000000000000e+00
0.000000000000000000e+00
0.000000000000000000e+00
0.000000000000000000e+00
0.000000000000000000e+00
0.000000000000000000e+00
0.000000000000000000e+00
0.000000000000000000e+00
0.000000000000000000e+00
0.000000000000000000e+00
0.000000000000000000e+00
1.000000000000000000e+00
0.000000000000000000e+00
1.000000000000000000e+00
0.000000000000000000e+00
0.000000000000000000e+00
0.000000000000000000e+00
0.000000000000000000e+00
0.000000000000000000e+00
0.000000000000000000e+00
0.000000000000000000e+00
0.000000000000000000e+00
0.000000000000000000e+00
0.000000000000000000e+00
0.000000000000000000e+00
0.000000000000000000e+00
0.000000000000000000e+00
0.000000000000000000e+00
0.000000000000000000e+00
0.000000000000000000e+00
0.000000000000000000e+00
0.000000000000000000e+00
0.000000000000000000e+00
0.000000000000000000e+00
0.000000000000000000e+00
0.000000000000000000e+00
0.000000000000000000e+00
0.000000000000000000e+00
0.000000000000000000e+00
0.000000000000000000e+00
0.000000000000000000e+00
0.000000000000000000e+00
0.000000000000000000e+00
0.000000000000000000e+00
0.000000000000000000e+00
0.000000000000000000e+00
0.000000000000000000e+00
0.000000000000000000e+00
0.000000000000000000e+00
0.000000000000000000e+00
0.000000000000000000e+00
0.000000000000000000e+00
0.000000000000000000e+00
0.000000000000000000e+00
0.000000000000000000e+00
0.000000000000000000e+00
0.000000000000000000e+00
0.000000000000000000e+00
0.000000000000000000e+00
0.000000000000000000e+00
0.000000000000000000e+00
0.000000000000000000e+00
0.000000000000000000e+00
0.000000000000000000e+00
0.000000000000000000e+00
0.000000000000000000e+00
0.000000000000000000e+00
0.000000000000000000e+00
0.000000000000000000e+00
0.000000000000000000e+00
0.000000000000000000e+00
0.000000000000000000e+00
0.000000000000000000e+00
0.000000000000000000e+00
0.000000000000000000e+00
0.000000000000000000e+00
1.000000000000000000e+00
0.000000000000000000e+00
0.000000000000000000e+00
0.000000000000000000e+00
0.000000000000000000e+00
0.000000000000000000e+00
0.000000000000000000e+00
0.000000000000000000e+00
0.000000000000000000e+00
0.000000000000000000e+00
0.000000000000000000e+00
1.000000000000000000e+00
0.000000000000000000e+00
0.000000000000000000e+00
0.000000000000000000e+00
6.000000000000000000e+00
7.000000000000000000e+00
1.700000000000000000e+01
5.200000000000000000e+01
7.200000000000000000e+01
9.500000000000000000e+01
1.230000000000000000e+02
1.430000000000000000e+02
1.900000000000000000e+02
2.200000000000000000e+02
2.160000000000000000e+02
2.350000000000000000e+02
2.610000000000000000e+02
2.680000000000000000e+02
3.120000000000000000e+02
3.580000000000000000e+02
3.660000000000000000e+02
3.730000000000000000e+02
4.340000000000000000e+02
4.200000000000000000e+02
4.600000000000000000e+02
4.870000000000000000e+02
5.100000000000000000e+02
5.450000000000000000e+02
6.060000000000000000e+02
6.270000000000000000e+02
6.440000000000000000e+02
6.040000000000000000e+02
6.290000000000000000e+02
6.520000000000000000e+02
6.560000000000000000e+02
7.080000000000000000e+02
7.170000000000000000e+02
7.300000000000000000e+02
7.480000000000000000e+02
7.840000000000000000e+02
7.100000000000000000e+02
7.210000000000000000e+02
7.900000000000000000e+02
8.010000000000000000e+02
7.720000000000000000e+02
8.000000000000000000e+02
8.790000000000000000e+02
9.140000000000000000e+02
1.022000000000000000e+03
1.037000000000000000e+03
1.003000000000000000e+03
1.080000000000000000e+03
1.063000000000000000e+03
1.080000000000000000e+03
1.077000000000000000e+03
1.160000000000000000e+03
1.087000000000000000e+03
1.106000000000000000e+03
1.156000000000000000e+03
1.173000000000000000e+03
1.193000000000000000e+03
1.170000000000000000e+03
1.219000000000000000e+03
1.250000000000000000e+03
1.302000000000000000e+03
1.359000000000000000e+03
1.394000000000000000e+03
1.423000000000000000e+03
1.620000000000000000e+03
1.735000000000000000e+03
1.930000000000000000e+03
2.091000000000000000e+03
2.065000000000000000e+03
2.160000000000000000e+03
2.318000000000000000e+03
2.551000000000000000e+03
2.873000000000000000e+03
2.749000000000000000e+03
2.932000000000000000e+03
3.356000000000000000e+03
3.652000000000000000e+03
3.770000000000000000e+03
3.576000000000000000e+03
3.375000000000000000e+03
3.097000000000000000e+03
3.121000000000000000e+03
3.228000000000000000e+03
3.306000000000000000e+03
3.196000000000000000e+03
2.859000000000000000e+03
3.015000000000000000e+03
2.785000000000000000e+03
2.705000000000000000e+03
2.638000000000000000e+03
2.833000000000000000e+03
2.672000000000000000e+03
2.406000000000000000e+03
1.954000000000000000e+03
1.780000000000000000e+03
1.851000000000000000e+03
1.724000000000000000e+03
1.698000000000000000e+03
1.630000000000000000e+03
1.572000000000000000e+03
1.458000000000000000e+03
1.439000000000000000e+03
1.405000000000000000e+03
1.374000000000000000e+03
1.444000000000000000e+03
1.440000000000000000e+03
1.256000000000000000e+03
1.112000000000000000e+03
1.046000000000000000e+03
1.032000000000000000e+03
9.410000000000000000e+02
9.120000000000000000e+02
9.710000000000000000e+02
9.380000000000000000e+02
9.070000000000000000e+02
8.990000000000000000e+02
8.860000000000000000e+02
8.750000000000000000e+02
8.990000000000000000e+02
8.730000000000000000e+02
8.140000000000000000e+02
9.260000000000000000e+02
8.780000000000000000e+02
8.480000000000000000e+02
8.560000000000000000e+02
8.490000000000000000e+02
8.020000000000000000e+02
8.100000000000000000e+02
8.290000000000000000e+02
7.830000000000000000e+02
7.990000000000000000e+02
7.920000000000000000e+02
7.850000000000000000e+02
7.700000000000000000e+02
7.490000000000000000e+02
7.430000000000000000e+02
7.490000000000000000e+02
7.280000000000000000e+02
7.440000000000000000e+02
7.010000000000000000e+02
6.950000000000000000e+02
6.830000000000000000e+02
6.600000000000000000e+02
6.420000000000000000e+02
6.460000000000000000e+02
6.430000000000000000e+02
6.540000000000000000e+02
6.180000000000000000e+02
6.430000000000000000e+02
6.290000000000000000e+02
6.220000000000000000e+02
5.770000000000000000e+02
5.130000000000000000e+02
5.760000000000000000e+02
5.630000000000000000e+02
5.370000000000000000e+02
5.580000000000000000e+02
5.220000000000000000e+02
5.230000000000000000e+02
5.540000000000000000e+02
5.090000000000000000e+02
4.800000000000000000e+02
4.450000000000000000e+02
4.550000000000000000e+02
4.300000000000000000e+02
4.310000000000000000e+02
4.640000000000000000e+02
3.750000000000000000e+02
4.230000000000000000e+02
3.990000000000000000e+02
3.800000000000000000e+02
3.560000000000000000e+02
3.570000000000000000e+02
3.740000000000000000e+02
3.680000000000000000e+02
3.220000000000000000e+02
3.350000000000000000e+02
3.500000000000000000e+02
2.940000000000000000e+02
2.890000000000000000e+02
2.950000000000000000e+02
2.390000000000000000e+02
2.540000000000000000e+02
2.350000000000000000e+02
2.350000000000000000e+02
2.390000000000000000e+02
2.460000000000000000e+02
2.210000000000000000e+02
1.850000000000000000e+02
1.820000000000000000e+02
2.190000000000000000e+02
2.010000000000000000e+02
1.660000000000000000e+02
1.700000000000000000e+02
1.660000000000000000e+02
1.500000000000000000e+02
1.540000000000000000e+02
1.450000000000000000e+02
1.290000000000000000e+02
1.540000000000000000e+02
1.520000000000000000e+02
1.350000000000000000e+02
1.500000000000000000e+02
1.250000000000000000e+02
1.200000000000000000e+02
1.050000000000000000e+02
1.060000000000000000e+02
1.060000000000000000e+02
1.110000000000000000e+02
8.800000000000000000e+01
9.600000000000000000e+01
9.900000000000000000e+01
9.200000000000000000e+01
8.600000000000000000e+01
9.400000000000000000e+01
8.100000000000000000e+01
9.700000000000000000e+01
1.060000000000000000e+02
1.060000000000000000e+02
1.250000000000000000e+02
1.160000000000000000e+02
8.900000000000000000e+01
3.330000000000000000e+02
