1.453100000000000000e+04
8.390000000000000000e+02
2.317000000000000000e+03
4.833000000000000000e+03
3.250000000000000000e+02
7.480000000000000000e+03
5.134000000000000000e+03
4.170000000000000000e+02
3.489000000000000000e+03
9.950000000000000000e+02
5.000000000000000000e+02
3.836000000000000000e+03
2.980000000000000000e+02
1.900000000000000000e+03
6.840000000000000000e+02
3.090000000000000000e+02
4.840000000000000000e+02
1.200000000000000000e+02
1.030000000000000000e+02
2.820000000000000000e+02
8.180000000000000000e+02
2.410000000000000000e+02
1.320000000000000000e+02
1.520000000000000000e+02
4.180000000000000000e+02
2.130000000000000000e+02
1.500000000000000000e+02
1.000000000000000000e+02
2.100000000000000000e+02
2.520000000000000000e+02
1.033000000000000000e+03
7.800000000000000000e+01
1.240000000000000000e+02
2.650000000000000000e+02
1.948000000000000000e+03
4.174000000000000000e+03
1.076000000000000000e+03
2.768000000000000000e+03
5.720000000000000000e+02
4.520000000000000000e+02
9.430000000000000000e+02
1.950000000000000000e+02
1.481000000000000000e+03
7.450000000000000000e+02
1.140000000000000000e+02
1.900000000000000000e+02
4.560000000000000000e+02
5.000000000000000000e+00
6.090000000000000000e+02
2.360000000000000000e+02
1.936000000000000000e+03
7.700000000000000000e+02
5.860000000000000000e+02
3.670000000000000000e+02
5.920000000000000000e+02
1.098000000000000000e+03
1.190000000000000000e+03
6.490000000000000000e+02
4.430000000000000000e+02
4.000000000000000000e+00
1.626000000000000000e+03
0.000000000000000000e+00
8.820000000000000000e+02
9.740000000000000000e+02
0.000000000000000000e+00
1.250000000000000000e+03
3.280000000000000000e+03
1.925000000000000000e+03
1.397000000000000000e+03
3.710000000000000000e+03
2.832000000000000000e+03
1.675000000000000000e+03
2.471000000000000000e+03
1.659000000000000000e+03
4.138000000000000000e+03
9.940000000000000000e+02
1.345000000000000000e+03
1.280000000000000000e+02
0.000000000000000000e+00
1.353000000000000000e+03
4.574000000000000000e+03
4.200000000000000000e+01
0.000000000000000000e+00
1.326000000000000000e+03
6.290000000000000000e+02
5.060000000000000000e+02
2.000000000000000000e+00
1.612000000000000000e+03
1.670000000000000000e+02
3.100000000000000000e+01
2.138000000000000000e+03
2.800000000000000000e+01
3.070000000000000000e+02
5.350000000000000000e+02
2.800000000000000000e+01
1.226000000000000000e+03
1.175000000000000000e+03
4.800000000000000000e+01
8.600000000000000000e+02
3.920000000000000000e+02
2.490000000000000000e+02
1.416000000000000000e+03
4.710000000000000000e+02
1.344000000000000000e+03
7.620000000000000000e+02
1.307000000000000000e+03
1.129000000000000000e+03
1.336000000000000000e+03
1.007000000000000000e+03
1.771000000000000000e+03
1.876000000000000000e+03
1.471000000000000000e+03
1.884000000000000000e+03
9.620000000000000000e+02
1.485000000000000000e+03
8.500000000000000000e+02
1.279000000000000000e+03
1.430000000000000000e+02
2.970000000000000000e+02
3.750000000000000000e+02
1.772000000000000000e+03
1.010000000000000000e+02
5.400000000000000000e+02
5.300000000000000000e+02
1.119000000000000000e+03
2.141000000000000000e+03
6.730000000000000000e+02
5.170000000000000000e+02
1.288000000000000000e+03
4.590000000000000000e+02
1.077000000000000000e+03
1.440000000000000000e+02
1.465000000000000000e+03
2.120000000000000000e+03
1.860000000000000000e+02
8.760000000000000000e+02
7.680000000000000000e+02
5.700000000000000000e+01
2.068000000000000000e+03
1.660000000000000000e+02
1.331000000000000000e+03
2.142000000000000000e+03
1.317000000000000000e+03
1.870000000000000000e+02
4.820000000000000000e+02
2.637000000000000000e+03
2.195000000000000000e+03
7.530000000000000000e+02
2.780000000000000000e+02
7.100000000000000000e+01
3.508000000000000000e+03
4.200000000000000000e+01
3.860000000000000000e+02
1.509000000000000000e+03
5.000000000000000000e+01
6.830000000000000000e+02
5.133000000000000000e+03
7.550000000000000000e+02
1.226000000000000000e+03
1.229000000000000000e+03
4.166000000000000000e+03
4.910000000000000000e+02
6.590000000000000000e+02
3.386000000000000000e+03
3.934000000000000000e+03
1.170000000000000000e+03
1.253000000000000000e+03
8.230000000000000000e+02
7.000000000000000000e+00
4.211000000000000000e+03
1.376700000000000000e+04
4.970000000000000000e+02
2.800000000000000000e+02
3.165000000000000000e+03
3.767000000000000000e+03
4.015000000000000000e+03
3.450000000000000000e+02
1.265300000000000000e+04
1.438000000000000000e+03
6.520000000000000000e+02
0.000000000000000000e+00
0.000000000000000000e+00
0.000000000000000000e+00
0.000000000000000000e+00
0.000000000000000000e+00
0.000000000000000000e+00
0.000000000000000000e+00
0.000000000000000000e+00
0.000000000000000000e+00
0.000000000000000000e+00
0.000000000000000000e+00
0.000000000000000000e+00
0.000000000000000000e+00
0.000000000000000000e+00
0.000000000000000000e+00
0.000000000000000000e+00
0.000000000000000000e+00
0.000000000000000000e+00
0.000000000000000000e+00
0.000000000000000000e+00
0.000000000000000000e+00
0.000000000000000000e+00
0.000000000000000000e+00
0.000000000000000000e+00
0.000000000000000000e+00
0.000000000000000000e+00
0.000000000000000000e+00
0.000000000000000000e+00
0.000000000000000000e+00
0.000000000000000000e+00
0.000000000000000000e+00
0.000000000000000000e+00
0.000000000000000000e+00
0.000000000000000000e+00
0.000000000000000000e+00
0.000000000000000000e+00
0.000000000000000000e+00
0.000000000000000000e+00
0.000000000000000000e+00
0.000000000000000000e+00
0.000000000000000000e+00
0.000000000000000000e+00
0.000000000000000000e+00
0.000000000000000000e+00
0.000000000000000000e+00
0.000000000000000000e+00
0.000000000000000000e+00
0.000000000000000000e+00
0.000000000000000000e+00
0.000000000000000000e+00
0.000000000000000000e+00
0.000000000000000000e+00
0.000000000000000000e+00
0.000000000000000000e+00
0.000000000000000000e+00
0.000000000000000000e+00
0.000000000000000000e+00
0.000000000000000000e+00
0.000000000000000000e+00
0.000000000000000000e+00
0.000000000000000000e+00
0.000000000000000000e+00
0.000000000000000000e+00
0.000000000000000000e+00
0.000000000000000000e+00
0.000000000000000000e+00
0.000000000000000000e+00
0.000000000000000000e+00
0.000000000000000000e+00
0.000000000000000000e+00
0.000000000000000000e+00
0.000000000000000000e+00
0.000000000000000000e+00
0.000000000000000000e+00
0.000000000000000000e+00
0.000000000000000000e+00
7.880000000000000000e+02
5.000000000000000000e+01
8.010000000000000000e+02
8.970000000000000000e+02
7.940000000000000000e+02
1.572000000000000000e+03
1.715000000000000000e+03
2.370000000000000000e+03
4.038000000000000000e+03
4.267000000000000000e+03
4.257000000000000000e+03
4.423000000000000000e+03
5.238000000000000000e+03
6.187000000000000000e+03
5.847000000000000000e+03
6.186000000000000000e+03
6.359000000000000000e+03
6.379000000000000000e+03
6.495000000000000000e+03
6.514000000000000000e+03
5.990000000000000000e+03
5.901000000000000000e+03
5.580000000000000000e+03
5.879000000000000000e+03
5.243000000000000000e+03
4.934000000000000000e+03
5.080000000000000000e+03
4.639000000000000000e+03
4.582000000000000000e+03
4.388000000000000000e+03
4.233000000000000000e+03
4.065000000000000000e+03
3.959000000000000000e+03
3.915000000000000000e+03
3.959000000000000000e+03
3.771000000000000000e+03
4.248000000000000000e+03
3.472000000000000000e+03
4.101000000000000000e+03
3.495000000000000000e+03
3.773000000000000000e+03
3.316000000000000000e+03
3.799000000000000000e+03
3.659000000000000000e+03
3.438000000000000000e+03
3.130000000000000000e+03
3.311000000000000000e+03
3.339000000000000000e+03
3.303000000000000000e+03
3.209000000000000000e+03
2.735000000000000000e+03
2.371000000000000000e+03
2.577000000000000000e+03
2.721000000000000000e+03
2.419000000000000000e+03
2.303000000000000000e+03
2.306000000000000000e+03
2.575000000000000000e+03
2.211000000000000000e+03
2.201000000000000000e+03
2.224000000000000000e+03
1.809000000000000000e+03
1.635000000000000000e+03
1.329000000000000000e+03
1.482000000000000000e+03
1.482000000000000000e+03
1.280000000000000000e+03
1.267000000000000000e+03
1.284000000000000000e+03
1.070000000000000000e+03
1.152000000000000000e+03
9.210000000000000000e+02
7.800000000000000000e+02
6.830000000000000000e+02
5.680000000000000000e+02
4.730000000000000000e+02
3.910000000000000000e+02
3.960000000000000000e+02
3.210000000000000000e+02
2.110000000000000000e+02
2.290000000000000000e+02
2.410000000000000000e+02
1.620000000000000000e+02
1.410000000000000000e+02
1.110000000000000000e+02
2.620000000000000000e+02
1.080000000000000000e+02
1.060000000000000000e+02
1.300000000000000000e+02
1.130000000000000000e+02
1.060000000000000000e+02
9.000000000000000000e+01
7.800000000000000000e+01
7.700000000000000000e+01
9.000000000000000000e+01
4.400000000000000000e+01
9.700000000000000000e+01
5.200000000000000000e+01
5.500000000000000000e+01
4.200000000000000000e+01
6.700000000000000000e+01
2.700000000000000000e+01
4.700000000000000000e+01
4.100000000000000000e+01
4.900000000000000000e+01
3.600000000000000000e+01
5.100000000000000000e+01
3.200000000000000000e+01
3.200000000000000000e+01
4.700000000000000000e+01
3.400000000000000000e+01
3.100000000000000000e+01
2.900000000000000000e+01
4.000000000000000000e+01
2.300000000000000000e+01
3.400000000000000000e+01
3.800000000000000000e+01
1.800000000000000000e+01
3.200000000000000000e+01
2.900000000000000000e+01
2.600000000000000000e+01
2.800000000000000000e+01
2.000000000000000000e+01
1.900000000000000000e+01
1.800000000000000000e+01
1.700000000000000000e+01
7.000000000000000000e+00
1.600000000000000000e+01
6.400000000000000000e+01
4.000000000000000000e+00
1.400000000000000000e+01
1.000000000000000000e+01
1.300000000000000000e+01
1.400000000000000000e+01
1.100000000000000000e+01
8.000000000000000000e+00
9.000000000000000000e+00
1.100000000000000000e+01
1.100000000000000000e+01
1.500000000000000000e+01
1.100000000000000000e+01
7.000000000000000000e+00
1.800000000000000000e+01
8.000000000000000000e+00
7.000000000000000000e+00
6.000000000000000000e+00
1.200000000000000000e+01
3.000000000000000000e+00
9.000000000000000000e+00
5.000000000000000000e+00
1.000000000000000000e+01
7.000000000000000000e+00
7.000000000000000000e+00
1.800000000000000000e+01
4.000000000000000000e+00
8.000000000000000000e+00
5.000000000000000000e+00
7.000000000000000000e+00
2.000000000000000000e+00
1.500000000000000000e+01
2.000000000000000000e+00
5.000000000000000000e+00
1.200000000000000000e+01
3.000000000000000000e+00
1.000000000000000000e+01
7.000000000000000000e+00
9.000000000000000000e+00
4.000000000000000000e+00
8.000000000000000000e+00
4.000000000000000000e+00
1.600000000000000000e+01
4.000000000000000000e+00
9.000000000000000000e+00
6.000000000000000000e+00
5.000000000000000000e+00
7.000000000000000000e+00
5.000000000000000000e+00
7.000000000000000000e+00
1.000000000000000000e+00
8.000000000000000000e+00
6.000000000000000000e+00
4.000000000000000000e+00
1.500000000000000000e+01
3.000000000000000000e+00
4.000000000000000000e+00
7.000000000000000000e+00
2.000000000000000000e+00
5.000000000000000000e+00
1.000000000000000000e+00
2.000000000000000000e+00
1.000000000000000000e+00
5.000000000000000000e+00
0.000000000000000000e+00
2.000000000000000000e+00
1.000000000000000000e+00
0.000000000000000000e+00
2.000000000000000000e+00
2.000000000000000000e+00
1.000000000000000000e+00
2.000000000000000000e+00
4.000000000000000000e+00
0.000000000000000000e+00
0.000000000000000000e+00
2.000000000000000000e+00
9.000000000000000000e+00
0.000000000000000000e+00
1.000000000000000000e+00
0.000000000000000000e+00
0.000000000000000000e+00
1.000000000000000000e+00
1.000000000000000000e+00
0.000000000000000000e+00
0.000000000000000000e+00
4.000000000000000000e+00
0.000000000000000000e+00
0.000000000000000000e+00
1.000000000000000000e+00
1.000000000000000000e+00
0.000000000000000000e+00
1.000000000000000000e+00
0.000000000000000000e+00
1.000000000000000000e+00
0.000000000000000000e+00
6.000000000000000000e+00
1.000000000000000000e+00
0.000000000000000000e+00
0.000000000000000000e+00
0.000000000000000000e+00
1.000000000000000000e+00
0.000000000000000000e+00
0.000000000000000000e+00
0.000000000000000000e+00
1.000000000000000000e+00
0.000000000000000000e+00
2.000000000000000000e+00
0.000000000000000000e+00
0.000000000000000000e+00
0.000000000000000000e+00
0.000000000000000000e+00
0.000000000000000000e+00
0.000000000000000000e+00
0.000000000000000000e+00
0.000000000000000000e+00
0.000000000000000000e+00
0.000000000000000000e+00
0.000000000000000000e+00
2.000000000000000000e+00
0.000000000000000000e+00
0.000000000000000000e+00
0.000000000000000000e+00
0.000000000000000000e+00
0.000000000000000000e+00
0.000000000000000000e+00
0.000000000000000000e+00
0.000000000000000000e+00
1.240000000000000000e+02
0.000000000000000000e+00
6.000000000000000000e+00
3.000000000000000000e+00
2.000000000000000000e+01
1.600000000000000000e+01
1.600000000000000000e+01
2.500000000000000000e+01
2.100000000000000000e+01
3.000000000000000000e+01
3.400000000000000000e+01
3.700000000000000000e+01
4.300000000000000000e+01
5.700000000000000000e+01
4.600000000000000000e+01
6.500000000000000000e+01
5.200000000000000000e+01
6.600000000000000000e+01
6.200000000000000000e+01
6.400000000000000000e+01
9.100000000000000000e+01
7.400000000000000000e+01
7.000000000000000000e+01
9.200000000000000000e+01
1.100000000000000000e+02
1.030000000000000000e+02
1.030000000000000000e+02
9.100000000000000000e+01
1.110000000000000000e+02
9.700000000000000000e+01
1.110000000000000000e+02
1.110000000000000000e+02
1.150000000000000000e+02
1.260000000000000000e+02
1.250000000000000000e+02
1.620000000000000000e+02
1.480000000000000000e+02
1.600000000000000000e+02
1.460000000000000000e+02
1.590000000000000000e+02
2.140000000000000000e+02
3.040000000000000000e+02
2.630000000000000000e+02
3.450000000000000000e+02
3.690000000000000000e+02
4.020000000000000000e+02
4.540000000000000000e+02
4.660000000000000000e+02
4.970000000000000000e+02
5.720000000000000000e+02
6.680000000000000000e+02
7.170000000000000000e+02
8.190000000000000000e+02
8.780000000000000000e+02
9.450000000000000000e+02
1.006000000000000000e+03
1.036000000000000000e+03
1.036000000000000000e+03
1.157000000000000000e+03
1.188000000000000000e+03
1.329000000000000000e+03
1.483000000000000000e+03
1.397000000000000000e+03
1.586000000000000000e+03
1.639000000000000000e+03
1.881000000000000000e+03
1.873000000000000000e+03
1.971000000000000000e+03
2.075000000000000000e+03
2.124000000000000000e+03
2.257000000000000000e+03
2.288000000000000000e+03
2.411000000000000000e+03
2.621000000000000000e+03
2.755000000000000000e+03
2.850000000000000000e+03
2.959000000000000000e+03
2.749000000000000000e+03
2.489000000000000000e+03
2.270000000000000000e+03
2.026000000000000000e+03
1.873000000000000000e+03
1.789000000000000000e+03
1.846000000000000000e+03
1.783000000000000000e+03
1.866000000000000000e+03
1.835000000000000000e+03
1.724000000000000000e+03
1.702000000000000000e+03
1.670000000000000000e+03
1.702000000000000000e+03
1.589000000000000000e+03
1.603000000000000000e+03
1.716000000000000000e+03
1.778000000000000000e+03
1.872000000000000000e+03
2.013000000000000000e+03
2.089000000000000000e+03
2.115000000000000000e+03
2.107000000000000000e+03
2.027000000000000000e+03
2.063000000000000000e+03
2.015000000000000000e+03
2.075000000000000000e+03
1.957000000000000000e+03
1.995000000000000000e+03
1.977000000000000000e+03
1.886000000000000000e+03
1.816000000000000000e+03
1.738000000000000000e+03
1.730000000000000000e+03
1.641000000000000000e+03
1.627000000000000000e+03
1.581000000000000000e+03
1.568000000000000000e+03
1.594000000000000000e+03
1.525000000000000000e+03
1.545000000000000000e+03
1.568000000000000000e+03
1.495000000000000000e+03
1.609000000000000000e+03
1.525000000000000000e+03
1.569000000000000000e+03
1.603000000000000000e+03
1.499000000000000000e+03
1.505000000000000000e+03
1.537000000000000000e+03
1.520000000000000000e+03
1.543000000000000000e+03
1.591000000000000000e+03
1.476000000000000000e+03
1.432000000000000000e+03
1.547000000000000000e+03
1.572000000000000000e+03
1.449000000000000000e+03
1.526000000000000000e+03
1.499000000000000000e+03
1.573000000000000000e+03
1.569000000000000000e+03
1.561000000000000000e+03
1.491000000000000000e+03
1.539000000000000000e+03
1.548000000000000000e+03
1.660000000000000000e+03
1.806000000000000000e+03
1.961000000000000000e+03
1.918000000000000000e+03
1.880000000000000000e+03
1.788000000000000000e+03
1.766000000000000000e+03
1.726000000000000000e+03
1.675000000000000000e+03
1.759000000000000000e+03
1.706000000000000000e+03
1.701000000000000000e+03
1.680000000000000000e+03
1.684000000000000000e+03
1.740000000000000000e+03
1.730000000000000000e+03
1.660000000000000000e+03
1.487000000000000000e+03
1.407000000000000000e+03
1.316000000000000000e+03
1.181000000000000000e+03
1.196000000000000000e+03
1.186000000000000000e+03
1.152000000000000000e+03
1.059000000000000000e+03
1.049000000000000000e+03
1.061000000000000000e+03
1.046000000000000000e+03
9.710000000000000000e+02
9.110000000000000000e+02
8.590000000000000000e+02
9.120000000000000000e+02
8.470000000000000000e+02
8.960000000000000000e+02
8.580000000000000000e+02
8.320000000000000000e+02
7.680000000000000000e+02
8.180000000000000000e+02
7.700000000000000000e+02
7.770000000000000000e+02
7.620000000000000000e+02
7.480000000000000000e+02
7.790000000000000000e+02
7.220000000000000000e+02
7.720000000000000000e+02
7.140000000000000000e+02
6.790000000000000000e+02
6.690000000000000000e+02
7.220000000000000000e+02
6.680000000000000000e+02
6.780000000000000000e+02
6.480000000000000000e+02
6.140000000000000000e+02
5.750000000000000000e+02
5.710000000000000000e+02
5.570000000000000000e+02
5.910000000000000000e+02
5.070000000000000000e+02
5.210000000000000000e+02
5.130000000000000000e+02
5.070000000000000000e+02
5.170000000000000000e+02
4.930000000000000000e+02
4.970000000000000000e+02
4.650000000000000000e+02
4.690000000000000000e+02
4.980000000000000000e+02
4.360000000000000000e+02
4.360000000000000000e+02
4.430000000000000000e+02
4.460000000000000000e+02
3.750000000000000000e+02
4.160000000000000000e+02
3.880000000000000000e+02
3.810000000000000000e+02
3.690000000000000000e+02
3.600000000000000000e+02
3.690000000000000000e+02
3.910000000000000000e+02
3.810000000000000000e+02
3.550000000000000000e+02
3.300000000000000000e+02
3.340000000000000000e+02
2.980000000000000000e+02
3.000000000000000000e+02
2.910000000000000000e+02
2.900000000000000000e+02
2.830000000000000000e+02
2.600000000000000000e+02
2.420000000000000000e+02
2.450000000000000000e+02
2.060000000000000000e+02
2.140000000000000000e+02
2.380000000000000000e+02
2.230000000000000000e+02
2.120000000000000000e+02
2.370000000000000000e+02
2.210000000000000000e+02
2.280000000000000000e+02
2.120000000000000000e+02
2.050000000000000000e+02
2.210000000000000000e+02
2.030000000000000000e+02
2.280000000000000000e+02
2.220000000000000000e+02
2.010000000000000000e+02
2.010000000000000000e+02
2.000000000000000000e+02
2.070000000000000000e+02
1.710000000000000000e+02
2.050000000000000000e+02
1.660000000000000000e+02
1.530000000000000000e+02
6.370000000000000000e+02
