2.872000000000000000e+03
8.460000000000000000e+02
1.137000000000000000e+03
1.330000000000000000e+03
1.116000000000000000e+03
4.260000000000000000e+03
2.095000000000000000e+03
9.190000000000000000e+02
4.053000000000000000e+03
2.782000000000000000e+03
2.741000000000000000e+03
6.872000000000000000e+03
4.148000000000000000e+03
6.996000000000000000e+03
4.488000000000000000e+03
7.997000000000000000e+03
6.118000000000000000e+03
7.177000000000000000e+03
3.713000000000000000e+03
6.431000000000000000e+03
5.184000000000000000e+03
5.692000000000000000e+03
6.504000000000000000e+03
2.266000000000000000e+03
5.408000000000000000e+03
1.684000000000000000e+03
4.980000000000000000e+03
1.759000000000000000e+03
1.830000000000000000e+03
2.181000000000000000e+03
2.809000000000000000e+03
1.152000000000000000e+03
1.880000000000000000e+03
1.838000000000000000e+03
1.883000000000000000e+03
2.977000000000000000e+03
1.575000000000000000e+03
1.520000000000000000e+03
1.603000000000000000e+03
1.423000000000000000e+03
1.392000000000000000e+03
9.890000000000000000e+02
1.130000000000000000e+03
1.227000000000000000e+03
6.730000000000000000e+02
7.000000000000000000e+02
7.030000000000000000e+02
3.920000000000000000e+02
5.370000000000000000e+02
2.990000000000000000e+02
4.400000000000000000e+02
3.230000000000000000e+02
1.970000000000000000e+02
1.630000000000000000e+02
1.390000000000000000e+02
2.090000000000000000e+02
1.350000000000000000e+02
8.300000000000000000e+01
6.500000000000000000e+01
2.800000000000000000e+01
1.130000000000000000e+02
2.100000000000000000e+01
3.800000000000000000e+01
6.900000000000000000e+01
1.700000000000000000e+01
3.200000000000000000e+01
1.740000000000000000e+02
3.000000000000000000e+01
3.300000000000000000e+01
3.700000000000000000e+01
1.050000000000000000e+02
1.600000000000000000e+01
1.100000000000000000e+01
4.500000000000000000e+01
5.500000000000000000e+01
1.690000000000000000e+02
2.400000000000000000e+01
8.000000000000000000e+00
2.000000000000000000e+00
3.400000000000000000e+01
1.490000000000000000e+02
2.000000000000000000e+00
4.000000000000000000e+00
9.800000000000000000e+01
2.500000000000000000e+01
1.800000000000000000e+01
1.000000000000000000e+00
6.600000000000000000e+01
8.000000000000000000e+00
2.000000000000000000e+00
1.480000000000000000e+02
8.000000000000000000e+00
1.800000000000000000e+01
3.000000000000000000e+01
8.000000000000000000e+00
7.000000000000000000e+01
1.640000000000000000e+02
4.000000000000000000e+00
7.200000000000000000e+01
1.300000000000000000e+01
1.700000000000000000e+01
1.130000000000000000e+02
1.600000000000000000e+01
1.750000000000000000e+02
5.900000000000000000e+01
4.500000000000000000e+01
1.110000000000000000e+02
2.600000000000000000e+01
3.900000000000000000e+01
9.900000000000000000e+01
1.790000000000000000e+02
1.680000000000000000e+02
6.900000000000000000e+01
1.000000000000000000e+02
1.490000000000000000e+02
1.590000000000000000e+02
1.730000000000000000e+02
1.000000000000000000e+01
2.900000000000000000e+01
3.600000000000000000e+01
4.910000000000000000e+02
9.000000000000000000e+00
1.050000000000000000e+02
4.600000000000000000e+01
1.870000000000000000e+02
3.640000000000000000e+02
1.740000000000000000e+02
5.500000000000000000e+01
1.330000000000000000e+02
8.500000000000000000e+01
1.600000000000000000e+02
2.600000000000000000e+01
2.500000000000000000e+02
3.070000000000000000e+02
4.000000000000000000e+01
1.090000000000000000e+02
1.490000000000000000e+02
1.300000000000000000e+01
2.880000000000000000e+02
3.400000000000000000e+01
2.850000000000000000e+02
2.420000000000000000e+02
1.630000000000000000e+02
5.700000000000000000e+01
9.200000000000000000e+01
2.860000000000000000e+02
2.430000000000000000e+02
1.170000000000000000e+02
1.010000000000000000e+02
4.500000000000000000e+01
4.250000000000000000e+02
3.600000000000000000e+01
1.230000000000000000e+02
2.520000000000000000e+02
4.600000000000000000e+01
1.650000000000000000e+02
6.110000000000000000e+02
2.360000000000000000e+02
2.160000000000000000e+02
3.620000000000000000e+02
3.900000000000000000e+02
1.920000000000000000e+02
2.360000000000000000e+02
4.010000000000000000e+02
6.890000000000000000e+02
4.980000000000000000e+02
3.950000000000000000e+02
3.630000000000000000e+02
1.220000000000000000e+02
5.580000000000000000e+02
1.847000000000000000e+03
2.080000000000000000e+02
3.570000000000000000e+02
6.620000000000000000e+02
1.010000000000000000e+03
7.520000000000000000e+02
4.420000000000000000e+02
1.864000000000000000e+03
5.870000000000000000e+02
5.230000000000000000e+02
0.000000000000000000e+00
0.000000000000000000e+00
0.000000000000000000e+00
0.000000000000000000e+00
0.000000000000000000e+00
0.000000000000000000e+00
0.000000000000000000e+00
0.000000000000000000e+00
0.000000000000000000e+00
0.000000000000000000e+00
0.000000000000000000e+00
0.000000000000000000e+00
0.000000000000000000e+00
0.000000000000000000e+00
0.000000000000000000e+00
0.000000000000000000e+00
0.000000000000000000e+00
0.000000000000000000e+00
0.000000000000000000e+00
0.000000000000000000e+00
0.000000000000000000e+00
0.000000000000000000e+00
0.000000000000000000e+00
0.000000000000000000e+00
0.000000000000000000e+00
0.000000000000000000e+00
0.000000000000000000e+00
0.000000000000000000e+00
0.000000000000000000e+00
0.000000000000000000e+00
0.000000000000000000e+00
0.000000000000000000e+00
0.000000000000000000e+00
0.000000000000000000e+00
0.000000000000000000e+00
0.000000000000000000e+00
0.000000000000000000e+00
0.000000000000000000e+00
0.000000000000000000e+00
0.000000000000000000e+00
0.000000000000000000e+00
0.000000000000000000e+00
0.000000000000000000e+00
0.000000000000000000e+00
0.000000000000000000e+00
0.000000000000000000e+00
0.000000000000000000e+00
0.000000000000000000e+00
0.000000000000000000e+00
0.000000000000000000e+00
0.000000000000000000e+00
0.000000000000000000e+00
0.000000000000000000e+00
0.000000000000000000e+00
0.000000000000000000e+00
0.000000000000000000e+00
0.000000000000000000e+00
0.000000000000000000e+00
0.000000000000000000e+00
0.000000000000000000e+00
0.000000000000000000e+00
0.000000000000000000e+00
0.000000000000000000e+00
0.000000000000000000e+00
0.000000000000000000e+00
0.000000000000000000e+00
0.000000000000000000e+00
0.000000000000000000e+00
0.000000000000000000e+00
0.000000000000000000e+00
0.000000000000000000e+00
0.000000000000000000e+00
0.000000000000000000e+00
0.000000000000000000e+00
0.000000000000000000e+00
0.000000000000000000e+00
2.100000000000000000e+02
2.000000000000000000e+01
1.520000000000000000e+02
5.110000000000000000e+02
5.020000000000000000e+02
5.650000000000000000e+02
6.540000000000000000e+02
8.760000000000000000e+02
1.057000000000000000e+03
1.118000000000000000e+03
1.236000000000000000e+03
1.205000000000000000e+03
1.355000000000000000e+03
1.540000000000000000e+03
1.616000000000000000e+03
1.786000000000000000e+03
1.836000000000000000e+03
1.955000000000000000e+03
2.084000000000000000e+03
2.139000000000000000e+03
2.236000000000000000e+03
2.168000000000000000e+03
2.235000000000000000e+03
2.404000000000000000e+03
2.396000000000000000e+03
2.413000000000000000e+03
2.645000000000000000e+03
2.550000000000000000e+03
2.641000000000000000e+03
2.706000000000000000e+03
2.695000000000000000e+03
2.830000000000000000e+03
2.847000000000000000e+03
2.765000000000000000e+03
2.795000000000000000e+03
2.785000000000000000e+03
2.944000000000000000e+03
2.589000000000000000e+03
2.801000000000000000e+03
2.621000000000000000e+03
2.551000000000000000e+03
2.566000000000000000e+03
2.578000000000000000e+03
2.409000000000000000e+03
2.417000000000000000e+03
2.307000000000000000e+03
2.151000000000000000e+03
2.252000000000000000e+03
2.200000000000000000e+03
2.011000000000000000e+03
2.016000000000000000e+03
2.000000000000000000e+03
1.829000000000000000e+03
1.892000000000000000e+03
1.695000000000000000e+03
1.613000000000000000e+03
1.708000000000000000e+03
1.558000000000000000e+03
1.341000000000000000e+03
1.428000000000000000e+03
1.423000000000000000e+03
1.384000000000000000e+03
1.230000000000000000e+03
1.285000000000000000e+03
1.138000000000000000e+03
1.133000000000000000e+03
1.116000000000000000e+03
1.055000000000000000e+03
1.081000000000000000e+03
8.950000000000000000e+02
9.490000000000000000e+02
9.130000000000000000e+02
8.460000000000000000e+02
8.750000000000000000e+02
8.230000000000000000e+02
7.740000000000000000e+02
7.240000000000000000e+02
7.300000000000000000e+02
7.260000000000000000e+02
6.570000000000000000e+02
6.870000000000000000e+02
6.480000000000000000e+02
5.950000000000000000e+02
6.340000000000000000e+02
6.560000000000000000e+02
4.420000000000000000e+02
6.360000000000000000e+02
5.360000000000000000e+02
5.320000000000000000e+02
5.300000000000000000e+02
4.890000000000000000e+02
4.850000000000000000e+02
4.420000000000000000e+02
4.480000000000000000e+02
4.020000000000000000e+02
4.130000000000000000e+02
4.460000000000000000e+02
3.720000000000000000e+02
3.750000000000000000e+02
3.700000000000000000e+02
4.100000000000000000e+02
3.760000000000000000e+02
3.530000000000000000e+02
3.320000000000000000e+02
3.570000000000000000e+02
3.350000000000000000e+02
3.600000000000000000e+02
3.220000000000000000e+02
3.190000000000000000e+02
2.590000000000000000e+02
3.380000000000000000e+02
3.090000000000000000e+02
2.950000000000000000e+02
2.830000000000000000e+02
2.610000000000000000e+02
2.510000000000000000e+02
2.610000000000000000e+02
2.830000000000000000e+02
2.490000000000000000e+02
2.380000000000000000e+02
2.600000000000000000e+02
2.290000000000000000e+02
2.370000000000000000e+02
2.280000000000000000e+02
2.480000000000000000e+02
2.110000000000000000e+02
2.280000000000000000e+02
1.810000000000000000e+02
2.030000000000000000e+02
2.450000000000000000e+02
1.950000000000000000e+02
2.020000000000000000e+02
1.980000000000000000e+02
2.100000000000000000e+02
2.050000000000000000e+02
2.200000000000000000e+02
1.740000000000000000e+02
1.780000000000000000e+02
1.900000000000000000e+02
1.640000000000000000e+02
1.560000000000000000e+02
1.730000000000000000e+02
1.720000000000000000e+02
1.800000000000000000e+02
1.550000000000000000e+02
1.520000000000000000e+02
1.710000000000000000e+02
1.410000000000000000e+02
1.460000000000000000e+02
1.530000000000000000e+02
1.560000000000000000e+02
1.460000000000000000e+02
1.440000000000000000e+02
1.320000000000000000e+02
1.590000000000000000e+02
1.390000000000000000e+02
1.410000000000000000e+02
1.110000000000000000e+02
1.300000000000000000e+02
1.270000000000000000e+02
1.390000000000000000e+02
1.390000000000000000e+02
1.410000000000000000e+02
1.200000000000000000e+02
1.400000000000000000e+02
1.150000000000000000e+02
1.270000000000000000e+02
1.140000000000000000e+02
1.100000000000000000e+02
1.170000000000000000e+02
1.150000000000000000e+02
1.100000000000000000e+02
9.100000000000000000e+01
9.700000000000000000e+01
1.130000000000000000e+02
9.600000000000000000e+01
1.010000000000000000e+02
1.050000000000000000e+02
9.100000000000000000e+01
1.050000000000000000e+02
1.180000000000000000e+02
8.200000000000000000e+01
1.010000000000000000e+02
1.040000000000000000e+02
1.090000000000000000e+02
1.210000000000000000e+02
8.800000000000000000e+01
7.900000000000000000e+01
1.040000000000000000e+02
8.600000000000000000e+01
9.600000000000000000e+01
9.600000000000000000e+01
9.100000000000000000e+01
8.800000000000000000e+01
9.300000000000000000e+01
8.400000000000000000e+01
7.600000000000000000e+01
8.900000000000000000e+01
9.300000000000000000e+01
9.300000000000000000e+01
8.500000000000000000e+01
7.800000000000000000e+01
8.600000000000000000e+01
9.800000000000000000e+01
9.100000000000000000e+01
1.090000000000000000e+02
8.900000000000000000e+01
7.200000000000000000e+01
7.700000000000000000e+01
9.100000000000000000e+01
9.500000000000000000e+01
8.300000000000000000e+01
7.200000000000000000e+01
8.000000000000000000e+01
7.200000000000000000e+01
8.600000000000000000e+01
8.000000000000000000e+01
8.400000000000000000e+01
8.000000000000000000e+01
8.900000000000000000e+01
7.800000000000000000e+01
5.900000000000000000e+01
6.700000000000000000e+01
5.800000000000000000e+01
7.100000000000000000e+01
6.100000000000000000e+01
5.100000000000000000e+01
5.900000000000000000e+01
8.100000000000000000e+01
5.800000000000000000e+01
7.500000000000000000e+01
6.200000000000000000e+01
6.200000000000000000e+01
5.600000000000000000e+01
5.800000000000000000e+01
5.500000000000000000e+01
4.800000000000000000e+01
8.100000000000000000e+01
5.000000000000000000e+01
6.600000000000000000e+01
5.300000000000000000e+01
5.100000000000000000e+01
3.400000000000000000e+01
5.100000000000000000e+01
6.800000000000000000e+01
6.100000000000000000e+01
5.100000000000000000e+01
4.500000000000000000e+01
4.800000000000000000e+01
3.900000000000000000e+01
3.900000000000000000e+01
3.800000000000000000e+01
3.500000000000000000e+01
3.000000000000000000e+01
0.000000000000000000e+00
9.460000000000000000e+02
0.000000000000000000e+00
0.000000000000000000e+00
1.000000000000000000e+00
2.000000000000000000e+00
5.000000000000000000e+00
2.000000000000000000e+00
3.000000000000000000e+00
4.000000000000000000e+00
7.000000000000000000e+00
5.000000000000000000e+00
8.000000000000000000e+00
8.000000000000000000e+00
8.000000000000000000e+00
8.000000000000000000e+00
1.000000000000000000e+01
1.400000000000000000e+01
9.000000000000000000e+00
2.200000000000000000e+01
2.000000000000000000e+01
1.900000000000000000e+01
2.700000000000000000e+01
1.800000000000000000e+01
2.400000000000000000e+01
2.700000000000000000e+01
3.900000000000000000e+01
3.000000000000000000e+01
3.900000000000000000e+01
2.600000000000000000e+01
3.300000000000000000e+01
5.400000000000000000e+01
4.900000000000000000e+01
5.800000000000000000e+01
5.100000000000000000e+01
5.300000000000000000e+01
6.300000000000000000e+01
6.000000000000000000e+01
7.200000000000000000e+01
5.300000000000000000e+01
6.000000000000000000e+01
6.700000000000000000e+01
8.500000000000000000e+01
7.000000000000000000e+01
8.000000000000000000e+01
1.050000000000000000e+02
8.800000000000000000e+01
1.060000000000000000e+02
9.700000000000000000e+01
9.400000000000000000e+01
9.100000000000000000e+01
1.320000000000000000e+02
9.600000000000000000e+01
1.170000000000000000e+02
1.170000000000000000e+02
1.390000000000000000e+02
1.400000000000000000e+02
1.540000000000000000e+02
1.370000000000000000e+02
1.410000000000000000e+02
1.770000000000000000e+02
1.800000000000000000e+02
1.800000000000000000e+02
1.940000000000000000e+02
2.110000000000000000e+02
2.210000000000000000e+02
2.410000000000000000e+02
2.410000000000000000e+02
2.440000000000000000e+02
2.700000000000000000e+02
2.740000000000000000e+02
2.460000000000000000e+02
2.510000000000000000e+02
3.100000000000000000e+02
3.160000000000000000e+02
3.480000000000000000e+02
3.200000000000000000e+02
3.110000000000000000e+02
3.320000000000000000e+02
3.270000000000000000e+02
4.060000000000000000e+02
3.800000000000000000e+02
3.740000000000000000e+02
4.040000000000000000e+02
3.950000000000000000e+02
4.600000000000000000e+02
4.340000000000000000e+02
4.670000000000000000e+02
5.050000000000000000e+02
4.700000000000000000e+02
5.470000000000000000e+02
5.250000000000000000e+02
5.330000000000000000e+02
5.430000000000000000e+02
5.910000000000000000e+02
5.590000000000000000e+02
6.390000000000000000e+02
6.240000000000000000e+02
6.260000000000000000e+02
6.610000000000000000e+02
6.800000000000000000e+02
6.950000000000000000e+02
7.270000000000000000e+02
7.440000000000000000e+02
7.610000000000000000e+02
8.010000000000000000e+02
8.300000000000000000e+02
8.330000000000000000e+02
8.810000000000000000e+02
8.740000000000000000e+02
9.440000000000000000e+02
9.080000000000000000e+02
9.840000000000000000e+02
9.790000000000000000e+02
1.031000000000000000e+03
9.980000000000000000e+02
1.083000000000000000e+03
1.105000000000000000e+03
1.096000000000000000e+03
1.148000000000000000e+03
1.177000000000000000e+03
1.260000000000000000e+03
1.268000000000000000e+03
1.218000000000000000e+03
1.281000000000000000e+03
1.342000000000000000e+03
1.296000000000000000e+03
1.411000000000000000e+03
1.355000000000000000e+03
1.385000000000000000e+03
1.408000000000000000e+03
1.412000000000000000e+03
1.428000000000000000e+03
1.537000000000000000e+03
1.480000000000000000e+03
1.521000000000000000e+03
1.489000000000000000e+03
1.519000000000000000e+03
1.512000000000000000e+03
1.528000000000000000e+03
1.500000000000000000e+03
1.513000000000000000e+03
1.530000000000000000e+03
1.570000000000000000e+03
1.562000000000000000e+03
1.576000000000000000e+03
1.620000000000000000e+03
1.550000000000000000e+03
1.571000000000000000e+03
1.624000000000000000e+03
1.542000000000000000e+03
1.621000000000000000e+03
1.624000000000000000e+03
1.608000000000000000e+03
1.594000000000000000e+03
1.600000000000000000e+03
1.537000000000000000e+03
1.603000000000000000e+03
1.590000000000000000e+03
1.604000000000000000e+03
1.516000000000000000e+03
1.505000000000000000e+03
1.513000000000000000e+03
1.489000000000000000e+03
1.546000000000000000e+03
1.492000000000000000e+03
1.461000000000000000e+03
1.486000000000000000e+03
1.436000000000000000e+03
1.499000000000000000e+03
1.427000000000000000e+03
1.373000000000000000e+03
1.343000000000000000e+03
1.389000000000000000e+03
1.395000000000000000e+03
1.282000000000000000e+03
1.334000000000000000e+03
1.363000000000000000e+03
1.337000000000000000e+03
1.298000000000000000e+03
1.250000000000000000e+03
1.260000000000000000e+03
1.230000000000000000e+03
1.178000000000000000e+03
1.170000000000000000e+03
1.048000000000000000e+03
1.137000000000000000e+03
1.121000000000000000e+03
1.049000000000000000e+03
1.005000000000000000e+03
1.074000000000000000e+03
1.054000000000000000e+03
9.940000000000000000e+02
9.550000000000000000e+02
9.470000000000000000e+02
9.260000000000000000e+02
9.400000000000000000e+02
8.380000000000000000e+02
7.910000000000000000e+02
8.490000000000000000e+02
8.100000000000000000e+02
8.160000000000000000e+02
8.430000000000000000e+02
7.900000000000000000e+02
6.860000000000000000e+02
7.040000000000000000e+02
6.640000000000000000e+02
6.190000000000000000e+02
6.690000000000000000e+02
5.890000000000000000e+02
6.390000000000000000e+02
5.960000000000000000e+02
5.190000000000000000e+02
5.420000000000000000e+02
5.520000000000000000e+02
5.280000000000000000e+02
4.730000000000000000e+02
4.610000000000000000e+02
4.980000000000000000e+02
4.400000000000000000e+02
4.160000000000000000e+02
4.360000000000000000e+02
3.900000000000000000e+02
3.820000000000000000e+02
3.490000000000000000e+02
3.660000000000000000e+02
3.580000000000000000e+02
3.660000000000000000e+02
3.090000000000000000e+02
3.050000000000000000e+02
2.620000000000000000e+02
2.630000000000000000e+02
2.700000000000000000e+02
2.730000000000000000e+02
2.790000000000000000e+02
2.320000000000000000e+02
2.470000000000000000e+02
2.150000000000000000e+02
2.160000000000000000e+02
1.900000000000000000e+02
2.090000000000000000e+02
1.980000000000000000e+02
1.730000000000000000e+02
1.940000000000000000e+02
1.620000000000000000e+02
1.590000000000000000e+02
1.600000000000000000e+02
1.360000000000000000e+02
1.230000000000000000e+02
1.230000000000000000e+02
1.240000000000000000e+02
1.220000000000000000e+02
9.600000000000000000e+01
1.130000000000000000e+02
1.080000000000000000e+02
1.180000000000000000e+02
1.020000000000000000e+02
8.660000000000000000e+02
