3.743000000000000000e+03
1.363000000000000000e+03
1.523000000000000000e+03
1.715000000000000000e+03
1.778000000000000000e+03
4.650000000000000000e+03
3.155000000000000000e+03
1.719000000000000000e+03
4.988000000000000000e+03
3.942000000000000000e+03
3.824000000000000000e+03
6.590000000000000000e+03
3.232000000000000000e+03
5.506000000000000000e+03
2.869000000000000000e+03
3.869000000000000000e+03
3.164000000000000000e+03
2.618000000000000000e+03
1.374000000000000000e+03
2.651000000000000000e+03
2.077000000000000000e+03
2.772000000000000000e+03
2.423000000000000000e+03
1.436000000000000000e+03
2.138000000000000000e+03
1.180000000000000000e+03
2.948000000000000000e+03
5.420000000000000000e+02
8.740000000000000000e+02
9.720000000000000000e+02
2.920000000000000000e+03
2.990000000000000000e+02
1.449000000000000000e+03
1.363000000000000000e+03
1.681000000000000000e+03
3.395000000000000000e+03
1.156000000000000000e+03
1.470000000000000000e+03
1.448000000000000000e+03
1.304000000000000000e+03
1.921000000000000000e+03
1.006000000000000000e+03
1.640000000000000000e+03
2.796000000000000000e+03
1.268000000000000000e+03
1.678000000000000000e+03
2.507000000000000000e+03
1.257000000000000000e+03
2.737000000000000000e+03
1.393000000000000000e+03
2.564000000000000000e+03
2.462000000000000000e+03
1.819000000000000000e+03
2.108000000000000000e+03
1.694000000000000000e+03
2.745000000000000000e+03
2.548000000000000000e+03
2.063000000000000000e+03
2.135000000000000000e+03
2.152000000000000000e+03
2.037000000000000000e+03
1.898000000000000000e+03
2.016000000000000000e+03
2.367000000000000000e+03
1.817000000000000000e+03
2.004000000000000000e+03
2.538000000000000000e+03
1.850000000000000000e+03
1.774000000000000000e+03
2.110000000000000000e+03
1.474000000000000000e+03
1.193000000000000000e+03
1.067000000000000000e+03
1.298000000000000000e+03
1.409000000000000000e+03
1.199000000000000000e+03
7.440000000000000000e+02
7.500000000000000000e+02
3.540000000000000000e+02
3.700000000000000000e+02
1.520000000000000000e+03
1.980000000000000000e+02
2.910000000000000000e+02
5.040000000000000000e+02
5.610000000000000000e+02
3.030000000000000000e+02
1.520000000000000000e+02
6.930000000000000000e+02
1.530000000000000000e+02
1.120000000000000000e+02
1.090000000000000000e+03
1.220000000000000000e+02
1.740000000000000000e+02
2.570000000000000000e+02
8.500000000000000000e+01
5.370000000000000000e+02
5.820000000000000000e+02
3.900000000000000000e+01
3.950000000000000000e+02
1.410000000000000000e+02
9.100000000000000000e+01
5.660000000000000000e+02
9.900000000000000000e+01
6.390000000000000000e+02
2.390000000000000000e+02
1.860000000000000000e+02
3.360000000000000000e+02
1.380000000000000000e+02
1.250000000000000000e+02
4.020000000000000000e+02
5.600000000000000000e+02
4.890000000000000000e+02
3.150000000000000000e+02
2.350000000000000000e+02
5.800000000000000000e+02
3.430000000000000000e+02
3.890000000000000000e+02
4.200000000000000000e+01
7.800000000000000000e+01
6.100000000000000000e+01
1.010000000000000000e+03
8.000000000000000000e+00
1.300000000000000000e+02
6.600000000000000000e+01
2.650000000000000000e+02
5.540000000000000000e+02
3.470000000000000000e+02
5.100000000000000000e+01
1.970000000000000000e+02
7.100000000000000000e+01
1.890000000000000000e+02
2.500000000000000000e+01
3.480000000000000000e+02
3.720000000000000000e+02
2.800000000000000000e+01
1.290000000000000000e+02
1.020000000000000000e+02
1.100000000000000000e+01
2.820000000000000000e+02
3.700000000000000000e+01
4.780000000000000000e+02
2.650000000000000000e+02
1.570000000000000000e+02
4.600000000000000000e+01
6.600000000000000000e+01
3.060000000000000000e+02
2.300000000000000000e+02
1.040000000000000000e+02
5.800000000000000000e+01
1.400000000000000000e+01
5.710000000000000000e+02
1.600000000000000000e+01
9.100000000000000000e+01
1.930000000000000000e+02
2.000000000000000000e+01
1.410000000000000000e+02
7.210000000000000000e+02
1.680000000000000000e+02
2.090000000000000000e+02
2.980000000000000000e+02
4.930000000000000000e+02
1.640000000000000000e+02
2.020000000000000000e+02
4.150000000000000000e+02
7.370000000000000000e+02
6.730000000000000000e+02
3.960000000000000000e+02
3.450000000000000000e+02
8.100000000000000000e+01
6.270000000000000000e+02
2.047000000000000000e+03
1.920000000000000000e+02
3.810000000000000000e+02
8.600000000000000000e+02
1.174000000000000000e+03
9.060000000000000000e+02
5.020000000000000000e+02
2.192000000000000000e+03
7.710000000000000000e+02
7.640000000000000000e+02
0.000000000000000000e+00
0.000000000000000000e+00
0.000000000000000000e+00
0.000000000000000000e+00
0.000000000000000000e+00
0.000000000000000000e+00
0.000000000000000000e+00
0.000000000000000000e+00
0.000000000000000000e+00
0.000000000000000000e+00
0.000000000000000000e+00
0.000000000000000000e+00
0.000000000000000000e+00
0.000000000000000000e+00
0.000000000000000000e+00
0.000000000000000000e+00
0.000000000000000000e+00
0.000000000000000000e+00
0.000000000000000000e+00
0.000000000000000000e+00
0.000000000000000000e+00
0.000000000000000000e+00
0.000000000000000000e+00
0.000000000000000000e+00
0.000000000000000000e+00
0.000000000000000000e+00
0.000000000000000000e+00
0.000000000000000000e+00
0.000000000000000000e+00
0.000000000000000000e+00
0.000000000000000000e+00
0.000000000000000000e+00
0.000000000000000000e+00
0.000000000000000000e+00
0.000000000000000000e+00
0.000000000000000000e+00
0.000000000000000000e+00
0.000000000000000000e+00
0.000000000000000000e+00
0.000000000000000000e+00
0.000000000000000000e+00
0.000000000000000000e+00
0.000000000000000000e+00
0.000000000000000000e+00
0.000000000000000000e+00
0.000000000000000000e+00
0.000000000000000000e+00
0.000000000000000000e+00
0.000000000000000000e+00
0.000000000000000000e+00
0.000000000000000000e+00
0.000000000000000000e+00
0.000000000000000000e+00
0.000000000000000000e+00
0.000000000000000000e+00
0.000000000000000000e+00
0.000000000000000000e+00
0.000000000000000000e+00
0.000000000000000000e+00
0.000000000000000000e+00
0.000000000000000000e+00
0.000000000000000000e+00
0.000000000000000000e+00
0.000000000000000000e+00
0.000000000000000000e+00
0.000000000000000000e+00
0.000000000000000000e+00
0.000000000000000000e+00
0.000000000000000000e+00
0.000000000000000000e+00
0.000000000000000000e+00
0.000000000000000000e+00
0.000000000000000000e+00
0.000000000000000000e+00
0.000000000000000000e+00
0.000000000000000000e+00
4.500000000000000000e+02
1.580000000000000000e+02
8.750000000000000000e+02
1.306000000000000000e+03
1.274000000000000000e+03
1.469000000000000000e+03
2.054000000000000000e+03
2.427000000000000000e+03
2.283000000000000000e+03
2.456000000000000000e+03
2.544000000000000000e+03
2.717000000000000000e+03
2.826000000000000000e+03
3.028000000000000000e+03
3.028000000000000000e+03
3.192000000000000000e+03
3.179000000000000000e+03
3.332000000000000000e+03
3.413000000000000000e+03
3.303000000000000000e+03
3.342000000000000000e+03
3.370000000000000000e+03
3.320000000000000000e+03
3.321000000000000000e+03
3.389000000000000000e+03
3.241000000000000000e+03
3.384000000000000000e+03
3.287000000000000000e+03
3.315000000000000000e+03
3.284000000000000000e+03
3.293000000000000000e+03
3.135000000000000000e+03
3.055000000000000000e+03
3.055000000000000000e+03
3.057000000000000000e+03
3.056000000000000000e+03
3.130000000000000000e+03
2.639000000000000000e+03
2.757000000000000000e+03
2.702000000000000000e+03
2.594000000000000000e+03
2.659000000000000000e+03
2.561000000000000000e+03
2.544000000000000000e+03
2.465000000000000000e+03
2.364000000000000000e+03
2.286000000000000000e+03
2.278000000000000000e+03
2.277000000000000000e+03
2.091000000000000000e+03
2.109000000000000000e+03
2.090000000000000000e+03
1.942000000000000000e+03
1.899000000000000000e+03
1.867000000000000000e+03
1.700000000000000000e+03
1.814000000000000000e+03
1.596000000000000000e+03
1.663000000000000000e+03
1.571000000000000000e+03
1.477000000000000000e+03
1.506000000000000000e+03
1.421000000000000000e+03
1.395000000000000000e+03
1.305000000000000000e+03
1.321000000000000000e+03
1.261000000000000000e+03
1.203000000000000000e+03
1.197000000000000000e+03
1.142000000000000000e+03
1.161000000000000000e+03
1.108000000000000000e+03
9.870000000000000000e+02
9.870000000000000000e+02
1.010000000000000000e+03
9.810000000000000000e+02
9.180000000000000000e+02
9.210000000000000000e+02
8.650000000000000000e+02
7.640000000000000000e+02
7.720000000000000000e+02
7.830000000000000000e+02
6.850000000000000000e+02
7.260000000000000000e+02
7.750000000000000000e+02
5.740000000000000000e+02
7.250000000000000000e+02
6.040000000000000000e+02
6.340000000000000000e+02
5.940000000000000000e+02
5.930000000000000000e+02
5.120000000000000000e+02
5.200000000000000000e+02
5.230000000000000000e+02
5.210000000000000000e+02
4.950000000000000000e+02
5.350000000000000000e+02
4.300000000000000000e+02
4.670000000000000000e+02
4.330000000000000000e+02
4.290000000000000000e+02
4.390000000000000000e+02
3.980000000000000000e+02
4.110000000000000000e+02
3.900000000000000000e+02
3.740000000000000000e+02
3.670000000000000000e+02
3.810000000000000000e+02
3.340000000000000000e+02
3.450000000000000000e+02
3.010000000000000000e+02
3.010000000000000000e+02
2.770000000000000000e+02
2.780000000000000000e+02
2.930000000000000000e+02
3.160000000000000000e+02
3.160000000000000000e+02
2.610000000000000000e+02
2.560000000000000000e+02
2.570000000000000000e+02
2.490000000000000000e+02
2.490000000000000000e+02
2.100000000000000000e+02
2.210000000000000000e+02
2.120000000000000000e+02
1.850000000000000000e+02
2.530000000000000000e+02
1.660000000000000000e+02
1.580000000000000000e+02
2.380000000000000000e+02
1.820000000000000000e+02
1.590000000000000000e+02
1.760000000000000000e+02
1.510000000000000000e+02
1.480000000000000000e+02
1.750000000000000000e+02
1.390000000000000000e+02
1.310000000000000000e+02
1.360000000000000000e+02
1.400000000000000000e+02
1.350000000000000000e+02
1.160000000000000000e+02
1.310000000000000000e+02
1.400000000000000000e+02
1.180000000000000000e+02
1.050000000000000000e+02
1.000000000000000000e+02
1.080000000000000000e+02
1.220000000000000000e+02
1.070000000000000000e+02
1.020000000000000000e+02
8.900000000000000000e+01
9.400000000000000000e+01
8.200000000000000000e+01
9.900000000000000000e+01
9.700000000000000000e+01
9.000000000000000000e+01
8.500000000000000000e+01
9.000000000000000000e+01
8.000000000000000000e+01
1.020000000000000000e+02
8.200000000000000000e+01
7.600000000000000000e+01
8.700000000000000000e+01
6.300000000000000000e+01
7.200000000000000000e+01
6.900000000000000000e+01
5.300000000000000000e+01
8.300000000000000000e+01
6.600000000000000000e+01
8.800000000000000000e+01
5.500000000000000000e+01
5.900000000000000000e+01
6.700000000000000000e+01
6.600000000000000000e+01
5.400000000000000000e+01
5.900000000000000000e+01
6.800000000000000000e+01
6.300000000000000000e+01
8.100000000000000000e+01
6.800000000000000000e+01
8.000000000000000000e+01
6.700000000000000000e+01
7.700000000000000000e+01
6.400000000000000000e+01
6.500000000000000000e+01
6.200000000000000000e+01
7.000000000000000000e+01
8.100000000000000000e+01
6.900000000000000000e+01
7.600000000000000000e+01
9.300000000000000000e+01
8.400000000000000000e+01
8.000000000000000000e+01
7.200000000000000000e+01
8.300000000000000000e+01
9.500000000000000000e+01
6.800000000000000000e+01
7.100000000000000000e+01
6.000000000000000000e+01
7.000000000000000000e+01
7.400000000000000000e+01
6.100000000000000000e+01
6.700000000000000000e+01
5.700000000000000000e+01
7.400000000000000000e+01
6.100000000000000000e+01
4.600000000000000000e+01
6.500000000000000000e+01
5.700000000000000000e+01
4.800000000000000000e+01
6.900000000000000000e+01
4.800000000000000000e+01
4.800000000000000000e+01
4.400000000000000000e+01
3.400000000000000000e+01
4.800000000000000000e+01
4.500000000000000000e+01
3.600000000000000000e+01
5.600000000000000000e+01
4.100000000000000000e+01
5.800000000000000000e+01
4.300000000000000000e+01
4.100000000000000000e+01
4.200000000000000000e+01
4.600000000000000000e+01
3.700000000000000000e+01
4.600000000000000000e+01
3.900000000000000000e+01
4.600000000000000000e+01
4.300000000000000000e+01
5.200000000000000000e+01
3.400000000000000000e+01
3.900000000000000000e+01
3.400000000000000000e+01
4.600000000000000000e+01
4.300000000000000000e+01
4.400000000000000000e+01
4.300000000000000000e+01
6.200000000000000000e+01
4.000000000000000000e+01
4.600000000000000000e+01
5.600000000000000000e+01
4.600000000000000000e+01
5.800000000000000000e+01
4.100000000000000000e+01
4.600000000000000000e+01
5.800000000000000000e+01
5.300000000000000000e+01
5.000000000000000000e+01
6.100000000000000000e+01
5.000000000000000000e+01
4.000000000000000000e+01
5.100000000000000000e+01
1.000000000000000000e+00
1.279000000000000000e+03
2.000000000000000000e+00
1.000000000000000000e+00
4.000000000000000000e+00
5.000000000000000000e+00
7.000000000000000000e+00
1.000000000000000000e+01
1.000000000000000000e+00
1.300000000000000000e+01
5.000000000000000000e+00
1.100000000000000000e+01
8.000000000000000000e+00
1.500000000000000000e+01
1.700000000000000000e+01
5.000000000000000000e+00
1.600000000000000000e+01
1.900000000000000000e+01
2.200000000000000000e+01
1.700000000000000000e+01
1.800000000000000000e+01
1.700000000000000000e+01
1.800000000000000000e+01
1.600000000000000000e+01
1.700000000000000000e+01
2.700000000000000000e+01
2.300000000000000000e+01
4.100000000000000000e+01
2.900000000000000000e+01
4.500000000000000000e+01
3.900000000000000000e+01
4.500000000000000000e+01
4.300000000000000000e+01
4.300000000000000000e+01
4.600000000000000000e+01
5.600000000000000000e+01
4.600000000000000000e+01
5.400000000000000000e+01
5.500000000000000000e+01
5.700000000000000000e+01
5.500000000000000000e+01
6.400000000000000000e+01
5.500000000000000000e+01
7.600000000000000000e+01
8.600000000000000000e+01
6.500000000000000000e+01
8.200000000000000000e+01
8.200000000000000000e+01
8.800000000000000000e+01
9.200000000000000000e+01
1.190000000000000000e+02
1.120000000000000000e+02
1.100000000000000000e+02
9.900000000000000000e+01
1.230000000000000000e+02
1.230000000000000000e+02
1.340000000000000000e+02
1.320000000000000000e+02
1.270000000000000000e+02
1.490000000000000000e+02
1.380000000000000000e+02
1.490000000000000000e+02
1.660000000000000000e+02
1.710000000000000000e+02
1.930000000000000000e+02
1.710000000000000000e+02
1.960000000000000000e+02
2.080000000000000000e+02
2.260000000000000000e+02
2.240000000000000000e+02
2.640000000000000000e+02
2.470000000000000000e+02
2.580000000000000000e+02
2.610000000000000000e+02
2.740000000000000000e+02
3.210000000000000000e+02
3.230000000000000000e+02
3.400000000000000000e+02
3.330000000000000000e+02
3.650000000000000000e+02
3.470000000000000000e+02
4.020000000000000000e+02
4.110000000000000000e+02
4.080000000000000000e+02
4.460000000000000000e+02
4.720000000000000000e+02
5.140000000000000000e+02
5.220000000000000000e+02
5.070000000000000000e+02
5.120000000000000000e+02
5.660000000000000000e+02
6.190000000000000000e+02
6.320000000000000000e+02
6.160000000000000000e+02
6.250000000000000000e+02
7.280000000000000000e+02
7.260000000000000000e+02
7.660000000000000000e+02
7.570000000000000000e+02
7.940000000000000000e+02
8.080000000000000000e+02
8.020000000000000000e+02
8.440000000000000000e+02
8.760000000000000000e+02
8.650000000000000000e+02
9.370000000000000000e+02
9.380000000000000000e+02
9.920000000000000000e+02
1.031000000000000000e+03
1.090000000000000000e+03
1.073000000000000000e+03
1.123000000000000000e+03
1.122000000000000000e+03
1.195000000000000000e+03
1.142000000000000000e+03
1.255000000000000000e+03
1.201000000000000000e+03
1.287000000000000000e+03
1.297000000000000000e+03
1.334000000000000000e+03
1.372000000000000000e+03
1.318000000000000000e+03
1.415000000000000000e+03
1.393000000000000000e+03
1.348000000000000000e+03
1.383000000000000000e+03
1.397000000000000000e+03
1.445000000000000000e+03
1.453000000000000000e+03
1.477000000000000000e+03
1.536000000000000000e+03
1.476000000000000000e+03
1.512000000000000000e+03
1.518000000000000000e+03
1.549000000000000000e+03
1.471000000000000000e+03
1.507000000000000000e+03
1.489000000000000000e+03
1.509000000000000000e+03
1.596000000000000000e+03
1.614000000000000000e+03
1.571000000000000000e+03
1.550000000000000000e+03
1.547000000000000000e+03
1.517000000000000000e+03
1.533000000000000000e+03
1.556000000000000000e+03
1.598000000000000000e+03
1.560000000000000000e+03
1.526000000000000000e+03
1.516000000000000000e+03
1.565000000000000000e+03
1.526000000000000000e+03
1.515000000000000000e+03
1.492000000000000000e+03
1.505000000000000000e+03
1.425000000000000000e+03
1.456000000000000000e+03
1.460000000000000000e+03
1.512000000000000000e+03
1.557000000000000000e+03
1.561000000000000000e+03
1.369000000000000000e+03
1.454000000000000000e+03
1.450000000000000000e+03
1.400000000000000000e+03
1.412000000000000000e+03
1.387000000000000000e+03
1.389000000000000000e+03
1.427000000000000000e+03
1.439000000000000000e+03
1.359000000000000000e+03
1.382000000000000000e+03
1.410000000000000000e+03
1.390000000000000000e+03
1.419000000000000000e+03
1.430000000000000000e+03
1.361000000000000000e+03
1.360000000000000000e+03
1.381000000000000000e+03
1.356000000000000000e+03
1.323000000000000000e+03
1.277000000000000000e+03
1.351000000000000000e+03
1.334000000000000000e+03
1.297000000000000000e+03
1.238000000000000000e+03
1.246000000000000000e+03
1.336000000000000000e+03
1.277000000000000000e+03
1.347000000000000000e+03
1.270000000000000000e+03
1.275000000000000000e+03
1.265000000000000000e+03
1.272000000000000000e+03
1.308000000000000000e+03
1.243000000000000000e+03
1.271000000000000000e+03
1.273000000000000000e+03
1.239000000000000000e+03
1.270000000000000000e+03
1.328000000000000000e+03
1.236000000000000000e+03
1.238000000000000000e+03
1.197000000000000000e+03
1.216000000000000000e+03
1.260000000000000000e+03
1.189000000000000000e+03
1.236000000000000000e+03
1.158000000000000000e+03
1.223000000000000000e+03
1.130000000000000000e+03
1.150000000000000000e+03
1.185000000000000000e+03
1.117000000000000000e+03
1.096000000000000000e+03
1.087000000000000000e+03
1.072000000000000000e+03
1.125000000000000000e+03
1.082000000000000000e+03
1.056000000000000000e+03
1.038000000000000000e+03
1.006000000000000000e+03
9.820000000000000000e+02
9.710000000000000000e+02
9.400000000000000000e+02
9.160000000000000000e+02
8.420000000000000000e+02
8.690000000000000000e+02
9.060000000000000000e+02
8.460000000000000000e+02
8.380000000000000000e+02
7.490000000000000000e+02
7.860000000000000000e+02
7.070000000000000000e+02
7.480000000000000000e+02
6.870000000000000000e+02
6.510000000000000000e+02
6.350000000000000000e+02
5.940000000000000000e+02
6.270000000000000000e+02
5.750000000000000000e+02
5.630000000000000000e+02
5.360000000000000000e+02
5.180000000000000000e+02
4.990000000000000000e+02
4.640000000000000000e+02
4.410000000000000000e+02
4.410000000000000000e+02
4.290000000000000000e+02
3.480000000000000000e+02
3.790000000000000000e+02
3.590000000000000000e+02
3.390000000000000000e+02
3.600000000000000000e+02
3.380000000000000000e+02
3.410000000000000000e+02
2.942000000000000000e+03
