7.990000000000000000e+02
2.000000000000000000e+00
9.000000000000000000e+00
2.500000000000000000e+01
3.000000000000000000e+00
4.500000000000000000e+01
2.530000000000000000e+02
8.000000000000000000e+00
1.200000000000000000e+02
2.000000000000000000e+01
3.200000000000000000e+01
1.940000000000000000e+02
2.900000000000000000e+01
9.250000000000000000e+02
2.190000000000000000e+02
1.890000000000000000e+02
9.280000000000000000e+02
1.380000000000000000e+02
2.760000000000000000e+02
1.266000000000000000e+03
7.710000000000000000e+02
2.108000000000000000e+03
4.760000000000000000e+02
9.730000000000000000e+02
1.366000000000000000e+03
1.902000000000000000e+03
5.830000000000000000e+02
8.740000000000000000e+02
1.585000000000000000e+03
2.108000000000000000e+03
9.450000000000000000e+03
4.866000000000000000e+03
5.039000000000000000e+03
1.068900000000000000e+04
1.181500000000000000e+04
1.658800000000000000e+04
9.797000000000000000e+03
1.355700000000000000e+04
5.448000000000000000e+03
8.979000000000000000e+03
6.417000000000000000e+03
3.861000000000000000e+03
4.386000000000000000e+03
2.827000000000000000e+03
8.910000000000000000e+02
6.090000000000000000e+02
4.390000000000000000e+02
1.490000000000000000e+02
1.920000000000000000e+02
2.500000000000000000e+01
1.899000000000000000e+03
4.290000000000000000e+02
6.700000000000000000e+01
1.400000000000000000e+01
2.500000000000000000e+01
8.160000000000000000e+02
1.300000000000000000e+02
3.600000000000000000e+01
1.200000000000000000e+01
1.600000000000000000e+01
3.750000000000000000e+02
1.000000000000000000e+01
7.000000000000000000e+00
5.000000000000000000e+01
5.000000000000000000e+00
1.600000000000000000e+01
1.522000000000000000e+03
2.800000000000000000e+01
1.600000000000000000e+01
4.400000000000000000e+01
6.450000000000000000e+02
2.300000000000000000e+01
1.700000000000000000e+01
1.810000000000000000e+02
8.200000000000000000e+01
9.960000000000000000e+02
4.500000000000000000e+01
2.200000000000000000e+01
1.000000000000000000e+00
1.910000000000000000e+02
1.397000000000000000e+03
2.600000000000000000e+01
2.000000000000000000e+00
1.094000000000000000e+03
4.490000000000000000e+02
2.190000000000000000e+02
1.000000000000000000e+01
9.260000000000000000e+02
4.880000000000000000e+02
1.000000000000000000e+02
2.406000000000000000e+03
2.930000000000000000e+02
5.270000000000000000e+02
1.061000000000000000e+03
2.350000000000000000e+02
4.029000000000000000e+03
1.763000000000000000e+03
9.210000000000000000e+02
4.313000000000000000e+03
3.778000000000000000e+03
4.890000000000000000e+03
7.166000000000000000e+03
4.565000000000000000e+03
4.812000000000000000e+03
1.563000000000000000e+03
2.075000000000000000e+03
1.306000000000000000e+03
7.950000000000000000e+02
3.810000000000000000e+02
1.122000000000000000e+03
1.232000000000000000e+03
7.560000000000000000e+02
2.570000000000000000e+02
2.790000000000000000e+02
5.590000000000000000e+02
3.260000000000000000e+02
1.070000000000000000e+02
2.000000000000000000e+00
1.100000000000000000e+01
0.000000000000000000e+00
5.540000000000000000e+02
0.000000000000000000e+00
1.300000000000000000e+01
1.000000000000000000e+00
4.900000000000000000e+01
1.190000000000000000e+02
2.270000000000000000e+02
0.000000000000000000e+00
4.000000000000000000e+00
0.000000000000000000e+00
1.900000000000000000e+01
0.000000000000000000e+00
7.800000000000000000e+01
4.100000000000000000e+01
0.000000000000000000e+00
3.000000000000000000e+00
1.000000000000000000e+00
0.000000000000000000e+00
1.000000000000000000e+01
0.000000000000000000e+00
1.170000000000000000e+02
1.400000000000000000e+01
3.000000000000000000e+00
0.000000000000000000e+00
0.000000000000000000e+00
2.100000000000000000e+01
1.200000000000000000e+01
3.000000000000000000e+00
0.000000000000000000e+00
0.000000000000000000e+00
1.900000000000000000e+01
0.000000000000000000e+00
0.000000000000000000e+00
0.000000000000000000e+00
0.000000000000000000e+00
0.000000000000000000e+00
6.100000000000000000e+01
1.000000000000000000e+00
4.000000000000000000e+00
2.000000000000000000e+00
1.600000000000000000e+01
0.000000000000000000e+00
0.000000000000000000e+00
1.500000000000000000e+01
6.000000000000000000e+00
1.880000000000000000e+02
0.000000000000000000e+00
1.000000000000000000e+00
0.000000000000000000e+00
7.000000000000000000e+00
5.700000000000000000e+01
0.000000000000000000e+00
0.000000000000000000e+00
6.900000000000000000e+01
0.000000000000000000e+00
5.000000000000000000e+00
2.000000000000000000e+00
4.300000000000000000e+01
2.000000000000000000e+00
2.000000000000000000e+00
0.000000000000000000e+00
0.000000000000000000e+00
0.000000000000000000e+00
0.000000000000000000e+00
0.000000000000000000e+00
0.000000000000000000e+00
0.000000000000000000e+00
0.000000000000000000e+00
0.000000000000000000e+00
0.000000000000000000e+00
0.000000000000000000e+00
0.000000000000000000e+00
0.000000000000000000e+00
0.000000000000000000e+00
0.000000000000000000e+00
0.000000000000000000e+00
0.000000000000000000e+00
0.000000000000000000e+00
0.000000000000000000e+00
0.000000000000000000e+00
0.000000000000000000e+00
0.000000000000000000e+00
0.000000000000000000e+00
0.000000000000000000e+00
0.000000000000000000e+00
0.000000000000000000e+00
0.000000000000000000e+00
0.000000000000000000e+00
0.000000000000000000e+00
0.000000000000000000e+00
0.000000000000000000e+00
0.000000000000000000e+00
0.000000000000000000e+00
0.000000000000000000e+00
0.000000000000000000e+00
0.000000000000000000e+00
0.000000000000000000e+00
0.000000000000000000e+00
0.000000000000000000e+00
0.000000000000000000e+00
0.000000000000000000e+00
0.000000000000000000e+00
0.000000000000000000e+00
0.000000000000000000e+00
0.000000000000000000e+00
0.000000000000000000e+00
0.000000000000000000e+00
0.000000000000000000e+00
0.000000000000000000e+00
0.000000000000000000e+00
0.000000000000000000e+00
0.000000000000000000e+00
0.000000000000000000e+00
0.000000000000000000e+00
0.000000000000000000e+00
0.000000000000000000e+00
0.000000000000000000e+00
0.000000000000000000e+00
0.000000000000000000e+00
0.000000000000000000e+00
0.000000000000000000e+00
0.000000000000000000e+00
0.000000000000000000e+00
0.000000000000000000e+00
0.000000000000000000e+00
0.000000000000000000e+00
0.000000000000000000e+00
0.000000000000000000e+00
0.000000000000000000e+00
0.000000000000000000e+00
0.000000000000000000e+00
0.000000000000000000e+00
0.000000000000000000e+00
0.000000000000000000e+00
0.000000000000000000e+00
0.000000000000000000e+00
6.890000000000000000e+02
5.000000000000000000e+00
5.000000000000000000e+00
4.800000000000000000e+01
1.406000000000000000e+03
5.150000000000000000e+02
1.396000000000000000e+03
4.550000000000000000e+02
5.660000000000000000e+02
1.826000000000000000e+03
2.778000000000000000e+03
2.714000000000000000e+03
2.323000000000000000e+03
2.038000000000000000e+03
1.461000000000000000e+03
1.174000000000000000e+03
1.401000000000000000e+03
1.489000000000000000e+03
1.244000000000000000e+03
1.135000000000000000e+03
1.075000000000000000e+03
1.160000000000000000e+03
1.047000000000000000e+03
1.028000000000000000e+03
9.260000000000000000e+02
9.250000000000000000e+02
1.028000000000000000e+03
8.810000000000000000e+02
9.140000000000000000e+02
8.920000000000000000e+02
1.000000000000000000e+03
9.840000000000000000e+02
1.117000000000000000e+03
1.054000000000000000e+03
1.127000000000000000e+03
1.162000000000000000e+03
1.306000000000000000e+03
1.019000000000000000e+03
1.281000000000000000e+03
1.145000000000000000e+03
1.251000000000000000e+03
1.149000000000000000e+03
9.820000000000000000e+02
1.258000000000000000e+03
1.053000000000000000e+03
9.890000000000000000e+02
1.060000000000000000e+03
9.050000000000000000e+02
9.860000000000000000e+02
9.400000000000000000e+02
8.880000000000000000e+02
1.001000000000000000e+03
7.990000000000000000e+02
9.580000000000000000e+02
8.990000000000000000e+02
9.510000000000000000e+02
1.022000000000000000e+03
1.017000000000000000e+03
1.169000000000000000e+03
1.188000000000000000e+03
1.227000000000000000e+03
1.453000000000000000e+03
1.592000000000000000e+03
1.598000000000000000e+03
1.908000000000000000e+03
1.711000000000000000e+03
2.011000000000000000e+03
2.329000000000000000e+03
2.390000000000000000e+03
2.621000000000000000e+03
2.914000000000000000e+03
3.320000000000000000e+03
3.076000000000000000e+03
4.065000000000000000e+03
4.401000000000000000e+03
4.377000000000000000e+03
4.563000000000000000e+03
4.792000000000000000e+03
5.097000000000000000e+03
5.022000000000000000e+03
4.973000000000000000e+03
4.859000000000000000e+03
4.341000000000000000e+03
5.048000000000000000e+03
3.498000000000000000e+03
5.245000000000000000e+03
3.421000000000000000e+03
3.915000000000000000e+03
3.810000000000000000e+03
3.316000000000000000e+03
3.052000000000000000e+03
2.682000000000000000e+03
2.323000000000000000e+03
2.256000000000000000e+03
2.040000000000000000e+03
1.767000000000000000e+03
1.641000000000000000e+03
1.538000000000000000e+03
1.215000000000000000e+03
8.240000000000000000e+02
7.150000000000000000e+02
5.180000000000000000e+02
4.460000000000000000e+02
3.200000000000000000e+02
2.590000000000000000e+02
3.000000000000000000e+02
3.130000000000000000e+02
2.380000000000000000e+02
2.000000000000000000e+02
2.320000000000000000e+02
1.530000000000000000e+02
1.370000000000000000e+02
1.300000000000000000e+02
1.490000000000000000e+02
1.100000000000000000e+02
1.130000000000000000e+02
1.480000000000000000e+02
8.700000000000000000e+01
1.070000000000000000e+02
1.200000000000000000e+02
1.220000000000000000e+02
7.900000000000000000e+01
7.200000000000000000e+01
7.100000000000000000e+01
5.200000000000000000e+01
5.000000000000000000e+01
3.100000000000000000e+01
6.200000000000000000e+01
1.740000000000000000e+02
1.900000000000000000e+01
3.700000000000000000e+01
3.700000000000000000e+01
4.000000000000000000e+01
3.900000000000000000e+01
5.600000000000000000e+01
3.500000000000000000e+01
6.000000000000000000e+01
4.000000000000000000e+01
3.500000000000000000e+01
4.700000000000000000e+01
2.700000000000000000e+01
2.400000000000000000e+01
4.000000000000000000e+01
4.900000000000000000e+01
2.800000000000000000e+01
2.100000000000000000e+01
6.300000000000000000e+01
2.200000000000000000e+01
4.200000000000000000e+01
2.600000000000000000e+01
2.200000000000000000e+01
3.800000000000000000e+01
1.300000000000000000e+01
6.100000000000000000e+01
1.300000000000000000e+01
3.000000000000000000e+01
3.400000000000000000e+01
4.100000000000000000e+01
4.500000000000000000e+01
4.000000000000000000e+01
1.300000000000000000e+01
2.300000000000000000e+01
4.100000000000000000e+01
1.500000000000000000e+01
2.700000000000000000e+01
4.400000000000000000e+01
2.400000000000000000e+01
3.200000000000000000e+01
1.300000000000000000e+01
6.000000000000000000e+00
1.380000000000000000e+02
9.000000000000000000e+00
1.600000000000000000e+01
5.000000000000000000e+01
2.700000000000000000e+01
3.500000000000000000e+01
3.000000000000000000e+01
5.900000000000000000e+01
1.300000000000000000e+01
5.100000000000000000e+01
3.300000000000000000e+01
4.100000000000000000e+01
5.800000000000000000e+01
1.700000000000000000e+01
5.300000000000000000e+01
6.900000000000000000e+01
3.100000000000000000e+01
3.700000000000000000e+01
3.600000000000000000e+01
6.900000000000000000e+01
1.200000000000000000e+01
1.270000000000000000e+02
7.000000000000000000e+00
4.100000000000000000e+01
6.500000000000000000e+01
2.600000000000000000e+01
7.100000000000000000e+01
5.100000000000000000e+01
4.300000000000000000e+01
1.100000000000000000e+01
8.000000000000000000e+01
5.300000000000000000e+01
5.200000000000000000e+01
7.000000000000000000e+00
8.100000000000000000e+01
5.000000000000000000e+00
5.900000000000000000e+01
2.300000000000000000e+01
4.700000000000000000e+01
8.400000000000000000e+01
1.100000000000000000e+01
6.400000000000000000e+01
5.000000000000000000e+00
8.600000000000000000e+01
6.600000000000000000e+01
3.000000000000000000e+01
5.400000000000000000e+01
3.600000000000000000e+01
1.000000000000000000e+00
1.050000000000000000e+02
6.300000000000000000e+01
2.800000000000000000e+01
6.700000000000000000e+01
5.000000000000000000e+01
7.000000000000000000e+01
4.200000000000000000e+01
1.400000000000000000e+01
5.400000000000000000e+01
3.900000000000000000e+01
1.500000000000000000e+01
8.800000000000000000e+01
7.100000000000000000e+01
6.600000000000000000e+01
5.400000000000000000e+01
6.300000000000000000e+01
3.100000000000000000e+01
4.000000000000000000e+00
2.600000000000000000e+01
1.000000000000000000e+01
1.300000000000000000e+01
1.500000000000000000e+01
4.400000000000000000e+01
1.390000000000000000e+02
9.100000000000000000e+01
5.700000000000000000e+01
2.800000000000000000e+01
2.100000000000000000e+01
3.000000000000000000e+00
1.000000000000000000e+00
4.000000000000000000e+00
1.000000000000000000e+00
0.000000000000000000e+00
1.000000000000000000e+00
0.000000000000000000e+00
0.000000000000000000e+00
1.147000000000000000e+03
0.000000000000000000e+00
1.100000000000000000e+01
4.000000000000000000e+00
1.600000000000000000e+01
2.000000000000000000e+01
2.300000000000000000e+01
2.600000000000000000e+01
4.300000000000000000e+01
3.800000000000000000e+01
9.700000000000000000e+01
1.230000000000000000e+02
1.830000000000000000e+02
2.360000000000000000e+02
2.220000000000000000e+02
2.930000000000000000e+02
3.190000000000000000e+02
3.730000000000000000e+02
4.660000000000000000e+02
5.100000000000000000e+02
5.030000000000000000e+02
5.170000000000000000e+02
5.640000000000000000e+02
5.570000000000000000e+02
5.530000000000000000e+02
5.460000000000000000e+02
5.320000000000000000e+02
5.070000000000000000e+02
4.850000000000000000e+02
4.500000000000000000e+02
4.280000000000000000e+02
4.060000000000000000e+02
3.940000000000000000e+02
3.630000000000000000e+02
3.270000000000000000e+02
3.020000000000000000e+02
2.770000000000000000e+02
2.390000000000000000e+02
2.450000000000000000e+02
2.660000000000000000e+02
2.540000000000000000e+02
2.650000000000000000e+02
2.710000000000000000e+02
2.750000000000000000e+02
2.700000000000000000e+02
2.370000000000000000e+02
2.580000000000000000e+02
2.230000000000000000e+02
2.370000000000000000e+02
2.290000000000000000e+02
2.310000000000000000e+02
2.360000000000000000e+02
2.360000000000000000e+02
2.180000000000000000e+02
2.160000000000000000e+02
2.180000000000000000e+02
2.130000000000000000e+02
2.230000000000000000e+02
2.450000000000000000e+02
2.160000000000000000e+02
2.690000000000000000e+02
2.180000000000000000e+02
2.360000000000000000e+02
2.200000000000000000e+02
2.210000000000000000e+02
2.470000000000000000e+02
2.370000000000000000e+02
2.190000000000000000e+02
2.340000000000000000e+02
2.610000000000000000e+02
2.530000000000000000e+02
2.840000000000000000e+02
2.440000000000000000e+02
2.600000000000000000e+02
2.890000000000000000e+02
3.130000000000000000e+02
3.130000000000000000e+02
3.580000000000000000e+02
3.730000000000000000e+02
4.270000000000000000e+02
4.330000000000000000e+02
4.630000000000000000e+02
4.890000000000000000e+02
5.230000000000000000e+02
5.510000000000000000e+02
5.800000000000000000e+02
5.780000000000000000e+02
5.850000000000000000e+02
6.110000000000000000e+02
6.270000000000000000e+02
6.460000000000000000e+02
6.390000000000000000e+02
6.410000000000000000e+02
6.620000000000000000e+02
6.540000000000000000e+02
6.310000000000000000e+02
6.860000000000000000e+02
6.560000000000000000e+02
6.870000000000000000e+02
6.710000000000000000e+02
7.190000000000000000e+02
7.210000000000000000e+02
7.430000000000000000e+02
7.170000000000000000e+02
7.650000000000000000e+02
7.930000000000000000e+02
8.220000000000000000e+02
8.220000000000000000e+02
8.120000000000000000e+02
8.570000000000000000e+02
9.130000000000000000e+02
9.250000000000000000e+02
9.170000000000000000e+02
9.350000000000000000e+02
1.030000000000000000e+03
1.086000000000000000e+03
1.098000000000000000e+03
1.200000000000000000e+03
1.172000000000000000e+03
1.264000000000000000e+03
1.281000000000000000e+03
1.262000000000000000e+03
1.326000000000000000e+03
1.348000000000000000e+03
1.363000000000000000e+03
1.415000000000000000e+03
1.314000000000000000e+03
1.366000000000000000e+03
1.322000000000000000e+03
1.388000000000000000e+03
1.299000000000000000e+03
1.299000000000000000e+03
1.315000000000000000e+03
1.260000000000000000e+03
1.206000000000000000e+03
1.235000000000000000e+03
1.048000000000000000e+03
1.034000000000000000e+03
1.046000000000000000e+03
9.770000000000000000e+02
8.520000000000000000e+02
7.580000000000000000e+02
7.450000000000000000e+02
6.440000000000000000e+02
5.830000000000000000e+02
5.310000000000000000e+02
4.930000000000000000e+02
4.420000000000000000e+02
4.190000000000000000e+02
3.740000000000000000e+02
3.100000000000000000e+02
2.790000000000000000e+02
2.500000000000000000e+02
2.090000000000000000e+02
2.060000000000000000e+02
2.040000000000000000e+02
1.750000000000000000e+02
1.490000000000000000e+02
1.270000000000000000e+02
1.530000000000000000e+02
1.470000000000000000e+02
1.130000000000000000e+02
1.110000000000000000e+02
1.080000000000000000e+02
1.040000000000000000e+02
8.600000000000000000e+01
9.700000000000000000e+01
8.700000000000000000e+01
9.000000000000000000e+01
9.900000000000000000e+01
1.090000000000000000e+02
8.600000000000000000e+01
1.060000000000000000e+02
9.700000000000000000e+01
1.190000000000000000e+02
1.240000000000000000e+02
1.140000000000000000e+02
1.260000000000000000e+02
1.180000000000000000e+02
1.440000000000000000e+02
1.170000000000000000e+02
1.310000000000000000e+02
1.560000000000000000e+02
1.980000000000000000e+02
2.110000000000000000e+02
2.680000000000000000e+02
2.990000000000000000e+02
3.370000000000000000e+02
4.220000000000000000e+02
5.140000000000000000e+02
6.400000000000000000e+02
7.850000000000000000e+02
8.630000000000000000e+02
8.220000000000000000e+02
9.170000000000000000e+02
1.054000000000000000e+03
1.272000000000000000e+03
1.467000000000000000e+03
1.697000000000000000e+03
1.972000000000000000e+03
2.252000000000000000e+03
2.388000000000000000e+03
2.739000000000000000e+03
2.988000000000000000e+03
3.217000000000000000e+03
3.509000000000000000e+03
3.691000000000000000e+03
3.833000000000000000e+03
3.897000000000000000e+03
3.992000000000000000e+03
4.024000000000000000e+03
4.032000000000000000e+03
4.219000000000000000e+03
4.526000000000000000e+03
4.493000000000000000e+03
4.393000000000000000e+03
4.263000000000000000e+03
3.922000000000000000e+03
3.555000000000000000e+03
3.169000000000000000e+03
2.680000000000000000e+03
2.201000000000000000e+03
2.001000000000000000e+03
1.754000000000000000e+03
1.680000000000000000e+03
1.580000000000000000e+03
1.410000000000000000e+03
1.286000000000000000e+03
1.125000000000000000e+03
9.610000000000000000e+02
8.590000000000000000e+02
8.350000000000000000e+02
7.190000000000000000e+02
7.030000000000000000e+02
5.370000000000000000e+02
4.420000000000000000e+02
4.020000000000000000e+02
3.630000000000000000e+02
3.670000000000000000e+02
3.230000000000000000e+02
2.910000000000000000e+02
2.200000000000000000e+02
1.950000000000000000e+02
2.030000000000000000e+02
1.910000000000000000e+02
1.500000000000000000e+02
1.330000000000000000e+02
1.290000000000000000e+02
1.460000000000000000e+02
1.180000000000000000e+02
1.330000000000000000e+02
1.350000000000000000e+02
1.380000000000000000e+02
1.220000000000000000e+02
1.280000000000000000e+02
1.490000000000000000e+02
7.200000000000000000e+02
