7.986000000000000000e+03
2.064000000000000000e+03
2.147000000000000000e+03
2.088000000000000000e+03
2.940000000000000000e+03
3.409000000000000000e+03
3.405000000000000000e+03
2.535000000000000000e+03
3.469000000000000000e+03
2.455000000000000000e+03
2.178000000000000000e+03
2.434000000000000000e+03
2.178000000000000000e+03
2.350000000000000000e+03
1.649000000000000000e+03
9.130000000000000000e+02
5.600000000000000000e+02
3.050000000000000000e+02
1.930000000000000000e+02
2.250000000000000000e+02
2.440000000000000000e+02
1.860000000000000000e+02
9.500000000000000000e+01
1.000000000000000000e+02
1.020000000000000000e+02
8.200000000000000000e+01
7.700000000000000000e+01
1.200000000000000000e+01
1.900000000000000000e+01
8.000000000000000000e+00
2.520000000000000000e+02
0.000000000000000000e+00
1.300000000000000000e+01
0.000000000000000000e+00
3.500000000000000000e+01
8.900000000000000000e+01
7.200000000000000000e+01
0.000000000000000000e+00
2.300000000000000000e+01
6.000000000000000000e+00
1.200000000000000000e+01
0.000000000000000000e+00
3.800000000000000000e+01
2.600000000000000000e+01
0.000000000000000000e+00
4.600000000000000000e+01
3.000000000000000000e+00
0.000000000000000000e+00
1.300000000000000000e+01
0.000000000000000000e+00
6.100000000000000000e+01
9.000000000000000000e+00
5.000000000000000000e+00
0.000000000000000000e+00
0.000000000000000000e+00
1.800000000000000000e+01
3.000000000000000000e+00
1.000000000000000000e+00
0.000000000000000000e+00
0.000000000000000000e+00
1.039000000000000000e+03
0.000000000000000000e+00
0.000000000000000000e+00
1.000000000000000000e+00
2.000000000000000000e+00
1.000000000000000000e+00
3.500000000000000000e+01
0.000000000000000000e+00
1.000000000000000000e+00
3.000000000000000000e+00
1.900000000000000000e+01
0.000000000000000000e+00
7.000000000000000000e+00
7.000000000000000000e+00
6.000000000000000000e+00
1.430000000000000000e+02
1.000000000000000000e+00
1.000000000000000000e+00
0.000000000000000000e+00
4.000000000000000000e+00
1.230000000000000000e+02
1.000000000000000000e+00
1.000000000000000000e+00
9.100000000000000000e+01
1.200000000000000000e+01
7.000000000000000000e+00
5.000000000000000000e+00
4.000000000000000000e+01
1.000000000000000000e+00
3.000000000000000000e+00
1.580000000000000000e+02
3.000000000000000000e+00
1.300000000000000000e+01
3.100000000000000000e+01
1.500000000000000000e+01
1.140000000000000000e+02
2.140000000000000000e+02
3.000000000000000000e+01
2.520000000000000000e+02
1.750000000000000000e+02
3.350000000000000000e+02
1.008000000000000000e+03
1.507000000000000000e+03
7.602000000000000000e+03
8.800000000000000000e+03
4.251300000000000000e+04
2.468000000000000000e+04
2.934500000000000000e+04
2.448500000000000000e+04
5.074000000000000000e+03
4.976000000000000000e+03
2.607000000000000000e+03
2.274000000000000000e+03
8.520000000000000000e+02
1.849000000000000000e+03
6.910000000000000000e+02
1.269000000000000000e+03
1.830000000000000000e+02
2.950000000000000000e+02
2.700000000000000000e+02
2.227000000000000000e+03
3.200000000000000000e+01
5.050000000000000000e+02
2.180000000000000000e+02
4.420000000000000000e+02
9.210000000000000000e+02
2.790000000000000000e+02
2.050000000000000000e+02
5.130000000000000000e+02
1.670000000000000000e+02
2.790000000000000000e+02
6.100000000000000000e+01
3.090000000000000000e+02
5.030000000000000000e+02
6.900000000000000000e+01
4.060000000000000000e+02
2.730000000000000000e+02
1.600000000000000000e+01
6.620000000000000000e+02
8.200000000000000000e+01
4.570000000000000000e+02
4.170000000000000000e+02
3.410000000000000000e+02
1.420000000000000000e+02
2.080000000000000000e+02
2.750000000000000000e+02
3.530000000000000000e+02
2.050000000000000000e+02
1.370000000000000000e+02
3.000000000000000000e+01
3.430000000000000000e+02
2.900000000000000000e+01
2.030000000000000000e+02
2.480000000000000000e+02
6.000000000000000000e+01
1.750000000000000000e+02
5.530000000000000000e+02
2.950000000000000000e+02
1.760000000000000000e+02
3.880000000000000000e+02
3.950000000000000000e+02
1.990000000000000000e+02
2.940000000000000000e+02
3.160000000000000000e+02
5.390000000000000000e+02
5.380000000000000000e+02
3.910000000000000000e+02
5.600000000000000000e+02
2.820000000000000000e+02
3.670000000000000000e+02
1.347000000000000000e+03
3.720000000000000000e+02
6.900000000000000000e+02
9.010000000000000000e+02
1.291000000000000000e+03
1.007000000000000000e+03
8.300000000000000000e+02
1.556000000000000000e+03
1.291000000000000000e+03
1.346000000000000000e+03
0.000000000000000000e+00
0.000000000000000000e+00
0.000000000000000000e+00
0.000000000000000000e+00
0.000000000000000000e+00
0.000000000000000000e+00
0.000000000000000000e+00
0.000000000000000000e+00
0.000000000000000000e+00
0.000000000000000000e+00
0.000000000000000000e+00
0.000000000000000000e+00
0.000000000000000000e+00
0.000000000000000000e+00
0.000000000000000000e+00
0.000000000000000000e+00
0.000000000000000000e+00
0.000000000000000000e+00
0.000000000000000000e+00
0.000000000000000000e+00
0.000000000000000000e+00
0.000000000000000000e+00
0.000000000000000000e+00
0.000000000000000000e+00
0.000000000000000000e+00
0.000000000000000000e+00
0.000000000000000000e+00
0.000000000000000000e+00
0.000000000000000000e+00
0.000000000000000000e+00
0.000000000000000000e+00
0.000000000000000000e+00
0.000000000000000000e+00
0.000000000000000000e+00
0.000000000000000000e+00
0.000000000000000000e+00
0.000000000000000000e+00
0.000000000000000000e+00
0.000000000000000000e+00
0.000000000000000000e+00
0.000000000000000000e+00
0.000000000000000000e+00
0.000000000000000000e+00
0.000000000000000000e+00
0.000000000000000000e+00
0.000000000000000000e+00
0.000000000000000000e+00
0.000000000000000000e+00
0.000000000000000000e+00
0.000000000000000000e+00
0.000000000000000000e+00
0.000000000000000000e+00
0.000000000000000000e+00
0.000000000000000000e+00
0.000000000000000000e+00
0.000000000000000000e+00
0.000000000000000000e+00
0.000000000000000000e+00
0.000000000000000000e+00
0.000000000000000000e+00
0.000000000000000000e+00
0.000000000000000000e+00
0.000000000000000000e+00
0.000000000000000000e+00
0.000000000000000000e+00
0.000000000000000000e+00
0.000000000000000000e+00
0.000000000000000000e+00
0.000000000000000000e+00
0.000000000000000000e+00
0.000000000000000000e+00
0.000000000000000000e+00
0.000000000000000000e+00
0.000000000000000000e+00
0.000000000000000000e+00
0.000000000000000000e+00
1.070000000000000000e+03
2.000000000000000000e+00
1.300000000000000000e+01
5.200000000000000000e+01
8.800000000000000000e+01
8.100000000000000000e+01
9.200000000000000000e+01
1.700000000000000000e+02
1.980000000000000000e+02
2.970000000000000000e+02
2.910000000000000000e+02
3.850000000000000000e+02
3.240000000000000000e+02
3.510000000000000000e+02
4.880000000000000000e+02
5.810000000000000000e+02
6.410000000000000000e+02
6.720000000000000000e+02
6.760000000000000000e+02
6.720000000000000000e+02
7.490000000000000000e+02
7.370000000000000000e+02
8.500000000000000000e+02
9.650000000000000000e+02
8.680000000000000000e+02
7.750000000000000000e+02
8.770000000000000000e+02
8.720000000000000000e+02
8.550000000000000000e+02
9.090000000000000000e+02
9.080000000000000000e+02
9.160000000000000000e+02
9.400000000000000000e+02
1.003000000000000000e+03
9.730000000000000000e+02
1.061000000000000000e+03
1.095000000000000000e+03
1.002000000000000000e+03
1.249000000000000000e+03
1.547000000000000000e+03
1.741000000000000000e+03
2.169000000000000000e+03
2.781000000000000000e+03
4.770000000000000000e+03
7.219000000000000000e+03
1.224300000000000000e+04
1.977500000000000000e+04
2.268600000000000000e+04
2.426700000000000000e+04
2.197900000000000000e+04
1.445000000000000000e+04
6.992000000000000000e+03
4.393000000000000000e+03
2.347000000000000000e+03
1.501000000000000000e+03
1.188000000000000000e+03
8.690000000000000000e+02
9.140000000000000000e+02
7.560000000000000000e+02
7.270000000000000000e+02
6.070000000000000000e+02
6.320000000000000000e+02
5.650000000000000000e+02
5.080000000000000000e+02
4.980000000000000000e+02
3.910000000000000000e+02
3.630000000000000000e+02
3.820000000000000000e+02
3.520000000000000000e+02
3.120000000000000000e+02
4.290000000000000000e+02
3.670000000000000000e+02
3.530000000000000000e+02
3.890000000000000000e+02
3.700000000000000000e+02
4.130000000000000000e+02
3.650000000000000000e+02
4.190000000000000000e+02
3.750000000000000000e+02
3.190000000000000000e+02
3.290000000000000000e+02
3.440000000000000000e+02
2.770000000000000000e+02
2.900000000000000000e+02
2.360000000000000000e+02
4.280000000000000000e+02
2.570000000000000000e+02
2.730000000000000000e+02
2.690000000000000000e+02
2.730000000000000000e+02
2.900000000000000000e+02
2.480000000000000000e+02
2.440000000000000000e+02
2.520000000000000000e+02
2.460000000000000000e+02
2.510000000000000000e+02
2.930000000000000000e+02
2.440000000000000000e+02
2.710000000000000000e+02
2.370000000000000000e+02
2.600000000000000000e+02
2.450000000000000000e+02
2.970000000000000000e+02
2.690000000000000000e+02
3.170000000000000000e+02
2.860000000000000000e+02
3.360000000000000000e+02
3.190000000000000000e+02
2.870000000000000000e+02
3.110000000000000000e+02
2.730000000000000000e+02
2.860000000000000000e+02
2.260000000000000000e+02
2.480000000000000000e+02
2.070000000000000000e+02
1.980000000000000000e+02
2.180000000000000000e+02
2.280000000000000000e+02
2.520000000000000000e+02
2.100000000000000000e+02
3.120000000000000000e+02
3.110000000000000000e+02
3.930000000000000000e+02
3.690000000000000000e+02
2.940000000000000000e+02
2.380000000000000000e+02
2.530000000000000000e+02
2.640000000000000000e+02
4.170000000000000000e+02
2.600000000000000000e+02
2.180000000000000000e+02
2.640000000000000000e+02
2.550000000000000000e+02
3.490000000000000000e+02
3.660000000000000000e+02
4.240000000000000000e+02
2.660000000000000000e+02
2.460000000000000000e+02
1.840000000000000000e+02
1.950000000000000000e+02
2.230000000000000000e+02
1.730000000000000000e+02
2.350000000000000000e+02
2.020000000000000000e+02
1.770000000000000000e+02
1.700000000000000000e+02
2.320000000000000000e+02
1.920000000000000000e+02
1.960000000000000000e+02
2.160000000000000000e+02
1.890000000000000000e+02
1.950000000000000000e+02
1.770000000000000000e+02
2.630000000000000000e+02
1.920000000000000000e+02
2.100000000000000000e+02
1.970000000000000000e+02
1.960000000000000000e+02
1.980000000000000000e+02
2.650000000000000000e+02
1.960000000000000000e+02
2.100000000000000000e+02
2.210000000000000000e+02
1.930000000000000000e+02
1.980000000000000000e+02
2.160000000000000000e+02
2.110000000000000000e+02
2.080000000000000000e+02
1.980000000000000000e+02
2.010000000000000000e+02
3.710000000000000000e+02
1.980000000000000000e+02
1.980000000000000000e+02
2.130000000000000000e+02
2.460000000000000000e+02
2.370000000000000000e+02
1.960000000000000000e+02
2.790000000000000000e+02
2.050000000000000000e+02
2.600000000000000000e+02
2.680000000000000000e+02
2.170000000000000000e+02
2.520000000000000000e+02
2.630000000000000000e+02
2.500000000000000000e+02
2.730000000000000000e+02
2.230000000000000000e+02
2.340000000000000000e+02
2.930000000000000000e+02
2.690000000000000000e+02
2.400000000000000000e+02
4.210000000000000000e+02
2.350000000000000000e+02
2.560000000000000000e+02
2.300000000000000000e+02
2.310000000000000000e+02
2.660000000000000000e+02
2.650000000000000000e+02
2.600000000000000000e+02
2.600000000000000000e+02
3.020000000000000000e+02
2.400000000000000000e+02
2.410000000000000000e+02
2.850000000000000000e+02
2.750000000000000000e+02
2.480000000000000000e+02
2.420000000000000000e+02
2.510000000000000000e+02
2.320000000000000000e+02
2.380000000000000000e+02
1.920000000000000000e+02
2.170000000000000000e+02
2.060000000000000000e+02
2.840000000000000000e+02
2.050000000000000000e+02
2.250000000000000000e+02
1.800000000000000000e+02
1.980000000000000000e+02
1.890000000000000000e+02
2.420000000000000000e+02
2.030000000000000000e+02
1.720000000000000000e+02
1.780000000000000000e+02
1.890000000000000000e+02
1.470000000000000000e+02
1.540000000000000000e+02
1.310000000000000000e+02
1.330000000000000000e+02
1.380000000000000000e+02
1.150000000000000000e+02
1.170000000000000000e+02
1.010000000000000000e+02
1.060000000000000000e+02
9.700000000000000000e+01
1.130000000000000000e+02
9.100000000000000000e+01
7.300000000000000000e+01
8.000000000000000000e+01
7.100000000000000000e+01
6.800000000000000000e+01
7.100000000000000000e+01
6.200000000000000000e+01
5.700000000000000000e+01
6.700000000000000000e+01
5.400000000000000000e+01
5.600000000000000000e+01
3.600000000000000000e+01
4.500000000000000000e+01
3.400000000000000000e+01
4.000000000000000000e+01
3.000000000000000000e+01
3.000000000000000000e+01
4.500000000000000000e+01
2.700000000000000000e+01
2.000000000000000000e+00
1.126500000000000000e+04
8.150000000000000000e+02
2.059000000000000000e+03
1.142000000000000000e+03
1.131000000000000000e+03
8.990000000000000000e+02
8.880000000000000000e+02
4.310000000000000000e+02
4.700000000000000000e+02
5.620000000000000000e+02
2.390000000000000000e+02
4.920000000000000000e+02
6.520000000000000000e+02
2.550000000000000000e+02
4.580000000000000000e+02
3.170000000000000000e+02
2.200000000000000000e+02
1.870000000000000000e+02
2.190000000000000000e+02
2.180000000000000000e+02
2.060000000000000000e+02
2.120000000000000000e+02
2.510000000000000000e+02
2.090000000000000000e+02
2.290000000000000000e+02
2.200000000000000000e+02
2.130000000000000000e+02
2.040000000000000000e+02
1.970000000000000000e+02
1.920000000000000000e+02
2.080000000000000000e+02
1.800000000000000000e+02
1.880000000000000000e+02
1.980000000000000000e+02
1.840000000000000000e+02
1.750000000000000000e+02
2.060000000000000000e+02
1.910000000000000000e+02
1.850000000000000000e+02
2.100000000000000000e+02
1.890000000000000000e+02
1.950000000000000000e+02
2.040000000000000000e+02
1.960000000000000000e+02
2.260000000000000000e+02
2.930000000000000000e+02
3.810000000000000000e+02
5.110000000000000000e+02
3.650000000000000000e+02
2.620000000000000000e+02
2.570000000000000000e+02
2.400000000000000000e+02
2.530000000000000000e+02
2.160000000000000000e+02
2.600000000000000000e+02
2.450000000000000000e+02
2.900000000000000000e+02
3.220000000000000000e+02
3.430000000000000000e+02
3.980000000000000000e+02
3.940000000000000000e+02
3.570000000000000000e+02
3.970000000000000000e+02
4.860000000000000000e+02
3.760000000000000000e+02
4.230000000000000000e+02
3.480000000000000000e+02
2.910000000000000000e+02
2.850000000000000000e+02
2.820000000000000000e+02
3.050000000000000000e+02
3.220000000000000000e+02
2.720000000000000000e+02
3.070000000000000000e+02
2.930000000000000000e+02
2.570000000000000000e+02
2.800000000000000000e+02
2.780000000000000000e+02
2.880000000000000000e+02
2.870000000000000000e+02
2.760000000000000000e+02
2.690000000000000000e+02
2.630000000000000000e+02
2.960000000000000000e+02
2.780000000000000000e+02
2.760000000000000000e+02
2.720000000000000000e+02
2.840000000000000000e+02
2.720000000000000000e+02
2.910000000000000000e+02
2.720000000000000000e+02
2.530000000000000000e+02
2.490000000000000000e+02
2.430000000000000000e+02
2.700000000000000000e+02
2.280000000000000000e+02
2.400000000000000000e+02
2.310000000000000000e+02
2.490000000000000000e+02
2.530000000000000000e+02
2.340000000000000000e+02
2.470000000000000000e+02
2.120000000000000000e+02
2.400000000000000000e+02
2.220000000000000000e+02
2.300000000000000000e+02
2.370000000000000000e+02
2.220000000000000000e+02
1.930000000000000000e+02
2.370000000000000000e+02
2.390000000000000000e+02
2.550000000000000000e+02
2.580000000000000000e+02
2.290000000000000000e+02
2.360000000000000000e+02
2.550000000000000000e+02
2.370000000000000000e+02
2.450000000000000000e+02
2.420000000000000000e+02
2.510000000000000000e+02
2.620000000000000000e+02
2.790000000000000000e+02
2.560000000000000000e+02
2.740000000000000000e+02
2.430000000000000000e+02
2.350000000000000000e+02
2.720000000000000000e+02
2.580000000000000000e+02
2.620000000000000000e+02
2.480000000000000000e+02
2.480000000000000000e+02
2.660000000000000000e+02
2.390000000000000000e+02
2.420000000000000000e+02
2.630000000000000000e+02
2.450000000000000000e+02
2.640000000000000000e+02
2.740000000000000000e+02
2.690000000000000000e+02
2.730000000000000000e+02
2.560000000000000000e+02
3.140000000000000000e+02
3.050000000000000000e+02
2.820000000000000000e+02
3.090000000000000000e+02
3.120000000000000000e+02
3.390000000000000000e+02
2.990000000000000000e+02
2.830000000000000000e+02
2.870000000000000000e+02
3.160000000000000000e+02
3.110000000000000000e+02
3.370000000000000000e+02
3.070000000000000000e+02
3.480000000000000000e+02
3.530000000000000000e+02
4.230000000000000000e+02
4.520000000000000000e+02
4.490000000000000000e+02
4.710000000000000000e+02
4.830000000000000000e+02
5.340000000000000000e+02
5.630000000000000000e+02
6.160000000000000000e+02
7.050000000000000000e+02
7.200000000000000000e+02
7.650000000000000000e+02
9.050000000000000000e+02
9.020000000000000000e+02
1.019000000000000000e+03
1.112000000000000000e+03
1.179000000000000000e+03
1.302000000000000000e+03
1.284000000000000000e+03
1.478000000000000000e+03
1.694000000000000000e+03
1.936000000000000000e+03
2.188000000000000000e+03
2.479000000000000000e+03
2.751000000000000000e+03
2.988000000000000000e+03
3.213000000000000000e+03
3.487000000000000000e+03
3.608000000000000000e+03
4.135000000000000000e+03
4.349000000000000000e+03
4.675000000000000000e+03
4.936000000000000000e+03
5.398000000000000000e+03
5.971000000000000000e+03
6.519000000000000000e+03
6.960000000000000000e+03
7.289000000000000000e+03
7.290000000000000000e+03
7.190000000000000000e+03
6.737000000000000000e+03
6.296000000000000000e+03
5.970000000000000000e+03
5.558000000000000000e+03
5.724000000000000000e+03
5.294000000000000000e+03
5.042000000000000000e+03
4.317000000000000000e+03
3.921000000000000000e+03
3.462000000000000000e+03
3.162000000000000000e+03
2.922000000000000000e+03
2.550000000000000000e+03
2.313000000000000000e+03
2.028000000000000000e+03
1.956000000000000000e+03
1.774000000000000000e+03
1.667000000000000000e+03
1.503000000000000000e+03
1.401000000000000000e+03
1.169000000000000000e+03
9.870000000000000000e+02
8.320000000000000000e+02
7.060000000000000000e+02
6.740000000000000000e+02
6.110000000000000000e+02
4.740000000000000000e+02
3.940000000000000000e+02
2.840000000000000000e+02
2.580000000000000000e+02
2.330000000000000000e+02
1.950000000000000000e+02
1.890000000000000000e+02
1.980000000000000000e+02
1.710000000000000000e+02
1.650000000000000000e+02
1.970000000000000000e+02
1.810000000000000000e+02
1.780000000000000000e+02
1.530000000000000000e+02
1.490000000000000000e+02
1.420000000000000000e+02
1.310000000000000000e+02
1.260000000000000000e+02
1.330000000000000000e+02
1.060000000000000000e+02
1.390000000000000000e+02
1.090000000000000000e+02
1.190000000000000000e+02
1.060000000000000000e+02
1.170000000000000000e+02
1.140000000000000000e+02
1.060000000000000000e+02
1.020000000000000000e+02
1.080000000000000000e+02
8.100000000000000000e+01
8.900000000000000000e+01
8.300000000000000000e+01
8.900000000000000000e+01
6.900000000000000000e+01
8.700000000000000000e+01
1.452000000000000000e+03
