9.498000000000000000e+03
7.980000000000000000e+02
9.030000000000000000e+02
9.700000000000000000e+02
1.496000000000000000e+03
2.294000000000000000e+03
2.526000000000000000e+03
1.694000000000000000e+03
3.878000000000000000e+03
3.082000000000000000e+03
3.124000000000000000e+03
3.738000000000000000e+03
2.417000000000000000e+03
3.050000000000000000e+03
1.587000000000000000e+03
2.518000000000000000e+03
2.027000000000000000e+03
2.305000000000000000e+03
1.645000000000000000e+03
1.756000000000000000e+03
1.877000000000000000e+03
1.302000000000000000e+03
1.456000000000000000e+03
1.246000000000000000e+03
1.374000000000000000e+03
8.690000000000000000e+02
1.443000000000000000e+03
1.023000000000000000e+03
1.482000000000000000e+03
2.378000000000000000e+03
2.472000000000000000e+03
1.148000000000000000e+03
1.462000000000000000e+03
1.316000000000000000e+03
1.342000000000000000e+03
1.917000000000000000e+03
1.204000000000000000e+03
1.137000000000000000e+03
1.432000000000000000e+03
1.667000000000000000e+03
1.679000000000000000e+03
9.730000000000000000e+02
6.370000000000000000e+02
5.370000000000000000e+02
3.070000000000000000e+02
5.570000000000000000e+02
2.680000000000000000e+02
2.110000000000000000e+02
3.060000000000000000e+02
1.650000000000000000e+02
5.290000000000000000e+02
2.550000000000000000e+02
1.940000000000000000e+02
2.140000000000000000e+02
1.770000000000000000e+02
2.410000000000000000e+02
2.060000000000000000e+02
1.580000000000000000e+02
1.380000000000000000e+02
1.220000000000000000e+02
2.992000000000000000e+03
1.110000000000000000e+02
7.700000000000000000e+01
1.620000000000000000e+02
1.020000000000000000e+02
1.040000000000000000e+02
2.450000000000000000e+02
1.030000000000000000e+02
1.050000000000000000e+02
1.460000000000000000e+02
1.350000000000000000e+02
9.300000000000000000e+01
9.100000000000000000e+01
1.750000000000000000e+02
1.270000000000000000e+02
6.990000000000000000e+02
1.460000000000000000e+02
2.190000000000000000e+02
1.730000000000000000e+02
1.130000000000000000e+02
3.570000000000000000e+02
2.160000000000000000e+02
3.770000000000000000e+02
9.700000000000000000e+02
3.754000000000000000e+03
1.372500000000000000e+04
2.506400000000000000e+04
1.490500000000000000e+04
3.045000000000000000e+03
5.200000000000000000e+02
5.000000000000000000e+02
1.540000000000000000e+02
1.230000000000000000e+02
1.170000000000000000e+02
1.030000000000000000e+02
1.720000000000000000e+02
2.410000000000000000e+02
4.800000000000000000e+01
1.590000000000000000e+02
9.700000000000000000e+01
1.220000000000000000e+02
2.360000000000000000e+02
1.060000000000000000e+02
3.370000000000000000e+02
1.570000000000000000e+02
3.660000000000000000e+02
2.350000000000000000e+02
2.820000000000000000e+02
2.120000000000000000e+02
3.150000000000000000e+02
5.800000000000000000e+02
3.280000000000000000e+02
2.900000000000000000e+02
2.340000000000000000e+02
3.900000000000000000e+02
1.910000000000000000e+02
2.800000000000000000e+02
2.400000000000000000e+01
2.900000000000000000e+01
1.800000000000000000e+01
2.098000000000000000e+03
0.000000000000000000e+00
1.240000000000000000e+02
2.700000000000000000e+01
2.110000000000000000e+02
3.640000000000000000e+02
2.590000000000000000e+02
2.000000000000000000e+01
1.590000000000000000e+02
3.900000000000000000e+01
1.130000000000000000e+02
7.000000000000000000e+00
1.950000000000000000e+02
1.770000000000000000e+02
3.000000000000000000e+00
2.940000000000000000e+02
1.100000000000000000e+01
7.000000000000000000e+00
9.900000000000000000e+01
8.000000000000000000e+00
3.360000000000000000e+02
1.230000000000000000e+02
5.100000000000000000e+01
4.200000000000000000e+01
3.200000000000000000e+01
1.800000000000000000e+02
1.030000000000000000e+02
3.700000000000000000e+01
5.000000000000000000e+00
2.000000000000000000e+00
5.120000000000000000e+02
0.000000000000000000e+00
2.100000000000000000e+01
5.600000000000000000e+01
9.000000000000000000e+00
6.100000000000000000e+01
3.260000000000000000e+02
4.000000000000000000e+01
1.150000000000000000e+02
9.000000000000000000e+01
3.320000000000000000e+02
5.400000000000000000e+01
6.200000000000000000e+01
1.530000000000000000e+02
2.870000000000000000e+02
5.090000000000000000e+02
1.250000000000000000e+02
8.100000000000000000e+01
1.400000000000000000e+01
2.560000000000000000e+02
7.020000000000000000e+02
6.600000000000000000e+01
5.300000000000000000e+01
4.280000000000000000e+02
4.130000000000000000e+02
2.540000000000000000e+02
1.900000000000000000e+02
7.540000000000000000e+02
2.760000000000000000e+02
4.110000000000000000e+02
0.000000000000000000e+00
0.000000000000000000e+00
0.000000000000000000e+00
0.000000000000000000e+00
0.000000000000000000e+00
0.000000000000000000e+00
0.000000000000000000e+00
0.000000000000000000e+00
0.000000000000000000e+00
0.000000000000000000e+00
0.000000000000000000e+00
0.000000000000000000e+00
0.000000000000000000e+00
0.000000000000000000e+00
0.000000000000000000e+00
0.000000000000000000e+00
0.000000000000000000e+00
0.000000000000000000e+00
0.000000000000000000e+00
0.000000000000000000e+00
0.000000000000000000e+00
0.000000000000000000e+00
0.000000000000000000e+00
0.000000000000000000e+00
0.000000000000000000e+00
0.000000000000000000e+00
0.000000000000000000e+00
0.000000000000000000e+00
0.000000000000000000e+00
0.000000000000000000e+00
0.000000000000000000e+00
0.000000000000000000e+00
0.000000000000000000e+00
0.000000000000000000e+00
0.000000000000000000e+00
0.000000000000000000e+00
0.000000000000000000e+00
0.000000000000000000e+00
0.000000000000000000e+00
0.000000000000000000e+00
0.000000000000000000e+00
0.000000000000000000e+00
0.000000000000000000e+00
0.000000000000000000e+00
0.000000000000000000e+00
0.000000000000000000e+00
0.000000000000000000e+00
0.000000000000000000e+00
0.000000000000000000e+00
0.000000000000000000e+00
0.000000000000000000e+00
0.000000000000000000e+00
0.000000000000000000e+00
0.000000000000000000e+00
0.000000000000000000e+00
0.000000000000000000e+00
0.000000000000000000e+00
0.000000000000000000e+00
0.000000000000000000e+00
0.000000000000000000e+00
0.000000000000000000e+00
0.000000000000000000e+00
0.000000000000000000e+00
0.000000000000000000e+00
0.000000000000000000e+00
0.000000000000000000e+00
0.000000000000000000e+00
0.000000000000000000e+00
0.000000000000000000e+00
0.000000000000000000e+00
0.000000000000000000e+00
0.000000000000000000e+00
0.000000000000000000e+00
0.000000000000000000e+00
0.000000000000000000e+00
0.000000000000000000e+00
3.807000000000000000e+03
2.240000000000000000e+02
3.810000000000000000e+02
2.610000000000000000e+02
3.730000000000000000e+02
4.830000000000000000e+02
3.770000000000000000e+02
4.530000000000000000e+02
3.960000000000000000e+02
4.820000000000000000e+02
4.900000000000000000e+02
5.700000000000000000e+02
6.030000000000000000e+02
5.850000000000000000e+02
5.560000000000000000e+02
5.700000000000000000e+02
5.890000000000000000e+02
5.890000000000000000e+02
5.610000000000000000e+02
5.640000000000000000e+02
5.720000000000000000e+02
6.030000000000000000e+02
5.540000000000000000e+02
5.840000000000000000e+02
5.990000000000000000e+02
5.620000000000000000e+02
6.240000000000000000e+02
5.570000000000000000e+02
6.060000000000000000e+02
5.690000000000000000e+02
6.060000000000000000e+02
6.420000000000000000e+02
5.800000000000000000e+02
6.260000000000000000e+02
5.740000000000000000e+02
5.550000000000000000e+02
6.570000000000000000e+02
5.430000000000000000e+02
5.860000000000000000e+02
6.010000000000000000e+02
6.020000000000000000e+02
5.860000000000000000e+02
5.700000000000000000e+02
6.110000000000000000e+02
5.460000000000000000e+02
5.410000000000000000e+02
6.000000000000000000e+02
6.010000000000000000e+02
6.270000000000000000e+02
5.930000000000000000e+02
5.880000000000000000e+02
6.100000000000000000e+02
5.910000000000000000e+02
5.880000000000000000e+02
5.370000000000000000e+02
5.840000000000000000e+02
6.180000000000000000e+02
6.500000000000000000e+02
6.130000000000000000e+02
6.220000000000000000e+02
6.690000000000000000e+02
7.150000000000000000e+02
6.770000000000000000e+02
8.290000000000000000e+02
9.480000000000000000e+02
9.120000000000000000e+02
1.045000000000000000e+03
8.740000000000000000e+02
8.550000000000000000e+02
7.620000000000000000e+02
9.180000000000000000e+02
8.760000000000000000e+02
7.930000000000000000e+02
9.390000000000000000e+02
9.440000000000000000e+02
9.750000000000000000e+02
9.430000000000000000e+02
1.139000000000000000e+03
1.094000000000000000e+03
9.280000000000000000e+02
9.910000000000000000e+02
1.185000000000000000e+03
1.073000000000000000e+03
1.147000000000000000e+03
9.120000000000000000e+02
1.253000000000000000e+03
9.860000000000000000e+02
1.234000000000000000e+03
1.305000000000000000e+03
1.254000000000000000e+03
1.518000000000000000e+03
1.462000000000000000e+03
1.329000000000000000e+03
1.299000000000000000e+03
1.523000000000000000e+03
1.387000000000000000e+03
1.274000000000000000e+03
1.197000000000000000e+03
1.441000000000000000e+03
1.328000000000000000e+03
1.249000000000000000e+03
1.331000000000000000e+03
1.148000000000000000e+03
1.261000000000000000e+03
1.401000000000000000e+03
1.341000000000000000e+03
1.413000000000000000e+03
1.252000000000000000e+03
1.051000000000000000e+03
1.293000000000000000e+03
1.073000000000000000e+03
1.178000000000000000e+03
1.159000000000000000e+03
1.239000000000000000e+03
1.509000000000000000e+03
1.302000000000000000e+03
1.541000000000000000e+03
1.583000000000000000e+03
1.976000000000000000e+03
1.849000000000000000e+03
2.578000000000000000e+03
1.961000000000000000e+03
2.246000000000000000e+03
2.028000000000000000e+03
1.592000000000000000e+03
1.694000000000000000e+03
1.149000000000000000e+03
1.097000000000000000e+03
1.724000000000000000e+03
8.980000000000000000e+02
1.107000000000000000e+03
6.920000000000000000e+02
7.620000000000000000e+02
8.860000000000000000e+02
6.430000000000000000e+02
6.420000000000000000e+02
6.180000000000000000e+02
5.490000000000000000e+02
5.090000000000000000e+02
5.130000000000000000e+02
4.310000000000000000e+02
3.940000000000000000e+02
4.180000000000000000e+02
3.720000000000000000e+02
3.170000000000000000e+02
2.860000000000000000e+02
3.340000000000000000e+02
2.840000000000000000e+02
2.760000000000000000e+02
2.580000000000000000e+02
2.500000000000000000e+02
2.150000000000000000e+02
2.320000000000000000e+02
3.300000000000000000e+02
1.980000000000000000e+02
2.290000000000000000e+02
1.930000000000000000e+02
2.130000000000000000e+02
1.870000000000000000e+02
2.990000000000000000e+02
1.880000000000000000e+02
1.730000000000000000e+02
2.290000000000000000e+02
1.520000000000000000e+02
1.910000000000000000e+02
1.930000000000000000e+02
1.770000000000000000e+02
1.670000000000000000e+02
1.380000000000000000e+02
1.510000000000000000e+02
7.550000000000000000e+02
1.320000000000000000e+02
1.390000000000000000e+02
1.710000000000000000e+02
1.760000000000000000e+02
1.390000000000000000e+02
1.400000000000000000e+02
2.040000000000000000e+02
1.250000000000000000e+02
1.920000000000000000e+02
1.310000000000000000e+02
1.470000000000000000e+02
2.920000000000000000e+02
1.430000000000000000e+02
1.670000000000000000e+02
2.020000000000000000e+02
1.160000000000000000e+02
1.540000000000000000e+02
1.720000000000000000e+02
1.260000000000000000e+02
1.240000000000000000e+02
4.370000000000000000e+02
7.500000000000000000e+01
1.330000000000000000e+02
1.250000000000000000e+02
1.390000000000000000e+02
1.560000000000000000e+02
1.230000000000000000e+02
1.840000000000000000e+02
1.180000000000000000e+02
1.730000000000000000e+02
1.170000000000000000e+02
1.200000000000000000e+02
1.340000000000000000e+02
2.450000000000000000e+02
8.800000000000000000e+01
1.580000000000000000e+02
1.400000000000000000e+02
1.220000000000000000e+02
1.630000000000000000e+02
1.430000000000000000e+02
1.300000000000000000e+02
9.100000000000000000e+01
3.390000000000000000e+02
1.440000000000000000e+02
1.310000000000000000e+02
1.370000000000000000e+02
1.500000000000000000e+02
8.400000000000000000e+01
2.720000000000000000e+02
1.220000000000000000e+02
1.380000000000000000e+02
1.300000000000000000e+02
1.880000000000000000e+02
1.440000000000000000e+02
1.370000000000000000e+02
1.090000000000000000e+02
1.870000000000000000e+02
1.540000000000000000e+02
9.600000000000000000e+01
1.890000000000000000e+02
1.740000000000000000e+02
1.610000000000000000e+02
1.490000000000000000e+02
1.850000000000000000e+02
1.570000000000000000e+02
1.130000000000000000e+02
1.590000000000000000e+02
1.450000000000000000e+02
1.390000000000000000e+02
1.650000000000000000e+02
1.340000000000000000e+02
1.530000000000000000e+02
1.790000000000000000e+02
1.700000000000000000e+02
1.900000000000000000e+02
2.010000000000000000e+02
1.960000000000000000e+02
2.720000000000000000e+02
2.180000000000000000e+02
3.490000000000000000e+02
2.770000000000000000e+02
3.310000000000000000e+02
4.360000000000000000e+02
2.920000000000000000e+02
2.290600000000000000e+04
2.636000000000000000e+03
3.226000000000000000e+03
2.793000000000000000e+03
1.985000000000000000e+03
1.825000000000000000e+03
1.275000000000000000e+03
1.146000000000000000e+03
1.028000000000000000e+03
8.940000000000000000e+02
7.530000000000000000e+02
6.870000000000000000e+02
6.430000000000000000e+02
5.850000000000000000e+02
5.710000000000000000e+02
5.640000000000000000e+02
5.230000000000000000e+02
4.540000000000000000e+02
4.630000000000000000e+02
4.170000000000000000e+02
4.220000000000000000e+02
3.870000000000000000e+02
3.950000000000000000e+02
3.970000000000000000e+02
3.800000000000000000e+02
3.800000000000000000e+02
3.890000000000000000e+02
3.490000000000000000e+02
3.540000000000000000e+02
3.430000000000000000e+02
3.660000000000000000e+02
3.230000000000000000e+02
3.470000000000000000e+02
3.570000000000000000e+02
3.210000000000000000e+02
3.430000000000000000e+02
3.460000000000000000e+02
3.090000000000000000e+02
3.260000000000000000e+02
3.160000000000000000e+02
3.340000000000000000e+02
3.150000000000000000e+02
3.000000000000000000e+02
3.000000000000000000e+02
3.330000000000000000e+02
3.260000000000000000e+02
3.390000000000000000e+02
3.350000000000000000e+02
3.370000000000000000e+02
3.280000000000000000e+02
3.650000000000000000e+02
3.340000000000000000e+02
3.410000000000000000e+02
3.260000000000000000e+02
3.520000000000000000e+02
3.700000000000000000e+02
3.600000000000000000e+02
3.460000000000000000e+02
3.470000000000000000e+02
3.220000000000000000e+02
3.490000000000000000e+02
3.790000000000000000e+02
3.830000000000000000e+02
3.850000000000000000e+02
4.030000000000000000e+02
3.650000000000000000e+02
3.670000000000000000e+02
4.000000000000000000e+02
4.280000000000000000e+02
4.420000000000000000e+02
4.140000000000000000e+02
4.470000000000000000e+02
4.400000000000000000e+02
4.170000000000000000e+02
4.490000000000000000e+02
4.540000000000000000e+02
5.040000000000000000e+02
4.630000000000000000e+02
4.690000000000000000e+02
5.280000000000000000e+02
5.260000000000000000e+02
4.470000000000000000e+02
4.440000000000000000e+02
4.440000000000000000e+02
4.500000000000000000e+02
4.770000000000000000e+02
4.790000000000000000e+02
4.980000000000000000e+02
4.600000000000000000e+02
4.800000000000000000e+02
5.110000000000000000e+02
4.940000000000000000e+02
4.490000000000000000e+02
4.750000000000000000e+02
4.700000000000000000e+02
4.730000000000000000e+02
4.540000000000000000e+02
4.770000000000000000e+02
5.030000000000000000e+02
4.310000000000000000e+02
4.310000000000000000e+02
4.280000000000000000e+02
4.340000000000000000e+02
4.440000000000000000e+02
4.530000000000000000e+02
3.970000000000000000e+02
4.020000000000000000e+02
3.890000000000000000e+02
4.280000000000000000e+02
3.770000000000000000e+02
3.960000000000000000e+02
4.170000000000000000e+02
4.000000000000000000e+02
3.750000000000000000e+02
3.780000000000000000e+02
4.060000000000000000e+02
3.760000000000000000e+02
4.100000000000000000e+02
4.230000000000000000e+02
3.790000000000000000e+02
3.710000000000000000e+02
3.980000000000000000e+02
3.810000000000000000e+02
4.000000000000000000e+02
3.750000000000000000e+02
3.720000000000000000e+02
3.730000000000000000e+02
3.530000000000000000e+02
3.580000000000000000e+02
3.680000000000000000e+02
3.760000000000000000e+02
3.820000000000000000e+02
3.460000000000000000e+02
3.710000000000000000e+02
3.540000000000000000e+02
3.760000000000000000e+02
3.450000000000000000e+02
3.580000000000000000e+02
3.520000000000000000e+02
3.310000000000000000e+02
3.150000000000000000e+02
3.760000000000000000e+02
3.670000000000000000e+02
3.470000000000000000e+02
3.650000000000000000e+02
3.600000000000000000e+02
3.700000000000000000e+02
4.200000000000000000e+02
4.030000000000000000e+02
4.120000000000000000e+02
4.060000000000000000e+02
4.080000000000000000e+02
4.170000000000000000e+02
4.110000000000000000e+02
3.800000000000000000e+02
4.260000000000000000e+02
4.000000000000000000e+02
3.700000000000000000e+02
3.670000000000000000e+02
3.590000000000000000e+02
3.930000000000000000e+02
4.030000000000000000e+02
4.280000000000000000e+02
4.550000000000000000e+02
3.790000000000000000e+02
4.260000000000000000e+02
4.330000000000000000e+02
4.720000000000000000e+02
5.120000000000000000e+02
5.030000000000000000e+02
6.050000000000000000e+02
6.230000000000000000e+02
6.580000000000000000e+02
7.200000000000000000e+02
8.290000000000000000e+02
8.650000000000000000e+02
8.080000000000000000e+02
8.470000000000000000e+02
8.580000000000000000e+02
8.420000000000000000e+02
8.270000000000000000e+02
8.260000000000000000e+02
8.550000000000000000e+02
8.970000000000000000e+02
1.035000000000000000e+03
1.179000000000000000e+03
1.314000000000000000e+03
1.606000000000000000e+03
1.645000000000000000e+03
1.817000000000000000e+03
1.989000000000000000e+03
2.344000000000000000e+03
2.537000000000000000e+03
2.944000000000000000e+03
3.124000000000000000e+03
3.409000000000000000e+03
3.711000000000000000e+03
3.461000000000000000e+03
3.506000000000000000e+03
3.169000000000000000e+03
2.730000000000000000e+03
2.264000000000000000e+03
1.907000000000000000e+03
1.672000000000000000e+03
1.548000000000000000e+03
1.539000000000000000e+03
1.475000000000000000e+03
1.518000000000000000e+03
1.475000000000000000e+03
1.362000000000000000e+03
1.200000000000000000e+03
1.080000000000000000e+03
9.180000000000000000e+02
7.940000000000000000e+02
8.420000000000000000e+02
8.180000000000000000e+02
7.840000000000000000e+02
7.440000000000000000e+02
8.110000000000000000e+02
7.540000000000000000e+02
7.680000000000000000e+02
7.030000000000000000e+02
6.320000000000000000e+02
6.000000000000000000e+02
5.870000000000000000e+02
5.530000000000000000e+02
5.540000000000000000e+02
4.680000000000000000e+02
3.550000000000000000e+02
3.290000000000000000e+02
3.430000000000000000e+02
3.240000000000000000e+02
3.470000000000000000e+02
3.140000000000000000e+02
3.630000000000000000e+02
2.880000000000000000e+02
2.940000000000000000e+02
2.840000000000000000e+02
3.020000000000000000e+02
2.870000000000000000e+02
2.650000000000000000e+02
2.720000000000000000e+02
2.530000000000000000e+02
2.430000000000000000e+02
2.750000000000000000e+02
2.340000000000000000e+02
2.280000000000000000e+02
2.370000000000000000e+02
2.580000000000000000e+02
2.550000000000000000e+02
2.600000000000000000e+02
2.430000000000000000e+02
2.780000000000000000e+02
2.690000000000000000e+02
3.400000000000000000e+02
3.870000000000000000e+02
5.101000000000000000e+03
