2.258000000000000000e+03
1.140000000000000000e+02
1.180000000000000000e+02
1.210000000000000000e+02
1.750000000000000000e+02
2.520000000000000000e+02
2.720000000000000000e+02
2.320000000000000000e+02
4.760000000000000000e+02
4.820000000000000000e+02
3.540000000000000000e+02
5.140000000000000000e+02
5.800000000000000000e+02
1.110000000000000000e+03
5.960000000000000000e+02
7.960000000000000000e+02
8.630000000000000000e+02
9.690000000000000000e+02
6.900000000000000000e+02
8.860000000000000000e+02
7.470000000000000000e+02
4.940000000000000000e+02
4.940000000000000000e+02
2.450000000000000000e+02
3.050000000000000000e+02
1.690000000000000000e+02
3.020000000000000000e+02
5.100000000000000000e+01
6.900000000000000000e+01
7.100000000000000000e+01
4.670000000000000000e+02
1.800000000000000000e+01
9.200000000000000000e+01
4.300000000000000000e+01
1.230000000000000000e+02
2.710000000000000000e+02
1.140000000000000000e+02
2.800000000000000000e+01
1.180000000000000000e+02
6.300000000000000000e+01
1.220000000000000000e+02
3.100000000000000000e+01
2.180000000000000000e+02
2.420000000000000000e+02
5.200000000000000000e+01
2.720000000000000000e+02
1.530000000000000000e+02
4.000000000000000000e+01
2.940000000000000000e+02
1.000000000000000000e+02
3.090000000000000000e+02
2.900000000000000000e+02
2.330000000000000000e+02
2.680000000000000000e+02
2.510000000000000000e+02
9.970000000000000000e+02
5.900000000000000000e+02
4.900000000000000000e+02
5.150000000000000000e+02
6.280000000000000000e+02
1.575000000000000000e+03
8.900000000000000000e+02
7.750000000000000000e+02
1.024000000000000000e+03
9.950000000000000000e+02
1.331000000000000000e+03
1.665000000000000000e+03
1.048000000000000000e+03
1.638000000000000000e+03
1.637000000000000000e+03
1.572000000000000000e+03
1.930000000000000000e+03
1.648000000000000000e+03
2.523000000000000000e+03
2.334000000000000000e+03
2.576000000000000000e+03
1.160000000000000000e+03
1.247000000000000000e+03
9.480000000000000000e+02
1.148000000000000000e+03
2.365000000000000000e+03
1.601000000000000000e+03
2.954000000000000000e+03
5.161000000000000000e+03
8.103000000000000000e+03
7.922000000000000000e+03
4.853000000000000000e+03
4.091000000000000000e+03
6.238000000000000000e+03
1.345700000000000000e+04
2.101900000000000000e+04
1.164900000000000000e+04
1.985000000000000000e+03
1.160000000000000000e+03
7.010000000000000000e+02
3.404000000000000000e+03
1.164000000000000000e+03
2.280000000000000000e+02
1.574000000000000000e+03
5.920000000000000000e+02
3.690000000000000000e+02
9.320000000000000000e+02
4.070000000000000000e+02
1.319000000000000000e+03
1.438000000000000000e+03
4.062000000000000000e+03
4.167000000000000000e+03
2.470000000000000000e+03
9.680000000000000000e+02
2.460000000000000000e+02
4.820000000000000000e+02
1.720000000000000000e+02
6.400000000000000000e+01
1.180000000000000000e+02
2.390000000000000000e+02
1.150000000000000000e+02
7.500000000000000000e+01
1.200000000000000000e+01
1.300000000000000000e+01
7.000000000000000000e+00
1.244000000000000000e+03
0.000000000000000000e+00
3.000000000000000000e+01
4.000000000000000000e+00
3.900000000000000000e+01
9.600000000000000000e+01
1.250000000000000000e+02
4.000000000000000000e+00
5.700000000000000000e+01
1.200000000000000000e+01
2.300000000000000000e+01
1.000000000000000000e+00
7.300000000000000000e+01
4.600000000000000000e+01
1.000000000000000000e+00
9.400000000000000000e+01
3.000000000000000000e+00
1.000000000000000000e+00
3.800000000000000000e+01
2.000000000000000000e+00
9.000000000000000000e+01
2.400000000000000000e+01
9.000000000000000000e+00
1.000000000000000000e+01
1.300000000000000000e+01
3.200000000000000000e+01
2.900000000000000000e+01
1.200000000000000000e+01
5.000000000000000000e+00
3.000000000000000000e+00
1.380000000000000000e+02
0.000000000000000000e+00
4.000000000000000000e+00
1.500000000000000000e+01
4.000000000000000000e+00
8.000000000000000000e+00
5.600000000000000000e+01
2.000000000000000000e+01
2.300000000000000000e+01
2.000000000000000000e+01
4.600000000000000000e+01
1.500000000000000000e+01
5.100000000000000000e+01
1.270000000000000000e+02
4.660000000000000000e+02
1.115000000000000000e+03
1.493000000000000000e+03
4.640000000000000000e+02
8.600000000000000000e+01
3.900000000000000000e+01
1.050000000000000000e+02
2.100000000000000000e+01
1.400000000000000000e+01
5.500000000000000000e+01
2.600000000000000000e+01
3.300000000000000000e+01
2.600000000000000000e+01
1.060000000000000000e+02
6.900000000000000000e+01
8.400000000000000000e+01
0.000000000000000000e+00
0.000000000000000000e+00
0.000000000000000000e+00
0.000000000000000000e+00
0.000000000000000000e+00
0.000000000000000000e+00
0.000000000000000000e+00
0.000000000000000000e+00
0.000000000000000000e+00
0.000000000000000000e+00
0.000000000000000000e+00
0.000000000000000000e+00
0.000000000000000000e+00
0.000000000000000000e+00
0.000000000000000000e+00
0.000000000000000000e+00
0.000000000000000000e+00
0.000000000000000000e+00
0.000000000000000000e+00
0.000000000000000000e+00
0.000000000000000000e+00
0.000000000000000000e+00
0.000000000000000000e+00
0.000000000000000000e+00
0.000000000000000000e+00
0.000000000000000000e+00
0.000000000000000000e+00
0.000000000000000000e+00
0.000000000000000000e+00
0.000000000000000000e+00
0.000000000000000000e+00
0.000000000000000000e+00
0.000000000000000000e+00
0.000000000000000000e+00
0.000000000000000000e+00
0.000000000000000000e+00
0.000000000000000000e+00
0.000000000000000000e+00
0.000000000000000000e+00
0.000000000000000000e+00
0.000000000000000000e+00
0.000000000000000000e+00
0.000000000000000000e+00
0.000000000000000000e+00
0.000000000000000000e+00
0.000000000000000000e+00
0.000000000000000000e+00
0.000000000000000000e+00
0.000000000000000000e+00
0.000000000000000000e+00
0.000000000000000000e+00
0.000000000000000000e+00
0.000000000000000000e+00
0.000000000000000000e+00
0.000000000000000000e+00
0.000000000000000000e+00
0.000000000000000000e+00
0.000000000000000000e+00
0.000000000000000000e+00
0.000000000000000000e+00
0.000000000000000000e+00
0.000000000000000000e+00
0.000000000000000000e+00
0.000000000000000000e+00
0.000000000000000000e+00
0.000000000000000000e+00
0.000000000000000000e+00
0.000000000000000000e+00
0.000000000000000000e+00
0.000000000000000000e+00
0.000000000000000000e+00
0.000000000000000000e+00
0.000000000000000000e+00
0.000000000000000000e+00
0.000000000000000000e+00
0.000000000000000000e+00
1.891000000000000000e+03
1.610000000000000000e+02
2.290000000000000000e+02
2.130000000000000000e+02
1.600000000000000000e+02
1.390000000000000000e+02
1.030000000000000000e+02
2.750000000000000000e+02
6.170000000000000000e+02
6.140000000000000000e+02
3.540000000000000000e+02
3.760000000000000000e+02
2.730000000000000000e+02
3.470000000000000000e+02
3.030000000000000000e+02
4.640000000000000000e+02
3.820000000000000000e+02
4.390000000000000000e+02
4.660000000000000000e+02
3.900000000000000000e+02
3.310000000000000000e+02
2.900000000000000000e+02
2.470000000000000000e+02
2.440000000000000000e+02
2.240000000000000000e+02
2.010000000000000000e+02
2.430000000000000000e+02
2.140000000000000000e+02
1.880000000000000000e+02
1.870000000000000000e+02
1.680000000000000000e+02
1.810000000000000000e+02
1.780000000000000000e+02
1.590000000000000000e+02
1.630000000000000000e+02
1.680000000000000000e+02
1.620000000000000000e+02
1.240000000000000000e+02
1.250000000000000000e+02
1.530000000000000000e+02
1.500000000000000000e+02
1.240000000000000000e+02
1.160000000000000000e+02
1.500000000000000000e+02
1.230000000000000000e+02
1.330000000000000000e+02
1.420000000000000000e+02
1.430000000000000000e+02
1.380000000000000000e+02
1.340000000000000000e+02
1.270000000000000000e+02
1.570000000000000000e+02
1.070000000000000000e+02
1.410000000000000000e+02
1.220000000000000000e+02
1.610000000000000000e+02
1.310000000000000000e+02
1.570000000000000000e+02
1.380000000000000000e+02
1.400000000000000000e+02
1.450000000000000000e+02
1.600000000000000000e+02
1.510000000000000000e+02
1.120000000000000000e+02
1.770000000000000000e+02
1.750000000000000000e+02
1.380000000000000000e+02
1.880000000000000000e+02
1.830000000000000000e+02
1.530000000000000000e+02
2.150000000000000000e+02
2.250000000000000000e+02
1.880000000000000000e+02
2.380000000000000000e+02
2.390000000000000000e+02
2.580000000000000000e+02
2.190000000000000000e+02
2.310000000000000000e+02
2.490000000000000000e+02
2.070000000000000000e+02
2.190000000000000000e+02
2.010000000000000000e+02
2.040000000000000000e+02
2.330000000000000000e+02
1.680000000000000000e+02
3.160000000000000000e+02
2.130000000000000000e+02
2.400000000000000000e+02
2.290000000000000000e+02
2.220000000000000000e+02
2.310000000000000000e+02
2.060000000000000000e+02
1.960000000000000000e+02
2.290000000000000000e+02
2.340000000000000000e+02
1.860000000000000000e+02
2.450000000000000000e+02
1.950000000000000000e+02
2.470000000000000000e+02
2.090000000000000000e+02
2.400000000000000000e+02
2.120000000000000000e+02
2.960000000000000000e+02
2.110000000000000000e+02
2.340000000000000000e+02
2.000000000000000000e+02
2.530000000000000000e+02
2.090000000000000000e+02
1.930000000000000000e+02
2.500000000000000000e+02
1.890000000000000000e+02
2.500000000000000000e+02
2.180000000000000000e+02
2.420000000000000000e+02
2.280000000000000000e+02
2.230000000000000000e+02
2.380000000000000000e+02
2.220000000000000000e+02
2.200000000000000000e+02
2.170000000000000000e+02
2.630000000000000000e+02
2.110000000000000000e+02
2.110000000000000000e+02
2.360000000000000000e+02
2.710000000000000000e+02
2.790000000000000000e+02
2.710000000000000000e+02
2.680000000000000000e+02
5.350000000000000000e+02
2.890000000000000000e+02
3.010000000000000000e+02
3.070000000000000000e+02
3.240000000000000000e+02
3.340000000000000000e+02
3.410000000000000000e+02
3.680000000000000000e+02
3.400000000000000000e+02
3.360000000000000000e+02
3.640000000000000000e+02
3.480000000000000000e+02
3.410000000000000000e+02
3.070000000000000000e+02
3.450000000000000000e+02
4.280000000000000000e+02
2.930000000000000000e+02
3.810000000000000000e+02
4.140000000000000000e+02
4.190000000000000000e+02
3.480000000000000000e+02
3.920000000000000000e+02
3.860000000000000000e+02
4.090000000000000000e+02
3.950000000000000000e+02
4.880000000000000000e+02
3.500000000000000000e+02
4.260000000000000000e+02
3.530000000000000000e+02
4.170000000000000000e+02
4.890000000000000000e+02
5.480000000000000000e+02
4.210000000000000000e+02
4.380000000000000000e+02
5.960000000000000000e+02
5.320000000000000000e+02
7.100000000000000000e+02
8.480000000000000000e+02
9.940000000000000000e+02
1.015000000000000000e+03
1.127000000000000000e+03
1.619000000000000000e+03
2.102000000000000000e+03
2.071000000000000000e+03
1.485000000000000000e+03
1.790000000000000000e+03
1.913000000000000000e+03
1.708000000000000000e+03
1.535000000000000000e+03
1.586000000000000000e+03
1.367000000000000000e+03
1.529000000000000000e+03
1.120000000000000000e+03
1.318000000000000000e+03
1.176000000000000000e+03
1.222000000000000000e+03
1.104000000000000000e+03
1.410000000000000000e+03
1.086000000000000000e+03
1.346000000000000000e+03
1.305000000000000000e+03
1.312000000000000000e+03
1.517000000000000000e+03
1.608000000000000000e+03
1.279000000000000000e+03
1.367000000000000000e+03
1.477000000000000000e+03
1.255000000000000000e+03
1.326000000000000000e+03
1.263000000000000000e+03
1.337000000000000000e+03
1.140000000000000000e+03
1.043000000000000000e+03
9.480000000000000000e+02
7.760000000000000000e+02
9.160000000000000000e+02
8.360000000000000000e+02
7.680000000000000000e+02
7.330000000000000000e+02
6.280000000000000000e+02
6.320000000000000000e+02
7.530000000000000000e+02
5.580000000000000000e+02
6.290000000000000000e+02
5.360000000000000000e+02
9.400000000000000000e+02
5.150000000000000000e+02
6.600000000000000000e+02
6.570000000000000000e+02
6.860000000000000000e+02
5.590000000000000000e+02
9.930000000000000000e+02
6.230000000000000000e+02
6.980000000000000000e+02
7.230000000000000000e+02
7.850000000000000000e+02
6.660000000000000000e+02
8.980000000000000000e+02
7.010000000000000000e+02
8.970000000000000000e+02
1.012000000000000000e+03
6.790000000000000000e+02
1.214000000000000000e+03
9.770000000000000000e+02
8.380000000000000000e+02
1.199000000000000000e+03
1.257000000000000000e+03
1.048000000000000000e+03
1.088000000000000000e+03
1.265000000000000000e+03
9.680000000000000000e+02
1.308000000000000000e+03
1.358000000000000000e+03
1.309000000000000000e+03
1.432000000000000000e+03
1.385000000000000000e+03
1.097000000000000000e+03
1.459000000000000000e+03
1.439000000000000000e+03
1.310000000000000000e+03
1.781000000000000000e+03
1.181000000000000000e+03
1.383000000000000000e+03
1.524000000000000000e+03
1.046000000000000000e+03
2.131000000000000000e+03
0.000000000000000000e+00
3.002200000000000000e+04
1.096000000000000000e+03
3.260000000000000000e+02
1.018000000000000000e+03
6.020000000000000000e+02
7.230000000000000000e+02
6.920000000000000000e+02
5.460000000000000000e+02
5.580000000000000000e+02
4.710000000000000000e+02
4.660000000000000000e+02
4.760000000000000000e+02
4.660000000000000000e+02
4.530000000000000000e+02
5.480000000000000000e+02
6.740000000000000000e+02
8.220000000000000000e+02
1.032000000000000000e+03
1.194000000000000000e+03
1.111000000000000000e+03
1.028000000000000000e+03
9.320000000000000000e+02
7.540000000000000000e+02
7.280000000000000000e+02
7.290000000000000000e+02
6.980000000000000000e+02
6.950000000000000000e+02
6.350000000000000000e+02
6.540000000000000000e+02
6.310000000000000000e+02
6.190000000000000000e+02
6.910000000000000000e+02
6.890000000000000000e+02
6.980000000000000000e+02
6.990000000000000000e+02
7.010000000000000000e+02
6.590000000000000000e+02
6.500000000000000000e+02
6.400000000000000000e+02
6.530000000000000000e+02
5.890000000000000000e+02
6.440000000000000000e+02
6.210000000000000000e+02
5.970000000000000000e+02
5.600000000000000000e+02
5.500000000000000000e+02
5.870000000000000000e+02
5.820000000000000000e+02
5.380000000000000000e+02
5.290000000000000000e+02
5.420000000000000000e+02
5.210000000000000000e+02
5.640000000000000000e+02
6.100000000000000000e+02
5.800000000000000000e+02
6.390000000000000000e+02
6.100000000000000000e+02
6.310000000000000000e+02
6.260000000000000000e+02
6.870000000000000000e+02
7.480000000000000000e+02
6.830000000000000000e+02
7.330000000000000000e+02
7.450000000000000000e+02
8.110000000000000000e+02
7.530000000000000000e+02
7.620000000000000000e+02
8.550000000000000000e+02
7.690000000000000000e+02
7.880000000000000000e+02
7.740000000000000000e+02
8.320000000000000000e+02
8.970000000000000000e+02
8.630000000000000000e+02
8.660000000000000000e+02
8.420000000000000000e+02
9.000000000000000000e+02
9.780000000000000000e+02
1.007000000000000000e+03
1.087000000000000000e+03
1.210000000000000000e+03
1.220000000000000000e+03
1.262000000000000000e+03
1.338000000000000000e+03
1.329000000000000000e+03
1.292000000000000000e+03
1.241000000000000000e+03
1.183000000000000000e+03
1.077000000000000000e+03
1.114000000000000000e+03
9.940000000000000000e+02
9.500000000000000000e+02
8.390000000000000000e+02
7.910000000000000000e+02
7.860000000000000000e+02
6.800000000000000000e+02
6.280000000000000000e+02
6.120000000000000000e+02
6.000000000000000000e+02
6.230000000000000000e+02
5.410000000000000000e+02
5.730000000000000000e+02
5.790000000000000000e+02
6.090000000000000000e+02
5.920000000000000000e+02
5.860000000000000000e+02
5.780000000000000000e+02
6.110000000000000000e+02
6.500000000000000000e+02
6.450000000000000000e+02
6.450000000000000000e+02
6.600000000000000000e+02
6.080000000000000000e+02
6.840000000000000000e+02
6.980000000000000000e+02
6.830000000000000000e+02
7.130000000000000000e+02
6.850000000000000000e+02
7.010000000000000000e+02
7.500000000000000000e+02
7.160000000000000000e+02
7.510000000000000000e+02
7.650000000000000000e+02
7.900000000000000000e+02
8.120000000000000000e+02
8.600000000000000000e+02
8.720000000000000000e+02
8.830000000000000000e+02
9.170000000000000000e+02
9.390000000000000000e+02
9.130000000000000000e+02
9.320000000000000000e+02
9.980000000000000000e+02
9.740000000000000000e+02
9.750000000000000000e+02
9.630000000000000000e+02
1.030000000000000000e+03
1.032000000000000000e+03
1.023000000000000000e+03
9.400000000000000000e+02
9.560000000000000000e+02
9.700000000000000000e+02
9.860000000000000000e+02
1.012000000000000000e+03
9.820000000000000000e+02
9.800000000000000000e+02
1.044000000000000000e+03
1.011000000000000000e+03
1.007000000000000000e+03
9.860000000000000000e+02
1.012000000000000000e+03
1.024000000000000000e+03
9.630000000000000000e+02
1.025000000000000000e+03
1.048000000000000000e+03
1.072000000000000000e+03
1.078000000000000000e+03
1.033000000000000000e+03
1.115000000000000000e+03
1.094000000000000000e+03
1.074000000000000000e+03
1.040000000000000000e+03
9.660000000000000000e+02
8.630000000000000000e+02
7.350000000000000000e+02
7.290000000000000000e+02
6.820000000000000000e+02
6.720000000000000000e+02
6.190000000000000000e+02
5.950000000000000000e+02
4.960000000000000000e+02
4.940000000000000000e+02
4.480000000000000000e+02
4.390000000000000000e+02
4.330000000000000000e+02
4.080000000000000000e+02
3.500000000000000000e+02
4.310000000000000000e+02
3.830000000000000000e+02
3.570000000000000000e+02
3.310000000000000000e+02
3.040000000000000000e+02
3.230000000000000000e+02
3.100000000000000000e+02
3.040000000000000000e+02
2.770000000000000000e+02
2.790000000000000000e+02
2.880000000000000000e+02
2.750000000000000000e+02
2.760000000000000000e+02
3.190000000000000000e+02
2.910000000000000000e+02
3.020000000000000000e+02
2.530000000000000000e+02
2.510000000000000000e+02
1.970000000000000000e+02
2.030000000000000000e+02
1.650000000000000000e+02
1.920000000000000000e+02
1.950000000000000000e+02
1.730000000000000000e+02
2.040000000000000000e+02
2.500000000000000000e+02
3.150000000000000000e+02
3.460000000000000000e+02
4.280000000000000000e+02
4.600000000000000000e+02
4.800000000000000000e+02
5.360000000000000000e+02
5.130000000000000000e+02
6.250000000000000000e+02
6.530000000000000000e+02
6.800000000000000000e+02
6.540000000000000000e+02
6.310000000000000000e+02
5.950000000000000000e+02
5.230000000000000000e+02
5.180000000000000000e+02
4.380000000000000000e+02
4.620000000000000000e+02
4.450000000000000000e+02
4.270000000000000000e+02
4.650000000000000000e+02
4.700000000000000000e+02
4.820000000000000000e+02
4.870000000000000000e+02
4.510000000000000000e+02
4.690000000000000000e+02
4.690000000000000000e+02
4.700000000000000000e+02
4.200000000000000000e+02
4.240000000000000000e+02
5.180000000000000000e+02
6.190000000000000000e+02
8.680000000000000000e+02
1.138000000000000000e+03
1.332000000000000000e+03
1.576000000000000000e+03
1.639000000000000000e+03
1.525000000000000000e+03
1.214000000000000000e+03
9.360000000000000000e+02
7.740000000000000000e+02
5.610000000000000000e+02
4.840000000000000000e+02
4.250000000000000000e+02
3.290000000000000000e+02
2.910000000000000000e+02
2.720000000000000000e+02
2.100000000000000000e+02
1.920000000000000000e+02
1.880000000000000000e+02
1.560000000000000000e+02
1.550000000000000000e+02
1.640000000000000000e+02
1.950000000000000000e+02
1.373000000000000000e+03
