2.561000000000000000e+03
1.164000000000000000e+03
1.118000000000000000e+03
1.345000000000000000e+03
2.338000000000000000e+03
3.274000000000000000e+03
3.117000000000000000e+03
1.701000000000000000e+03
3.729000000000000000e+03
2.821000000000000000e+03
3.249000000000000000e+03
5.758000000000000000e+03
4.378000000000000000e+03
6.826000000000000000e+03
3.592000000000000000e+03
5.814000000000000000e+03
4.001000000000000000e+03
4.606000000000000000e+03
2.272000000000000000e+03
3.042000000000000000e+03
2.658000000000000000e+03
2.380000000000000000e+03
2.106000000000000000e+03
7.670000000000000000e+02
2.034000000000000000e+03
7.060000000000000000e+02
1.484000000000000000e+03
1.800000000000000000e+02
3.450000000000000000e+02
2.720000000000000000e+02
1.689000000000000000e+03
2.500000000000000000e+01
4.920000000000000000e+02
1.940000000000000000e+02
4.370000000000000000e+02
9.050000000000000000e+02
5.140000000000000000e+02
1.270000000000000000e+02
2.630000000000000000e+02
1.240000000000000000e+02
1.950000000000000000e+02
3.500000000000000000e+01
3.450000000000000000e+02
3.670000000000000000e+02
3.800000000000000000e+01
1.030000000000000000e+02
8.900000000000000000e+01
1.000000000000000000e+01
2.340000000000000000e+02
2.600000000000000000e+01
4.600000000000000000e+02
1.870000000000000000e+02
9.100000000000000000e+01
3.100000000000000000e+01
4.500000000000000000e+01
1.840000000000000000e+02
1.420000000000000000e+02
5.500000000000000000e+01
2.700000000000000000e+01
1.000000000000000000e+01
1.770000000000000000e+02
1.000000000000000000e+00
3.100000000000000000e+01
8.700000000000000000e+01
7.000000000000000000e+00
5.400000000000000000e+01
3.370000000000000000e+02
4.200000000000000000e+01
7.800000000000000000e+01
8.800000000000000000e+01
1.770000000000000000e+02
3.700000000000000000e+01
4.100000000000000000e+01
1.450000000000000000e+02
2.040000000000000000e+02
5.470000000000000000e+02
6.900000000000000000e+01
5.500000000000000000e+01
7.000000000000000000e+00
1.560000000000000000e+02
5.250000000000000000e+02
2.900000000000000000e+01
3.800000000000000000e+01
3.250000000000000000e+02
2.010000000000000000e+02
1.460000000000000000e+02
6.800000000000000000e+01
4.610000000000000000e+02
1.140000000000000000e+02
1.410000000000000000e+02
7.090000000000000000e+02
2.380000000000000000e+02
2.880000000000000000e+02
3.980000000000000000e+02
4.950000000000000000e+02
1.299000000000000000e+03
1.471000000000000000e+03
1.026000000000000000e+03
3.241000000000000000e+03
4.419000000000000000e+03
7.163000000000000000e+03
1.100200000000000000e+04
8.432000000000000000e+03
8.752000000000000000e+03
3.438000000000000000e+03
4.218000000000000000e+03
2.756000000000000000e+03
2.358000000000000000e+03
1.145000000000000000e+03
1.848000000000000000e+03
1.607000000000000000e+03
1.540000000000000000e+03
9.710000000000000000e+02
6.280000000000000000e+02
8.970000000000000000e+02
6.980000000000000000e+02
8.060000000000000000e+02
3.100000000000000000e+01
1.030000000000000000e+02
7.600000000000000000e+01
1.554000000000000000e+03
3.000000000000000000e+00
2.390000000000000000e+02
5.000000000000000000e+01
3.590000000000000000e+02
7.850000000000000000e+02
4.930000000000000000e+02
3.800000000000000000e+01
2.030000000000000000e+02
9.100000000000000000e+01
2.130000000000000000e+02
1.000000000000000000e+01
3.910000000000000000e+02
3.870000000000000000e+02
1.000000000000000000e+01
1.130000000000000000e+02
6.300000000000000000e+01
1.000000000000000000e+00
2.330000000000000000e+02
8.000000000000000000e+00
5.210000000000000000e+02
2.270000000000000000e+02
1.170000000000000000e+02
2.100000000000000000e+01
4.400000000000000000e+01
2.380000000000000000e+02
2.010000000000000000e+02
7.700000000000000000e+01
2.100000000000000000e+01
1.000000000000000000e+00
2.790000000000000000e+02
1.000000000000000000e+00
4.000000000000000000e+01
1.110000000000000000e+02
2.000000000000000000e+00
8.000000000000000000e+01
5.150000000000000000e+02
7.900000000000000000e+01
1.230000000000000000e+02
1.320000000000000000e+02
2.920000000000000000e+02
7.000000000000000000e+01
5.500000000000000000e+01
1.940000000000000000e+02
3.430000000000000000e+02
6.110000000000000000e+02
1.900000000000000000e+02
1.200000000000000000e+02
6.000000000000000000e+00
3.530000000000000000e+02
1.020000000000000000e+03
9.000000000000000000e+01
1.230000000000000000e+02
5.590000000000000000e+02
5.960000000000000000e+02
3.640000000000000000e+02
2.940000000000000000e+02
1.220000000000000000e+03
4.340000000000000000e+02
4.690000000000000000e+02
0.000000000000000000e+00
0.000000000000000000e+00
0.000000000000000000e+00
0.000000000000000000e+00
0.000000000000000000e+00
0.000000000000000000e+00
0.000000000000000000e+00
0.000000000000000000e+00
0.000000000000000000e+00
0.000000000000000000e+00
0.000000000000000000e+00
0.000000000000000000e+00
0.000000000000000000e+00
0.000000000000000000e+00
0.000000000000000000e+00
0.000000000000000000e+00
0.000000000000000000e+00
0.000000000000000000e+00
0.000000000000000000e+00
0.000000000000000000e+00
0.000000000000000000e+00
0.000000000000000000e+00
0.000000000000000000e+00
0.000000000000000000e+00
0.000000000000000000e+00
0.000000000000000000e+00
0.000000000000000000e+00
0.000000000000000000e+00
0.000000000000000000e+00
0.000000000000000000e+00
0.000000000000000000e+00
0.000000000000000000e+00
0.000000000000000000e+00
0.000000000000000000e+00
0.000000000000000000e+00
0.000000000000000000e+00
0.000000000000000000e+00
0.000000000000000000e+00
0.000000000000000000e+00
0.000000000000000000e+00
0.000000000000000000e+00
0.000000000000000000e+00
0.000000000000000000e+00
0.000000000000000000e+00
0.000000000000000000e+00
0.000000000000000000e+00
0.000000000000000000e+00
0.000000000000000000e+00
0.000000000000000000e+00
0.000000000000000000e+00
0.000000000000000000e+00
0.000000000000000000e+00
0.000000000000000000e+00
0.000000000000000000e+00
0.000000000000000000e+00
0.000000000000000000e+00
0.000000000000000000e+00
0.000000000000000000e+00
0.000000000000000000e+00
0.000000000000000000e+00
0.000000000000000000e+00
0.000000000000000000e+00
0.000000000000000000e+00
0.000000000000000000e+00
0.000000000000000000e+00
0.000000000000000000e+00
0.000000000000000000e+00
0.000000000000000000e+00
0.000000000000000000e+00
0.000000000000000000e+00
0.000000000000000000e+00
0.000000000000000000e+00
0.000000000000000000e+00
0.000000000000000000e+00
0.000000000000000000e+00
0.000000000000000000e+00
7.800000000000000000e+02
0.000000000000000000e+00
0.000000000000000000e+00
3.300000000000000000e+01
2.740000000000000000e+02
2.260000000000000000e+02
2.790000000000000000e+02
2.580000000000000000e+02
2.810000000000000000e+02
4.710000000000000000e+02
6.780000000000000000e+02
7.240000000000000000e+02
7.530000000000000000e+02
6.990000000000000000e+02
7.490000000000000000e+02
8.720000000000000000e+02
1.025000000000000000e+03
1.027000000000000000e+03
1.236000000000000000e+03
1.177000000000000000e+03
1.337000000000000000e+03
1.257000000000000000e+03
1.141000000000000000e+03
1.297000000000000000e+03
1.164000000000000000e+03
1.225000000000000000e+03
1.439000000000000000e+03
1.326000000000000000e+03
1.269000000000000000e+03
1.323000000000000000e+03
1.276000000000000000e+03
1.405000000000000000e+03
1.379000000000000000e+03
1.488000000000000000e+03
1.496000000000000000e+03
1.424000000000000000e+03
1.665000000000000000e+03
1.257000000000000000e+03
1.660000000000000000e+03
1.445000000000000000e+03
1.624000000000000000e+03
1.599000000000000000e+03
1.556000000000000000e+03
1.596000000000000000e+03
1.597000000000000000e+03
1.537000000000000000e+03
1.656000000000000000e+03
1.615000000000000000e+03
1.487000000000000000e+03
1.583000000000000000e+03
1.667000000000000000e+03
1.574000000000000000e+03
1.488000000000000000e+03
1.686000000000000000e+03
1.537000000000000000e+03
1.581000000000000000e+03
1.531000000000000000e+03
1.601000000000000000e+03
1.551000000000000000e+03
1.470000000000000000e+03
1.588000000000000000e+03
1.580000000000000000e+03
1.512000000000000000e+03
1.387000000000000000e+03
1.533000000000000000e+03
1.501000000000000000e+03
1.437000000000000000e+03
1.424000000000000000e+03
1.471000000000000000e+03
1.327000000000000000e+03
1.533000000000000000e+03
1.454000000000000000e+03
1.484000000000000000e+03
1.476000000000000000e+03
1.505000000000000000e+03
1.445000000000000000e+03
1.316000000000000000e+03
1.445000000000000000e+03
1.479000000000000000e+03
1.363000000000000000e+03
1.310000000000000000e+03
1.520000000000000000e+03
1.295000000000000000e+03
1.477000000000000000e+03
1.346000000000000000e+03
1.135000000000000000e+03
1.324000000000000000e+03
1.285000000000000000e+03
1.195000000000000000e+03
1.236000000000000000e+03
1.216000000000000000e+03
1.137000000000000000e+03
1.142000000000000000e+03
1.228000000000000000e+03
1.066000000000000000e+03
1.006000000000000000e+03
1.124000000000000000e+03
9.750000000000000000e+02
9.650000000000000000e+02
9.390000000000000000e+02
9.910000000000000000e+02
8.150000000000000000e+02
8.610000000000000000e+02
8.200000000000000000e+02
8.390000000000000000e+02
7.950000000000000000e+02
7.680000000000000000e+02
7.490000000000000000e+02
7.380000000000000000e+02
6.730000000000000000e+02
6.370000000000000000e+02
6.190000000000000000e+02
6.090000000000000000e+02
6.370000000000000000e+02
5.980000000000000000e+02
6.130000000000000000e+02
5.920000000000000000e+02
5.760000000000000000e+02
5.770000000000000000e+02
5.470000000000000000e+02
5.210000000000000000e+02
5.160000000000000000e+02
5.000000000000000000e+02
4.710000000000000000e+02
4.810000000000000000e+02
5.220000000000000000e+02
5.340000000000000000e+02
4.770000000000000000e+02
4.900000000000000000e+02
5.300000000000000000e+02
4.970000000000000000e+02
4.370000000000000000e+02
4.630000000000000000e+02
5.000000000000000000e+02
4.450000000000000000e+02
4.960000000000000000e+02
4.870000000000000000e+02
4.500000000000000000e+02
5.060000000000000000e+02
4.570000000000000000e+02
4.040000000000000000e+02
4.590000000000000000e+02
4.490000000000000000e+02
4.980000000000000000e+02
3.990000000000000000e+02
4.870000000000000000e+02
4.430000000000000000e+02
4.730000000000000000e+02
4.950000000000000000e+02
4.750000000000000000e+02
4.620000000000000000e+02
4.460000000000000000e+02
4.970000000000000000e+02
4.500000000000000000e+02
5.120000000000000000e+02
5.210000000000000000e+02
4.870000000000000000e+02
4.510000000000000000e+02
4.880000000000000000e+02
4.970000000000000000e+02
4.620000000000000000e+02
4.870000000000000000e+02
5.420000000000000000e+02
4.200000000000000000e+02
5.140000000000000000e+02
5.390000000000000000e+02
4.680000000000000000e+02
4.850000000000000000e+02
4.520000000000000000e+02
5.920000000000000000e+02
4.460000000000000000e+02
5.530000000000000000e+02
4.300000000000000000e+02
4.570000000000000000e+02
4.800000000000000000e+02
4.290000000000000000e+02
4.030000000000000000e+02
4.780000000000000000e+02
3.890000000000000000e+02
4.710000000000000000e+02
4.040000000000000000e+02
4.250000000000000000e+02
4.290000000000000000e+02
4.590000000000000000e+02
3.770000000000000000e+02
4.130000000000000000e+02
3.420000000000000000e+02
3.350000000000000000e+02
4.090000000000000000e+02
3.240000000000000000e+02
3.620000000000000000e+02
3.750000000000000000e+02
3.140000000000000000e+02
2.990000000000000000e+02
3.400000000000000000e+02
2.970000000000000000e+02
3.120000000000000000e+02
2.860000000000000000e+02
3.000000000000000000e+02
2.650000000000000000e+02
2.450000000000000000e+02
2.620000000000000000e+02
2.200000000000000000e+02
2.740000000000000000e+02
2.520000000000000000e+02
2.370000000000000000e+02
2.230000000000000000e+02
1.980000000000000000e+02
2.120000000000000000e+02
2.000000000000000000e+02
1.750000000000000000e+02
1.840000000000000000e+02
1.910000000000000000e+02
1.700000000000000000e+02
1.870000000000000000e+02
1.600000000000000000e+02
1.460000000000000000e+02
1.400000000000000000e+02
1.340000000000000000e+02
1.270000000000000000e+02
1.520000000000000000e+02
1.270000000000000000e+02
1.090000000000000000e+02
1.290000000000000000e+02
9.500000000000000000e+01
1.050000000000000000e+02
9.200000000000000000e+01
8.800000000000000000e+01
7.100000000000000000e+01
7.100000000000000000e+01
5.500000000000000000e+01
6.200000000000000000e+01
5.200000000000000000e+01
5.500000000000000000e+01
3.900000000000000000e+01
4.300000000000000000e+01
3.400000000000000000e+01
3.400000000000000000e+01
3.800000000000000000e+01
3.300000000000000000e+01
2.500000000000000000e+01
2.700000000000000000e+01
3.300000000000000000e+01
1.500000000000000000e+01
1.900000000000000000e+01
2.700000000000000000e+01
9.000000000000000000e+00
1.300000000000000000e+01
1.100000000000000000e+01
5.000000000000000000e+00
1.000000000000000000e+01
6.000000000000000000e+00
1.300000000000000000e+01
7.000000000000000000e+00
0.000000000000000000e+00
3.600000000000000000e+01
0.000000000000000000e+00
0.000000000000000000e+00
0.000000000000000000e+00
0.000000000000000000e+00
0.000000000000000000e+00
0.000000000000000000e+00
0.000000000000000000e+00
0.000000000000000000e+00
1.000000000000000000e+00
0.000000000000000000e+00
0.000000000000000000e+00
0.000000000000000000e+00
0.000000000000000000e+00
0.000000000000000000e+00
2.000000000000000000e+00
2.000000000000000000e+00
5.000000000000000000e+00
6.000000000000000000e+00
2.400000000000000000e+01
3.400000000000000000e+01
6.900000000000000000e+01
1.110000000000000000e+02
1.640000000000000000e+02
2.260000000000000000e+02
3.170000000000000000e+02
3.460000000000000000e+02
3.930000000000000000e+02
3.820000000000000000e+02
4.270000000000000000e+02
4.350000000000000000e+02
4.500000000000000000e+02
4.550000000000000000e+02
4.260000000000000000e+02
4.480000000000000000e+02
4.500000000000000000e+02
4.360000000000000000e+02
4.940000000000000000e+02
4.460000000000000000e+02
4.310000000000000000e+02
4.750000000000000000e+02
5.060000000000000000e+02
5.120000000000000000e+02
5.450000000000000000e+02
5.710000000000000000e+02
6.160000000000000000e+02
6.340000000000000000e+02
5.980000000000000000e+02
6.860000000000000000e+02
7.120000000000000000e+02
6.670000000000000000e+02
7.170000000000000000e+02
7.330000000000000000e+02
7.890000000000000000e+02
7.380000000000000000e+02
7.870000000000000000e+02
8.390000000000000000e+02
7.900000000000000000e+02
8.540000000000000000e+02
9.110000000000000000e+02
8.480000000000000000e+02
9.050000000000000000e+02
8.820000000000000000e+02
9.230000000000000000e+02
9.370000000000000000e+02
9.710000000000000000e+02
9.890000000000000000e+02
9.340000000000000000e+02
1.035000000000000000e+03
1.039000000000000000e+03
1.054000000000000000e+03
1.073000000000000000e+03
1.100000000000000000e+03
1.151000000000000000e+03
1.154000000000000000e+03
1.122000000000000000e+03
1.203000000000000000e+03
1.201000000000000000e+03
1.190000000000000000e+03
1.201000000000000000e+03
1.274000000000000000e+03
1.287000000000000000e+03
1.277000000000000000e+03
1.264000000000000000e+03
1.312000000000000000e+03
1.333000000000000000e+03
1.284000000000000000e+03
1.349000000000000000e+03
1.346000000000000000e+03
1.410000000000000000e+03
1.377000000000000000e+03
1.408000000000000000e+03
1.412000000000000000e+03
1.463000000000000000e+03
1.438000000000000000e+03
1.408000000000000000e+03
1.486000000000000000e+03
1.424000000000000000e+03
1.426000000000000000e+03
1.438000000000000000e+03
1.502000000000000000e+03
1.493000000000000000e+03
1.496000000000000000e+03
1.472000000000000000e+03
1.517000000000000000e+03
1.583000000000000000e+03
1.519000000000000000e+03
1.603000000000000000e+03
1.619000000000000000e+03
1.590000000000000000e+03
1.621000000000000000e+03
1.690000000000000000e+03
1.719000000000000000e+03
1.762000000000000000e+03
1.819000000000000000e+03
1.770000000000000000e+03
1.719000000000000000e+03
1.758000000000000000e+03
1.887000000000000000e+03
1.863000000000000000e+03
1.855000000000000000e+03
1.765000000000000000e+03
1.880000000000000000e+03
1.822000000000000000e+03
1.887000000000000000e+03
1.863000000000000000e+03
1.786000000000000000e+03
1.794000000000000000e+03
1.811000000000000000e+03
1.727000000000000000e+03
1.643000000000000000e+03
1.631000000000000000e+03
1.544000000000000000e+03
1.564000000000000000e+03
1.529000000000000000e+03
1.503000000000000000e+03
1.510000000000000000e+03
1.416000000000000000e+03
1.416000000000000000e+03
1.431000000000000000e+03
1.381000000000000000e+03
1.322000000000000000e+03
1.372000000000000000e+03
1.270000000000000000e+03
1.256000000000000000e+03
1.189000000000000000e+03
1.272000000000000000e+03
1.167000000000000000e+03
1.115000000000000000e+03
1.119000000000000000e+03
1.098000000000000000e+03
1.080000000000000000e+03
1.049000000000000000e+03
1.012000000000000000e+03
1.010000000000000000e+03
9.520000000000000000e+02
8.930000000000000000e+02
9.300000000000000000e+02
8.910000000000000000e+02
8.890000000000000000e+02
8.540000000000000000e+02
8.100000000000000000e+02
8.280000000000000000e+02
7.720000000000000000e+02
8.050000000000000000e+02
8.340000000000000000e+02
7.550000000000000000e+02
7.180000000000000000e+02
7.180000000000000000e+02
7.150000000000000000e+02
6.550000000000000000e+02
6.040000000000000000e+02
5.710000000000000000e+02
5.710000000000000000e+02
4.940000000000000000e+02
4.690000000000000000e+02
4.510000000000000000e+02
3.920000000000000000e+02
3.810000000000000000e+02
3.510000000000000000e+02
3.440000000000000000e+02
2.890000000000000000e+02
2.830000000000000000e+02
2.950000000000000000e+02
2.330000000000000000e+02
2.350000000000000000e+02
2.440000000000000000e+02
2.080000000000000000e+02
2.270000000000000000e+02
1.860000000000000000e+02
1.900000000000000000e+02
2.000000000000000000e+02
1.790000000000000000e+02
1.660000000000000000e+02
1.510000000000000000e+02
1.790000000000000000e+02
1.620000000000000000e+02
1.500000000000000000e+02
1.240000000000000000e+02
1.600000000000000000e+02
1.530000000000000000e+02
1.210000000000000000e+02
1.180000000000000000e+02
1.410000000000000000e+02
1.280000000000000000e+02
1.490000000000000000e+02
1.380000000000000000e+02
1.300000000000000000e+02
1.110000000000000000e+02
1.020000000000000000e+02
1.250000000000000000e+02
1.100000000000000000e+02
1.130000000000000000e+02
1.030000000000000000e+02
1.130000000000000000e+02
9.900000000000000000e+01
9.700000000000000000e+01
1.260000000000000000e+02
1.100000000000000000e+02
1.030000000000000000e+02
1.060000000000000000e+02
9.400000000000000000e+01
8.600000000000000000e+01
9.400000000000000000e+01
7.100000000000000000e+01
7.000000000000000000e+01
9.400000000000000000e+01
8.700000000000000000e+01
9.800000000000000000e+01
7.900000000000000000e+01
9.100000000000000000e+01
7.200000000000000000e+01
7.500000000000000000e+01
8.100000000000000000e+01
6.900000000000000000e+01
7.800000000000000000e+01
7.000000000000000000e+01
8.900000000000000000e+01
6.800000000000000000e+01
6.800000000000000000e+01
5.100000000000000000e+01
6.700000000000000000e+01
5.700000000000000000e+01
4.800000000000000000e+01
3.500000000000000000e+01
3.400000000000000000e+01
2.200000000000000000e+01
1.600000000000000000e+01
1.500000000000000000e+01
7.000000000000000000e+00
1.000000000000000000e+01
5.000000000000000000e+00
6.000000000000000000e+00
3.000000000000000000e+00
2.000000000000000000e+00
0.000000000000000000e+00
5.000000000000000000e+00
