7.140000000000000000e+02
5.000000000000000000e+00
1.100000000000000000e+01
2.000000000000000000e+01
8.000000000000000000e+00
6.000000000000000000e+01
7.400000000000000000e+01
1.500000000000000000e+01
6.800000000000000000e+01
4.700000000000000000e+01
8.400000000000000000e+01
2.070000000000000000e+02
1.570000000000000000e+02
4.560000000000000000e+02
3.830000000000000000e+02
9.860000000000000000e+02
1.282000000000000000e+03
3.012000000000000000e+03
3.935000000000000000e+03
7.252000000000000000e+03
1.452300000000000000e+04
1.334400000000000000e+04
2.587100000000000000e+04
1.902300000000000000e+04
1.410800000000000000e+04
7.986000000000000000e+03
8.936000000000000000e+03
3.832000000000000000e+03
2.067000000000000000e+03
1.662000000000000000e+03
1.339000000000000000e+03
4.940000000000000000e+02
5.770000000000000000e+02
5.080000000000000000e+02
4.440000000000000000e+02
7.190000000000000000e+02
2.470000000000000000e+02
1.520000000000000000e+02
2.050000000000000000e+02
1.010000000000000000e+02
1.890000000000000000e+02
3.200000000000000000e+01
2.500000000000000000e+02
2.570000000000000000e+02
2.900000000000000000e+01
6.700000000000000000e+01
4.700000000000000000e+01
2.000000000000000000e+00
1.220000000000000000e+02
1.600000000000000000e+01
2.670000000000000000e+02
1.460000000000000000e+02
3.300000000000000000e+01
7.000000000000000000e+00
1.700000000000000000e+01
1.720000000000000000e+02
6.400000000000000000e+01
1.500000000000000000e+01
1.000000000000000000e+01
2.000000000000000000e+00
9.000000000000000000e+01
0.000000000000000000e+00
4.000000000000000000e+00
2.400000000000000000e+01
2.000000000000000000e+00
1.200000000000000000e+01
2.190000000000000000e+02
1.000000000000000000e+01
1.300000000000000000e+01
1.100000000000000000e+01
1.110000000000000000e+02
4.000000000000000000e+00
7.000000000000000000e+00
6.600000000000000000e+01
2.400000000000000000e+01
3.310000000000000000e+02
1.000000000000000000e+01
4.000000000000000000e+00
0.000000000000000000e+00
3.400000000000000000e+01
2.440000000000000000e+02
2.000000000000000000e+00
0.000000000000000000e+00
2.470000000000000000e+02
2.500000000000000000e+01
1.200000000000000000e+01
0.000000000000000000e+00
1.250000000000000000e+02
8.000000000000000000e+00
2.000000000000000000e+00
2.040000000000000000e+02
9.000000000000000000e+00
1.600000000000000000e+01
5.800000000000000000e+01
7.000000000000000000e+00
1.110000000000000000e+02
3.070000000000000000e+02
9.000000000000000000e+00
1.350000000000000000e+02
2.500000000000000000e+01
2.200000000000000000e+01
2.690000000000000000e+02
5.100000000000000000e+01
6.620000000000000000e+02
1.600000000000000000e+02
3.000000000000000000e+02
6.670000000000000000e+02
1.080000000000000000e+02
9.080000000000000000e+02
9.400000000000000000e+02
6.400000000000000000e+02
3.908000000000000000e+03
2.166000000000000000e+03
3.907000000000000000e+03
1.082000000000000000e+03
2.060000000000000000e+03
1.600000000000000000e+03
8.000000000000000000e+00
1.200000000000000000e+01
1.200000000000000000e+01
4.296000000000000000e+03
1.000000000000000000e+00
6.800000000000000000e+01
1.400000000000000000e+01
1.790000000000000000e+02
6.560000000000000000e+02
1.593000000000000000e+03
1.000000000000000000e+01
1.900000000000000000e+01
1.300000000000000000e+01
2.900000000000000000e+01
1.000000000000000000e+00
6.100000000000000000e+01
4.800000000000000000e+01
1.000000000000000000e+00
3.000000000000000000e+00
2.000000000000000000e+00
0.000000000000000000e+00
1.200000000000000000e+01
1.000000000000000000e+00
1.270000000000000000e+02
1.600000000000000000e+01
1.000000000000000000e+00
1.000000000000000000e+00
2.000000000000000000e+00
1.900000000000000000e+01
7.000000000000000000e+00
1.000000000000000000e+00
0.000000000000000000e+00
0.000000000000000000e+00
5.000000000000000000e+00
0.000000000000000000e+00
1.000000000000000000e+00
4.000000000000000000e+00
0.000000000000000000e+00
1.000000000000000000e+00
2.900000000000000000e+01
2.000000000000000000e+00
1.000000000000000000e+00
0.000000000000000000e+00
1.600000000000000000e+01
1.000000000000000000e+00
2.000000000000000000e+00
5.000000000000000000e+00
3.000000000000000000e+00
1.240000000000000000e+02
1.000000000000000000e+00
0.000000000000000000e+00
0.000000000000000000e+00
6.000000000000000000e+00
4.300000000000000000e+01
1.000000000000000000e+00
1.000000000000000000e+00
3.900000000000000000e+01
8.000000000000000000e+00
8.000000000000000000e+00
0.000000000000000000e+00
1.800000000000000000e+01
3.000000000000000000e+00
2.000000000000000000e+00
0.000000000000000000e+00
0.000000000000000000e+00
0.000000000000000000e+00
0.000000000000000000e+00
0.000000000000000000e+00
0.000000000000000000e+00
0.000000000000000000e+00
0.000000000000000000e+00
0.000000000000000000e+00
0.000000000000000000e+00
0.000000000000000000e+00
0.000000000000000000e+00
0.000000000000000000e+00
0.000000000000000000e+00
0.000000000000000000e+00
0.000000000000000000e+00
0.000000000000000000e+00
0.000000000000000000e+00
0.000000000000000000e+00
0.000000000000000000e+00
0.000000000000000000e+00
0.000000000000000000e+00
0.000000000000000000e+00
0.000000000000000000e+00
0.000000000000000000e+00
0.000000000000000000e+00
0.000000000000000000e+00
0.000000000000000000e+00
0.000000000000000000e+00
0.000000000000000000e+00
0.000000000000000000e+00
0.000000000000000000e+00
0.000000000000000000e+00
0.000000000000000000e+00
0.000000000000000000e+00
0.000000000000000000e+00
0.000000000000000000e+00
0.000000000000000000e+00
0.000000000000000000e+00
0.000000000000000000e+00
0.000000000000000000e+00
0.000000000000000000e+00
0.000000000000000000e+00
0.000000000000000000e+00
0.000000000000000000e+00
0.000000000000000000e+00
0.000000000000000000e+00
0.000000000000000000e+00
0.000000000000000000e+00
0.000000000000000000e+00
0.000000000000000000e+00
0.000000000000000000e+00
0.000000000000000000e+00
0.000000000000000000e+00
0.000000000000000000e+00
0.000000000000000000e+00
0.000000000000000000e+00
0.000000000000000000e+00
0.000000000000000000e+00
0.000000000000000000e+00
0.000000000000000000e+00
0.000000000000000000e+00
0.000000000000000000e+00
0.000000000000000000e+00
0.000000000000000000e+00
0.000000000000000000e+00
0.000000000000000000e+00
0.000000000000000000e+00
0.000000000000000000e+00
0.000000000000000000e+00
0.000000000000000000e+00
0.000000000000000000e+00
0.000000000000000000e+00
0.000000000000000000e+00
0.000000000000000000e+00
0.000000000000000000e+00
6.820000000000000000e+02
0.000000000000000000e+00
2.000000000000000000e+00
7.000000000000000000e+00
3.000000000000000000e+01
8.300000000000000000e+01
9.400000000000000000e+01
1.030000000000000000e+02
1.570000000000000000e+02
2.000000000000000000e+02
2.610000000000000000e+02
2.450000000000000000e+02
2.770000000000000000e+02
3.370000000000000000e+02
3.310000000000000000e+02
4.370000000000000000e+02
5.260000000000000000e+02
5.170000000000000000e+02
7.450000000000000000e+02
4.290000000000000000e+02
3.660000000000000000e+02
3.410000000000000000e+02
2.930000000000000000e+02
3.250000000000000000e+02
3.140000000000000000e+02
3.370000000000000000e+02
3.670000000000000000e+02
3.340000000000000000e+02
3.580000000000000000e+02
3.770000000000000000e+02
3.450000000000000000e+02
3.250000000000000000e+02
3.380000000000000000e+02
4.150000000000000000e+02
5.090000000000000000e+02
5.230000000000000000e+02
7.410000000000000000e+02
4.650000000000000000e+02
7.680000000000000000e+02
8.930000000000000000e+02
1.044000000000000000e+03
1.134000000000000000e+03
9.510000000000000000e+02
1.174000000000000000e+03
1.382000000000000000e+03
1.197000000000000000e+03
1.496000000000000000e+03
1.326000000000000000e+03
1.543000000000000000e+03
1.826000000000000000e+03
1.891000000000000000e+03
2.086000000000000000e+03
2.311000000000000000e+03
2.555000000000000000e+03
2.805000000000000000e+03
3.129000000000000000e+03
2.743000000000000000e+03
3.599000000000000000e+03
3.467000000000000000e+03
3.381000000000000000e+03
3.652000000000000000e+03
3.531000000000000000e+03
3.877000000000000000e+03
3.735000000000000000e+03
3.868000000000000000e+03
3.727000000000000000e+03
3.501000000000000000e+03
3.634000000000000000e+03
3.554000000000000000e+03
3.226000000000000000e+03
3.284000000000000000e+03
3.417000000000000000e+03
3.112000000000000000e+03
3.075000000000000000e+03
2.753000000000000000e+03
3.027000000000000000e+03
2.489000000000000000e+03
3.119000000000000000e+03
2.798000000000000000e+03
2.118000000000000000e+03
2.335000000000000000e+03
2.626000000000000000e+03
1.934000000000000000e+03
2.625000000000000000e+03
1.695000000000000000e+03
2.273000000000000000e+03
1.528000000000000000e+03
2.108000000000000000e+03
1.353000000000000000e+03
1.605000000000000000e+03
1.599000000000000000e+03
1.258000000000000000e+03
1.434000000000000000e+03
1.280000000000000000e+03
1.201000000000000000e+03
1.049000000000000000e+03
1.290000000000000000e+03
8.000000000000000000e+02
1.129000000000000000e+03
8.180000000000000000e+02
8.150000000000000000e+02
8.890000000000000000e+02
5.790000000000000000e+02
7.800000000000000000e+02
5.900000000000000000e+02
4.950000000000000000e+02
6.230000000000000000e+02
4.510000000000000000e+02
4.680000000000000000e+02
5.150000000000000000e+02
3.690000000000000000e+02
3.610000000000000000e+02
3.490000000000000000e+02
4.800000000000000000e+02
3.290000000000000000e+02
2.720000000000000000e+02
3.720000000000000000e+02
2.680000000000000000e+02
2.400000000000000000e+02
1.960000000000000000e+02
3.590000000000000000e+02
2.210000000000000000e+02
2.030000000000000000e+02
1.910000000000000000e+02
2.530000000000000000e+02
1.150000000000000000e+02
1.820000000000000000e+02
1.710000000000000000e+02
1.750000000000000000e+02
1.400000000000000000e+02
8.500000000000000000e+01
2.450000000000000000e+02
1.030000000000000000e+02
9.100000000000000000e+01
8.500000000000000000e+01
2.100000000000000000e+02
6.900000000000000000e+01
7.100000000000000000e+01
7.600000000000000000e+01
7.800000000000000000e+01
9.900000000000000000e+01
4.700000000000000000e+01
4.800000000000000000e+01
6.700000000000000000e+01
4.200000000000000000e+01
7.500000000000000000e+01
4.000000000000000000e+01
3.100000000000000000e+01
2.500000000000000000e+01
4.300000000000000000e+01
2.100000000000000000e+01
4.200000000000000000e+01
2.700000000000000000e+01
2.000000000000000000e+01
1.800000000000000000e+01
1.600000000000000000e+01
2.100000000000000000e+01
1.400000000000000000e+01
8.000000000000000000e+00
1.400000000000000000e+01
5.000000000000000000e+00
1.200000000000000000e+01
1.500000000000000000e+01
6.000000000000000000e+00
1.000000000000000000e+01
1.100000000000000000e+01
9.000000000000000000e+00
5.000000000000000000e+00
8.000000000000000000e+00
4.000000000000000000e+00
1.000000000000000000e+01
3.000000000000000000e+00
8.000000000000000000e+00
7.000000000000000000e+00
3.000000000000000000e+00
4.000000000000000000e+00
4.000000000000000000e+00
3.000000000000000000e+00
3.000000000000000000e+00
1.000000000000000000e+00
4.000000000000000000e+00
2.000000000000000000e+00
1.000000000000000000e+00
2.000000000000000000e+00
0.000000000000000000e+00
3.000000000000000000e+00
3.000000000000000000e+00
6.000000000000000000e+00
0.000000000000000000e+00
1.000000000000000000e+00
2.000000000000000000e+00
2.000000000000000000e+00
2.000000000000000000e+00
4.000000000000000000e+00
1.000000000000000000e+00
2.000000000000000000e+00
2.000000000000000000e+00
2.000000000000000000e+00
3.000000000000000000e+00
1.000000000000000000e+00
2.000000000000000000e+00
1.000000000000000000e+00
1.000000000000000000e+00
1.000000000000000000e+00
3.000000000000000000e+00
0.000000000000000000e+00
1.000000000000000000e+00
1.000000000000000000e+00
2.000000000000000000e+00
0.000000000000000000e+00
0.000000000000000000e+00
1.000000000000000000e+00
0.000000000000000000e+00
1.000000000000000000e+00
0.000000000000000000e+00
5.000000000000000000e+00
1.000000000000000000e+00
0.000000000000000000e+00
1.000000000000000000e+00
0.000000000000000000e+00
0.000000000000000000e+00
0.000000000000000000e+00
1.000000000000000000e+00
0.000000000000000000e+00
0.000000000000000000e+00
0.000000000000000000e+00
0.000000000000000000e+00
3.000000000000000000e+00
0.000000000000000000e+00
0.000000000000000000e+00
0.000000000000000000e+00
0.000000000000000000e+00
0.000000000000000000e+00
1.000000000000000000e+00
1.000000000000000000e+00
0.000000000000000000e+00
1.000000000000000000e+00
0.000000000000000000e+00
0.000000000000000000e+00
1.000000000000000000e+00
0.000000000000000000e+00
1.000000000000000000e+00
0.000000000000000000e+00
0.000000000000000000e+00
0.000000000000000000e+00
0.000000000000000000e+00
0.000000000000000000e+00
0.000000000000000000e+00
0.000000000000000000e+00
0.000000000000000000e+00
0.000000000000000000e+00
0.000000000000000000e+00
0.000000000000000000e+00
0.000000000000000000e+00
0.000000000000000000e+00
7.000000000000000000e+00
0.000000000000000000e+00
0.000000000000000000e+00
0.000000000000000000e+00
0.000000000000000000e+00
0.000000000000000000e+00
0.000000000000000000e+00
0.000000000000000000e+00
0.000000000000000000e+00
0.000000000000000000e+00
0.000000000000000000e+00
0.000000000000000000e+00
0.000000000000000000e+00
0.000000000000000000e+00
0.000000000000000000e+00
1.000000000000000000e+00
2.000000000000000000e+00
1.000000000000000000e+00
7.000000000000000000e+00
7.000000000000000000e+00
8.000000000000000000e+00
2.500000000000000000e+01
2.700000000000000000e+01
3.300000000000000000e+01
3.800000000000000000e+01
5.400000000000000000e+01
8.600000000000000000e+01
2.030000000000000000e+02
3.610000000000000000e+02
6.290000000000000000e+02
9.410000000000000000e+02
1.090000000000000000e+03
1.188000000000000000e+03
1.530000000000000000e+03
1.650000000000000000e+03
1.707000000000000000e+03
1.786000000000000000e+03
1.705000000000000000e+03
1.897000000000000000e+03
1.803000000000000000e+03
1.662000000000000000e+03
1.396000000000000000e+03
1.127000000000000000e+03
8.680000000000000000e+02
8.010000000000000000e+02
7.450000000000000000e+02
6.000000000000000000e+02
5.050000000000000000e+02
3.990000000000000000e+02
3.780000000000000000e+02
3.600000000000000000e+02
3.230000000000000000e+02
2.940000000000000000e+02
2.560000000000000000e+02
2.230000000000000000e+02
2.230000000000000000e+02
2.230000000000000000e+02
2.210000000000000000e+02
2.360000000000000000e+02
2.240000000000000000e+02
2.020000000000000000e+02
1.910000000000000000e+02
1.830000000000000000e+02
1.860000000000000000e+02
2.060000000000000000e+02
2.080000000000000000e+02
2.110000000000000000e+02
2.120000000000000000e+02
2.050000000000000000e+02
2.270000000000000000e+02
2.240000000000000000e+02
2.640000000000000000e+02
2.920000000000000000e+02
2.550000000000000000e+02
3.160000000000000000e+02
3.270000000000000000e+02
3.080000000000000000e+02
3.600000000000000000e+02
3.660000000000000000e+02
3.460000000000000000e+02
3.990000000000000000e+02
4.090000000000000000e+02
4.120000000000000000e+02
4.200000000000000000e+02
4.380000000000000000e+02
4.600000000000000000e+02
4.510000000000000000e+02
4.880000000000000000e+02
4.660000000000000000e+02
4.450000000000000000e+02
4.580000000000000000e+02
4.630000000000000000e+02
4.320000000000000000e+02
4.470000000000000000e+02
4.370000000000000000e+02
3.830000000000000000e+02
3.720000000000000000e+02
3.700000000000000000e+02
3.520000000000000000e+02
3.510000000000000000e+02
3.330000000000000000e+02
3.340000000000000000e+02
3.090000000000000000e+02
2.970000000000000000e+02
3.210000000000000000e+02
2.680000000000000000e+02
2.780000000000000000e+02
2.220000000000000000e+02
2.270000000000000000e+02
2.470000000000000000e+02
2.150000000000000000e+02
1.900000000000000000e+02
1.700000000000000000e+02
1.760000000000000000e+02
1.730000000000000000e+02
1.480000000000000000e+02
1.480000000000000000e+02
1.590000000000000000e+02
1.460000000000000000e+02
1.430000000000000000e+02
1.530000000000000000e+02
1.510000000000000000e+02
1.180000000000000000e+02
1.180000000000000000e+02
1.590000000000000000e+02
1.270000000000000000e+02
1.650000000000000000e+02
1.600000000000000000e+02
1.660000000000000000e+02
1.760000000000000000e+02
1.890000000000000000e+02
1.850000000000000000e+02
1.970000000000000000e+02
2.240000000000000000e+02
2.440000000000000000e+02
2.640000000000000000e+02
2.750000000000000000e+02
3.000000000000000000e+02
3.620000000000000000e+02
3.130000000000000000e+02
3.960000000000000000e+02
4.250000000000000000e+02
4.240000000000000000e+02
5.290000000000000000e+02
5.640000000000000000e+02
6.260000000000000000e+02
6.560000000000000000e+02
6.550000000000000000e+02
7.890000000000000000e+02
8.200000000000000000e+02
8.960000000000000000e+02
9.940000000000000000e+02
1.009000000000000000e+03
1.062000000000000000e+03
1.178000000000000000e+03
1.264000000000000000e+03
1.343000000000000000e+03
1.407000000000000000e+03
1.528000000000000000e+03
1.685000000000000000e+03
1.727000000000000000e+03
1.785000000000000000e+03
1.892000000000000000e+03
1.947000000000000000e+03
2.065000000000000000e+03
2.182000000000000000e+03
2.201000000000000000e+03
2.366000000000000000e+03
2.449000000000000000e+03
2.462000000000000000e+03
2.504000000000000000e+03
2.629000000000000000e+03
2.654000000000000000e+03
2.772000000000000000e+03
2.616000000000000000e+03
2.809000000000000000e+03
2.778000000000000000e+03
2.678000000000000000e+03
2.707000000000000000e+03
2.700000000000000000e+03
2.688000000000000000e+03
2.689000000000000000e+03
2.569000000000000000e+03
2.380000000000000000e+03
2.302000000000000000e+03
2.307000000000000000e+03
2.192000000000000000e+03
2.212000000000000000e+03
1.966000000000000000e+03
1.943000000000000000e+03
1.810000000000000000e+03
1.761000000000000000e+03
1.571000000000000000e+03
1.480000000000000000e+03
1.470000000000000000e+03
1.356000000000000000e+03
1.224000000000000000e+03
1.255000000000000000e+03
1.070000000000000000e+03
1.122000000000000000e+03
1.010000000000000000e+03
9.450000000000000000e+02
8.490000000000000000e+02
8.380000000000000000e+02
7.470000000000000000e+02
6.450000000000000000e+02
6.240000000000000000e+02
5.620000000000000000e+02
5.460000000000000000e+02
4.690000000000000000e+02
4.490000000000000000e+02
4.570000000000000000e+02
3.980000000000000000e+02
3.770000000000000000e+02
3.470000000000000000e+02
3.230000000000000000e+02
2.920000000000000000e+02
2.540000000000000000e+02
2.320000000000000000e+02
1.860000000000000000e+02
2.170000000000000000e+02
1.930000000000000000e+02
1.560000000000000000e+02
1.630000000000000000e+02
1.460000000000000000e+02
1.130000000000000000e+02
1.110000000000000000e+02
8.200000000000000000e+01
8.200000000000000000e+01
7.500000000000000000e+01
8.800000000000000000e+01
8.800000000000000000e+01
5.500000000000000000e+01
6.100000000000000000e+01
5.200000000000000000e+01
4.300000000000000000e+01
4.600000000000000000e+01
4.400000000000000000e+01
3.500000000000000000e+01
3.500000000000000000e+01
1.700000000000000000e+01
2.500000000000000000e+01
2.400000000000000000e+01
1.800000000000000000e+01
1.200000000000000000e+01
1.700000000000000000e+01
1.500000000000000000e+01
1.000000000000000000e+01
1.400000000000000000e+01
5.000000000000000000e+00
6.000000000000000000e+00
1.400000000000000000e+01
1.300000000000000000e+01
1.100000000000000000e+01
5.000000000000000000e+00
5.000000000000000000e+00
4.600000000000000000e+01
