6.610000000000000000e+02
0.000000000000000000e+00
1.400000000000000000e+01
4.600000000000000000e+01
2.800000000000000000e+01
1.370000000000000000e+02
3.420000000000000000e+02
3.600000000000000000e+01
2.340000000000000000e+02
9.500000000000000000e+01
9.200000000000000000e+01
5.040000000000000000e+02
1.960000000000000000e+02
1.029000000000000000e+03
4.390000000000000000e+02
7.360000000000000000e+02
1.218000000000000000e+03
1.101000000000000000e+03
9.320000000000000000e+02
2.690000000000000000e+03
4.551000000000000000e+03
6.878000000000000000e+03
1.213500000000000000e+04
6.946000000000000000e+03
1.217300000000000000e+04
3.962000000000000000e+03
1.332200000000000000e+04
3.441000000000000000e+03
3.867000000000000000e+03
3.984000000000000000e+03
6.591000000000000000e+03
5.460000000000000000e+02
4.132000000000000000e+03
3.156000000000000000e+03
3.710000000000000000e+03
7.521000000000000000e+03
1.177000000000000000e+03
2.358000000000000000e+03
2.857000000000000000e+03
1.155000000000000000e+03
1.664000000000000000e+03
6.010000000000000000e+02
1.912000000000000000e+03
3.650000000000000000e+03
4.750000000000000000e+02
9.010000000000000000e+02
1.550000000000000000e+03
1.700000000000000000e+01
1.844000000000000000e+03
3.660000000000000000e+02
9.940000000000000000e+02
1.361000000000000000e+03
9.200000000000000000e+02
2.720000000000000000e+02
7.080000000000000000e+02
9.150000000000000000e+02
9.860000000000000000e+02
6.680000000000000000e+02
2.100000000000000000e+02
0.000000000000000000e+00
1.155000000000000000e+03
1.000000000000000000e+00
3.510000000000000000e+02
5.610000000000000000e+02
1.000000000000000000e+00
4.690000000000000000e+02
1.463000000000000000e+03
3.720000000000000000e+02
4.490000000000000000e+02
4.840000000000000000e+02
6.040000000000000000e+02
2.440000000000000000e+02
1.220000000000000000e+02
4.610000000000000000e+02
6.730000000000000000e+02
7.470000000000000000e+02
3.780000000000000000e+02
6.400000000000000000e+01
0.000000000000000000e+00
4.820000000000000000e+02
1.474000000000000000e+03
8.100000000000000000e+01
1.000000000000000000e+01
8.240000000000000000e+02
5.630000000000000000e+02
2.230000000000000000e+02
3.900000000000000000e+01
9.560000000000000000e+02
1.860000000000000000e+02
1.000000000000000000e+02
1.303000000000000000e+03
1.970000000000000000e+02
2.840000000000000000e+02
4.500000000000000000e+02
2.500000000000000000e+02
1.089000000000000000e+03
1.170000000000000000e+03
2.000000000000000000e+02
1.006000000000000000e+03
5.260000000000000000e+02
4.970000000000000000e+02
1.596000000000000000e+03
7.660000000000000000e+02
1.921000000000000000e+03
7.250000000000000000e+02
5.110000000000000000e+02
5.550000000000000000e+02
1.110000000000000000e+02
8.800000000000000000e+01
3.330000000000000000e+02
5.720000000000000000e+02
3.190000000000000000e+02
7.000000000000000000e+01
9.600000000000000000e+01
3.370000000000000000e+02
1.930000000000000000e+02
5.900000000000000000e+01
1.000000000000000000e+00
5.000000000000000000e+00
2.000000000000000000e+00
4.620000000000000000e+02
0.000000000000000000e+00
9.000000000000000000e+00
1.000000000000000000e+00
5.400000000000000000e+01
1.360000000000000000e+02
1.630000000000000000e+02
0.000000000000000000e+00
1.200000000000000000e+01
2.000000000000000000e+00
1.900000000000000000e+01
0.000000000000000000e+00
6.900000000000000000e+01
3.400000000000000000e+01
0.000000000000000000e+00
5.000000000000000000e+00
0.000000000000000000e+00
0.000000000000000000e+00
8.000000000000000000e+00
0.000000000000000000e+00
1.630000000000000000e+02
2.300000000000000000e+01
6.000000000000000000e+00
0.000000000000000000e+00
0.000000000000000000e+00
3.300000000000000000e+01
7.000000000000000000e+00
0.000000000000000000e+00
0.000000000000000000e+00
0.000000000000000000e+00
1.000000000000000000e+01
0.000000000000000000e+00
0.000000000000000000e+00
0.000000000000000000e+00
0.000000000000000000e+00
4.000000000000000000e+00
8.700000000000000000e+01
0.000000000000000000e+00
6.000000000000000000e+00
0.000000000000000000e+00
3.500000000000000000e+01
0.000000000000000000e+00
0.000000000000000000e+00
7.000000000000000000e+00
8.000000000000000000e+00
2.630000000000000000e+02
0.000000000000000000e+00
0.000000000000000000e+00
0.000000000000000000e+00
3.000000000000000000e+00
7.600000000000000000e+01
0.000000000000000000e+00
0.000000000000000000e+00
1.180000000000000000e+02
6.000000000000000000e+00
6.000000000000000000e+00
0.000000000000000000e+00
5.400000000000000000e+01
3.000000000000000000e+00
1.000000000000000000e+00
0.000000000000000000e+00
0.000000000000000000e+00
0.000000000000000000e+00
0.000000000000000000e+00
0.000000000000000000e+00
0.000000000000000000e+00
0.000000000000000000e+00
0.000000000000000000e+00
0.000000000000000000e+00
0.000000000000000000e+00
0.000000000000000000e+00
0.000000000000000000e+00
0.000000000000000000e+00
0.000000000000000000e+00
0.000000000000000000e+00
0.000000000000000000e+00
0.000000000000000000e+00
0.000000000000000000e+00
0.000000000000000000e+00
0.000000000000000000e+00
0.000000000000000000e+00
0.000000000000000000e+00
0.000000000000000000e+00
0.000000000000000000e+00
0.000000000000000000e+00
0.000000000000000000e+00
0.000000000000000000e+00
0.000000000000000000e+00
0.000000000000000000e+00
0.000000000000000000e+00
0.000000000000000000e+00
0.000000000000000000e+00
0.000000000000000000e+00
0.000000000000000000e+00
0.000000000000000000e+00
0.000000000000000000e+00
0.000000000000000000e+00
0.000000000000000000e+00
0.000000000000000000e+00
0.000000000000000000e+00
0.000000000000000000e+00
0.000000000000000000e+00
0.000000000000000000e+00
0.000000000000000000e+00
0.000000000000000000e+00
0.000000000000000000e+00
0.000000000000000000e+00
0.000000000000000000e+00
0.000000000000000000e+00
0.000000000000000000e+00
0.000000000000000000e+00
0.000000000000000000e+00
0.000000000000000000e+00
0.000000000000000000e+00
0.000000000000000000e+00
0.000000000000000000e+00
0.000000000000000000e+00
0.000000000000000000e+00
0.000000000000000000e+00
0.000000000000000000e+00
0.000000000000000000e+00
0.000000000000000000e+00
0.000000000000000000e+00
0.000000000000000000e+00
0.000000000000000000e+00
0.000000000000000000e+00
0.000000000000000000e+00
0.000000000000000000e+00
0.000000000000000000e+00
0.000000000000000000e+00
0.000000000000000000e+00
0.000000000000000000e+00
0.000000000000000000e+00
0.000000000000000000e+00
0.000000000000000000e+00
0.000000000000000000e+00
5.100000000000000000e+02
2.000000000000000000e+00
1.290000000000000000e+02
9.230000000000000000e+02
9.670000000000000000e+02
1.015000000000000000e+03
1.213000000000000000e+03
1.673000000000000000e+03
2.249000000000000000e+03
2.136000000000000000e+03
2.206000000000000000e+03
2.084000000000000000e+03
2.269000000000000000e+03
2.179000000000000000e+03
2.299000000000000000e+03
2.368000000000000000e+03
2.261000000000000000e+03
2.268000000000000000e+03
2.312000000000000000e+03
2.362000000000000000e+03
2.551000000000000000e+03
2.418000000000000000e+03
2.534000000000000000e+03
2.705000000000000000e+03
2.612000000000000000e+03
2.579000000000000000e+03
2.731000000000000000e+03
2.602000000000000000e+03
2.594000000000000000e+03
2.505000000000000000e+03
2.595000000000000000e+03
2.581000000000000000e+03
2.637000000000000000e+03
2.605000000000000000e+03
2.558000000000000000e+03
2.538000000000000000e+03
2.700000000000000000e+03
2.255000000000000000e+03
2.491000000000000000e+03
2.278000000000000000e+03
2.429000000000000000e+03
2.367000000000000000e+03
2.315000000000000000e+03
2.285000000000000000e+03
2.142000000000000000e+03
2.193000000000000000e+03
2.167000000000000000e+03
2.181000000000000000e+03
2.133000000000000000e+03
2.081000000000000000e+03
2.121000000000000000e+03
1.914000000000000000e+03
1.811000000000000000e+03
1.881000000000000000e+03
1.836000000000000000e+03
1.751000000000000000e+03
1.786000000000000000e+03
1.571000000000000000e+03
1.625000000000000000e+03
1.635000000000000000e+03
1.536000000000000000e+03
1.574000000000000000e+03
1.478000000000000000e+03
1.447000000000000000e+03
1.452000000000000000e+03
1.397000000000000000e+03
1.202000000000000000e+03
1.292000000000000000e+03
1.165000000000000000e+03
1.134000000000000000e+03
1.143000000000000000e+03
9.670000000000000000e+02
9.520000000000000000e+02
9.030000000000000000e+02
8.430000000000000000e+02
8.650000000000000000e+02
7.930000000000000000e+02
7.560000000000000000e+02
7.580000000000000000e+02
6.440000000000000000e+02
6.530000000000000000e+02
6.910000000000000000e+02
6.160000000000000000e+02
6.800000000000000000e+02
5.920000000000000000e+02
6.190000000000000000e+02
5.820000000000000000e+02
5.360000000000000000e+02
5.710000000000000000e+02
4.870000000000000000e+02
4.710000000000000000e+02
4.210000000000000000e+02
3.920000000000000000e+02
3.890000000000000000e+02
3.750000000000000000e+02
3.420000000000000000e+02
3.580000000000000000e+02
2.810000000000000000e+02
2.850000000000000000e+02
2.440000000000000000e+02
2.560000000000000000e+02
2.110000000000000000e+02
2.100000000000000000e+02
2.140000000000000000e+02
1.950000000000000000e+02
1.550000000000000000e+02
2.020000000000000000e+02
1.700000000000000000e+02
1.500000000000000000e+02
1.860000000000000000e+02
1.420000000000000000e+02
1.390000000000000000e+02
1.450000000000000000e+02
1.520000000000000000e+02
1.390000000000000000e+02
1.290000000000000000e+02
1.270000000000000000e+02
1.220000000000000000e+02
1.250000000000000000e+02
1.040000000000000000e+02
1.240000000000000000e+02
1.170000000000000000e+02
1.060000000000000000e+02
1.370000000000000000e+02
1.040000000000000000e+02
8.800000000000000000e+01
1.010000000000000000e+02
1.220000000000000000e+02
1.110000000000000000e+02
9.900000000000000000e+01
9.300000000000000000e+01
9.100000000000000000e+01
8.500000000000000000e+01
9.500000000000000000e+01
9.100000000000000000e+01
8.500000000000000000e+01
1.020000000000000000e+02
8.400000000000000000e+01
6.900000000000000000e+01
7.300000000000000000e+01
7.900000000000000000e+01
8.600000000000000000e+01
8.400000000000000000e+01
7.900000000000000000e+01
7.300000000000000000e+01
7.400000000000000000e+01
8.800000000000000000e+01
6.100000000000000000e+01
8.300000000000000000e+01
7.300000000000000000e+01
6.700000000000000000e+01
6.400000000000000000e+01
5.500000000000000000e+01
7.300000000000000000e+01
5.200000000000000000e+01
5.500000000000000000e+01
4.400000000000000000e+01
4.600000000000000000e+01
5.200000000000000000e+01
6.400000000000000000e+01
3.900000000000000000e+01
4.900000000000000000e+01
5.400000000000000000e+01
4.400000000000000000e+01
4.900000000000000000e+01
5.300000000000000000e+01
3.500000000000000000e+01
4.000000000000000000e+01
2.500000000000000000e+01
2.400000000000000000e+01
6.200000000000000000e+01
2.000000000000000000e+01
3.700000000000000000e+01
3.200000000000000000e+01
3.100000000000000000e+01
2.500000000000000000e+01
3.200000000000000000e+01
4.000000000000000000e+01
1.600000000000000000e+01
4.300000000000000000e+01
2.600000000000000000e+01
2.100000000000000000e+01
3.500000000000000000e+01
2.100000000000000000e+01
2.800000000000000000e+01
3.100000000000000000e+01
2.100000000000000000e+01
2.200000000000000000e+01
2.200000000000000000e+01
2.600000000000000000e+01
1.700000000000000000e+01
4.600000000000000000e+01
1.300000000000000000e+01
3.200000000000000000e+01
2.000000000000000000e+01
2.000000000000000000e+01
2.600000000000000000e+01
1.200000000000000000e+01
2.400000000000000000e+01
1.200000000000000000e+01
3.100000000000000000e+01
2.100000000000000000e+01
1.800000000000000000e+01
1.200000000000000000e+01
2.000000000000000000e+01
1.400000000000000000e+01
1.400000000000000000e+01
8.000000000000000000e+00
1.400000000000000000e+01
1.800000000000000000e+01
1.700000000000000000e+01
1.700000000000000000e+01
1.000000000000000000e+01
2.400000000000000000e+01
1.200000000000000000e+01
1.300000000000000000e+01
1.800000000000000000e+01
1.200000000000000000e+01
1.100000000000000000e+01
2.200000000000000000e+01
1.400000000000000000e+01
8.000000000000000000e+00
1.000000000000000000e+01
1.300000000000000000e+01
9.000000000000000000e+00
9.000000000000000000e+00
8.000000000000000000e+00
1.600000000000000000e+01
1.200000000000000000e+01
8.000000000000000000e+00
1.400000000000000000e+01
7.000000000000000000e+00
7.000000000000000000e+00
1.000000000000000000e+01
1.200000000000000000e+01
1.000000000000000000e+01
5.000000000000000000e+00
9.000000000000000000e+00
5.000000000000000000e+00
9.000000000000000000e+00
6.000000000000000000e+00
1.300000000000000000e+01
6.000000000000000000e+00
2.000000000000000000e+00
7.000000000000000000e+00
8.000000000000000000e+00
3.000000000000000000e+00
1.100000000000000000e+01
1.200000000000000000e+01
6.000000000000000000e+00
2.000000000000000000e+00
2.000000000000000000e+00
0.000000000000000000e+00
0.000000000000000000e+00
0.000000000000000000e+00
6.380000000000000000e+02
1.000000000000000000e+00
8.000000000000000000e+00
9.000000000000000000e+00
8.000000000000000000e+00
1.900000000000000000e+01
1.100000000000000000e+01
1.400000000000000000e+01
2.600000000000000000e+01
3.800000000000000000e+01
4.000000000000000000e+01
4.300000000000000000e+01
4.800000000000000000e+01
4.500000000000000000e+01
6.600000000000000000e+01
7.900000000000000000e+01
7.300000000000000000e+01
8.300000000000000000e+01
8.900000000000000000e+01
7.000000000000000000e+01
8.300000000000000000e+01
9.300000000000000000e+01
9.600000000000000000e+01
9.300000000000000000e+01
8.500000000000000000e+01
1.090000000000000000e+02
9.900000000000000000e+01
1.090000000000000000e+02
1.300000000000000000e+02
9.700000000000000000e+01
9.200000000000000000e+01
1.220000000000000000e+02
1.220000000000000000e+02
1.180000000000000000e+02
1.200000000000000000e+02
1.250000000000000000e+02
1.380000000000000000e+02
1.370000000000000000e+02
1.000000000000000000e+02
1.110000000000000000e+02
1.320000000000000000e+02
1.440000000000000000e+02
1.410000000000000000e+02
1.440000000000000000e+02
1.350000000000000000e+02
1.530000000000000000e+02
1.610000000000000000e+02
1.460000000000000000e+02
1.400000000000000000e+02
1.550000000000000000e+02
1.870000000000000000e+02
1.510000000000000000e+02
1.610000000000000000e+02
1.690000000000000000e+02
1.920000000000000000e+02
2.070000000000000000e+02
1.600000000000000000e+02
1.980000000000000000e+02
1.760000000000000000e+02
1.980000000000000000e+02
2.390000000000000000e+02
2.500000000000000000e+02
2.380000000000000000e+02
2.260000000000000000e+02
2.770000000000000000e+02
2.860000000000000000e+02
2.650000000000000000e+02
3.170000000000000000e+02
3.270000000000000000e+02
3.260000000000000000e+02
3.190000000000000000e+02
3.660000000000000000e+02
3.940000000000000000e+02
4.140000000000000000e+02
4.000000000000000000e+02
4.650000000000000000e+02
4.230000000000000000e+02
4.470000000000000000e+02
5.790000000000000000e+02
5.640000000000000000e+02
5.760000000000000000e+02
5.980000000000000000e+02
6.110000000000000000e+02
6.880000000000000000e+02
6.750000000000000000e+02
7.190000000000000000e+02
6.980000000000000000e+02
7.670000000000000000e+02
7.150000000000000000e+02
7.520000000000000000e+02
8.260000000000000000e+02
7.900000000000000000e+02
8.400000000000000000e+02
8.470000000000000000e+02
9.060000000000000000e+02
9.000000000000000000e+02
9.500000000000000000e+02
9.030000000000000000e+02
9.240000000000000000e+02
9.340000000000000000e+02
9.950000000000000000e+02
9.540000000000000000e+02
9.540000000000000000e+02
1.052000000000000000e+03
1.027000000000000000e+03
1.117000000000000000e+03
1.070000000000000000e+03
1.048000000000000000e+03
1.155000000000000000e+03
1.085000000000000000e+03
1.114000000000000000e+03
1.205000000000000000e+03
1.172000000000000000e+03
1.183000000000000000e+03
1.132000000000000000e+03
1.216000000000000000e+03
1.191000000000000000e+03
1.128000000000000000e+03
1.185000000000000000e+03
1.173000000000000000e+03
1.165000000000000000e+03
1.146000000000000000e+03
1.095000000000000000e+03
1.135000000000000000e+03
1.168000000000000000e+03
1.151000000000000000e+03
1.121000000000000000e+03
1.105000000000000000e+03
1.117000000000000000e+03
1.169000000000000000e+03
1.097000000000000000e+03
1.134000000000000000e+03
1.159000000000000000e+03
1.111000000000000000e+03
1.141000000000000000e+03
1.138000000000000000e+03
1.087000000000000000e+03
1.108000000000000000e+03
1.200000000000000000e+03
1.117000000000000000e+03
1.195000000000000000e+03
1.159000000000000000e+03
1.184000000000000000e+03
1.173000000000000000e+03
1.224000000000000000e+03
1.168000000000000000e+03
1.255000000000000000e+03
1.238000000000000000e+03
1.272000000000000000e+03
1.292000000000000000e+03
1.287000000000000000e+03
1.273000000000000000e+03
1.233000000000000000e+03
1.255000000000000000e+03
1.315000000000000000e+03
1.310000000000000000e+03
1.324000000000000000e+03
1.277000000000000000e+03
1.352000000000000000e+03
1.358000000000000000e+03
1.334000000000000000e+03
1.288000000000000000e+03
1.323000000000000000e+03
1.310000000000000000e+03
1.288000000000000000e+03
1.312000000000000000e+03
1.366000000000000000e+03
1.402000000000000000e+03
1.351000000000000000e+03
1.336000000000000000e+03
1.355000000000000000e+03
1.339000000000000000e+03
1.281000000000000000e+03
1.335000000000000000e+03
1.325000000000000000e+03
1.293000000000000000e+03
1.315000000000000000e+03
1.370000000000000000e+03
1.344000000000000000e+03
1.394000000000000000e+03
1.387000000000000000e+03
1.356000000000000000e+03
1.403000000000000000e+03
1.319000000000000000e+03
1.429000000000000000e+03
1.450000000000000000e+03
1.380000000000000000e+03
1.436000000000000000e+03
1.521000000000000000e+03
1.474000000000000000e+03
1.456000000000000000e+03
1.387000000000000000e+03
1.439000000000000000e+03
1.335000000000000000e+03
1.304000000000000000e+03
1.261000000000000000e+03
1.165000000000000000e+03
1.126000000000000000e+03
1.101000000000000000e+03
1.016000000000000000e+03
9.280000000000000000e+02
8.490000000000000000e+02
7.860000000000000000e+02
7.240000000000000000e+02
6.970000000000000000e+02
6.740000000000000000e+02
6.010000000000000000e+02
5.790000000000000000e+02
4.930000000000000000e+02
5.100000000000000000e+02
4.310000000000000000e+02
4.710000000000000000e+02
4.190000000000000000e+02
3.560000000000000000e+02
3.480000000000000000e+02
3.120000000000000000e+02
3.230000000000000000e+02
2.750000000000000000e+02
2.540000000000000000e+02
2.500000000000000000e+02
2.040000000000000000e+02
1.960000000000000000e+02
1.740000000000000000e+02
1.980000000000000000e+02
1.470000000000000000e+02
1.640000000000000000e+02
1.580000000000000000e+02
1.320000000000000000e+02
1.190000000000000000e+02
1.230000000000000000e+02
1.050000000000000000e+02
1.080000000000000000e+02
8.400000000000000000e+01
1.040000000000000000e+02
1.060000000000000000e+02
9.000000000000000000e+01
9.000000000000000000e+01
7.200000000000000000e+01
7.300000000000000000e+01
6.200000000000000000e+01
6.400000000000000000e+01
5.000000000000000000e+01
4.800000000000000000e+01
4.300000000000000000e+01
3.600000000000000000e+01
3.900000000000000000e+01
3.000000000000000000e+01
2.800000000000000000e+01
2.700000000000000000e+01
2.100000000000000000e+01
2.600000000000000000e+01
1.900000000000000000e+01
1.100000000000000000e+01
1.400000000000000000e+01
1.100000000000000000e+01
1.200000000000000000e+01
9.000000000000000000e+01
