7.430000000000000000e+02
4.000000000000000000e+00
9.000000000000000000e+00
1.500000000000000000e+01
5.000000000000000000e+00
3.100000000000000000e+01
1.110000000000000000e+02
2.000000000000000000e+00
4.400000000000000000e+01
1.300000000000000000e+01
4.000000000000000000e+00
8.200000000000000000e+01
1.800000000000000000e+01
2.620000000000000000e+02
5.200000000000000000e+01
3.600000000000000000e+01
1.040000000000000000e+02
4.200000000000000000e+01
2.900000000000000000e+01
1.700000000000000000e+02
3.260000000000000000e+02
2.270000000000000000e+02
1.300000000000000000e+02
1.190000000000000000e+02
4.170000000000000000e+02
3.510000000000000000e+02
2.860000000000000000e+02
3.800000000000000000e+01
7.100000000000000000e+01
8.000000000000000000e+01
1.484000000000000000e+03
9.000000000000000000e+00
2.510000000000000000e+02
1.170000000000000000e+02
6.590000000000000000e+02
1.401000000000000000e+03
8.210000000000000000e+02
1.200000000000000000e+02
6.100000000000000000e+02
2.860000000000000000e+02
6.950000000000000000e+02
4.800000000000000000e+01
1.607000000000000000e+03
1.465000000000000000e+03
3.400000000000000000e+01
4.820000000000000000e+02
3.090000000000000000e+02
4.000000000000000000e+00
1.247000000000000000e+03
7.900000000000000000e+01
1.815000000000000000e+03
1.455000000000000000e+03
7.350000000000000000e+02
6.000000000000000000e+01
2.750000000000000000e+02
1.818000000000000000e+03
1.239000000000000000e+03
4.640000000000000000e+02
1.200000000000000000e+02
1.500000000000000000e+01
1.855000000000000000e+03
1.100000000000000000e+01
1.680000000000000000e+02
7.630000000000000000e+02
1.600000000000000000e+01
4.420000000000000000e+02
3.146000000000000000e+03
2.920000000000000000e+02
5.870000000000000000e+02
5.650000000000000000e+02
1.885000000000000000e+03
2.820000000000000000e+02
2.260000000000000000e+02
1.427000000000000000e+03
1.474000000000000000e+03
1.753000000000000000e+03
8.530000000000000000e+02
9.830000000000000000e+02
7.590000000000000000e+02
1.620000000000000000e+03
5.693000000000000000e+03
7.920000000000000000e+02
9.860000000000000000e+02
2.847000000000000000e+03
1.497000000000000000e+03
1.375000000000000000e+03
5.030000000000000000e+02
2.916000000000000000e+03
5.660000000000000000e+02
4.580000000000000000e+02
2.898000000000000000e+03
5.600000000000000000e+02
7.180000000000000000e+02
1.148000000000000000e+03
7.660000000000000000e+02
2.085000000000000000e+03
2.759000000000000000e+03
1.191000000000000000e+03
2.736000000000000000e+03
2.808000000000000000e+03
3.800000000000000000e+03
6.858000000000000000e+03
8.078000000000000000e+03
1.458400000000000000e+04
1.677800000000000000e+04
1.531000000000000000e+04
1.013400000000000000e+04
5.682000000000000000e+03
2.521000000000000000e+03
1.113000000000000000e+03
9.700000000000000000e+02
2.690000000000000000e+02
1.100000000000000000e+02
7.900000000000000000e+01
3.110000000000000000e+02
1.410000000000000000e+02
3.300000000000000000e+01
8.000000000000000000e+00
4.000000000000000000e+00
3.000000000000000000e+00
4.260000000000000000e+02
3.000000000000000000e+00
9.000000000000000000e+00
0.000000000000000000e+00
3.100000000000000000e+01
8.500000000000000000e+01
1.330000000000000000e+02
0.000000000000000000e+00
6.000000000000000000e+00
2.000000000000000000e+00
1.400000000000000000e+01
1.000000000000000000e+00
4.000000000000000000e+01
3.200000000000000000e+01
0.000000000000000000e+00
1.000000000000000000e+00
1.000000000000000000e+00
0.000000000000000000e+00
3.000000000000000000e+00
0.000000000000000000e+00
1.140000000000000000e+02
5.000000000000000000e+00
0.000000000000000000e+00
0.000000000000000000e+00
1.000000000000000000e+00
1.900000000000000000e+01
1.000000000000000000e+00
1.000000000000000000e+00
0.000000000000000000e+00
0.000000000000000000e+00
1.800000000000000000e+01
0.000000000000000000e+00
0.000000000000000000e+00
2.000000000000000000e+00
0.000000000000000000e+00
2.000000000000000000e+00
4.300000000000000000e+01
0.000000000000000000e+00
2.000000000000000000e+00
1.000000000000000000e+00
1.700000000000000000e+01
0.000000000000000000e+00
0.000000000000000000e+00
1.400000000000000000e+01
4.000000000000000000e+00
2.320000000000000000e+02
1.000000000000000000e+00
0.000000000000000000e+00
0.000000000000000000e+00
6.000000000000000000e+00
5.900000000000000000e+01
0.000000000000000000e+00
0.000000000000000000e+00
5.700000000000000000e+01
4.000000000000000000e+00
1.000000000000000000e+00
0.000000000000000000e+00
3.500000000000000000e+01
1.000000000000000000e+00
0.000000000000000000e+00
0.000000000000000000e+00
0.000000000000000000e+00
0.000000000000000000e+00
0.000000000000000000e+00
0.000000000000000000e+00
0.000000000000000000e+00
0.000000000000000000e+00
0.000000000000000000e+00
0.000000000000000000e+00
0.000000000000000000e+00
0.000000000000000000e+00
0.000000000000000000e+00
0.000000000000000000e+00
0.000000000000000000e+00
0.000000000000000000e+00
0.000000000000000000e+00
0.000000000000000000e+00
0.000000000000000000e+00
0.000000000000000000e+00
0.000000000000000000e+00
0.000000000000000000e+00
0.000000000000000000e+00
0.000000000000000000e+00
0.000000000000000000e+00
0.000000000000000000e+00
0.000000000000000000e+00
0.000000000000000000e+00
0.000000000000000000e+00
0.000000000000000000e+00
0.000000000000000000e+00
0.000000000000000000e+00
0.000000000000000000e+00
0.000000000000000000e+00
0.000000000000000000e+00
0.000000000000000000e+00
0.000000000000000000e+00
0.000000000000000000e+00
0.000000000000000000e+00
0.000000000000000000e+00
0.000000000000000000e+00
0.000000000000000000e+00
0.000000000000000000e+00
0.000000000000000000e+00
0.000000000000000000e+00
0.000000000000000000e+00
0.000000000000000000e+00
0.000000000000000000e+00
0.000000000000000000e+00
0.000000000000000000e+00
0.000000000000000000e+00
0.000000000000000000e+00
0.000000000000000000e+00
0.000000000000000000e+00
0.000000000000000000e+00
0.000000000000000000e+00
0.000000000000000000e+00
0.000000000000000000e+00
0.000000000000000000e+00
0.000000000000000000e+00
0.000000000000000000e+00
0.000000000000000000e+00
0.000000000000000000e+00
0.000000000000000000e+00
0.000000000000000000e+00
0.000000000000000000e+00
0.000000000000000000e+00
0.000000000000000000e+00
0.000000000000000000e+00
0.000000000000000000e+00
0.000000000000000000e+00
0.000000000000000000e+00
0.000000000000000000e+00
0.000000000000000000e+00
0.000000000000000000e+00
0.000000000000000000e+00
0.000000000000000000e+00
6.900000000000000000e+02
2.400000000000000000e+01
5.370000000000000000e+02
9.990000000000000000e+02
9.450000000000000000e+02
1.284000000000000000e+03
1.306000000000000000e+03
1.555000000000000000e+03
1.952000000000000000e+03
2.046000000000000000e+03
2.141000000000000000e+03
2.108000000000000000e+03
2.168000000000000000e+03
1.983000000000000000e+03
2.001000000000000000e+03
1.778000000000000000e+03
1.716000000000000000e+03
1.681000000000000000e+03
1.674000000000000000e+03
1.671000000000000000e+03
1.612000000000000000e+03
1.518000000000000000e+03
1.416000000000000000e+03
1.436000000000000000e+03
1.344000000000000000e+03
1.184000000000000000e+03
1.237000000000000000e+03
1.145000000000000000e+03
1.144000000000000000e+03
1.082000000000000000e+03
9.820000000000000000e+02
9.050000000000000000e+02
8.590000000000000000e+02
8.850000000000000000e+02
8.510000000000000000e+02
7.580000000000000000e+02
9.140000000000000000e+02
5.690000000000000000e+02
7.390000000000000000e+02
6.560000000000000000e+02
6.490000000000000000e+02
5.520000000000000000e+02
5.170000000000000000e+02
5.830000000000000000e+02
5.460000000000000000e+02
5.100000000000000000e+02
5.720000000000000000e+02
4.810000000000000000e+02
4.780000000000000000e+02
5.390000000000000000e+02
4.120000000000000000e+02
4.540000000000000000e+02
3.350000000000000000e+02
4.400000000000000000e+02
3.720000000000000000e+02
4.260000000000000000e+02
3.420000000000000000e+02
3.780000000000000000e+02
3.680000000000000000e+02
3.330000000000000000e+02
3.260000000000000000e+02
3.370000000000000000e+02
2.910000000000000000e+02
1.800000000000000000e+02
4.210000000000000000e+02
2.370000000000000000e+02
2.540000000000000000e+02
2.710000000000000000e+02
2.490000000000000000e+02
2.150000000000000000e+02
2.910000000000000000e+02
2.800000000000000000e+02
2.130000000000000000e+02
2.440000000000000000e+02
2.250000000000000000e+02
2.400000000000000000e+02
2.120000000000000000e+02
2.560000000000000000e+02
2.460000000000000000e+02
1.890000000000000000e+02
2.030000000000000000e+02
2.980000000000000000e+02
1.900000000000000000e+02
2.270000000000000000e+02
2.100000000000000000e+02
3.100000000000000000e+02
2.000000000000000000e+02
1.980000000000000000e+02
2.680000000000000000e+02
2.510000000000000000e+02
2.650000000000000000e+02
2.400000000000000000e+02
2.290000000000000000e+02
2.330000000000000000e+02
2.690000000000000000e+02
2.140000000000000000e+02
2.640000000000000000e+02
2.510000000000000000e+02
2.630000000000000000e+02
2.570000000000000000e+02
3.120000000000000000e+02
2.580000000000000000e+02
3.010000000000000000e+02
2.460000000000000000e+02
3.230000000000000000e+02
2.730000000000000000e+02
3.440000000000000000e+02
2.950000000000000000e+02
2.730000000000000000e+02
3.000000000000000000e+02
2.700000000000000000e+02
2.880000000000000000e+02
2.700000000000000000e+02
2.950000000000000000e+02
2.860000000000000000e+02
2.670000000000000000e+02
2.780000000000000000e+02
2.850000000000000000e+02
2.890000000000000000e+02
2.520000000000000000e+02
2.430000000000000000e+02
2.310000000000000000e+02
2.280000000000000000e+02
2.090000000000000000e+02
2.060000000000000000e+02
1.770000000000000000e+02
2.010000000000000000e+02
1.520000000000000000e+02
1.580000000000000000e+02
1.530000000000000000e+02
1.700000000000000000e+02
1.340000000000000000e+02
1.150000000000000000e+02
1.460000000000000000e+02
1.330000000000000000e+02
1.190000000000000000e+02
1.350000000000000000e+02
1.090000000000000000e+02
1.150000000000000000e+02
1.230000000000000000e+02
1.200000000000000000e+02
1.380000000000000000e+02
1.170000000000000000e+02
1.410000000000000000e+02
1.300000000000000000e+02
1.540000000000000000e+02
1.460000000000000000e+02
1.380000000000000000e+02
1.600000000000000000e+02
1.750000000000000000e+02
1.610000000000000000e+02
1.730000000000000000e+02
2.370000000000000000e+02
1.560000000000000000e+02
2.500000000000000000e+02
2.550000000000000000e+02
2.740000000000000000e+02
3.060000000000000000e+02
3.320000000000000000e+02
3.440000000000000000e+02
3.420000000000000000e+02
3.550000000000000000e+02
3.950000000000000000e+02
4.260000000000000000e+02
4.920000000000000000e+02
5.380000000000000000e+02
5.260000000000000000e+02
5.780000000000000000e+02
6.760000000000000000e+02
6.170000000000000000e+02
6.280000000000000000e+02
6.980000000000000000e+02
8.710000000000000000e+02
8.340000000000000000e+02
1.064000000000000000e+03
1.056000000000000000e+03
9.550000000000000000e+02
1.403000000000000000e+03
1.130000000000000000e+03
1.505000000000000000e+03
1.276000000000000000e+03
1.648000000000000000e+03
1.694000000000000000e+03
1.885000000000000000e+03
1.661000000000000000e+03
2.140000000000000000e+03
1.996000000000000000e+03
2.064000000000000000e+03
2.466000000000000000e+03
2.219000000000000000e+03
2.130000000000000000e+03
2.885000000000000000e+03
2.627000000000000000e+03
2.252000000000000000e+03
2.454000000000000000e+03
2.510000000000000000e+03
2.495000000000000000e+03
2.475000000000000000e+03
2.246000000000000000e+03
2.448000000000000000e+03
1.941000000000000000e+03
2.390000000000000000e+03
1.811000000000000000e+03
1.872000000000000000e+03
2.142000000000000000e+03
1.471000000000000000e+03
1.496000000000000000e+03
1.399000000000000000e+03
1.340000000000000000e+03
1.171000000000000000e+03
1.006000000000000000e+03
9.260000000000000000e+02
7.760000000000000000e+02
6.990000000000000000e+02
5.750000000000000000e+02
5.250000000000000000e+02
3.680000000000000000e+02
3.580000000000000000e+02
2.650000000000000000e+02
2.570000000000000000e+02
2.230000000000000000e+02
1.540000000000000000e+02
1.320000000000000000e+02
1.300000000000000000e+02
8.700000000000000000e+01
6.800000000000000000e+01
5.300000000000000000e+01
2.800000000000000000e+01
3.900000000000000000e+01
2.900000000000000000e+01
2.200000000000000000e+01
1.400000000000000000e+01
1.300000000000000000e+01
1.100000000000000000e+01
5.000000000000000000e+00
8.000000000000000000e+00
5.000000000000000000e+00
1.300000000000000000e+01
2.000000000000000000e+00
0.000000000000000000e+00
2.000000000000000000e+00
0.000000000000000000e+00
1.000000000000000000e+00
1.000000000000000000e+00
1.000000000000000000e+00
0.000000000000000000e+00
2.000000000000000000e+00
1.000000000000000000e+00
1.000000000000000000e+00
0.000000000000000000e+00
0.000000000000000000e+00
0.000000000000000000e+00
0.000000000000000000e+00
0.000000000000000000e+00
0.000000000000000000e+00
6.000000000000000000e+00
0.000000000000000000e+00
1.000000000000000000e+00
0.000000000000000000e+00
0.000000000000000000e+00
1.000000000000000000e+00
1.000000000000000000e+00
0.000000000000000000e+00
1.000000000000000000e+00
1.000000000000000000e+00
1.000000000000000000e+00
2.000000000000000000e+00
6.000000000000000000e+00
9.000000000000000000e+00
2.100000000000000000e+01
2.600000000000000000e+01
4.700000000000000000e+01
8.300000000000000000e+01
1.360000000000000000e+02
1.620000000000000000e+02
2.100000000000000000e+02
2.100000000000000000e+02
2.050000000000000000e+02
2.340000000000000000e+02
2.090000000000000000e+02
2.050000000000000000e+02
1.830000000000000000e+02
1.930000000000000000e+02
1.830000000000000000e+02
1.850000000000000000e+02
1.910000000000000000e+02
2.050000000000000000e+02
2.040000000000000000e+02
1.970000000000000000e+02
2.030000000000000000e+02
2.240000000000000000e+02
2.190000000000000000e+02
2.220000000000000000e+02
2.030000000000000000e+02
2.050000000000000000e+02
2.690000000000000000e+02
2.650000000000000000e+02
2.400000000000000000e+02
2.280000000000000000e+02
2.530000000000000000e+02
2.540000000000000000e+02
2.550000000000000000e+02
2.890000000000000000e+02
3.150000000000000000e+02
2.940000000000000000e+02
2.860000000000000000e+02
3.020000000000000000e+02
3.490000000000000000e+02
3.190000000000000000e+02
3.050000000000000000e+02
3.290000000000000000e+02
3.400000000000000000e+02
3.070000000000000000e+02
3.360000000000000000e+02
3.790000000000000000e+02
3.510000000000000000e+02
3.450000000000000000e+02
3.620000000000000000e+02
4.130000000000000000e+02
4.580000000000000000e+02
4.680000000000000000e+02
4.590000000000000000e+02
5.200000000000000000e+02
5.240000000000000000e+02
5.140000000000000000e+02
5.440000000000000000e+02
5.690000000000000000e+02
6.170000000000000000e+02
6.860000000000000000e+02
6.800000000000000000e+02
7.110000000000000000e+02
7.670000000000000000e+02
7.600000000000000000e+02
8.310000000000000000e+02
8.450000000000000000e+02
8.370000000000000000e+02
8.630000000000000000e+02
8.600000000000000000e+02
9.320000000000000000e+02
9.720000000000000000e+02
1.019000000000000000e+03
1.108000000000000000e+03
1.155000000000000000e+03
1.252000000000000000e+03
1.317000000000000000e+03
1.364000000000000000e+03
1.391000000000000000e+03
1.425000000000000000e+03
1.510000000000000000e+03
1.669000000000000000e+03
1.704000000000000000e+03
1.729000000000000000e+03
1.897000000000000000e+03
1.970000000000000000e+03
2.007000000000000000e+03
2.081000000000000000e+03
2.207000000000000000e+03
2.406000000000000000e+03
2.523000000000000000e+03
2.585000000000000000e+03
2.687000000000000000e+03
2.795000000000000000e+03
2.919000000000000000e+03
3.016000000000000000e+03
3.146000000000000000e+03
3.343000000000000000e+03
3.500000000000000000e+03
3.657000000000000000e+03
3.634000000000000000e+03
3.902000000000000000e+03
4.015000000000000000e+03
3.946000000000000000e+03
3.853000000000000000e+03
3.792000000000000000e+03
3.671000000000000000e+03
3.285000000000000000e+03
3.045000000000000000e+03
2.672000000000000000e+03
2.389000000000000000e+03
2.025000000000000000e+03
1.756000000000000000e+03
1.505000000000000000e+03
1.303000000000000000e+03
1.214000000000000000e+03
1.092000000000000000e+03
9.950000000000000000e+02
9.190000000000000000e+02
8.740000000000000000e+02
8.160000000000000000e+02
8.650000000000000000e+02
8.160000000000000000e+02
7.890000000000000000e+02
7.370000000000000000e+02
7.270000000000000000e+02
7.530000000000000000e+02
7.430000000000000000e+02
7.500000000000000000e+02
7.080000000000000000e+02
7.020000000000000000e+02
7.150000000000000000e+02
6.040000000000000000e+02
6.230000000000000000e+02
6.300000000000000000e+02
6.070000000000000000e+02
6.340000000000000000e+02
6.320000000000000000e+02
6.220000000000000000e+02
5.790000000000000000e+02
5.940000000000000000e+02
5.610000000000000000e+02
4.890000000000000000e+02
5.160000000000000000e+02
5.130000000000000000e+02
4.980000000000000000e+02
4.440000000000000000e+02
4.710000000000000000e+02
4.600000000000000000e+02
4.210000000000000000e+02
3.850000000000000000e+02
3.900000000000000000e+02
3.560000000000000000e+02
3.650000000000000000e+02
3.290000000000000000e+02
2.920000000000000000e+02
2.700000000000000000e+02
2.930000000000000000e+02
2.420000000000000000e+02
2.630000000000000000e+02
2.350000000000000000e+02
2.110000000000000000e+02
2.250000000000000000e+02
2.210000000000000000e+02
1.940000000000000000e+02
2.050000000000000000e+02
2.330000000000000000e+02
1.830000000000000000e+02
1.840000000000000000e+02
1.910000000000000000e+02
1.790000000000000000e+02
1.680000000000000000e+02
1.720000000000000000e+02
1.680000000000000000e+02
1.630000000000000000e+02
1.650000000000000000e+02
1.430000000000000000e+02
1.520000000000000000e+02
1.440000000000000000e+02
1.430000000000000000e+02
1.390000000000000000e+02
1.400000000000000000e+02
1.530000000000000000e+02
1.620000000000000000e+02
1.340000000000000000e+02
1.510000000000000000e+02
1.440000000000000000e+02
1.280000000000000000e+02
1.090000000000000000e+02
1.180000000000000000e+02
1.190000000000000000e+02
1.140000000000000000e+02
1.110000000000000000e+02
9.800000000000000000e+01
9.200000000000000000e+01
1.010000000000000000e+02
8.700000000000000000e+01
1.180000000000000000e+02
1.130000000000000000e+02
8.700000000000000000e+01
8.600000000000000000e+01
8.500000000000000000e+01
8.000000000000000000e+01
9.100000000000000000e+01
7.500000000000000000e+01
8.900000000000000000e+01
9.700000000000000000e+01
8.400000000000000000e+01
7.100000000000000000e+01
5.700000000000000000e+01
5.300000000000000000e+01
6.700000000000000000e+01
7.600000000000000000e+01
4.900000000000000000e+01
6.700000000000000000e+01
5.500000000000000000e+01
5.700000000000000000e+01
5.300000000000000000e+01
4.000000000000000000e+01
4.800000000000000000e+01
5.200000000000000000e+01
4.200000000000000000e+01
3.900000000000000000e+01
4.400000000000000000e+01
4.900000000000000000e+01
4.900000000000000000e+01
3.100000000000000000e+01
3.900000000000000000e+01
3.800000000000000000e+01
3.200000000000000000e+01
2.800000000000000000e+01
2.700000000000000000e+01
3.200000000000000000e+01
1.800000000000000000e+01
1.700000000000000000e+01
2.400000000000000000e+01
1.700000000000000000e+01
1.400000000000000000e+01
1.800000000000000000e+01
2.400000000000000000e+01
2.000000000000000000e+01
2.900000000000000000e+01
3.300000000000000000e+01
1.110000000000000000e+02
