6.400000000000000000e+01
2.400000000000000000e+01
3.400000000000000000e+01
2.700000000000000000e+01
3.200000000000000000e+01
5.100000000000000000e+01
5.200000000000000000e+01
2.200000000000000000e+01
5.000000000000000000e+01
3.000000000000000000e+01
3.200000000000000000e+01
5.600000000000000000e+01
3.100000000000000000e+01
7.100000000000000000e+01
2.800000000000000000e+01
4.400000000000000000e+01
5.000000000000000000e+01
2.800000000000000000e+01
2.300000000000000000e+01
4.500000000000000000e+01
4.700000000000000000e+01
4.200000000000000000e+01
4.000000000000000000e+01
3.000000000000000000e+01
4.100000000000000000e+01
3.400000000000000000e+01
5.500000000000000000e+01
2.300000000000000000e+01
2.100000000000000000e+01
2.400000000000000000e+01
7.700000000000000000e+01
1.900000000000000000e+01
4.000000000000000000e+01
4.400000000000000000e+01
4.400000000000000000e+01
1.010000000000000000e+02
4.000000000000000000e+01
4.300000000000000000e+01
5.600000000000000000e+01
5.700000000000000000e+01
6.500000000000000000e+01
3.600000000000000000e+01
5.900000000000000000e+01
1.110000000000000000e+02
4.800000000000000000e+01
7.900000000000000000e+01
8.700000000000000000e+01
3.800000000000000000e+01
1.200000000000000000e+02
4.700000000000000000e+01
8.600000000000000000e+01
8.200000000000000000e+01
7.400000000000000000e+01
5.500000000000000000e+01
7.800000000000000000e+01
9.900000000000000000e+01
1.120000000000000000e+02
6.800000000000000000e+01
8.800000000000000000e+01
5.400000000000000000e+01
1.130000000000000000e+02
3.500000000000000000e+01
9.400000000000000000e+01
1.130000000000000000e+02
4.900000000000000000e+01
8.700000000000000000e+01
1.820000000000000000e+02
1.390000000000000000e+02
9.200000000000000000e+01
2.140000000000000000e+02
1.450000000000000000e+02
1.450000000000000000e+02
1.920000000000000000e+02
2.070000000000000000e+02
4.230000000000000000e+02
2.070000000000000000e+02
3.010000000000000000e+02
4.530000000000000000e+02
1.970000000000000000e+02
2.260000000000000000e+02
1.250000000000000000e+03
2.920000000000000000e+02
9.090000000000000000e+02
8.640000000000000000e+02
1.917000000000000000e+03
2.359000000000000000e+03
2.410000000000000000e+03
4.653000000000000000e+03
5.766000000000000000e+03
1.218100000000000000e+04
1.031300000000000000e+04
1.684800000000000000e+04
1.367900000000000000e+04
7.056000000000000000e+03
7.265000000000000000e+03
4.569000000000000000e+03
3.245000000000000000e+03
1.559000000000000000e+03
2.900000000000000000e+03
1.432000000000000000e+03
1.369000000000000000e+03
4.636000000000000000e+03
4.042000000000000000e+03
5.667000000000000000e+03
7.717000000000000000e+03
1.135900000000000000e+04
7.728000000000000000e+03
2.405000000000000000e+03
4.170000000000000000e+03
1.434000000000000000e+03
9.700000000000000000e+02
1.807000000000000000e+03
7.110000000000000000e+02
3.780000000000000000e+02
2.450000000000000000e+02
1.660000000000000000e+02
2.650000000000000000e+02
5.600000000000000000e+01
7.200000000000000000e+01
4.700000000000000000e+01
1.350000000000000000e+02
2.100000000000000000e+01
6.200000000000000000e+01
4.500000000000000000e+01
6.600000000000000000e+01
1.180000000000000000e+02
3.800000000000000000e+01
3.100000000000000000e+01
4.300000000000000000e+01
2.200000000000000000e+01
3.900000000000000000e+01
1.600000000000000000e+01
4.900000000000000000e+01
5.900000000000000000e+01
1.600000000000000000e+01
2.900000000000000000e+01
2.900000000000000000e+01
1.200000000000000000e+01
5.400000000000000000e+01
1.400000000000000000e+01
4.600000000000000000e+01
2.900000000000000000e+01
2.000000000000000000e+01
1.000000000000000000e+01
1.700000000000000000e+01
3.900000000000000000e+01
3.100000000000000000e+01
2.900000000000000000e+01
1.700000000000000000e+01
6.000000000000000000e+00
2.800000000000000000e+01
7.000000000000000000e+00
2.000000000000000000e+01
2.200000000000000000e+01
1.000000000000000000e+01
1.700000000000000000e+01
5.100000000000000000e+01
3.600000000000000000e+01
2.900000000000000000e+01
4.500000000000000000e+01
3.000000000000000000e+01
2.400000000000000000e+01
3.300000000000000000e+01
3.300000000000000000e+01
6.300000000000000000e+01
4.700000000000000000e+01
3.200000000000000000e+01
5.500000000000000000e+01
1.400000000000000000e+01
2.300000000000000000e+01
1.230000000000000000e+02
1.400000000000000000e+01
3.000000000000000000e+01
3.600000000000000000e+01
4.400000000000000000e+01
4.500000000000000000e+01
2.000000000000000000e+01
6.100000000000000000e+01
3.100000000000000000e+01
2.000000000000000000e+01
0.000000000000000000e+00
0.000000000000000000e+00
0.000000000000000000e+00
0.000000000000000000e+00
0.000000000000000000e+00
0.000000000000000000e+00
0.000000000000000000e+00
0.000000000000000000e+00
0.000000000000000000e+00
0.000000000000000000e+00
0.000000000000000000e+00
0.000000000000000000e+00
0.000000000000000000e+00
0.000000000000000000e+00
0.000000000000000000e+00
0.000000000000000000e+00
0.000000000000000000e+00
0.000000000000000000e+00
0.000000000000000000e+00
0.000000000000000000e+00
0.000000000000000000e+00
0.000000000000000000e+00
0.000000000000000000e+00
0.000000000000000000e+00
0.000000000000000000e+00
0.000000000000000000e+00
0.000000000000000000e+00
0.000000000000000000e+00
0.000000000000000000e+00
0.000000000000000000e+00
0.000000000000000000e+00
0.000000000000000000e+00
0.000000000000000000e+00
0.000000000000000000e+00
0.000000000000000000e+00
0.000000000000000000e+00
0.000000000000000000e+00
0.000000000000000000e+00
0.000000000000000000e+00
0.000000000000000000e+00
0.000000000000000000e+00
0.000000000000000000e+00
0.000000000000000000e+00
0.000000000000000000e+00
0.000000000000000000e+00
0.000000000000000000e+00
0.000000000000000000e+00
0.000000000000000000e+00
0.000000000000000000e+00
0.000000000000000000e+00
0.000000000000000000e+00
0.000000000000000000e+00
0.000000000000000000e+00
0.000000000000000000e+00
0.000000000000000000e+00
0.000000000000000000e+00
0.000000000000000000e+00
0.000000000000000000e+00
0.000000000000000000e+00
0.000000000000000000e+00
0.000000000000000000e+00
0.000000000000000000e+00
0.000000000000000000e+00
0.000000000000000000e+00
0.000000000000000000e+00
0.000000000000000000e+00
0.000000000000000000e+00
0.000000000000000000e+00
0.000000000000000000e+00
0.000000000000000000e+00
0.000000000000000000e+00
0.000000000000000000e+00
0.000000000000000000e+00
0.000000000000000000e+00
0.000000000000000000e+00
0.000000000000000000e+00
1.700000000000000000e+01
0.000000000000000000e+00
3.000000000000000000e+00
4.600000000000000000e+01
5.700000000000000000e+01
5.100000000000000000e+01
3.500000000000000000e+01
8.100000000000000000e+01
8.200000000000000000e+01
1.080000000000000000e+02
9.300000000000000000e+01
1.010000000000000000e+02
1.340000000000000000e+02
1.420000000000000000e+02
1.920000000000000000e+02
2.070000000000000000e+02
2.030000000000000000e+02
2.550000000000000000e+02
2.940000000000000000e+02
3.260000000000000000e+02
4.080000000000000000e+02
4.390000000000000000e+02
4.940000000000000000e+02
6.220000000000000000e+02
6.680000000000000000e+02
7.170000000000000000e+02
8.080000000000000000e+02
8.760000000000000000e+02
1.091000000000000000e+03
1.137000000000000000e+03
1.325000000000000000e+03
1.572000000000000000e+03
1.416000000000000000e+03
1.689000000000000000e+03
1.744000000000000000e+03
1.888000000000000000e+03
1.839000000000000000e+03
1.588000000000000000e+03
1.532000000000000000e+03
1.433000000000000000e+03
1.469000000000000000e+03
1.681000000000000000e+03
1.446000000000000000e+03
1.593000000000000000e+03
1.642000000000000000e+03
1.623000000000000000e+03
2.109000000000000000e+03
2.246000000000000000e+03
2.236000000000000000e+03
2.231000000000000000e+03
2.221000000000000000e+03
2.290000000000000000e+03
1.718000000000000000e+03
1.689000000000000000e+03
1.579000000000000000e+03
1.529000000000000000e+03
1.487000000000000000e+03
1.522000000000000000e+03
1.390000000000000000e+03
1.396000000000000000e+03
1.383000000000000000e+03
1.358000000000000000e+03
1.277000000000000000e+03
1.341000000000000000e+03
1.142000000000000000e+03
1.050000000000000000e+03
1.089000000000000000e+03
1.157000000000000000e+03
1.021000000000000000e+03
1.079000000000000000e+03
1.036000000000000000e+03
9.020000000000000000e+02
9.670000000000000000e+02
7.960000000000000000e+02
7.950000000000000000e+02
7.270000000000000000e+02
7.870000000000000000e+02
7.440000000000000000e+02
7.300000000000000000e+02
6.550000000000000000e+02
6.860000000000000000e+02
6.940000000000000000e+02
6.310000000000000000e+02
5.780000000000000000e+02
6.100000000000000000e+02
7.210000000000000000e+02
5.500000000000000000e+02
6.170000000000000000e+02
5.460000000000000000e+02
5.490000000000000000e+02
5.280000000000000000e+02
5.390000000000000000e+02
5.360000000000000000e+02
4.880000000000000000e+02
4.950000000000000000e+02
4.710000000000000000e+02
5.360000000000000000e+02
4.290000000000000000e+02
4.930000000000000000e+02
4.980000000000000000e+02
4.600000000000000000e+02
4.200000000000000000e+02
4.880000000000000000e+02
4.440000000000000000e+02
5.680000000000000000e+02
4.380000000000000000e+02
4.930000000000000000e+02
5.260000000000000000e+02
4.600000000000000000e+02
5.290000000000000000e+02
4.130000000000000000e+02
4.530000000000000000e+02
5.000000000000000000e+02
4.840000000000000000e+02
4.070000000000000000e+02
3.980000000000000000e+02
5.010000000000000000e+02
4.330000000000000000e+02
4.540000000000000000e+02
3.640000000000000000e+02
5.160000000000000000e+02
3.660000000000000000e+02
4.590000000000000000e+02
5.270000000000000000e+02
5.160000000000000000e+02
2.750000000000000000e+02
3.540000000000000000e+02
4.830000000000000000e+02
7.660000000000000000e+02
2.880000000000000000e+02
2.110000000000000000e+02
7.640000000000000000e+02
4.590000000000000000e+02
3.690000000000000000e+02
2.650000000000000000e+02
7.690000000000000000e+02
2.940000000000000000e+02
3.580000000000000000e+02
4.700000000000000000e+02
4.910000000000000000e+02
4.690000000000000000e+02
2.870000000000000000e+02
4.130000000000000000e+02
6.950000000000000000e+02
2.030000000000000000e+02
3.390000000000000000e+02
3.610000000000000000e+02
5.770000000000000000e+02
6.280000000000000000e+02
4.270000000000000000e+02
3.180000000000000000e+02
7.740000000000000000e+02
2.070000000000000000e+02
7.780000000000000000e+02
1.000000000000000000e+02
7.730000000000000000e+02
1.142000000000000000e+03
2.510000000000000000e+02
6.680000000000000000e+02
8.520000000000000000e+02
6.340000000000000000e+02
4.790000000000000000e+02
1.167000000000000000e+03
4.260000000000000000e+02
5.910000000000000000e+02
1.881000000000000000e+03
2.820000000000000000e+02
1.712000000000000000e+03
5.010000000000000000e+02
7.500000000000000000e+01
2.947000000000000000e+03
3.600000000000000000e+01
5.530000000000000000e+02
1.483000000000000000e+03
3.350000000000000000e+02
1.482000000000000000e+03
5.240000000000000000e+02
1.248000000000000000e+03
1.840000000000000000e+02
1.016000000000000000e+03
7.590000000000000000e+02
9.460000000000000000e+02
7.790000000000000000e+02
1.970000000000000000e+02
5.230000000000000000e+02
1.190000000000000000e+03
4.630000000000000000e+02
8.650000000000000000e+02
4.930000000000000000e+02
3.070000000000000000e+02
1.160000000000000000e+02
1.189000000000000000e+03
3.300000000000000000e+01
5.070000000000000000e+02
3.870000000000000000e+02
5.130000000000000000e+02
2.520000000000000000e+02
3.080000000000000000e+02
3.110000000000000000e+02
1.180000000000000000e+02
7.230000000000000000e+02
4.080000000000000000e+02
2.250000000000000000e+02
9.500000000000000000e+01
5.610000000000000000e+02
5.300000000000000000e+01
3.740000000000000000e+02
6.190000000000000000e+02
9.600000000000000000e+01
5.290000000000000000e+02
1.340000000000000000e+02
2.160000000000000000e+02
3.200000000000000000e+01
7.050000000000000000e+02
1.120000000000000000e+02
2.140000000000000000e+02
5.490000000000000000e+02
5.220000000000000000e+02
3.700000000000000000e+01
4.060000000000000000e+02
3.580000000000000000e+02
7.360000000000000000e+02
2.000000000000000000e+02
1.660000000000000000e+02
1.640000000000000000e+02
4.490000000000000000e+02
5.300000000000000000e+01
2.600000000000000000e+02
7.040000000000000000e+02
5.900000000000000000e+01
6.660000000000000000e+02
2.460000000000000000e+02
1.940000000000000000e+02
1.100000000000000000e+02
6.490000000000000000e+02
1.620000000000000000e+02
6.300000000000000000e+01
5.760000000000000000e+02
1.110000000000000000e+02
4.760000000000000000e+02
1.150000000000000000e+02
4.470000000000000000e+02
3.700000000000000000e+02
1.340000000000000000e+02
9.500000000000000000e+01
6.400000000000000000e+01
8.200000000000000000e+01
6.100000000000000000e+01
5.900000000000000000e+01
4.300000000000000000e+01
4.200000000000000000e+01
4.100000000000000000e+01
3.000000000000000000e+01
2.400000000000000000e+01
1.100000000000000000e+01
2.690000000000000000e+03
0.000000000000000000e+00
0.000000000000000000e+00
0.000000000000000000e+00
0.000000000000000000e+00
1.000000000000000000e+00
6.000000000000000000e+00
1.000000000000000000e+00
5.000000000000000000e+00
3.900000000000000000e+01
1.750000000000000000e+02
5.060000000000000000e+02
7.490000000000000000e+02
1.051000000000000000e+03
1.159000000000000000e+03
1.363000000000000000e+03
1.705000000000000000e+03
1.434000000000000000e+03
1.441000000000000000e+03
1.602000000000000000e+03
1.767000000000000000e+03
1.603000000000000000e+03
1.325000000000000000e+03
1.202000000000000000e+03
1.020000000000000000e+03
1.029000000000000000e+03
1.245000000000000000e+03
1.664000000000000000e+03
1.987000000000000000e+03
2.662000000000000000e+03
3.121000000000000000e+03
3.341000000000000000e+03
3.653000000000000000e+03
3.220000000000000000e+03
3.566000000000000000e+03
2.781000000000000000e+03
2.473000000000000000e+03
1.737000000000000000e+03
1.376000000000000000e+03
7.930000000000000000e+02
7.710000000000000000e+02
4.670000000000000000e+02
4.160000000000000000e+02
3.240000000000000000e+02
2.810000000000000000e+02
3.060000000000000000e+02
2.570000000000000000e+02
1.690000000000000000e+02
1.420000000000000000e+02
1.240000000000000000e+02
1.280000000000000000e+02
1.060000000000000000e+02
1.240000000000000000e+02
1.070000000000000000e+02
1.140000000000000000e+02
1.290000000000000000e+02
1.650000000000000000e+02
1.590000000000000000e+02
1.640000000000000000e+02
1.520000000000000000e+02
1.660000000000000000e+02
1.910000000000000000e+02
2.090000000000000000e+02
1.920000000000000000e+02
2.410000000000000000e+02
2.860000000000000000e+02
2.650000000000000000e+02
3.010000000000000000e+02
3.130000000000000000e+02
2.880000000000000000e+02
3.010000000000000000e+02
3.220000000000000000e+02
2.940000000000000000e+02
2.380000000000000000e+02
2.270000000000000000e+02
2.180000000000000000e+02
1.860000000000000000e+02
1.840000000000000000e+02
1.800000000000000000e+02
1.990000000000000000e+02
2.180000000000000000e+02
1.810000000000000000e+02
2.240000000000000000e+02
1.990000000000000000e+02
2.150000000000000000e+02
1.950000000000000000e+02
2.030000000000000000e+02
2.150000000000000000e+02
2.050000000000000000e+02
2.190000000000000000e+02
1.840000000000000000e+02
2.250000000000000000e+02
2.000000000000000000e+02
2.130000000000000000e+02
2.090000000000000000e+02
2.110000000000000000e+02
2.180000000000000000e+02
1.850000000000000000e+02
1.710000000000000000e+02
1.890000000000000000e+02
1.720000000000000000e+02
1.850000000000000000e+02
1.860000000000000000e+02
1.620000000000000000e+02
1.720000000000000000e+02
1.690000000000000000e+02
1.700000000000000000e+02
1.550000000000000000e+02
1.720000000000000000e+02
1.840000000000000000e+02
1.530000000000000000e+02
1.860000000000000000e+02
1.700000000000000000e+02
1.630000000000000000e+02
1.740000000000000000e+02
1.630000000000000000e+02
1.680000000000000000e+02
1.760000000000000000e+02
2.030000000000000000e+02
1.680000000000000000e+02
2.020000000000000000e+02
1.800000000000000000e+02
2.010000000000000000e+02
1.790000000000000000e+02
2.100000000000000000e+02
1.920000000000000000e+02
1.910000000000000000e+02
2.260000000000000000e+02
2.090000000000000000e+02
2.280000000000000000e+02
2.330000000000000000e+02
2.060000000000000000e+02
2.310000000000000000e+02
2.180000000000000000e+02
2.330000000000000000e+02
2.400000000000000000e+02
2.030000000000000000e+02
2.140000000000000000e+02
2.270000000000000000e+02
2.250000000000000000e+02
2.350000000000000000e+02
2.200000000000000000e+02
2.400000000000000000e+02
2.160000000000000000e+02
2.310000000000000000e+02
2.350000000000000000e+02
2.540000000000000000e+02
2.550000000000000000e+02
2.510000000000000000e+02
2.430000000000000000e+02
2.680000000000000000e+02
2.600000000000000000e+02
2.760000000000000000e+02
2.860000000000000000e+02
2.960000000000000000e+02
2.880000000000000000e+02
3.000000000000000000e+02
2.820000000000000000e+02
2.860000000000000000e+02
3.210000000000000000e+02
3.350000000000000000e+02
3.260000000000000000e+02
3.470000000000000000e+02
3.590000000000000000e+02
3.740000000000000000e+02
3.850000000000000000e+02
3.930000000000000000e+02
4.220000000000000000e+02
4.510000000000000000e+02
5.040000000000000000e+02
4.940000000000000000e+02
5.310000000000000000e+02
5.880000000000000000e+02
6.650000000000000000e+02
6.570000000000000000e+02
6.770000000000000000e+02
7.200000000000000000e+02
7.470000000000000000e+02
8.090000000000000000e+02
8.180000000000000000e+02
8.880000000000000000e+02
9.160000000000000000e+02
9.400000000000000000e+02
9.730000000000000000e+02
1.079000000000000000e+03
1.177000000000000000e+03
1.245000000000000000e+03
1.158000000000000000e+03
1.302000000000000000e+03
1.302000000000000000e+03
1.291000000000000000e+03
1.339000000000000000e+03
1.386000000000000000e+03
1.285000000000000000e+03
1.268000000000000000e+03
1.287000000000000000e+03
1.198000000000000000e+03
1.218000000000000000e+03
1.159000000000000000e+03
1.184000000000000000e+03
1.252000000000000000e+03
1.285000000000000000e+03
1.298000000000000000e+03
1.413000000000000000e+03
1.486000000000000000e+03
1.464000000000000000e+03
1.538000000000000000e+03
1.590000000000000000e+03
1.651000000000000000e+03
1.733000000000000000e+03
1.712000000000000000e+03
1.780000000000000000e+03
1.670000000000000000e+03
1.619000000000000000e+03
1.573000000000000000e+03
1.635000000000000000e+03
1.655000000000000000e+03
1.596000000000000000e+03
1.555000000000000000e+03
1.479000000000000000e+03
1.287000000000000000e+03
1.224000000000000000e+03
1.140000000000000000e+03
1.094000000000000000e+03
1.020000000000000000e+03
1.032000000000000000e+03
9.990000000000000000e+02
8.840000000000000000e+02
9.010000000000000000e+02
8.530000000000000000e+02
8.220000000000000000e+02
8.350000000000000000e+02
7.310000000000000000e+02
6.600000000000000000e+02
5.720000000000000000e+02
5.520000000000000000e+02
4.390000000000000000e+02
4.330000000000000000e+02
4.030000000000000000e+02
4.190000000000000000e+02
3.680000000000000000e+02
4.390000000000000000e+02
3.670000000000000000e+02
3.840000000000000000e+02
3.410000000000000000e+02
3.710000000000000000e+02
3.470000000000000000e+02
3.270000000000000000e+02
3.020000000000000000e+02
3.150000000000000000e+02
2.860000000000000000e+02
2.890000000000000000e+02
2.260000000000000000e+02
1.580000000000000000e+02
1.240000000000000000e+02
7.900000000000000000e+01
2.350000000000000000e+02
