6.600000000000000000e+01
5.200000000000000000e+01
4.900000000000000000e+01
4.700000000000000000e+01
7.400000000000000000e+01
8.100000000000000000e+01
7.300000000000000000e+01
6.600000000000000000e+01
8.800000000000000000e+01
1.060000000000000000e+02
1.050000000000000000e+02
1.600000000000000000e+02
1.330000000000000000e+02
2.060000000000000000e+02
1.830000000000000000e+02
2.110000000000000000e+02
2.220000000000000000e+02
2.350000000000000000e+02
2.210000000000000000e+02
3.000000000000000000e+02
3.410000000000000000e+02
3.010000000000000000e+02
4.110000000000000000e+02
4.410000000000000000e+02
5.170000000000000000e+02
4.650000000000000000e+02
5.570000000000000000e+02
5.240000000000000000e+02
5.830000000000000000e+02
5.880000000000000000e+02
6.190000000000000000e+02
6.020000000000000000e+02
6.140000000000000000e+02
7.910000000000000000e+02
7.100000000000000000e+02
1.024000000000000000e+03
7.130000000000000000e+02
9.380000000000000000e+02
8.410000000000000000e+02
1.025000000000000000e+03
1.001000000000000000e+03
1.044000000000000000e+03
1.007000000000000000e+03
1.061000000000000000e+03
1.161000000000000000e+03
9.700000000000000000e+02
1.079000000000000000e+03
1.046000000000000000e+03
1.058000000000000000e+03
1.076000000000000000e+03
9.740000000000000000e+02
9.860000000000000000e+02
9.430000000000000000e+02
1.035000000000000000e+03
7.570000000000000000e+02
1.053000000000000000e+03
9.050000000000000000e+02
8.570000000000000000e+02
9.550000000000000000e+02
9.070000000000000000e+02
7.580000000000000000e+02
9.100000000000000000e+02
8.830000000000000000e+02
9.870000000000000000e+02
1.022000000000000000e+03
1.151000000000000000e+03
1.324000000000000000e+03
1.230000000000000000e+03
1.413000000000000000e+03
1.644000000000000000e+03
1.494000000000000000e+03
1.620000000000000000e+03
1.703000000000000000e+03
1.925000000000000000e+03
2.177000000000000000e+03
2.081000000000000000e+03
2.059000000000000000e+03
2.317000000000000000e+03
2.133000000000000000e+03
2.195000000000000000e+03
2.701000000000000000e+03
2.684000000000000000e+03
3.658000000000000000e+03
3.914000000000000000e+03
3.779000000000000000e+03
3.679000000000000000e+03
3.473000000000000000e+03
4.776000000000000000e+03
7.395000000000000000e+03
8.460000000000000000e+03
1.070900000000000000e+04
1.195900000000000000e+04
1.341800000000000000e+04
1.025800000000000000e+04
1.032400000000000000e+04
4.348000000000000000e+03
2.455000000000000000e+03
1.774000000000000000e+03
1.849000000000000000e+03
1.206000000000000000e+03
7.490000000000000000e+02
5.560000000000000000e+02
1.750000000000000000e+02
3.630000000000000000e+02
8.200000000000000000e+01
3.600000000000000000e+01
1.180000000000000000e+02
1.800000000000000000e+01
1.800000000000000000e+01
1.950000000000000000e+02
5.600000000000000000e+01
1.100000000000000000e+02
2.000000000000000000e+01
6.700000000000000000e+01
9.300000000000000000e+01
1.970000000000000000e+02
3.800000000000000000e+01
0.000000000000000000e+00
0.000000000000000000e+00
0.000000000000000000e+00
2.600000000000000000e+02
0.000000000000000000e+00
1.100000000000000000e+01
0.000000000000000000e+00
1.450000000000000000e+02
2.970000000000000000e+02
6.600000000000000000e+01
3.000000000000000000e+00
1.340000000000000000e+02
7.300000000000000000e+01
1.970000000000000000e+02
2.000000000000000000e+00
4.800000000000000000e+01
2.850000000000000000e+02
5.000000000000000000e+00
1.630000000000000000e+02
1.410000000000000000e+02
0.000000000000000000e+00
5.010000000000000000e+02
1.500000000000000000e+01
1.800000000000000000e+01
2.530000000000000000e+02
2.590000000000000000e+02
1.430000000000000000e+02
3.830000000000000000e+02
1.130000000000000000e+02
4.550000000000000000e+02
2.900000000000000000e+02
2.840000000000000000e+02
1.000000000000000000e+00
2.110000000000000000e+02
0.000000000000000000e+00
2.720000000000000000e+02
6.600000000000000000e+01
4.000000000000000000e+00
3.100000000000000000e+01
8.200000000000000000e+01
2.500000000000000000e+01
7.000000000000000000e+00
2.200000000000000000e+01
8.000000000000000000e+00
4.000000000000000000e+00
1.000000000000000000e+00
6.000000000000000000e+00
1.400000000000000000e+01
1.300000000000000000e+01
4.000000000000000000e+00
9.000000000000000000e+00
2.000000000000000000e+00
6.000000000000000000e+00
2.400000000000000000e+01
5.000000000000000000e+00
1.500000000000000000e+01
2.400000000000000000e+01
3.600000000000000000e+01
3.300000000000000000e+01
2.800000000000000000e+01
4.200000000000000000e+01
3.300000000000000000e+01
3.400000000000000000e+01
0.000000000000000000e+00
0.000000000000000000e+00
0.000000000000000000e+00
0.000000000000000000e+00
0.000000000000000000e+00
0.000000000000000000e+00
0.000000000000000000e+00
0.000000000000000000e+00
0.000000000000000000e+00
0.000000000000000000e+00
0.000000000000000000e+00
0.000000000000000000e+00
0.000000000000000000e+00
0.000000000000000000e+00
0.000000000000000000e+00
0.000000000000000000e+00
0.000000000000000000e+00
0.000000000000000000e+00
0.000000000000000000e+00
0.000000000000000000e+00
0.000000000000000000e+00
0.000000000000000000e+00
0.000000000000000000e+00
0.000000000000000000e+00
0.000000000000000000e+00
0.000000000000000000e+00
0.000000000000000000e+00
0.000000000000000000e+00
0.000000000000000000e+00
0.000000000000000000e+00
0.000000000000000000e+00
0.000000000000000000e+00
0.000000000000000000e+00
0.000000000000000000e+00
0.000000000000000000e+00
0.000000000000000000e+00
0.000000000000000000e+00
0.000000000000000000e+00
0.000000000000000000e+00
0.000000000000000000e+00
0.000000000000000000e+00
0.000000000000000000e+00
0.000000000000000000e+00
0.000000000000000000e+00
0.000000000000000000e+00
0.000000000000000000e+00
0.000000000000000000e+00
0.000000000000000000e+00
0.000000000000000000e+00
0.000000000000000000e+00
0.000000000000000000e+00
0.000000000000000000e+00
0.000000000000000000e+00
0.000000000000000000e+00
0.000000000000000000e+00
0.000000000000000000e+00
0.000000000000000000e+00
0.000000000000000000e+00
0.000000000000000000e+00
0.000000000000000000e+00
0.000000000000000000e+00
0.000000000000000000e+00
0.000000000000000000e+00
0.000000000000000000e+00
0.000000000000000000e+00
0.000000000000000000e+00
0.000000000000000000e+00
0.000000000000000000e+00
0.000000000000000000e+00
0.000000000000000000e+00
0.000000000000000000e+00
0.000000000000000000e+00
0.000000000000000000e+00
0.000000000000000000e+00
0.000000000000000000e+00
0.000000000000000000e+00
1.400000000000000000e+01
0.000000000000000000e+00
1.000000000000000000e+00
1.000000000000000000e+00
3.000000000000000000e+00
3.000000000000000000e+00
7.000000000000000000e+00
2.000000000000000000e+00
4.000000000000000000e+00
6.000000000000000000e+00
4.000000000000000000e+00
4.000000000000000000e+00
5.000000000000000000e+00
6.000000000000000000e+00
1.000000000000000000e+01
1.200000000000000000e+01
6.000000000000000000e+00
9.000000000000000000e+00
1.300000000000000000e+01
1.000000000000000000e+01
1.500000000000000000e+01
1.700000000000000000e+01
1.900000000000000000e+01
1.900000000000000000e+01
1.100000000000000000e+01
1.200000000000000000e+01
2.100000000000000000e+01
2.700000000000000000e+01
2.100000000000000000e+01
2.400000000000000000e+01
1.900000000000000000e+01
1.800000000000000000e+01
2.300000000000000000e+01
1.800000000000000000e+01
2.400000000000000000e+01
2.600000000000000000e+01
3.500000000000000000e+01
1.900000000000000000e+01
3.300000000000000000e+01
3.000000000000000000e+01
4.600000000000000000e+01
5.100000000000000000e+01
3.200000000000000000e+01
5.800000000000000000e+01
6.700000000000000000e+01
5.200000000000000000e+01
6.900000000000000000e+01
5.900000000000000000e+01
7.300000000000000000e+01
9.000000000000000000e+01
6.200000000000000000e+01
8.900000000000000000e+01
5.600000000000000000e+01
1.380000000000000000e+02
6.800000000000000000e+01
1.240000000000000000e+02
1.000000000000000000e+02
1.550000000000000000e+02
1.190000000000000000e+02
1.590000000000000000e+02
1.130000000000000000e+02
1.550000000000000000e+02
1.780000000000000000e+02
1.090000000000000000e+02
2.760000000000000000e+02
1.750000000000000000e+02
2.020000000000000000e+02
2.090000000000000000e+02
2.580000000000000000e+02
2.210000000000000000e+02
3.430000000000000000e+02
3.000000000000000000e+02
2.640000000000000000e+02
3.660000000000000000e+02
3.470000000000000000e+02
3.260000000000000000e+02
3.730000000000000000e+02
4.570000000000000000e+02
4.820000000000000000e+02
3.730000000000000000e+02
5.030000000000000000e+02
4.930000000000000000e+02
5.270000000000000000e+02
5.580000000000000000e+02
4.850000000000000000e+02
7.270000000000000000e+02
5.590000000000000000e+02
6.270000000000000000e+02
7.420000000000000000e+02
6.910000000000000000e+02
7.460000000000000000e+02
7.180000000000000000e+02
7.470000000000000000e+02
7.910000000000000000e+02
8.550000000000000000e+02
7.910000000000000000e+02
8.870000000000000000e+02
8.300000000000000000e+02
9.000000000000000000e+02
8.050000000000000000e+02
8.830000000000000000e+02
9.000000000000000000e+02
9.320000000000000000e+02
8.960000000000000000e+02
9.690000000000000000e+02
9.100000000000000000e+02
1.000000000000000000e+03
9.180000000000000000e+02
9.250000000000000000e+02
8.790000000000000000e+02
8.980000000000000000e+02
9.220000000000000000e+02
8.980000000000000000e+02
9.980000000000000000e+02
9.390000000000000000e+02
9.070000000000000000e+02
8.830000000000000000e+02
8.890000000000000000e+02
8.970000000000000000e+02
8.800000000000000000e+02
8.600000000000000000e+02
8.520000000000000000e+02
8.710000000000000000e+02
8.490000000000000000e+02
8.040000000000000000e+02
7.890000000000000000e+02
6.840000000000000000e+02
8.170000000000000000e+02
8.780000000000000000e+02
7.300000000000000000e+02
7.080000000000000000e+02
7.090000000000000000e+02
7.510000000000000000e+02
7.440000000000000000e+02
7.530000000000000000e+02
6.380000000000000000e+02
6.740000000000000000e+02
7.050000000000000000e+02
6.570000000000000000e+02
6.320000000000000000e+02
6.420000000000000000e+02
6.760000000000000000e+02
6.120000000000000000e+02
7.010000000000000000e+02
5.440000000000000000e+02
5.680000000000000000e+02
5.990000000000000000e+02
5.770000000000000000e+02
6.910000000000000000e+02
6.230000000000000000e+02
5.980000000000000000e+02
6.590000000000000000e+02
5.840000000000000000e+02
6.050000000000000000e+02
6.030000000000000000e+02
6.870000000000000000e+02
6.270000000000000000e+02
6.020000000000000000e+02
6.920000000000000000e+02
6.470000000000000000e+02
5.570000000000000000e+02
7.220000000000000000e+02
7.540000000000000000e+02
6.360000000000000000e+02
7.100000000000000000e+02
6.700000000000000000e+02
6.850000000000000000e+02
8.290000000000000000e+02
6.420000000000000000e+02
6.670000000000000000e+02
1.055000000000000000e+03
7.340000000000000000e+02
5.570000000000000000e+02
8.480000000000000000e+02
8.220000000000000000e+02
6.590000000000000000e+02
7.050000000000000000e+02
8.740000000000000000e+02
6.950000000000000000e+02
9.020000000000000000e+02
7.740000000000000000e+02
7.580000000000000000e+02
8.360000000000000000e+02
8.810000000000000000e+02
8.300000000000000000e+02
9.720000000000000000e+02
7.440000000000000000e+02
7.690000000000000000e+02
1.118000000000000000e+03
8.410000000000000000e+02
9.900000000000000000e+02
1.046000000000000000e+03
7.710000000000000000e+02
9.190000000000000000e+02
9.770000000000000000e+02
9.230000000000000000e+02
9.280000000000000000e+02
9.220000000000000000e+02
1.064000000000000000e+03
9.720000000000000000e+02
9.210000000000000000e+02
1.041000000000000000e+03
9.250000000000000000e+02
9.990000000000000000e+02
8.430000000000000000e+02
9.770000000000000000e+02
1.028000000000000000e+03
9.190000000000000000e+02
1.047000000000000000e+03
1.036000000000000000e+03
9.990000000000000000e+02
1.054000000000000000e+03
1.070000000000000000e+03
1.350000000000000000e+03
1.094000000000000000e+03
1.266000000000000000e+03
1.490000000000000000e+03
1.600000000000000000e+03
1.509000000000000000e+03
2.114000000000000000e+03
1.845000000000000000e+03
1.796000000000000000e+03
1.995000000000000000e+03
2.410000000000000000e+03
2.059000000000000000e+03
2.861000000000000000e+03
4.002000000000000000e+03
4.072000000000000000e+03
4.156000000000000000e+03
3.924000000000000000e+03
3.677000000000000000e+03
3.288000000000000000e+03
3.752000000000000000e+03
3.846000000000000000e+03
2.843000000000000000e+03
2.447000000000000000e+03
1.886000000000000000e+03
1.504000000000000000e+03
1.416000000000000000e+03
1.148000000000000000e+03
1.007000000000000000e+03
1.105000000000000000e+03
9.080000000000000000e+02
7.400000000000000000e+02
8.450000000000000000e+02
5.720000000000000000e+02
6.480000000000000000e+02
6.070000000000000000e+02
3.310000000000000000e+02
4.720000000000000000e+02
1.150000000000000000e+02
3.050000000000000000e+02
4.900000000000000000e+01
2.310000000000000000e+02
1.000000000000000000e+00
9.050000000000000000e+02
0.000000000000000000e+00
0.000000000000000000e+00
0.000000000000000000e+00
0.000000000000000000e+00
0.000000000000000000e+00
0.000000000000000000e+00
0.000000000000000000e+00
0.000000000000000000e+00
0.000000000000000000e+00
2.000000000000000000e+00
0.000000000000000000e+00
2.000000000000000000e+00
3.000000000000000000e+00
1.400000000000000000e+01
2.700000000000000000e+01
5.400000000000000000e+01
1.310000000000000000e+02
2.350000000000000000e+02
3.690000000000000000e+02
4.490000000000000000e+02
4.810000000000000000e+02
4.600000000000000000e+02
5.490000000000000000e+02
4.880000000000000000e+02
5.220000000000000000e+02
4.640000000000000000e+02
4.820000000000000000e+02
4.440000000000000000e+02
3.800000000000000000e+02
3.980000000000000000e+02
3.350000000000000000e+02
3.220000000000000000e+02
3.090000000000000000e+02
2.720000000000000000e+02
2.620000000000000000e+02
2.500000000000000000e+02
2.270000000000000000e+02
2.510000000000000000e+02
2.100000000000000000e+02
2.220000000000000000e+02
2.240000000000000000e+02
2.210000000000000000e+02
2.080000000000000000e+02
2.510000000000000000e+02
2.440000000000000000e+02
2.670000000000000000e+02
2.640000000000000000e+02
2.990000000000000000e+02
3.550000000000000000e+02
4.090000000000000000e+02
4.670000000000000000e+02
5.230000000000000000e+02
5.660000000000000000e+02
6.960000000000000000e+02
7.410000000000000000e+02
8.310000000000000000e+02
7.970000000000000000e+02
8.580000000000000000e+02
7.810000000000000000e+02
8.360000000000000000e+02
7.810000000000000000e+02
8.360000000000000000e+02
8.190000000000000000e+02
9.070000000000000000e+02
9.080000000000000000e+02
8.630000000000000000e+02
9.200000000000000000e+02
9.640000000000000000e+02
9.090000000000000000e+02
9.750000000000000000e+02
9.740000000000000000e+02
9.880000000000000000e+02
1.042000000000000000e+03
1.069000000000000000e+03
1.053000000000000000e+03
1.093000000000000000e+03
1.087000000000000000e+03
1.120000000000000000e+03
1.135000000000000000e+03
1.217000000000000000e+03
1.283000000000000000e+03
1.339000000000000000e+03
1.322000000000000000e+03
1.470000000000000000e+03
1.494000000000000000e+03
1.606000000000000000e+03
1.587000000000000000e+03
1.701000000000000000e+03
1.763000000000000000e+03
1.705000000000000000e+03
1.626000000000000000e+03
1.736000000000000000e+03
1.757000000000000000e+03
1.786000000000000000e+03
1.837000000000000000e+03
1.962000000000000000e+03
1.947000000000000000e+03
2.022000000000000000e+03
2.109000000000000000e+03
2.043000000000000000e+03
1.900000000000000000e+03
1.809000000000000000e+03
1.746000000000000000e+03
1.668000000000000000e+03
1.757000000000000000e+03
1.614000000000000000e+03
1.614000000000000000e+03
1.572000000000000000e+03
1.406000000000000000e+03
1.500000000000000000e+03
1.524000000000000000e+03
1.474000000000000000e+03
1.478000000000000000e+03
1.392000000000000000e+03
1.224000000000000000e+03
1.186000000000000000e+03
1.198000000000000000e+03
1.127000000000000000e+03
1.067000000000000000e+03
1.117000000000000000e+03
1.105000000000000000e+03
1.035000000000000000e+03
1.077000000000000000e+03
1.095000000000000000e+03
1.128000000000000000e+03
1.042000000000000000e+03
1.017000000000000000e+03
1.035000000000000000e+03
1.013000000000000000e+03
1.048000000000000000e+03
1.012000000000000000e+03
1.011000000000000000e+03
9.850000000000000000e+02
9.520000000000000000e+02
1.017000000000000000e+03
1.115000000000000000e+03
1.067000000000000000e+03
1.039000000000000000e+03
1.047000000000000000e+03
1.001000000000000000e+03
1.069000000000000000e+03
9.780000000000000000e+02
9.480000000000000000e+02
9.630000000000000000e+02
9.460000000000000000e+02
1.012000000000000000e+03
9.820000000000000000e+02
9.240000000000000000e+02
9.690000000000000000e+02
1.019000000000000000e+03
1.070000000000000000e+03
1.058000000000000000e+03
1.084000000000000000e+03
1.058000000000000000e+03
9.880000000000000000e+02
9.540000000000000000e+02
9.220000000000000000e+02
9.380000000000000000e+02
9.420000000000000000e+02
9.490000000000000000e+02
1.016000000000000000e+03
1.006000000000000000e+03
1.112000000000000000e+03
9.710000000000000000e+02
1.026000000000000000e+03
1.093000000000000000e+03
1.077000000000000000e+03
1.075000000000000000e+03
1.153000000000000000e+03
1.067000000000000000e+03
1.124000000000000000e+03
1.066000000000000000e+03
9.840000000000000000e+02
1.139000000000000000e+03
1.100000000000000000e+03
1.078000000000000000e+03
1.037000000000000000e+03
9.270000000000000000e+02
9.200000000000000000e+02
8.470000000000000000e+02
8.700000000000000000e+02
7.750000000000000000e+02
6.860000000000000000e+02
8.080000000000000000e+02
8.830000000000000000e+02
7.300000000000000000e+02
8.130000000000000000e+02
9.170000000000000000e+02
7.420000000000000000e+02
7.380000000000000000e+02
7.400000000000000000e+02
7.250000000000000000e+02
7.400000000000000000e+02
6.930000000000000000e+02
5.770000000000000000e+02
5.670000000000000000e+02
6.110000000000000000e+02
5.410000000000000000e+02
4.860000000000000000e+02
5.440000000000000000e+02
6.420000000000000000e+02
5.230000000000000000e+02
4.600000000000000000e+02
6.340000000000000000e+02
6.890000000000000000e+02
4.840000000000000000e+02
3.700000000000000000e+02
5.980000000000000000e+02
7.230000000000000000e+02
5.830000000000000000e+02
3.480000000000000000e+02
4.080000000000000000e+02
3.530000000000000000e+02
2.540000000000000000e+02
3.930000000000000000e+02
3.200000000000000000e+02
3.200000000000000000e+02
2.940000000000000000e+02
1.670000000000000000e+02
1.170000000000000000e+02
1.170000000000000000e+02
7.600000000000000000e+01
7.500000000000000000e+01
5.200000000000000000e+01
6.400000000000000000e+01
4.400000000000000000e+01
5.100000000000000000e+01
4.800000000000000000e+01
5.600000000000000000e+01
5.000000000000000000e+01
5.000000000000000000e+01
4.700000000000000000e+01
3.900000000000000000e+01
4.200000000000000000e+01
4.200000000000000000e+01
3.400000000000000000e+01
3.000000000000000000e+01
4.400000000000000000e+01
3.200000000000000000e+01
2.800000000000000000e+01
2.500000000000000000e+01
2.100000000000000000e+01
3.300000000000000000e+01
3.000000000000000000e+01
2.100000000000000000e+01
2.200000000000000000e+01
1.700000000000000000e+01
2.200000000000000000e+01
1.600000000000000000e+01
1.400000000000000000e+01
1.500000000000000000e+01
2.000000000000000000e+01
1.700000000000000000e+01
2.100000000000000000e+01
1.700000000000000000e+01
2.900000000000000000e+02
