2.440000000000000000e+02
1.980000000000000000e+02
3.970000000000000000e+02
5.660000000000000000e+02
1.065000000000000000e+03
2.266000000000000000e+03
2.111000000000000000e+03
2.626000000000000000e+03
4.739000000000000000e+03
5.566000000000000000e+03
6.369000000000000000e+03
9.143000000000000000e+03
9.062000000000000000e+03
1.433800000000000000e+04
1.065400000000000000e+04
1.770400000000000000e+04
1.990000000000000000e+04
2.385700000000000000e+04
2.598500000000000000e+04
2.185200000000000000e+04
1.373300000000000000e+04
8.198000000000000000e+03
4.446000000000000000e+03
1.352000000000000000e+03
1.490000000000000000e+02
5.200000000000000000e+01
4.000000000000000000e+01
1.000000000000000000e+01
8.000000000000000000e+00
8.000000000000000000e+00
1.200000000000000000e+01
0.000000000000000000e+00
2.000000000000000000e+00
2.000000000000000000e+00
1.000000000000000000e+00
2.000000000000000000e+00
0.000000000000000000e+00
0.000000000000000000e+00
0.000000000000000000e+00
0.000000000000000000e+00
0.000000000000000000e+00
0.000000000000000000e+00
0.000000000000000000e+00
0.000000000000000000e+00
0.000000000000000000e+00
0.000000000000000000e+00
0.000000000000000000e+00
0.000000000000000000e+00
0.000000000000000000e+00
0.000000000000000000e+00
0.000000000000000000e+00
0.000000000000000000e+00
0.000000000000000000e+00
0.000000000000000000e+00
0.000000000000000000e+00
0.000000000000000000e+00
0.000000000000000000e+00
0.000000000000000000e+00
0.000000000000000000e+00
0.000000000000000000e+00
0.000000000000000000e+00
0.000000000000000000e+00
0.000000000000000000e+00
0.000000000000000000e+00
0.000000000000000000e+00
0.000000000000000000e+00
0.000000000000000000e+00
0.000000000000000000e+00
0.000000000000000000e+00
0.000000000000000000e+00
0.000000000000000000e+00
0.000000000000000000e+00
0.000000000000000000e+00
0.000000000000000000e+00
0.000000000000000000e+00
0.000000000000000000e+00
0.000000000000000000e+00
0.000000000000000000e+00
0.000000000000000000e+00
0.000000000000000000e+00
0.000000000000000000e+00
0.000000000000000000e+00
0.000000000000000000e+00
0.000000000000000000e+00
0.000000000000000000e+00
0.000000000000000000e+00
0.000000000000000000e+00
0.000000000000000000e+00
0.000000000000000000e+00
0.000000000000000000e+00
0.000000000000000000e+00
0.000000000000000000e+00
0.000000000000000000e+00
0.000000000000000000e+00
0.000000000000000000e+00
0.000000000000000000e+00
0.000000000000000000e+00
0.000000000000000000e+00
0.000000000000000000e+00
0.000000000000000000e+00
0.000000000000000000e+00
0.000000000000000000e+00
0.000000000000000000e+00
0.000000000000000000e+00
0.000000000000000000e+00
0.000000000000000000e+00
0.000000000000000000e+00
0.000000000000000000e+00
0.000000000000000000e+00
0.000000000000000000e+00
0.000000000000000000e+00
0.000000000000000000e+00
0.000000000000000000e+00
0.000000000000000000e+00
0.000000000000000000e+00
0.000000000000000000e+00
0.000000000000000000e+00
0.000000000000000000e+00
0.000000000000000000e+00
0.000000000000000000e+00
0.000000000000000000e+00
0.000000000000000000e+00
0.000000000000000000e+00
0.000000000000000000e+00
0.000000000000000000e+00
0.000000000000000000e+00
0.000000000000000000e+00
0.000000000000000000e+00
0.000000000000000000e+00
0.000000000000000000e+00
0.000000000000000000e+00
0.000000000000000000e+00
0.000000000000000000e+00
0.000000000000000000e+00
0.000000000000000000e+00
0.000000000000000000e+00
0.000000000000000000e+00
0.000000000000000000e+00
0.000000000000000000e+00
0.000000000000000000e+00
0.000000000000000000e+00
0.000000000000000000e+00
0.000000000000000000e+00
0.000000000000000000e+00
0.000000000000000000e+00
0.000000000000000000e+00
0.000000000000000000e+00
0.000000000000000000e+00
0.000000000000000000e+00
0.000000000000000000e+00
5.000000000000000000e+00
1.000000000000000000e+00
1.000000000000000000e+00
0.000000000000000000e+00
1.000000000000000000e+00
1.000000000000000000e+00
1.000000000000000000e+00
2.000000000000000000e+00
2.000000000000000000e+00
1.000000000000000000e+00
1.000000000000000000e+00
1.000000000000000000e+00
0.000000000000000000e+00
2.000000000000000000e+00
8.000000000000000000e+00
4.000000000000000000e+00
2.000000000000000000e+00
0.000000000000000000e+00
1.000000000000000000e+00
3.000000000000000000e+00
1.500000000000000000e+01
2.000000000000000000e+00
2.000000000000000000e+00
1.100000000000000000e+01
2.800000000000000000e+01
2.000000000000000000e+01
2.100000000000000000e+01
9.100000000000000000e+01
5.700000000000000000e+01
5.900000000000000000e+01
0.000000000000000000e+00
0.000000000000000000e+00
0.000000000000000000e+00
0.000000000000000000e+00
0.000000000000000000e+00
0.000000000000000000e+00
0.000000000000000000e+00
0.000000000000000000e+00
0.000000000000000000e+00
0.000000000000000000e+00
0.000000000000000000e+00
0.000000000000000000e+00
0.000000000000000000e+00
0.000000000000000000e+00
0.000000000000000000e+00
0.000000000000000000e+00
0.000000000000000000e+00
0.000000000000000000e+00
0.000000000000000000e+00
0.000000000000000000e+00
0.000000000000000000e+00
0.000000000000000000e+00
0.000000000000000000e+00
0.000000000000000000e+00
0.000000000000000000e+00
0.000000000000000000e+00
0.000000000000000000e+00
0.000000000000000000e+00
0.000000000000000000e+00
0.000000000000000000e+00
0.000000000000000000e+00
0.000000000000000000e+00
0.000000000000000000e+00
0.000000000000000000e+00
0.000000000000000000e+00
0.000000000000000000e+00
0.000000000000000000e+00
0.000000000000000000e+00
0.000000000000000000e+00
0.000000000000000000e+00
0.000000000000000000e+00
0.000000000000000000e+00
0.000000000000000000e+00
0.000000000000000000e+00
0.000000000000000000e+00
0.000000000000000000e+00
0.000000000000000000e+00
0.000000000000000000e+00
0.000000000000000000e+00
0.000000000000000000e+00
0.000000000000000000e+00
0.000000000000000000e+00
0.000000000000000000e+00
0.000000000000000000e+00
0.000000000000000000e+00
0.000000000000000000e+00
0.000000000000000000e+00
0.000000000000000000e+00
0.000000000000000000e+00
0.000000000000000000e+00
0.000000000000000000e+00
0.000000000000000000e+00
0.000000000000000000e+00
0.000000000000000000e+00
0.000000000000000000e+00
0.000000000000000000e+00
0.000000000000000000e+00
0.000000000000000000e+00
0.000000000000000000e+00
0.000000000000000000e+00
0.000000000000000000e+00
0.000000000000000000e+00
0.000000000000000000e+00
0.000000000000000000e+00
0.000000000000000000e+00
0.000000000000000000e+00
0.000000000000000000e+00
0.000000000000000000e+00
0.000000000000000000e+00
0.000000000000000000e+00
0.000000000000000000e+00
1.000000000000000000e+00
0.000000000000000000e+00
0.000000000000000000e+00
1.000000000000000000e+00
1.000000000000000000e+00
0.000000000000000000e+00
0.000000000000000000e+00
3.000000000000000000e+00
2.000000000000000000e+00
1.000000000000000000e+00
2.000000000000000000e+00
2.000000000000000000e+00
4.000000000000000000e+00
2.000000000000000000e+00
1.000000000000000000e+00
5.000000000000000000e+00
2.000000000000000000e+00
5.000000000000000000e+00
9.000000000000000000e+00
6.000000000000000000e+00
1.000000000000000000e+01
8.000000000000000000e+00
8.000000000000000000e+00
1.500000000000000000e+01
9.000000000000000000e+00
1.300000000000000000e+01
1.300000000000000000e+01
9.000000000000000000e+00
1.000000000000000000e+01
9.000000000000000000e+00
2.000000000000000000e+01
2.000000000000000000e+01
1.400000000000000000e+01
2.200000000000000000e+01
2.000000000000000000e+01
2.700000000000000000e+01
3.600000000000000000e+01
3.800000000000000000e+01
3.400000000000000000e+01
3.600000000000000000e+01
3.800000000000000000e+01
4.400000000000000000e+01
4.900000000000000000e+01
4.700000000000000000e+01
4.900000000000000000e+01
6.400000000000000000e+01
5.400000000000000000e+01
6.000000000000000000e+01
7.900000000000000000e+01
9.200000000000000000e+01
9.000000000000000000e+01
8.600000000000000000e+01
1.280000000000000000e+02
1.360000000000000000e+02
1.560000000000000000e+02
1.830000000000000000e+02
2.110000000000000000e+02
2.230000000000000000e+02
2.390000000000000000e+02
2.740000000000000000e+02
2.900000000000000000e+02
3.100000000000000000e+02
3.300000000000000000e+02
3.870000000000000000e+02
3.660000000000000000e+02
4.340000000000000000e+02
4.800000000000000000e+02
5.420000000000000000e+02
5.000000000000000000e+02
6.860000000000000000e+02
6.560000000000000000e+02
6.740000000000000000e+02
8.700000000000000000e+02
8.050000000000000000e+02
7.940000000000000000e+02
8.190000000000000000e+02
9.580000000000000000e+02
9.030000000000000000e+02
9.650000000000000000e+02
9.320000000000000000e+02
1.096000000000000000e+03
1.048000000000000000e+03
1.121000000000000000e+03
1.143000000000000000e+03
1.166000000000000000e+03
1.258000000000000000e+03
1.190000000000000000e+03
1.298000000000000000e+03
1.369000000000000000e+03
1.344000000000000000e+03
1.461000000000000000e+03
1.532000000000000000e+03
1.426000000000000000e+03
1.522000000000000000e+03
1.618000000000000000e+03
1.704000000000000000e+03
1.723000000000000000e+03
1.552000000000000000e+03
1.868000000000000000e+03
1.750000000000000000e+03
1.765000000000000000e+03
1.895000000000000000e+03
1.889000000000000000e+03
2.054000000000000000e+03
1.961000000000000000e+03
2.274000000000000000e+03
2.348000000000000000e+03
2.259000000000000000e+03
2.350000000000000000e+03
2.513000000000000000e+03
2.387000000000000000e+03
2.456000000000000000e+03
2.491000000000000000e+03
2.529000000000000000e+03
2.533000000000000000e+03
2.639000000000000000e+03
2.640000000000000000e+03
2.766000000000000000e+03
2.736000000000000000e+03
2.831000000000000000e+03
2.701000000000000000e+03
2.770000000000000000e+03
2.756000000000000000e+03
2.966000000000000000e+03
2.745000000000000000e+03
2.579000000000000000e+03
2.752000000000000000e+03
2.658000000000000000e+03
2.736000000000000000e+03
2.634000000000000000e+03
2.500000000000000000e+03
2.517000000000000000e+03
2.492000000000000000e+03
2.421000000000000000e+03
2.363000000000000000e+03
2.374000000000000000e+03
2.355000000000000000e+03
2.063000000000000000e+03
2.456000000000000000e+03
2.083000000000000000e+03
2.357000000000000000e+03
2.144000000000000000e+03
2.043000000000000000e+03
2.170000000000000000e+03
2.092000000000000000e+03
1.888000000000000000e+03
1.921000000000000000e+03
1.884000000000000000e+03
1.919000000000000000e+03
1.789000000000000000e+03
1.802000000000000000e+03
1.704000000000000000e+03
1.683000000000000000e+03
1.704000000000000000e+03
1.640000000000000000e+03
1.482000000000000000e+03
1.416000000000000000e+03
1.571000000000000000e+03
1.266000000000000000e+03
1.407000000000000000e+03
1.268000000000000000e+03
1.275000000000000000e+03
1.135000000000000000e+03
1.165000000000000000e+03
1.087000000000000000e+03
1.067000000000000000e+03
1.074000000000000000e+03
9.780000000000000000e+02
9.080000000000000000e+02
9.650000000000000000e+02
8.140000000000000000e+02
7.390000000000000000e+02
9.440000000000000000e+02
6.660000000000000000e+02
8.230000000000000000e+02
7.610000000000000000e+02
6.510000000000000000e+02
6.070000000000000000e+02
6.680000000000000000e+02
5.370000000000000000e+02
6.110000000000000000e+02
5.050000000000000000e+02
4.780000000000000000e+02
5.700000000000000000e+02
4.510000000000000000e+02
4.550000000000000000e+02
4.590000000000000000e+02
4.080000000000000000e+02
4.040000000000000000e+02
4.430000000000000000e+02
3.860000000000000000e+02
3.970000000000000000e+02
3.640000000000000000e+02
3.960000000000000000e+02
3.030000000000000000e+02
3.180000000000000000e+02
3.260000000000000000e+02
2.900000000000000000e+02
2.980000000000000000e+02
2.140000000000000000e+02
2.390000000000000000e+02
2.080000000000000000e+02
2.000000000000000000e+02
1.710000000000000000e+02
1.660000000000000000e+02
1.370000000000000000e+02
1.510000000000000000e+02
1.420000000000000000e+02
1.130000000000000000e+02
1.010000000000000000e+02
1.030000000000000000e+02
8.900000000000000000e+01
9.000000000000000000e+01
6.300000000000000000e+01
7.100000000000000000e+01
6.300000000000000000e+01
5.300000000000000000e+01
4.800000000000000000e+01
6.000000000000000000e+01
4.400000000000000000e+01
4.400000000000000000e+01
3.600000000000000000e+01
4.000000000000000000e+01
3.700000000000000000e+01
2.700000000000000000e+01
3.600000000000000000e+01
2.600000000000000000e+01
2.000000000000000000e+01
2.400000000000000000e+01
3.200000000000000000e+01
2.700000000000000000e+01
2.600000000000000000e+01
1.800000000000000000e+01
1.300000000000000000e+01
1.200000000000000000e+01
2.400000000000000000e+01
1.700000000000000000e+01
1.200000000000000000e+01
1.600000000000000000e+01
1.300000000000000000e+01
1.000000000000000000e+01
9.000000000000000000e+00
7.000000000000000000e+00
1.300000000000000000e+01
1.100000000000000000e+01
1.300000000000000000e+01
2.000000000000000000e+00
5.000000000000000000e+00
7.000000000000000000e+00
0.000000000000000000e+00
1.740000000000000000e+02
0.000000000000000000e+00
0.000000000000000000e+00
0.000000000000000000e+00
0.000000000000000000e+00
0.000000000000000000e+00
0.000000000000000000e+00
0.000000000000000000e+00
0.000000000000000000e+00
0.000000000000000000e+00
0.000000000000000000e+00
0.000000000000000000e+00
0.000000000000000000e+00
0.000000000000000000e+00
0.000000000000000000e+00
1.000000000000000000e+00
1.000000000000000000e+00
0.000000000000000000e+00
0.000000000000000000e+00
0.000000000000000000e+00
1.000000000000000000e+00
3.000000000000000000e+00
5.000000000000000000e+00
7.000000000000000000e+00
1.100000000000000000e+01
1.200000000000000000e+01
1.100000000000000000e+01
2.100000000000000000e+01
2.100000000000000000e+01
3.600000000000000000e+01
4.300000000000000000e+01
4.600000000000000000e+01
6.600000000000000000e+01
5.900000000000000000e+01
9.000000000000000000e+01
9.800000000000000000e+01
1.170000000000000000e+02
1.270000000000000000e+02
1.780000000000000000e+02
1.880000000000000000e+02
1.900000000000000000e+02
2.360000000000000000e+02
2.340000000000000000e+02
2.760000000000000000e+02
2.880000000000000000e+02
3.410000000000000000e+02
3.360000000000000000e+02
3.840000000000000000e+02
3.640000000000000000e+02
4.030000000000000000e+02
4.120000000000000000e+02
4.520000000000000000e+02
4.760000000000000000e+02
5.310000000000000000e+02
5.170000000000000000e+02
5.220000000000000000e+02
5.390000000000000000e+02
6.100000000000000000e+02
6.620000000000000000e+02
6.820000000000000000e+02
6.320000000000000000e+02
6.780000000000000000e+02
6.880000000000000000e+02
7.850000000000000000e+02
7.510000000000000000e+02
7.840000000000000000e+02
8.030000000000000000e+02
8.970000000000000000e+02
9.350000000000000000e+02
9.250000000000000000e+02
9.180000000000000000e+02
9.670000000000000000e+02
9.800000000000000000e+02
9.080000000000000000e+02
9.670000000000000000e+02
1.002000000000000000e+03
9.680000000000000000e+02
9.800000000000000000e+02
1.013000000000000000e+03
1.011000000000000000e+03
1.017000000000000000e+03
9.840000000000000000e+02
9.970000000000000000e+02
1.040000000000000000e+03
1.055000000000000000e+03
1.116000000000000000e+03
1.158000000000000000e+03
1.145000000000000000e+03
1.096000000000000000e+03
1.151000000000000000e+03
1.174000000000000000e+03
1.152000000000000000e+03
1.168000000000000000e+03
1.191000000000000000e+03
1.192000000000000000e+03
1.283000000000000000e+03
1.236000000000000000e+03
1.253000000000000000e+03
1.306000000000000000e+03
1.337000000000000000e+03
1.439000000000000000e+03
1.342000000000000000e+03
1.337000000000000000e+03
1.385000000000000000e+03
1.421000000000000000e+03
1.379000000000000000e+03
1.356000000000000000e+03
1.368000000000000000e+03
1.384000000000000000e+03
1.330000000000000000e+03
1.363000000000000000e+03
1.315000000000000000e+03
1.355000000000000000e+03
1.395000000000000000e+03
1.346000000000000000e+03
1.446000000000000000e+03
1.456000000000000000e+03
1.380000000000000000e+03
1.483000000000000000e+03
1.448000000000000000e+03
1.522000000000000000e+03
1.500000000000000000e+03
1.486000000000000000e+03
1.560000000000000000e+03
1.599000000000000000e+03
1.629000000000000000e+03
1.624000000000000000e+03
1.684000000000000000e+03
1.661000000000000000e+03
1.686000000000000000e+03
1.747000000000000000e+03
1.791000000000000000e+03
1.843000000000000000e+03
1.917000000000000000e+03
1.958000000000000000e+03
1.986000000000000000e+03
2.041000000000000000e+03
2.062000000000000000e+03
2.086000000000000000e+03
2.033000000000000000e+03
2.082000000000000000e+03
2.093000000000000000e+03
2.102000000000000000e+03
2.111000000000000000e+03
2.043000000000000000e+03
2.159000000000000000e+03
1.950000000000000000e+03
1.969000000000000000e+03
1.968000000000000000e+03
1.880000000000000000e+03
1.893000000000000000e+03
1.877000000000000000e+03
1.681000000000000000e+03
1.710000000000000000e+03
1.752000000000000000e+03
1.745000000000000000e+03
1.694000000000000000e+03
1.584000000000000000e+03
1.613000000000000000e+03
1.585000000000000000e+03
1.529000000000000000e+03
1.563000000000000000e+03
1.502000000000000000e+03
1.456000000000000000e+03
1.400000000000000000e+03
1.462000000000000000e+03
1.390000000000000000e+03
1.428000000000000000e+03
1.413000000000000000e+03
1.398000000000000000e+03
1.349000000000000000e+03
1.415000000000000000e+03
1.384000000000000000e+03
1.366000000000000000e+03
1.347000000000000000e+03
1.236000000000000000e+03
1.347000000000000000e+03
1.389000000000000000e+03
1.357000000000000000e+03
1.362000000000000000e+03
1.309000000000000000e+03
1.293000000000000000e+03
1.276000000000000000e+03
1.285000000000000000e+03
1.260000000000000000e+03
1.262000000000000000e+03
1.215000000000000000e+03
1.277000000000000000e+03
1.167000000000000000e+03
1.111000000000000000e+03
1.034000000000000000e+03
9.850000000000000000e+02
9.440000000000000000e+02
8.240000000000000000e+02
7.910000000000000000e+02
6.710000000000000000e+02
6.090000000000000000e+02
5.910000000000000000e+02
5.740000000000000000e+02
5.280000000000000000e+02
4.450000000000000000e+02
4.350000000000000000e+02
4.970000000000000000e+02
4.400000000000000000e+02
4.400000000000000000e+02
3.920000000000000000e+02
4.660000000000000000e+02
4.120000000000000000e+02
3.660000000000000000e+02
4.030000000000000000e+02
3.460000000000000000e+02
3.520000000000000000e+02
3.420000000000000000e+02
3.080000000000000000e+02
3.300000000000000000e+02
2.800000000000000000e+02
2.740000000000000000e+02
2.490000000000000000e+02
2.230000000000000000e+02
1.720000000000000000e+02
1.390000000000000000e+02
1.090000000000000000e+02
1.200000000000000000e+02
8.800000000000000000e+01
5.900000000000000000e+01
5.100000000000000000e+01
4.400000000000000000e+01
3.500000000000000000e+01
2.100000000000000000e+01
2.100000000000000000e+01
1.400000000000000000e+01
8.000000000000000000e+00
8.000000000000000000e+00
9.000000000000000000e+00
7.000000000000000000e+00
3.000000000000000000e+00
6.000000000000000000e+00
7.000000000000000000e+00
3.000000000000000000e+00
2.000000000000000000e+00
2.000000000000000000e+00
3.000000000000000000e+00
2.000000000000000000e+00
3.000000000000000000e+00
4.000000000000000000e+00
1.000000000000000000e+00
2.000000000000000000e+00
1.000000000000000000e+00
1.000000000000000000e+00
3.000000000000000000e+00
2.000000000000000000e+00
0.000000000000000000e+00
2.000000000000000000e+00
3.000000000000000000e+00
4.000000000000000000e+00
3.000000000000000000e+00
6.500000000000000000e+01
