8.470000000000000000e+03
5.500000000000000000e+01
1.020000000000000000e+02
3.750000000000000000e+02
9.800000000000000000e+01
1.589000000000000000e+03
2.203000000000000000e+03
8.700000000000000000e+01
3.306000000000000000e+03
3.950000000000000000e+02
3.100000000000000000e+02
6.095000000000000000e+03
9.310000000000000000e+02
1.206600000000000000e+04
7.389000000000000000e+03
5.781000000000000000e+03
1.571300000000000000e+04
3.491000000000000000e+03
3.465000000000000000e+03
5.622000000000000000e+03
7.327000000000000000e+03
8.953000000000000000e+03
1.708000000000000000e+03
1.904000000000000000e+03
1.026100000000000000e+04
3.427000000000000000e+03
3.320000000000000000e+02
3.000000000000000000e+00
5.000000000000000000e+00
1.200000000000000000e+01
6.998000000000000000e+03
8.000000000000000000e+00
1.500000000000000000e+01
1.000000000000000000e+00
8.800000000000000000e+01
5.460000000000000000e+02
3.571000000000000000e+03
0.000000000000000000e+00
4.000000000000000000e+00
3.000000000000000000e+00
1.700000000000000000e+01
0.000000000000000000e+00
2.990000000000000000e+02
1.270000000000000000e+02
3.000000000000000000e+00
9.000000000000000000e+00
1.100000000000000000e+01
3.000000000000000000e+00
1.200000000000000000e+01
2.000000000000000000e+00
5.640000000000000000e+02
1.300000000000000000e+01
1.000000000000000000e+00
2.000000000000000000e+00
2.000000000000000000e+00
3.000000000000000000e+01
4.000000000000000000e+00
1.000000000000000000e+00
2.000000000000000000e+00
2.000000000000000000e+00
3.000000000000000000e+00
2.000000000000000000e+00
2.000000000000000000e+00
1.000000000000000000e+00
2.000000000000000000e+00
1.000000000000000000e+00
1.020000000000000000e+02
2.000000000000000000e+00
1.000000000000000000e+00
5.000000000000000000e+00
1.700000000000000000e+01
1.000000000000000000e+00
1.000000000000000000e+00
4.000000000000000000e+00
9.000000000000000000e+00
9.340000000000000000e+02
3.000000000000000000e+00
2.000000000000000000e+00
0.000000000000000000e+00
3.000000000000000000e+00
2.500000000000000000e+01
0.000000000000000000e+00
0.000000000000000000e+00
1.380000000000000000e+02
2.000000000000000000e+00
1.000000000000000000e+00
0.000000000000000000e+00
7.000000000000000000e+00
0.000000000000000000e+00
0.000000000000000000e+00
4.600000000000000000e+01
0.000000000000000000e+00
0.000000000000000000e+00
1.000000000000000000e+00
0.000000000000000000e+00
0.000000000000000000e+00
2.820000000000000000e+02
0.000000000000000000e+00
1.000000000000000000e+00
0.000000000000000000e+00
0.000000000000000000e+00
2.500000000000000000e+01
0.000000000000000000e+00
1.820000000000000000e+02
2.000000000000000000e+00
4.000000000000000000e+00
3.500000000000000000e+01
4.000000000000000000e+00
2.000000000000000000e+00
9.400000000000000000e+01
9.290000000000000000e+02
6.100000000000000000e+01
1.100000000000000000e+01
3.800000000000000000e+01
4.470000000000000000e+02
1.060000000000000000e+02
1.600000000000000000e+01
0.000000000000000000e+00
2.000000000000000000e+00
2.000000000000000000e+00
2.925000000000000000e+03
0.000000000000000000e+00
9.000000000000000000e+00
2.000000000000000000e+00
3.400000000000000000e+01
1.210000000000000000e+02
4.190000000000000000e+02
0.000000000000000000e+00
6.000000000000000000e+00
2.000000000000000000e+00
3.500000000000000000e+01
0.000000000000000000e+00
2.630000000000000000e+02
6.800000000000000000e+01
0.000000000000000000e+00
1.000000000000000000e+00
0.000000000000000000e+00
0.000000000000000000e+00
1.200000000000000000e+01
0.000000000000000000e+00
1.379000000000000000e+03
2.200000000000000000e+01
1.000000000000000000e+00
0.000000000000000000e+00
1.000000000000000000e+00
6.400000000000000000e+01
1.000000000000000000e+00
1.000000000000000000e+00
0.000000000000000000e+00
0.000000000000000000e+00
1.800000000000000000e+01
0.000000000000000000e+00
0.000000000000000000e+00
1.000000000000000000e+00
0.000000000000000000e+00
1.000000000000000000e+00
2.020000000000000000e+02
1.000000000000000000e+00
3.000000000000000000e+00
4.000000000000000000e+00
8.900000000000000000e+01
1.000000000000000000e+00
0.000000000000000000e+00
5.700000000000000000e+01
1.900000000000000000e+01
5.643000000000000000e+03
5.000000000000000000e+00
0.000000000000000000e+00
0.000000000000000000e+00
4.700000000000000000e+01
4.200000000000000000e+02
1.000000000000000000e+00
2.000000000000000000e+00
6.300000000000000000e+02
3.400000000000000000e+01
4.500000000000000000e+01
1.000000000000000000e+01
4.810000000000000000e+02
3.300000000000000000e+01
1.600000000000000000e+01
0.000000000000000000e+00
0.000000000000000000e+00
0.000000000000000000e+00
0.000000000000000000e+00
0.000000000000000000e+00
0.000000000000000000e+00
0.000000000000000000e+00
0.000000000000000000e+00
0.000000000000000000e+00
0.000000000000000000e+00
0.000000000000000000e+00
0.000000000000000000e+00
0.000000000000000000e+00
0.000000000000000000e+00
0.000000000000000000e+00
0.000000000000000000e+00
0.000000000000000000e+00
0.000000000000000000e+00
0.000000000000000000e+00
0.000000000000000000e+00
0.000000000000000000e+00
0.000000000000000000e+00
0.000000000000000000e+00
0.000000000000000000e+00
0.000000000000000000e+00
0.000000000000000000e+00
0.000000000000000000e+00
0.000000000000000000e+00
0.000000000000000000e+00
0.000000000000000000e+00
0.000000000000000000e+00
0.000000000000000000e+00
0.000000000000000000e+00
0.000000000000000000e+00
0.000000000000000000e+00
0.000000000000000000e+00
0.000000000000000000e+00
0.000000000000000000e+00
0.000000000000000000e+00
0.000000000000000000e+00
0.000000000000000000e+00
0.000000000000000000e+00
0.000000000000000000e+00
0.000000000000000000e+00
0.000000000000000000e+00
0.000000000000000000e+00
0.000000000000000000e+00
0.000000000000000000e+00
0.000000000000000000e+00
0.000000000000000000e+00
0.000000000000000000e+00
0.000000000000000000e+00
0.000000000000000000e+00
0.000000000000000000e+00
0.000000000000000000e+00
0.000000000000000000e+00
0.000000000000000000e+00
0.000000000000000000e+00
0.000000000000000000e+00
0.000000000000000000e+00
0.000000000000000000e+00
0.000000000000000000e+00
0.000000000000000000e+00
0.000000000000000000e+00
0.000000000000000000e+00
0.000000000000000000e+00
0.000000000000000000e+00
0.000000000000000000e+00
0.000000000000000000e+00
0.000000000000000000e+00
0.000000000000000000e+00
0.000000000000000000e+00
0.000000000000000000e+00
0.000000000000000000e+00
0.000000000000000000e+00
0.000000000000000000e+00
7.630000000000000000e+03
1.000000000000000000e+00
1.200000000000000000e+01
2.353000000000000000e+03
8.955000000000000000e+03
5.047000000000000000e+03
4.484000000000000000e+03
2.606000000000000000e+03
3.755000000000000000e+03
5.056000000000000000e+03
5.605000000000000000e+03
4.967000000000000000e+03
4.206000000000000000e+03
4.081000000000000000e+03
4.140000000000000000e+03
4.189000000000000000e+03
4.137000000000000000e+03
4.258000000000000000e+03
4.258000000000000000e+03
4.367000000000000000e+03
4.373000000000000000e+03
4.119000000000000000e+03
4.080000000000000000e+03
3.957000000000000000e+03
3.678000000000000000e+03
3.476000000000000000e+03
3.146000000000000000e+03
2.800000000000000000e+03
2.481000000000000000e+03
2.349000000000000000e+03
2.033000000000000000e+03
1.674000000000000000e+03
1.523000000000000000e+03
1.340000000000000000e+03
1.141000000000000000e+03
9.990000000000000000e+02
1.032000000000000000e+03
7.460000000000000000e+02
7.480000000000000000e+02
6.150000000000000000e+02
5.580000000000000000e+02
5.510000000000000000e+02
4.370000000000000000e+02
4.690000000000000000e+02
4.240000000000000000e+02
3.600000000000000000e+02
3.510000000000000000e+02
2.910000000000000000e+02
3.000000000000000000e+02
2.540000000000000000e+02
2.410000000000000000e+02
2.110000000000000000e+02
2.080000000000000000e+02
1.900000000000000000e+02
1.930000000000000000e+02
1.670000000000000000e+02
1.810000000000000000e+02
1.770000000000000000e+02
1.760000000000000000e+02
1.390000000000000000e+02
1.800000000000000000e+02
1.590000000000000000e+02
1.350000000000000000e+02
1.030000000000000000e+02
1.380000000000000000e+02
1.340000000000000000e+02
9.800000000000000000e+01
1.240000000000000000e+02
1.180000000000000000e+02
1.120000000000000000e+02
9.200000000000000000e+01
9.700000000000000000e+01
1.030000000000000000e+02
9.400000000000000000e+01
7.300000000000000000e+01
7.500000000000000000e+01
8.600000000000000000e+01
7.400000000000000000e+01
7.500000000000000000e+01
7.200000000000000000e+01
7.800000000000000000e+01
5.700000000000000000e+01
4.900000000000000000e+01
4.900000000000000000e+01
5.600000000000000000e+01
7.100000000000000000e+01
4.700000000000000000e+01
3.900000000000000000e+01
5.200000000000000000e+01
5.400000000000000000e+01
5.000000000000000000e+01
6.200000000000000000e+01
3.800000000000000000e+01
4.600000000000000000e+01
2.700000000000000000e+01
4.300000000000000000e+01
4.600000000000000000e+01
3.500000000000000000e+01
4.100000000000000000e+01
3.100000000000000000e+01
3.400000000000000000e+01
2.500000000000000000e+01
3.400000000000000000e+01
2.600000000000000000e+01
2.600000000000000000e+01
3.300000000000000000e+01
3.500000000000000000e+01
2.400000000000000000e+01
2.100000000000000000e+01
2.900000000000000000e+01
2.900000000000000000e+01
2.000000000000000000e+01
2.700000000000000000e+01
3.100000000000000000e+01
3.400000000000000000e+01
2.300000000000000000e+01
3.800000000000000000e+01
2.600000000000000000e+01
3.000000000000000000e+01
2.300000000000000000e+01
2.100000000000000000e+01
1.800000000000000000e+01
2.600000000000000000e+01
1.600000000000000000e+01
1.600000000000000000e+01
1.000000000000000000e+01
1.800000000000000000e+01
1.200000000000000000e+01
2.600000000000000000e+01
1.100000000000000000e+01
1.000000000000000000e+01
1.200000000000000000e+01
1.000000000000000000e+01
5.000000000000000000e+00
1.700000000000000000e+01
1.400000000000000000e+01
8.000000000000000000e+00
8.000000000000000000e+00
5.000000000000000000e+00
8.000000000000000000e+00
1.200000000000000000e+01
1.200000000000000000e+01
8.000000000000000000e+00
1.100000000000000000e+01
1.100000000000000000e+01
5.000000000000000000e+00
6.000000000000000000e+00
7.000000000000000000e+00
1.200000000000000000e+01
7.000000000000000000e+00
3.000000000000000000e+00
6.000000000000000000e+00
5.000000000000000000e+00
9.000000000000000000e+00
4.000000000000000000e+00
4.000000000000000000e+00
6.000000000000000000e+00
1.000000000000000000e+01
4.000000000000000000e+00
1.000000000000000000e+01
4.000000000000000000e+00
4.000000000000000000e+00
2.000000000000000000e+00
2.000000000000000000e+00
1.000000000000000000e+00
4.000000000000000000e+00
4.000000000000000000e+00
3.000000000000000000e+00
2.000000000000000000e+00
0.000000000000000000e+00
7.000000000000000000e+00
0.000000000000000000e+00
4.000000000000000000e+00
0.000000000000000000e+00
6.000000000000000000e+00
1.000000000000000000e+00
1.000000000000000000e+00
2.000000000000000000e+00
0.000000000000000000e+00
4.000000000000000000e+00
0.000000000000000000e+00
0.000000000000000000e+00
5.000000000000000000e+00
0.000000000000000000e+00
1.000000000000000000e+00
2.000000000000000000e+00
0.000000000000000000e+00
1.000000000000000000e+00
1.000000000000000000e+00
1.000000000000000000e+00
1.000000000000000000e+00
1.000000000000000000e+00
0.000000000000000000e+00
2.000000000000000000e+00
2.000000000000000000e+00
0.000000000000000000e+00
0.000000000000000000e+00
0.000000000000000000e+00
0.000000000000000000e+00
0.000000000000000000e+00
2.000000000000000000e+00
0.000000000000000000e+00
0.000000000000000000e+00
0.000000000000000000e+00
0.000000000000000000e+00
0.000000000000000000e+00
0.000000000000000000e+00
0.000000000000000000e+00
1.000000000000000000e+00
1.000000000000000000e+00
0.000000000000000000e+00
1.000000000000000000e+00
0.000000000000000000e+00
1.000000000000000000e+00
0.000000000000000000e+00
1.000000000000000000e+00
0.000000000000000000e+00
1.000000000000000000e+00
0.000000000000000000e+00
1.000000000000000000e+00
0.000000000000000000e+00
0.000000000000000000e+00
0.000000000000000000e+00
0.000000000000000000e+00
0.000000000000000000e+00
1.000000000000000000e+00
0.000000000000000000e+00
1.000000000000000000e+00
1.000000000000000000e+00
0.000000000000000000e+00
1.000000000000000000e+00
1.000000000000000000e+00
0.000000000000000000e+00
0.000000000000000000e+00
0.000000000000000000e+00
1.000000000000000000e+00
0.000000000000000000e+00
1.000000000000000000e+00
0.000000000000000000e+00
0.000000000000000000e+00
0.000000000000000000e+00
0.000000000000000000e+00
0.000000000000000000e+00
0.000000000000000000e+00
0.000000000000000000e+00
1.000000000000000000e+00
0.000000000000000000e+00
0.000000000000000000e+00
0.000000000000000000e+00
2.000000000000000000e+00
0.000000000000000000e+00
0.000000000000000000e+00
0.000000000000000000e+00
0.000000000000000000e+00
0.000000000000000000e+00
1.400000000000000000e+01
0.000000000000000000e+00
1.000000000000000000e+00
0.000000000000000000e+00
0.000000000000000000e+00
1.000000000000000000e+00
0.000000000000000000e+00
3.000000000000000000e+00
4.000000000000000000e+00
1.200000000000000000e+01
6.000000000000000000e+00
1.800000000000000000e+01
2.400000000000000000e+01
1.500000000000000000e+01
2.300000000000000000e+01
3.100000000000000000e+01
3.100000000000000000e+01
2.800000000000000000e+01
2.300000000000000000e+01
2.800000000000000000e+01
1.800000000000000000e+01
2.600000000000000000e+01
2.100000000000000000e+01
1.500000000000000000e+01
2.300000000000000000e+01
2.000000000000000000e+01
1.900000000000000000e+01
2.100000000000000000e+01
2.300000000000000000e+01
1.400000000000000000e+01
1.900000000000000000e+01
2.200000000000000000e+01
1.700000000000000000e+01
2.400000000000000000e+01
1.800000000000000000e+01
2.300000000000000000e+01
2.200000000000000000e+01
1.600000000000000000e+01
2.300000000000000000e+01
2.400000000000000000e+01
2.600000000000000000e+01
2.700000000000000000e+01
2.000000000000000000e+01
2.700000000000000000e+01
2.800000000000000000e+01
2.400000000000000000e+01
3.000000000000000000e+01
2.300000000000000000e+01
3.400000000000000000e+01
2.400000000000000000e+01
4.100000000000000000e+01
4.200000000000000000e+01
4.500000000000000000e+01
4.900000000000000000e+01
4.300000000000000000e+01
4.700000000000000000e+01
4.500000000000000000e+01
4.500000000000000000e+01
7.200000000000000000e+01
7.300000000000000000e+01
6.700000000000000000e+01
6.500000000000000000e+01
7.300000000000000000e+01
7.600000000000000000e+01
8.900000000000000000e+01
1.310000000000000000e+02
1.020000000000000000e+02
1.230000000000000000e+02
1.080000000000000000e+02
1.190000000000000000e+02
1.330000000000000000e+02
1.440000000000000000e+02
1.640000000000000000e+02
1.700000000000000000e+02
1.740000000000000000e+02
1.740000000000000000e+02
1.830000000000000000e+02
2.070000000000000000e+02
1.970000000000000000e+02
2.510000000000000000e+02
2.500000000000000000e+02
2.690000000000000000e+02
2.660000000000000000e+02
2.650000000000000000e+02
2.840000000000000000e+02
2.870000000000000000e+02
3.490000000000000000e+02
3.440000000000000000e+02
3.350000000000000000e+02
3.980000000000000000e+02
4.060000000000000000e+02
4.430000000000000000e+02
4.480000000000000000e+02
4.320000000000000000e+02
4.770000000000000000e+02
5.220000000000000000e+02
5.810000000000000000e+02
5.920000000000000000e+02
6.090000000000000000e+02
5.720000000000000000e+02
6.490000000000000000e+02
6.580000000000000000e+02
7.150000000000000000e+02
7.630000000000000000e+02
7.520000000000000000e+02
7.400000000000000000e+02
8.390000000000000000e+02
8.660000000000000000e+02
9.960000000000000000e+02
1.031000000000000000e+03
9.570000000000000000e+02
1.120000000000000000e+03
1.080000000000000000e+03
1.091000000000000000e+03
1.207000000000000000e+03
1.205000000000000000e+03
1.286000000000000000e+03
1.328000000000000000e+03
1.432000000000000000e+03
1.508000000000000000e+03
1.445000000000000000e+03
1.514000000000000000e+03
1.622000000000000000e+03
1.591000000000000000e+03
1.681000000000000000e+03
1.757000000000000000e+03
1.708000000000000000e+03
1.763000000000000000e+03
1.818000000000000000e+03
1.818000000000000000e+03
1.766000000000000000e+03
1.762000000000000000e+03
1.837000000000000000e+03
1.914000000000000000e+03
1.799000000000000000e+03
1.800000000000000000e+03
1.874000000000000000e+03
1.802000000000000000e+03
1.815000000000000000e+03
1.774000000000000000e+03
1.815000000000000000e+03
1.766000000000000000e+03
1.773000000000000000e+03
1.684000000000000000e+03
1.663000000000000000e+03
1.655000000000000000e+03
1.682000000000000000e+03
1.588000000000000000e+03
1.592000000000000000e+03
1.636000000000000000e+03
1.546000000000000000e+03
1.560000000000000000e+03
1.574000000000000000e+03
1.500000000000000000e+03
1.446000000000000000e+03
1.389000000000000000e+03
1.461000000000000000e+03
1.417000000000000000e+03
1.451000000000000000e+03
1.384000000000000000e+03
1.379000000000000000e+03
1.366000000000000000e+03
1.308000000000000000e+03
1.261000000000000000e+03
1.250000000000000000e+03
1.232000000000000000e+03
1.160000000000000000e+03
1.096000000000000000e+03
1.109000000000000000e+03
1.127000000000000000e+03
1.050000000000000000e+03
1.040000000000000000e+03
1.047000000000000000e+03
9.250000000000000000e+02
9.470000000000000000e+02
8.990000000000000000e+02
9.230000000000000000e+02
8.650000000000000000e+02
8.440000000000000000e+02
8.130000000000000000e+02
7.670000000000000000e+02
7.940000000000000000e+02
7.930000000000000000e+02
7.320000000000000000e+02
7.420000000000000000e+02
6.880000000000000000e+02
6.720000000000000000e+02
6.410000000000000000e+02
5.900000000000000000e+02
6.230000000000000000e+02
5.360000000000000000e+02
5.650000000000000000e+02
4.690000000000000000e+02
4.710000000000000000e+02
4.440000000000000000e+02
4.490000000000000000e+02
4.470000000000000000e+02
4.310000000000000000e+02
4.380000000000000000e+02
3.900000000000000000e+02
3.680000000000000000e+02
3.450000000000000000e+02
3.390000000000000000e+02
2.970000000000000000e+02
2.960000000000000000e+02
2.950000000000000000e+02
2.750000000000000000e+02
2.800000000000000000e+02
3.070000000000000000e+02
2.740000000000000000e+02
2.260000000000000000e+02
2.480000000000000000e+02
2.640000000000000000e+02
2.420000000000000000e+02
2.070000000000000000e+02
2.010000000000000000e+02
1.770000000000000000e+02
2.010000000000000000e+02
1.680000000000000000e+02
1.750000000000000000e+02
1.790000000000000000e+02
1.710000000000000000e+02
1.480000000000000000e+02
1.710000000000000000e+02
1.550000000000000000e+02
1.560000000000000000e+02
1.470000000000000000e+02
1.450000000000000000e+02
1.090000000000000000e+02
1.280000000000000000e+02
1.050000000000000000e+02
1.190000000000000000e+02
9.700000000000000000e+01
9.000000000000000000e+01
8.100000000000000000e+01
9.100000000000000000e+01
8.400000000000000000e+01
7.700000000000000000e+01
7.200000000000000000e+01
6.800000000000000000e+01
6.300000000000000000e+01
7.700000000000000000e+01
5.500000000000000000e+01
7.700000000000000000e+01
5.900000000000000000e+01
6.100000000000000000e+01
4.700000000000000000e+01
2.700000000000000000e+01
2.500000000000000000e+01
2.500000000000000000e+01
2.100000000000000000e+01
9.000000000000000000e+00
1.400000000000000000e+01
7.000000000000000000e+00
1.000000000000000000e+01
8.000000000000000000e+00
4.900000000000000000e+01
