8.220000000000000000e+03
8.000000000000000000e+00
6.500000000000000000e+01
2.080000000000000000e+02
2.100000000000000000e+01
4.060000000000000000e+02
4.356000000000000000e+03
1.400000000000000000e+01
5.870000000000000000e+02
7.100000000000000000e+01
4.600000000000000000e+01
1.899000000000000000e+03
9.400000000000000000e+01
4.393000000000000000e+03
2.620000000000000000e+02
1.180000000000000000e+02
4.850000000000000000e+02
3.000000000000000000e+01
7.800000000000000000e+01
1.691000000000000000e+03
5.718000000000000000e+03
8.890000000000000000e+02
1.290000000000000000e+02
3.870000000000000000e+02
4.308000000000000000e+03
2.308000000000000000e+03
3.250000000000000000e+02
1.800000000000000000e+01
5.000000000000000000e+01
5.800000000000000000e+01
7.500000000000000000e+03
1.000000000000000000e+01
5.230000000000000000e+02
3.010000000000000000e+02
2.693000000000000000e+03
5.579000000000000000e+03
4.621000000000000000e+03
1.948000000000000000e+03
2.895000000000000000e+03
2.786000000000000000e+03
3.880000000000000000e+03
1.714000000000000000e+03
4.978000000000000000e+03
4.576000000000000000e+03
7.150000000000000000e+02
1.186000000000000000e+03
9.870000000000000000e+02
7.800000000000000000e+01
1.592000000000000000e+03
1.450000000000000000e+02
4.015000000000000000e+03
1.629000000000000000e+03
5.030000000000000000e+02
5.100000000000000000e+01
1.920000000000000000e+02
1.864000000000000000e+03
5.580000000000000000e+02
1.710000000000000000e+02
2.800000000000000000e+01
3.000000000000000000e+00
7.880000000000000000e+02
2.000000000000000000e+00
2.000000000000000000e+01
2.350000000000000000e+02
1.000000000000000000e+00
4.000000000000000000e+01
2.789000000000000000e+03
1.100000000000000000e+01
4.200000000000000000e+01
8.000000000000000000e+00
8.730000000000000000e+02
5.000000000000000000e+00
2.000000000000000000e+00
2.560000000000000000e+02
3.000000000000000000e+01
3.885000000000000000e+03
4.000000000000000000e+00
1.000000000000000000e+00
3.000000000000000000e+00
1.400000000000000000e+01
1.003000000000000000e+03
2.000000000000000000e+00
4.000000000000000000e+00
2.229000000000000000e+03
5.000000000000000000e+00
4.000000000000000000e+00
0.000000000000000000e+00
9.600000000000000000e+01
1.000000000000000000e+00
1.000000000000000000e+00
4.980000000000000000e+02
0.000000000000000000e+00
0.000000000000000000e+00
6.000000000000000000e+00
1.000000000000000000e+00
1.000000000000000000e+01
1.543000000000000000e+03
0.000000000000000000e+00
4.100000000000000000e+01
1.000000000000000000e+00
0.000000000000000000e+00
2.450000000000000000e+02
0.000000000000000000e+00
1.326000000000000000e+03
2.300000000000000000e+01
1.000000000000000000e+00
1.550000000000000000e+02
2.000000000000000000e+00
2.100000000000000000e+01
8.420000000000000000e+02
3.754000000000000000e+03
7.990000000000000000e+02
2.050000000000000000e+02
8.950000000000000000e+02
3.151000000000000000e+03
2.483000000000000000e+03
1.176000000000000000e+03
2.000000000000000000e+00
4.600000000000000000e+01
2.600000000000000000e+01
9.251000000000000000e+03
0.000000000000000000e+00
3.810000000000000000e+02
0.000000000000000000e+00
1.693000000000000000e+03
3.718000000000000000e+03
4.380000000000000000e+03
1.200000000000000000e+01
2.730000000000000000e+02
7.300000000000000000e+01
8.960000000000000000e+02
1.000000000000000000e+00
3.831000000000000000e+03
2.129000000000000000e+03
0.000000000000000000e+00
1.030000000000000000e+02
0.000000000000000000e+00
0.000000000000000000e+00
5.310000000000000000e+02
0.000000000000000000e+00
4.302000000000000000e+03
2.204000000000000000e+03
1.380000000000000000e+02
0.000000000000000000e+00
2.000000000000000000e+00
4.304000000000000000e+03
9.790000000000000000e+02
2.900000000000000000e+01
0.000000000000000000e+00
0.000000000000000000e+00
3.209000000000000000e+03
0.000000000000000000e+00
0.000000000000000000e+00
1.070000000000000000e+02
0.000000000000000000e+00
9.000000000000000000e+00
4.098000000000000000e+03
3.000000000000000000e+00
9.700000000000000000e+01
1.800000000000000000e+01
2.184000000000000000e+03
5.000000000000000000e+00
2.000000000000000000e+00
8.360000000000000000e+02
2.350000000000000000e+02
5.301000000000000000e+03
1.500000000000000000e+01
0.000000000000000000e+00
0.000000000000000000e+00
2.020000000000000000e+02
3.067000000000000000e+03
1.000000000000000000e+00
0.000000000000000000e+00
3.187000000000000000e+03
3.600000000000000000e+01
9.700000000000000000e+01
3.000000000000000000e+00
9.650000000000000000e+02
1.300000000000000000e+01
1.100000000000000000e+01
0.000000000000000000e+00
0.000000000000000000e+00
0.000000000000000000e+00
0.000000000000000000e+00
0.000000000000000000e+00
0.000000000000000000e+00
0.000000000000000000e+00
0.000000000000000000e+00
0.000000000000000000e+00
0.000000000000000000e+00
0.000000000000000000e+00
0.000000000000000000e+00
0.000000000000000000e+00
0.000000000000000000e+00
0.000000000000000000e+00
0.000000000000000000e+00
0.000000000000000000e+00
0.000000000000000000e+00
0.000000000000000000e+00
0.000000000000000000e+00
0.000000000000000000e+00
0.000000000000000000e+00
0.000000000000000000e+00
0.000000000000000000e+00
0.000000000000000000e+00
0.000000000000000000e+00
0.000000000000000000e+00
0.000000000000000000e+00
0.000000000000000000e+00
0.000000000000000000e+00
0.000000000000000000e+00
0.000000000000000000e+00
0.000000000000000000e+00
0.000000000000000000e+00
0.000000000000000000e+00
0.000000000000000000e+00
0.000000000000000000e+00
0.000000000000000000e+00
0.000000000000000000e+00
0.000000000000000000e+00
0.000000000000000000e+00
0.000000000000000000e+00
0.000000000000000000e+00
0.000000000000000000e+00
0.000000000000000000e+00
0.000000000000000000e+00
0.000000000000000000e+00
0.000000000000000000e+00
0.000000000000000000e+00
0.000000000000000000e+00
0.000000000000000000e+00
0.000000000000000000e+00
0.000000000000000000e+00
0.000000000000000000e+00
0.000000000000000000e+00
0.000000000000000000e+00
0.000000000000000000e+00
0.000000000000000000e+00
0.000000000000000000e+00
0.000000000000000000e+00
0.000000000000000000e+00
0.000000000000000000e+00
0.000000000000000000e+00
0.000000000000000000e+00
0.000000000000000000e+00
0.000000000000000000e+00
0.000000000000000000e+00
0.000000000000000000e+00
0.000000000000000000e+00
0.000000000000000000e+00
0.000000000000000000e+00
0.000000000000000000e+00
0.000000000000000000e+00
0.000000000000000000e+00
0.000000000000000000e+00
0.000000000000000000e+00
5.995000000000000000e+03
0.000000000000000000e+00
3.700000000000000000e+01
9.492000000000000000e+03
5.076000000000000000e+03
4.696000000000000000e+03
3.449000000000000000e+03
1.259900000000000000e+04
1.351900000000000000e+04
1.260200000000000000e+04
1.101700000000000000e+04
7.569000000000000000e+03
5.531000000000000000e+03
5.468000000000000000e+03
5.333000000000000000e+03
4.600000000000000000e+03
3.918000000000000000e+03
3.553000000000000000e+03
3.467000000000000000e+03
3.070000000000000000e+03
3.203000000000000000e+03
2.855000000000000000e+03
2.729000000000000000e+03
2.920000000000000000e+03
2.678000000000000000e+03
2.544000000000000000e+03
3.067000000000000000e+03
2.751000000000000000e+03
2.704000000000000000e+03
2.067000000000000000e+03
2.207000000000000000e+03
2.050000000000000000e+03
1.828000000000000000e+03
1.867000000000000000e+03
1.891000000000000000e+03
1.608000000000000000e+03
2.103000000000000000e+03
1.118000000000000000e+03
1.680000000000000000e+03
1.312000000000000000e+03
1.283000000000000000e+03
1.136000000000000000e+03
1.095000000000000000e+03
1.202000000000000000e+03
1.029000000000000000e+03
8.260000000000000000e+02
8.940000000000000000e+02
7.890000000000000000e+02
7.570000000000000000e+02
6.880000000000000000e+02
5.600000000000000000e+02
6.550000000000000000e+02
4.570000000000000000e+02
5.350000000000000000e+02
4.080000000000000000e+02
4.910000000000000000e+02
4.240000000000000000e+02
4.050000000000000000e+02
3.760000000000000000e+02
3.220000000000000000e+02
3.570000000000000000e+02
3.290000000000000000e+02
2.860000000000000000e+02
2.320000000000000000e+02
3.260000000000000000e+02
2.310000000000000000e+02
2.490000000000000000e+02
2.370000000000000000e+02
2.070000000000000000e+02
2.020000000000000000e+02
2.110000000000000000e+02
1.980000000000000000e+02
1.680000000000000000e+02
1.810000000000000000e+02
1.650000000000000000e+02
1.950000000000000000e+02
1.510000000000000000e+02
1.530000000000000000e+02
1.750000000000000000e+02
1.510000000000000000e+02
1.560000000000000000e+02
1.230000000000000000e+02
1.270000000000000000e+02
1.550000000000000000e+02
1.510000000000000000e+02
1.290000000000000000e+02
1.500000000000000000e+02
9.000000000000000000e+01
1.100000000000000000e+02
9.500000000000000000e+01
9.700000000000000000e+01
9.600000000000000000e+01
5.700000000000000000e+01
6.900000000000000000e+01
7.700000000000000000e+01
6.100000000000000000e+01
6.200000000000000000e+01
5.100000000000000000e+01
6.300000000000000000e+01
3.800000000000000000e+01
3.200000000000000000e+01
3.600000000000000000e+01
3.300000000000000000e+01
3.400000000000000000e+01
2.900000000000000000e+01
3.400000000000000000e+01
4.400000000000000000e+01
2.400000000000000000e+01
1.800000000000000000e+01
2.700000000000000000e+01
2.700000000000000000e+01
2.200000000000000000e+01
1.900000000000000000e+01
1.600000000000000000e+01
1.600000000000000000e+01
1.600000000000000000e+01
1.600000000000000000e+01
1.400000000000000000e+01
1.600000000000000000e+01
1.100000000000000000e+01
9.000000000000000000e+00
7.000000000000000000e+00
3.000000000000000000e+00
3.000000000000000000e+00
6.000000000000000000e+00
1.000000000000000000e+00
2.000000000000000000e+00
2.000000000000000000e+00
1.000000000000000000e+01
5.000000000000000000e+00
5.000000000000000000e+00
2.000000000000000000e+00
1.000000000000000000e+00
4.000000000000000000e+00
3.000000000000000000e+00
6.000000000000000000e+00
6.000000000000000000e+00
5.000000000000000000e+00
2.000000000000000000e+00
4.000000000000000000e+00
2.000000000000000000e+00
2.000000000000000000e+00
0.000000000000000000e+00
5.000000000000000000e+00
4.000000000000000000e+00
3.000000000000000000e+00
2.000000000000000000e+00
1.000000000000000000e+00
1.000000000000000000e+00
2.000000000000000000e+00
1.000000000000000000e+00
1.000000000000000000e+00
0.000000000000000000e+00
0.000000000000000000e+00
1.000000000000000000e+00
2.000000000000000000e+00
3.000000000000000000e+00
1.000000000000000000e+00
0.000000000000000000e+00
3.000000000000000000e+00
1.000000000000000000e+00
1.000000000000000000e+00
2.000000000000000000e+00
0.000000000000000000e+00
0.000000000000000000e+00
0.000000000000000000e+00
0.000000000000000000e+00
2.000000000000000000e+00
0.000000000000000000e+00
0.000000000000000000e+00
2.000000000000000000e+00
0.000000000000000000e+00
0.000000000000000000e+00
0.000000000000000000e+00
0.000000000000000000e+00
0.000000000000000000e+00
0.000000000000000000e+00
1.000000000000000000e+00
0.000000000000000000e+00
1.000000000000000000e+00
0.000000000000000000e+00
2.000000000000000000e+00
0.000000000000000000e+00
0.000000000000000000e+00
0.000000000000000000e+00
1.000000000000000000e+00
0.000000000000000000e+00
2.000000000000000000e+00
0.000000000000000000e+00
0.000000000000000000e+00
0.000000000000000000e+00
0.000000000000000000e+00
0.000000000000000000e+00
0.000000000000000000e+00
0.000000000000000000e+00
1.000000000000000000e+00
0.000000000000000000e+00
0.000000000000000000e+00
0.000000000000000000e+00
0.000000000000000000e+00
0.000000000000000000e+00
0.000000000000000000e+00
0.000000000000000000e+00
1.000000000000000000e+00
2.000000000000000000e+00
0.000000000000000000e+00
0.000000000000000000e+00
1.000000000000000000e+00
0.000000000000000000e+00
0.000000000000000000e+00
0.000000000000000000e+00
0.000000000000000000e+00
0.000000000000000000e+00
0.000000000000000000e+00
0.000000000000000000e+00
0.000000000000000000e+00
0.000000000000000000e+00
1.000000000000000000e+00
0.000000000000000000e+00
0.000000000000000000e+00
0.000000000000000000e+00
0.000000000000000000e+00
0.000000000000000000e+00
1.000000000000000000e+00
0.000000000000000000e+00
0.000000000000000000e+00
0.000000000000000000e+00
0.000000000000000000e+00
0.000000000000000000e+00
0.000000000000000000e+00
0.000000000000000000e+00
0.000000000000000000e+00
0.000000000000000000e+00
0.000000000000000000e+00
0.000000000000000000e+00
0.000000000000000000e+00
0.000000000000000000e+00
0.000000000000000000e+00
0.000000000000000000e+00
0.000000000000000000e+00
0.000000000000000000e+00
0.000000000000000000e+00
0.000000000000000000e+00
0.000000000000000000e+00
0.000000000000000000e+00
0.000000000000000000e+00
0.000000000000000000e+00
1.000000000000000000e+00
0.000000000000000000e+00
0.000000000000000000e+00
0.000000000000000000e+00
0.000000000000000000e+00
0.000000000000000000e+00
0.000000000000000000e+00
0.000000000000000000e+00
7.000000000000000000e+00
0.000000000000000000e+00
0.000000000000000000e+00
1.000000000000000000e+00
1.000000000000000000e+00
3.000000000000000000e+00
1.000000000000000000e+00
2.000000000000000000e+00
3.000000000000000000e+00
6.000000000000000000e+00
7.000000000000000000e+00
9.000000000000000000e+00
2.100000000000000000e+01
3.500000000000000000e+01
4.300000000000000000e+01
5.000000000000000000e+01
7.600000000000000000e+01
1.010000000000000000e+02
1.240000000000000000e+02
1.480000000000000000e+02
1.530000000000000000e+02
1.920000000000000000e+02
2.010000000000000000e+02
2.410000000000000000e+02
2.740000000000000000e+02
3.340000000000000000e+02
3.660000000000000000e+02
4.160000000000000000e+02
4.680000000000000000e+02
4.920000000000000000e+02
5.370000000000000000e+02
6.240000000000000000e+02
6.390000000000000000e+02
7.680000000000000000e+02
7.460000000000000000e+02
8.560000000000000000e+02
9.040000000000000000e+02
9.670000000000000000e+02
1.112000000000000000e+03
1.240000000000000000e+03
1.239000000000000000e+03
1.353000000000000000e+03
1.475000000000000000e+03
1.610000000000000000e+03
1.613000000000000000e+03
1.720000000000000000e+03
1.853000000000000000e+03
1.880000000000000000e+03
1.933000000000000000e+03
1.922000000000000000e+03
1.941000000000000000e+03
1.917000000000000000e+03
1.825000000000000000e+03
1.805000000000000000e+03
1.755000000000000000e+03
1.636000000000000000e+03
1.533000000000000000e+03
1.454000000000000000e+03
1.307000000000000000e+03
1.180000000000000000e+03
1.071000000000000000e+03
9.900000000000000000e+02
9.070000000000000000e+02
7.880000000000000000e+02
6.580000000000000000e+02
6.210000000000000000e+02
5.510000000000000000e+02
5.020000000000000000e+02
4.500000000000000000e+02
3.970000000000000000e+02
3.770000000000000000e+02
3.290000000000000000e+02
3.430000000000000000e+02
2.970000000000000000e+02
2.960000000000000000e+02
2.500000000000000000e+02
2.550000000000000000e+02
2.420000000000000000e+02
2.310000000000000000e+02
2.440000000000000000e+02
2.210000000000000000e+02
2.310000000000000000e+02
2.100000000000000000e+02
2.190000000000000000e+02
1.840000000000000000e+02
1.940000000000000000e+02
2.070000000000000000e+02
1.850000000000000000e+02
1.780000000000000000e+02
2.020000000000000000e+02
2.050000000000000000e+02
2.280000000000000000e+02
2.020000000000000000e+02
1.950000000000000000e+02
1.880000000000000000e+02
1.730000000000000000e+02
2.080000000000000000e+02
1.920000000000000000e+02
1.770000000000000000e+02
2.130000000000000000e+02
2.110000000000000000e+02
2.060000000000000000e+02
2.340000000000000000e+02
2.120000000000000000e+02
2.160000000000000000e+02
1.890000000000000000e+02
2.020000000000000000e+02
1.990000000000000000e+02
2.150000000000000000e+02
2.300000000000000000e+02
2.300000000000000000e+02
1.990000000000000000e+02
2.190000000000000000e+02
2.300000000000000000e+02
2.360000000000000000e+02
2.500000000000000000e+02
2.230000000000000000e+02
2.470000000000000000e+02
2.470000000000000000e+02
2.460000000000000000e+02
2.650000000000000000e+02
2.780000000000000000e+02
2.720000000000000000e+02
3.060000000000000000e+02
3.000000000000000000e+02
3.510000000000000000e+02
3.350000000000000000e+02
3.400000000000000000e+02
4.120000000000000000e+02
4.310000000000000000e+02
4.280000000000000000e+02
5.000000000000000000e+02
5.020000000000000000e+02
5.260000000000000000e+02
5.860000000000000000e+02
6.230000000000000000e+02
6.240000000000000000e+02
6.620000000000000000e+02
7.570000000000000000e+02
7.800000000000000000e+02
7.350000000000000000e+02
8.120000000000000000e+02
8.210000000000000000e+02
7.870000000000000000e+02
9.310000000000000000e+02
9.500000000000000000e+02
9.620000000000000000e+02
9.950000000000000000e+02
1.056000000000000000e+03
1.086000000000000000e+03
1.202000000000000000e+03
1.241000000000000000e+03
1.267000000000000000e+03
1.315000000000000000e+03
1.430000000000000000e+03
1.511000000000000000e+03
1.571000000000000000e+03
1.633000000000000000e+03
1.734000000000000000e+03
1.725000000000000000e+03
1.875000000000000000e+03
1.784000000000000000e+03
1.911000000000000000e+03
1.958000000000000000e+03
2.118000000000000000e+03
2.292000000000000000e+03
2.331000000000000000e+03
2.406000000000000000e+03
2.528000000000000000e+03
2.620000000000000000e+03
2.680000000000000000e+03
2.823000000000000000e+03
2.852000000000000000e+03
2.873000000000000000e+03
2.931000000000000000e+03
2.931000000000000000e+03
2.911000000000000000e+03
2.781000000000000000e+03
2.766000000000000000e+03
2.858000000000000000e+03
2.657000000000000000e+03
2.713000000000000000e+03
2.717000000000000000e+03
2.764000000000000000e+03
2.725000000000000000e+03
2.638000000000000000e+03
2.406000000000000000e+03
2.279000000000000000e+03
2.182000000000000000e+03
1.986000000000000000e+03
1.805000000000000000e+03
1.667000000000000000e+03
1.550000000000000000e+03
1.338000000000000000e+03
1.222000000000000000e+03
1.091000000000000000e+03
8.600000000000000000e+02
7.520000000000000000e+02
6.840000000000000000e+02
5.860000000000000000e+02
4.750000000000000000e+02
4.300000000000000000e+02
3.680000000000000000e+02
3.160000000000000000e+02
2.630000000000000000e+02
2.080000000000000000e+02
1.990000000000000000e+02
1.680000000000000000e+02
1.600000000000000000e+02
1.230000000000000000e+02
1.310000000000000000e+02
1.230000000000000000e+02
1.020000000000000000e+02
7.500000000000000000e+01
7.000000000000000000e+01
6.400000000000000000e+01
6.900000000000000000e+01
6.100000000000000000e+01
4.200000000000000000e+01
6.200000000000000000e+01
5.000000000000000000e+01
4.300000000000000000e+01
5.100000000000000000e+01
4.100000000000000000e+01
4.100000000000000000e+01
3.900000000000000000e+01
3.600000000000000000e+01
2.700000000000000000e+01
2.700000000000000000e+01
3.100000000000000000e+01
2.800000000000000000e+01
2.600000000000000000e+01
2.800000000000000000e+01
2.600000000000000000e+01
2.400000000000000000e+01
1.500000000000000000e+01
1.200000000000000000e+01
2.300000000000000000e+01
1.000000000000000000e+01
2.000000000000000000e+01
1.200000000000000000e+01
1.400000000000000000e+01
4.000000000000000000e+00
1.600000000000000000e+01
1.100000000000000000e+01
1.300000000000000000e+01
9.000000000000000000e+00
4.000000000000000000e+00
4.000000000000000000e+00
4.000000000000000000e+00
3.000000000000000000e+00
5.000000000000000000e+00
2.000000000000000000e+00
4.000000000000000000e+00
6.000000000000000000e+00
4.000000000000000000e+00
2.100000000000000000e+01
