7.994000000000000000e+03
1.200000000000000000e+02
3.100000000000000000e+02
5.440000000000000000e+02
2.520000000000000000e+02
2.031000000000000000e+03
2.078000000000000000e+03
7.110000000000000000e+02
2.932000000000000000e+03
2.409000000000000000e+03
2.764000000000000000e+03
5.057000000000000000e+03
3.062000000000000000e+03
5.330000000000000000e+03
2.602000000000000000e+03
2.563000000000000000e+03
1.506000000000000000e+03
7.570000000000000000e+02
4.430000000000000000e+02
5.820000000000000000e+02
1.118000000000000000e+03
4.960000000000000000e+02
3.260000000000000000e+02
3.680000000000000000e+02
6.390000000000000000e+02
3.710000000000000000e+02
5.920000000000000000e+02
2.780000000000000000e+02
4.010000000000000000e+02
5.560000000000000000e+02
1.587000000000000000e+03
6.090000000000000000e+02
9.490000000000000000e+02
1.156000000000000000e+03
1.882000000000000000e+03
3.460000000000000000e+03
3.218000000000000000e+03
3.570000000000000000e+03
3.801000000000000000e+03
3.870000000000000000e+03
2.982000000000000000e+03
1.855000000000000000e+03
1.769000000000000000e+03
1.445000000000000000e+03
8.600000000000000000e+02
6.430000000000000000e+02
6.100000000000000000e+02
2.280000000000000000e+02
3.430000000000000000e+02
1.120000000000000000e+02
4.340000000000000000e+02
2.010000000000000000e+02
1.020000000000000000e+02
5.800000000000000000e+01
8.900000000000000000e+01
1.500000000000000000e+02
8.400000000000000000e+01
5.100000000000000000e+01
2.100000000000000000e+01
1.300000000000000000e+01
1.800000000000000000e+02
4.000000000000000000e+00
1.700000000000000000e+01
5.300000000000000000e+01
1.100000000000000000e+01
3.000000000000000000e+01
1.770000000000000000e+02
1.600000000000000000e+01
2.500000000000000000e+01
2.900000000000000000e+01
8.600000000000000000e+01
9.000000000000000000e+00
7.000000000000000000e+00
4.700000000000000000e+01
4.400000000000000000e+01
1.368000000000000000e+03
1.100000000000000000e+01
7.000000000000000000e+00
0.000000000000000000e+00
2.700000000000000000e+01
1.750000000000000000e+02
2.000000000000000000e+00
2.000000000000000000e+00
2.090000000000000000e+02
1.900000000000000000e+01
1.400000000000000000e+01
6.000000000000000000e+00
1.020000000000000000e+02
2.000000000000000000e+00
4.000000000000000000e+00
3.330000000000000000e+02
7.000000000000000000e+00
1.300000000000000000e+01
4.900000000000000000e+01
9.000000000000000000e+00
7.500000000000000000e+01
6.070000000000000000e+02
8.000000000000000000e+00
1.920000000000000000e+02
3.400000000000000000e+01
6.600000000000000000e+01
6.160000000000000000e+02
2.040000000000000000e+02
4.500000000000000000e+03
4.531000000000000000e+03
1.423700000000000000e+04
1.261600000000000000e+04
1.394500000000000000e+04
4.107000000000000000e+03
6.936000000000000000e+03
6.830000000000000000e+03
3.524000000000000000e+03
8.130000000000000000e+02
6.330000000000000000e+02
5.515000000000000000e+03
8.450000000000000000e+02
2.170000000000000000e+02
2.500000000000000000e+01
2.400000000000000000e+01
7.000000000000000000e+00
7.533000000000000000e+03
0.000000000000000000e+00
3.900000000000000000e+01
1.200000000000000000e+01
1.930000000000000000e+02
6.070000000000000000e+02
3.202000000000000000e+03
1.000000000000000000e+01
8.500000000000000000e+01
1.100000000000000000e+01
8.900000000000000000e+01
3.000000000000000000e+00
4.320000000000000000e+02
1.510000000000000000e+02
0.000000000000000000e+00
1.060000000000000000e+02
3.000000000000000000e+00
1.000000000000000000e+00
3.100000000000000000e+01
1.000000000000000000e+00
1.626000000000000000e+03
6.600000000000000000e+01
7.000000000000000000e+00
1.100000000000000000e+01
4.000000000000000000e+00
1.400000000000000000e+02
1.900000000000000000e+01
8.000000000000000000e+00
0.000000000000000000e+00
0.000000000000000000e+00
2.290000000000000000e+02
0.000000000000000000e+00
2.000000000000000000e+00
1.000000000000000000e+01
0.000000000000000000e+00
3.000000000000000000e+00
4.490000000000000000e+02
5.000000000000000000e+00
1.900000000000000000e+01
6.000000000000000000e+00
1.410000000000000000e+02
3.000000000000000000e+00
5.000000000000000000e+00
4.600000000000000000e+01
4.800000000000000000e+01
2.206000000000000000e+03
1.300000000000000000e+01
4.000000000000000000e+00
2.000000000000000000e+00
6.300000000000000000e+01
3.950000000000000000e+02
5.000000000000000000e+00
1.000000000000000000e+00
8.340000000000000000e+02
5.900000000000000000e+01
7.300000000000000000e+01
1.600000000000000000e+01
3.770000000000000000e+02
3.000000000000000000e+01
2.100000000000000000e+01
0.000000000000000000e+00
0.000000000000000000e+00
0.000000000000000000e+00
0.000000000000000000e+00
0.000000000000000000e+00
0.000000000000000000e+00
0.000000000000000000e+00
0.000000000000000000e+00
0.000000000000000000e+00
0.000000000000000000e+00
0.000000000000000000e+00
0.000000000000000000e+00
0.000000000000000000e+00
0.000000000000000000e+00
0.000000000000000000e+00
0.000000000000000000e+00
0.000000000000000000e+00
0.000000000000000000e+00
0.000000000000000000e+00
0.000000000000000000e+00
0.000000000000000000e+00
0.000000000000000000e+00
0.000000000000000000e+00
0.000000000000000000e+00
0.000000000000000000e+00
0.000000000000000000e+00
0.000000000000000000e+00
0.000000000000000000e+00
0.000000000000000000e+00
0.000000000000000000e+00
0.000000000000000000e+00
0.000000000000000000e+00
0.000000000000000000e+00
0.000000000000000000e+00
0.000000000000000000e+00
0.000000000000000000e+00
0.000000000000000000e+00
0.000000000000000000e+00
0.000000000000000000e+00
0.000000000000000000e+00
0.000000000000000000e+00
0.000000000000000000e+00
0.000000000000000000e+00
0.000000000000000000e+00
0.000000000000000000e+00
0.000000000000000000e+00
0.000000000000000000e+00
0.000000000000000000e+00
0.000000000000000000e+00
0.000000000000000000e+00
0.000000000000000000e+00
0.000000000000000000e+00
0.000000000000000000e+00
0.000000000000000000e+00
0.000000000000000000e+00
0.000000000000000000e+00
0.000000000000000000e+00
0.000000000000000000e+00
0.000000000000000000e+00
0.000000000000000000e+00
0.000000000000000000e+00
0.000000000000000000e+00
0.000000000000000000e+00
0.000000000000000000e+00
0.000000000000000000e+00
0.000000000000000000e+00
0.000000000000000000e+00
0.000000000000000000e+00
0.000000000000000000e+00
0.000000000000000000e+00
0.000000000000000000e+00
0.000000000000000000e+00
0.000000000000000000e+00
0.000000000000000000e+00
0.000000000000000000e+00
0.000000000000000000e+00
5.825000000000000000e+03
1.640000000000000000e+02
5.853000000000000000e+03
4.734000000000000000e+03
4.380000000000000000e+02
8.698000000000000000e+03
1.587000000000000000e+03
3.284000000000000000e+03
3.466000000000000000e+03
1.189000000000000000e+03
1.370000000000000000e+03
1.757000000000000000e+03
1.358000000000000000e+03
1.108000000000000000e+03
1.924000000000000000e+03
7.500000000000000000e+02
1.984000000000000000e+03
6.270000000000000000e+02
3.521000000000000000e+03
1.954000000000000000e+03
3.411000000000000000e+03
1.395000000000000000e+03
1.477000000000000000e+03
2.009000000000000000e+03
1.775000000000000000e+03
1.064000000000000000e+03
1.875000000000000000e+03
8.730000000000000000e+02
2.211000000000000000e+03
7.660000000000000000e+02
2.436000000000000000e+03
2.392000000000000000e+03
2.783000000000000000e+03
6.690000000000000000e+02
2.136000000000000000e+03
8.450000000000000000e+02
2.512000000000000000e+03
1.182000000000000000e+03
2.167000000000000000e+03
1.593000000000000000e+03
1.156000000000000000e+03
1.556000000000000000e+03
5.750000000000000000e+02
1.843000000000000000e+03
5.420000000000000000e+02
1.313000000000000000e+03
8.390000000000000000e+02
1.392000000000000000e+03
1.583000000000000000e+03
1.435000000000000000e+03
4.940000000000000000e+02
1.464000000000000000e+03
5.790000000000000000e+02
1.177000000000000000e+03
9.970000000000000000e+02
1.027000000000000000e+03
1.147000000000000000e+03
1.442000000000000000e+03
1.026000000000000000e+03
9.360000000000000000e+02
1.012000000000000000e+03
8.740000000000000000e+02
1.238000000000000000e+03
1.289000000000000000e+03
1.674000000000000000e+03
7.080000000000000000e+02
1.244000000000000000e+03
7.480000000000000000e+02
1.361000000000000000e+03
1.077000000000000000e+03
8.280000000000000000e+02
8.220000000000000000e+02
5.310000000000000000e+02
9.500000000000000000e+02
4.870000000000000000e+02
5.840000000000000000e+02
4.560000000000000000e+02
6.100000000000000000e+02
5.260000000000000000e+02
4.440000000000000000e+02
5.970000000000000000e+02
5.270000000000000000e+02
4.860000000000000000e+02
5.000000000000000000e+02
4.220000000000000000e+02
1.217000000000000000e+03
4.590000000000000000e+02
4.730000000000000000e+02
4.940000000000000000e+02
5.120000000000000000e+02
6.040000000000000000e+02
5.620000000000000000e+02
4.560000000000000000e+02
5.430000000000000000e+02
5.450000000000000000e+02
4.340000000000000000e+02
6.650000000000000000e+02
4.660000000000000000e+02
5.900000000000000000e+02
5.130000000000000000e+02
5.340000000000000000e+02
4.410000000000000000e+02
8.260000000000000000e+02
4.360000000000000000e+02
4.640000000000000000e+02
4.240000000000000000e+02
6.630000000000000000e+02
4.400000000000000000e+02
4.630000000000000000e+02
6.710000000000000000e+02
4.160000000000000000e+02
4.580000000000000000e+02
4.750000000000000000e+02
5.280000000000000000e+02
4.840000000000000000e+02
4.130000000000000000e+02
5.550000000000000000e+02
4.500000000000000000e+02
5.330000000000000000e+02
4.440000000000000000e+02
4.780000000000000000e+02
4.110000000000000000e+02
4.670000000000000000e+02
4.420000000000000000e+02
4.330000000000000000e+02
4.300000000000000000e+02
3.270000000000000000e+02
4.290000000000000000e+02
1.276000000000000000e+03
3.800000000000000000e+02
3.840000000000000000e+02
3.930000000000000000e+02
3.980000000000000000e+02
4.540000000000000000e+02
4.450000000000000000e+02
4.010000000000000000e+02
4.200000000000000000e+02
4.470000000000000000e+02
3.950000000000000000e+02
4.350000000000000000e+02
3.760000000000000000e+02
3.640000000000000000e+02
5.670000000000000000e+02
3.990000000000000000e+02
3.440000000000000000e+02
3.530000000000000000e+02
4.150000000000000000e+02
3.120000000000000000e+02
4.080000000000000000e+02
4.260000000000000000e+02
3.380000000000000000e+02
3.560000000000000000e+02
3.350000000000000000e+02
5.300000000000000000e+02
3.340000000000000000e+02
3.530000000000000000e+02
3.590000000000000000e+02
3.100000000000000000e+02
3.510000000000000000e+02
5.150000000000000000e+02
2.880000000000000000e+02
3.340000000000000000e+02
3.570000000000000000e+02
2.920000000000000000e+02
3.130000000000000000e+02
3.400000000000000000e+02
3.360000000000000000e+02
3.310000000000000000e+02
3.140000000000000000e+02
2.800000000000000000e+02
1.015000000000000000e+03
2.660000000000000000e+02
2.620000000000000000e+02
2.960000000000000000e+02
3.120000000000000000e+02
2.710000000000000000e+02
2.110000000000000000e+02
3.290000000000000000e+02
2.480000000000000000e+02
3.040000000000000000e+02
2.400000000000000000e+02
2.910000000000000000e+02
4.030000000000000000e+02
2.330000000000000000e+02
2.860000000000000000e+02
3.180000000000000000e+02
2.250000000000000000e+02
2.600000000000000000e+02
2.960000000000000000e+02
1.950000000000000000e+02
1.930000000000000000e+02
4.810000000000000000e+02
1.360000000000000000e+02
2.060000000000000000e+02
2.200000000000000000e+02
2.130000000000000000e+02
2.030000000000000000e+02
1.930000000000000000e+02
2.570000000000000000e+02
1.720000000000000000e+02
2.120000000000000000e+02
1.840000000000000000e+02
1.690000000000000000e+02
1.580000000000000000e+02
2.420000000000000000e+02
1.420000000000000000e+02
1.760000000000000000e+02
1.650000000000000000e+02
1.400000000000000000e+02
1.920000000000000000e+02
1.440000000000000000e+02
1.370000000000000000e+02
1.220000000000000000e+02
3.430000000000000000e+02
1.190000000000000000e+02
1.270000000000000000e+02
1.550000000000000000e+02
1.300000000000000000e+02
7.600000000000000000e+01
2.030000000000000000e+02
1.300000000000000000e+02
1.430000000000000000e+02
1.020000000000000000e+02
1.360000000000000000e+02
1.180000000000000000e+02
9.700000000000000000e+01
8.400000000000000000e+01
1.110000000000000000e+02
9.300000000000000000e+01
8.600000000000000000e+01
1.160000000000000000e+02
6.900000000000000000e+01
1.040000000000000000e+02
8.600000000000000000e+01
1.000000000000000000e+02
9.500000000000000000e+01
8.300000000000000000e+01
8.000000000000000000e+01
7.800000000000000000e+01
9.000000000000000000e+01
7.100000000000000000e+01
7.300000000000000000e+01
8.200000000000000000e+01
6.700000000000000000e+01
8.300000000000000000e+01
4.900000000000000000e+01
6.200000000000000000e+01
6.300000000000000000e+01
7.300000000000000000e+01
5.800000000000000000e+01
5.300000000000000000e+01
4.600000000000000000e+01
1.300000000000000000e+01
1.000000000000000000e+00
0.000000000000000000e+00
5.828000000000000000e+03
5.400000000000000000e+01
1.710000000000000000e+02
4.490000000000000000e+02
7.740000000000000000e+02
7.820000000000000000e+02
7.650000000000000000e+02
7.800000000000000000e+02
8.390000000000000000e+02
8.150000000000000000e+02
8.250000000000000000e+02
7.360000000000000000e+02
7.820000000000000000e+02
7.520000000000000000e+02
7.850000000000000000e+02
7.950000000000000000e+02
7.900000000000000000e+02
7.310000000000000000e+02
7.730000000000000000e+02
7.600000000000000000e+02
7.640000000000000000e+02
6.830000000000000000e+02
7.220000000000000000e+02
6.930000000000000000e+02
7.160000000000000000e+02
7.350000000000000000e+02
7.410000000000000000e+02
6.700000000000000000e+02
6.830000000000000000e+02
6.610000000000000000e+02
6.100000000000000000e+02
5.790000000000000000e+02
5.860000000000000000e+02
5.640000000000000000e+02
5.730000000000000000e+02
5.230000000000000000e+02
5.170000000000000000e+02
5.590000000000000000e+02
5.670000000000000000e+02
6.080000000000000000e+02
5.140000000000000000e+02
5.440000000000000000e+02
5.720000000000000000e+02
5.070000000000000000e+02
4.910000000000000000e+02
5.160000000000000000e+02
5.070000000000000000e+02
4.970000000000000000e+02
5.020000000000000000e+02
4.930000000000000000e+02
4.800000000000000000e+02
4.350000000000000000e+02
4.830000000000000000e+02
4.930000000000000000e+02
4.550000000000000000e+02
4.650000000000000000e+02
4.700000000000000000e+02
4.480000000000000000e+02
4.370000000000000000e+02
4.430000000000000000e+02
4.550000000000000000e+02
4.260000000000000000e+02
4.460000000000000000e+02
4.510000000000000000e+02
4.450000000000000000e+02
4.320000000000000000e+02
4.360000000000000000e+02
4.060000000000000000e+02
4.420000000000000000e+02
4.150000000000000000e+02
4.130000000000000000e+02
4.010000000000000000e+02
4.220000000000000000e+02
4.000000000000000000e+02
4.540000000000000000e+02
4.080000000000000000e+02
4.330000000000000000e+02
4.170000000000000000e+02
4.280000000000000000e+02
3.980000000000000000e+02
4.000000000000000000e+02
4.010000000000000000e+02
4.300000000000000000e+02
4.010000000000000000e+02
4.330000000000000000e+02
4.000000000000000000e+02
3.990000000000000000e+02
4.600000000000000000e+02
4.170000000000000000e+02
4.460000000000000000e+02
4.300000000000000000e+02
4.580000000000000000e+02
4.120000000000000000e+02
4.020000000000000000e+02
4.150000000000000000e+02
4.290000000000000000e+02
4.750000000000000000e+02
4.430000000000000000e+02
4.270000000000000000e+02
4.420000000000000000e+02
4.360000000000000000e+02
4.070000000000000000e+02
4.030000000000000000e+02
4.110000000000000000e+02
4.150000000000000000e+02
4.170000000000000000e+02
4.260000000000000000e+02
4.290000000000000000e+02
4.040000000000000000e+02
3.950000000000000000e+02
4.130000000000000000e+02
4.110000000000000000e+02
4.130000000000000000e+02
3.750000000000000000e+02
4.020000000000000000e+02
3.660000000000000000e+02
4.160000000000000000e+02
3.930000000000000000e+02
3.990000000000000000e+02
3.610000000000000000e+02
4.050000000000000000e+02
3.960000000000000000e+02
3.870000000000000000e+02
3.800000000000000000e+02
3.510000000000000000e+02
3.700000000000000000e+02
3.530000000000000000e+02
3.500000000000000000e+02
3.610000000000000000e+02
3.510000000000000000e+02
3.500000000000000000e+02
3.570000000000000000e+02
3.450000000000000000e+02
3.200000000000000000e+02
3.370000000000000000e+02
3.400000000000000000e+02
3.470000000000000000e+02
3.610000000000000000e+02
3.150000000000000000e+02
3.400000000000000000e+02
2.950000000000000000e+02
2.960000000000000000e+02
3.190000000000000000e+02
2.910000000000000000e+02
2.800000000000000000e+02
3.040000000000000000e+02
2.770000000000000000e+02
2.830000000000000000e+02
3.150000000000000000e+02
2.790000000000000000e+02
3.040000000000000000e+02
3.200000000000000000e+02
2.850000000000000000e+02
2.640000000000000000e+02
2.680000000000000000e+02
2.770000000000000000e+02
2.620000000000000000e+02
2.590000000000000000e+02
2.590000000000000000e+02
2.790000000000000000e+02
2.770000000000000000e+02
2.510000000000000000e+02
2.810000000000000000e+02
2.570000000000000000e+02
2.900000000000000000e+02
2.920000000000000000e+02
2.420000000000000000e+02
2.690000000000000000e+02
2.450000000000000000e+02
2.810000000000000000e+02
2.560000000000000000e+02
2.410000000000000000e+02
2.580000000000000000e+02
2.330000000000000000e+02
2.370000000000000000e+02
2.500000000000000000e+02
2.380000000000000000e+02
2.320000000000000000e+02
2.100000000000000000e+02
2.230000000000000000e+02
2.090000000000000000e+02
2.380000000000000000e+02
2.150000000000000000e+02
2.220000000000000000e+02
2.420000000000000000e+02
2.280000000000000000e+02
2.210000000000000000e+02
2.440000000000000000e+02
2.170000000000000000e+02
2.270000000000000000e+02
2.270000000000000000e+02
2.200000000000000000e+02
1.990000000000000000e+02
2.210000000000000000e+02
2.220000000000000000e+02
2.160000000000000000e+02
2.270000000000000000e+02
2.370000000000000000e+02
2.250000000000000000e+02
2.330000000000000000e+02
2.270000000000000000e+02
2.170000000000000000e+02
2.100000000000000000e+02
2.080000000000000000e+02
2.290000000000000000e+02
1.940000000000000000e+02
2.010000000000000000e+02
2.350000000000000000e+02
2.070000000000000000e+02
2.070000000000000000e+02
2.330000000000000000e+02
2.080000000000000000e+02
2.200000000000000000e+02
2.320000000000000000e+02
2.330000000000000000e+02
2.190000000000000000e+02
2.280000000000000000e+02
2.300000000000000000e+02
2.070000000000000000e+02
2.350000000000000000e+02
2.540000000000000000e+02
2.460000000000000000e+02
2.360000000000000000e+02
2.600000000000000000e+02
2.370000000000000000e+02
2.410000000000000000e+02
2.630000000000000000e+02
2.470000000000000000e+02
2.580000000000000000e+02
2.870000000000000000e+02
3.330000000000000000e+02
3.280000000000000000e+02
3.500000000000000000e+02
3.930000000000000000e+02
4.170000000000000000e+02
5.510000000000000000e+02
1.060000000000000000e+03
2.892000000000000000e+03
5.803000000000000000e+03
9.718000000000000000e+03
1.194500000000000000e+04
1.106500000000000000e+04
7.327000000000000000e+03
4.275000000000000000e+03
3.609000000000000000e+03
3.876000000000000000e+03
3.758000000000000000e+03
3.586000000000000000e+03
3.219000000000000000e+03
3.905000000000000000e+03
3.763000000000000000e+03
3.525000000000000000e+03
4.065000000000000000e+03
3.164000000000000000e+03
2.004000000000000000e+03
1.549000000000000000e+03
2.422000000000000000e+03
