1.290000000000000000e+02
3.000000000000000000e+01
3.000000000000000000e+01
5.000000000000000000e+01
5.800000000000000000e+01
2.060000000000000000e+02
1.690000000000000000e+02
9.100000000000000000e+01
3.760000000000000000e+02
3.450000000000000000e+02
5.540000000000000000e+02
1.391000000000000000e+03
1.720000000000000000e+03
3.539000000000000000e+03
3.152000000000000000e+03
5.279000000000000000e+03
5.015000000000000000e+03
5.522000000000000000e+03
4.245000000000000000e+03
4.724000000000000000e+03
4.704000000000000000e+03
3.699000000000000000e+03
4.434000000000000000e+03
3.788000000000000000e+03
3.472000000000000000e+03
2.729000000000000000e+03
3.696000000000000000e+03
3.461000000000000000e+03
4.053000000000000000e+03
4.518000000000000000e+03
5.309000000000000000e+03
4.783000000000000000e+03
5.958000000000000000e+03
6.618000000000000000e+03
7.185000000000000000e+03
1.018500000000000000e+04
7.962000000000000000e+03
9.123000000000000000e+03
9.026000000000000000e+03
8.937000000000000000e+03
7.925000000000000000e+03
6.437000000000000000e+03
5.510000000000000000e+03
4.132000000000000000e+03
3.440000000000000000e+03
2.175000000000000000e+03
1.991000000000000000e+03
1.279000000000000000e+03
9.510000000000000000e+02
7.580000000000000000e+02
6.730000000000000000e+02
3.410000000000000000e+02
2.070000000000000000e+02
2.860000000000000000e+02
7.500000000000000000e+01
1.830000000000000000e+02
1.090000000000000000e+02
7.600000000000000000e+01
4.800000000000000000e+01
5.600000000000000000e+01
2.200000000000000000e+01
2.700000000000000000e+01
2.300000000000000000e+01
1.100000000000000000e+01
1.200000000000000000e+01
6.000000000000000000e+00
1.600000000000000000e+01
3.000000000000000000e+00
1.100000000000000000e+01
4.000000000000000000e+00
7.000000000000000000e+00
0.000000000000000000e+00
0.000000000000000000e+00
3.000000000000000000e+00
0.000000000000000000e+00
3.900000000000000000e+01
0.000000000000000000e+00
1.000000000000000000e+00
0.000000000000000000e+00
2.000000000000000000e+00
6.000000000000000000e+00
0.000000000000000000e+00
0.000000000000000000e+00
1.200000000000000000e+01
0.000000000000000000e+00
0.000000000000000000e+00
0.000000000000000000e+00
2.000000000000000000e+00
0.000000000000000000e+00
0.000000000000000000e+00
1.000000000000000000e+01
0.000000000000000000e+00
0.000000000000000000e+00
2.000000000000000000e+00
0.000000000000000000e+00
0.000000000000000000e+00
9.000000000000000000e+00
0.000000000000000000e+00
1.000000000000000000e+00
0.000000000000000000e+00
0.000000000000000000e+00
3.000000000000000000e+00
0.000000000000000000e+00
8.000000000000000000e+00
0.000000000000000000e+00
0.000000000000000000e+00
0.000000000000000000e+00
0.000000000000000000e+00
0.000000000000000000e+00
0.000000000000000000e+00
1.600000000000000000e+01
0.000000000000000000e+00
0.000000000000000000e+00
0.000000000000000000e+00
5.000000000000000000e+00
0.000000000000000000e+00
0.000000000000000000e+00
0.000000000000000000e+00
0.000000000000000000e+00
0.000000000000000000e+00
1.600000000000000000e+01
0.000000000000000000e+00
0.000000000000000000e+00
0.000000000000000000e+00
0.000000000000000000e+00
0.000000000000000000e+00
3.000000000000000000e+00
0.000000000000000000e+00
1.000000000000000000e+00
0.000000000000000000e+00
0.000000000000000000e+00
0.000000000000000000e+00
4.000000000000000000e+00
2.000000000000000000e+00
0.000000000000000000e+00
1.000000000000000000e+00
0.000000000000000000e+00
0.000000000000000000e+00
0.000000000000000000e+00
0.000000000000000000e+00
1.700000000000000000e+01
2.000000000000000000e+00
3.000000000000000000e+00
2.000000000000000000e+00
0.000000000000000000e+00
2.000000000000000000e+00
0.000000000000000000e+00
0.000000000000000000e+00
0.000000000000000000e+00
0.000000000000000000e+00
4.300000000000000000e+01
0.000000000000000000e+00
0.000000000000000000e+00
0.000000000000000000e+00
0.000000000000000000e+00
0.000000000000000000e+00
1.200000000000000000e+01
0.000000000000000000e+00
3.000000000000000000e+00
1.000000000000000000e+00
6.000000000000000000e+00
0.000000000000000000e+00
1.000000000000000000e+00
3.000000000000000000e+00
5.000000000000000000e+00
2.600000000000000000e+01
2.000000000000000000e+00
0.000000000000000000e+00
1.000000000000000000e+00
9.000000000000000000e+00
2.900000000000000000e+01
0.000000000000000000e+00
0.000000000000000000e+00
2.600000000000000000e+01
9.000000000000000000e+00
1.600000000000000000e+01
4.000000000000000000e+00
5.000000000000000000e+01
1.300000000000000000e+01
1.000000000000000000e+01
0.000000000000000000e+00
0.000000000000000000e+00
0.000000000000000000e+00
0.000000000000000000e+00
0.000000000000000000e+00
0.000000000000000000e+00
0.000000000000000000e+00
0.000000000000000000e+00
0.000000000000000000e+00
0.000000000000000000e+00
0.000000000000000000e+00
0.000000000000000000e+00
0.000000000000000000e+00
0.000000000000000000e+00
0.000000000000000000e+00
0.000000000000000000e+00
0.000000000000000000e+00
0.000000000000000000e+00
0.000000000000000000e+00
0.000000000000000000e+00
0.000000000000000000e+00
0.000000000000000000e+00
0.000000000000000000e+00
0.000000000000000000e+00
0.000000000000000000e+00
0.000000000000000000e+00
0.000000000000000000e+00
0.000000000000000000e+00
0.000000000000000000e+00
0.000000000000000000e+00
0.000000000000000000e+00
0.000000000000000000e+00
0.000000000000000000e+00
0.000000000000000000e+00
0.000000000000000000e+00
0.000000000000000000e+00
0.000000000000000000e+00
0.000000000000000000e+00
0.000000000000000000e+00
0.000000000000000000e+00
0.000000000000000000e+00
0.000000000000000000e+00
0.000000000000000000e+00
0.000000000000000000e+00
0.000000000000000000e+00
0.000000000000000000e+00
0.000000000000000000e+00
0.000000000000000000e+00
0.000000000000000000e+00
0.000000000000000000e+00
0.000000000000000000e+00
0.000000000000000000e+00
0.000000000000000000e+00
0.000000000000000000e+00
0.000000000000000000e+00
0.000000000000000000e+00
0.000000000000000000e+00
0.000000000000000000e+00
0.000000000000000000e+00
0.000000000000000000e+00
0.000000000000000000e+00
0.000000000000000000e+00
0.000000000000000000e+00
0.000000000000000000e+00
0.000000000000000000e+00
0.000000000000000000e+00
0.000000000000000000e+00
0.000000000000000000e+00
0.000000000000000000e+00
0.000000000000000000e+00
0.000000000000000000e+00
0.000000000000000000e+00
0.000000000000000000e+00
0.000000000000000000e+00
0.000000000000000000e+00
0.000000000000000000e+00
2.400000000000000000e+01
5.000000000000000000e+00
3.000000000000000000e+01
3.400000000000000000e+01
3.800000000000000000e+01
4.600000000000000000e+01
4.700000000000000000e+01
5.700000000000000000e+01
4.500000000000000000e+01
6.400000000000000000e+01
6.200000000000000000e+01
7.400000000000000000e+01
7.600000000000000000e+01
7.200000000000000000e+01
1.020000000000000000e+02
1.010000000000000000e+02
1.300000000000000000e+02
9.400000000000000000e+01
1.250000000000000000e+02
1.320000000000000000e+02
1.060000000000000000e+02
1.520000000000000000e+02
1.490000000000000000e+02
1.700000000000000000e+02
1.420000000000000000e+02
2.110000000000000000e+02
1.910000000000000000e+02
2.030000000000000000e+02
2.510000000000000000e+02
2.140000000000000000e+02
2.530000000000000000e+02
2.240000000000000000e+02
2.730000000000000000e+02
2.650000000000000000e+02
3.090000000000000000e+02
2.970000000000000000e+02
3.410000000000000000e+02
3.150000000000000000e+02
3.090000000000000000e+02
4.000000000000000000e+02
3.280000000000000000e+02
4.150000000000000000e+02
3.170000000000000000e+02
4.030000000000000000e+02
3.880000000000000000e+02
4.130000000000000000e+02
4.300000000000000000e+02
4.110000000000000000e+02
4.780000000000000000e+02
4.700000000000000000e+02
4.810000000000000000e+02
4.930000000000000000e+02
5.020000000000000000e+02
5.100000000000000000e+02
5.120000000000000000e+02
5.210000000000000000e+02
4.900000000000000000e+02
5.820000000000000000e+02
5.830000000000000000e+02
6.300000000000000000e+02
6.190000000000000000e+02
6.000000000000000000e+02
6.700000000000000000e+02
6.760000000000000000e+02
5.940000000000000000e+02
7.320000000000000000e+02
6.400000000000000000e+02
6.900000000000000000e+02
7.540000000000000000e+02
7.060000000000000000e+02
7.700000000000000000e+02
7.460000000000000000e+02
7.990000000000000000e+02
8.370000000000000000e+02
8.000000000000000000e+02
7.930000000000000000e+02
8.140000000000000000e+02
8.800000000000000000e+02
9.050000000000000000e+02
8.030000000000000000e+02
8.560000000000000000e+02
8.860000000000000000e+02
8.000000000000000000e+02
8.930000000000000000e+02
8.780000000000000000e+02
9.670000000000000000e+02
9.310000000000000000e+02
9.320000000000000000e+02
9.220000000000000000e+02
9.190000000000000000e+02
9.920000000000000000e+02
9.160000000000000000e+02
1.014000000000000000e+03
9.300000000000000000e+02
9.890000000000000000e+02
9.710000000000000000e+02
1.012000000000000000e+03
1.023000000000000000e+03
1.060000000000000000e+03
1.025000000000000000e+03
1.061000000000000000e+03
1.001000000000000000e+03
9.990000000000000000e+02
1.046000000000000000e+03
1.042000000000000000e+03
1.055000000000000000e+03
1.113000000000000000e+03
1.038000000000000000e+03
1.127000000000000000e+03
1.101000000000000000e+03
1.121000000000000000e+03
1.147000000000000000e+03
1.128000000000000000e+03
1.133000000000000000e+03
1.106000000000000000e+03
1.104000000000000000e+03
1.147000000000000000e+03
1.103000000000000000e+03
1.159000000000000000e+03
1.174000000000000000e+03
1.176000000000000000e+03
1.084000000000000000e+03
1.135000000000000000e+03
1.132000000000000000e+03
1.117000000000000000e+03
1.133000000000000000e+03
1.251000000000000000e+03
1.032000000000000000e+03
1.097000000000000000e+03
1.213000000000000000e+03
1.143000000000000000e+03
1.161000000000000000e+03
1.137000000000000000e+03
1.148000000000000000e+03
1.173000000000000000e+03
1.168000000000000000e+03
1.177000000000000000e+03
1.148000000000000000e+03
1.171000000000000000e+03
1.074000000000000000e+03
1.102000000000000000e+03
1.145000000000000000e+03
1.114000000000000000e+03
1.138000000000000000e+03
1.051000000000000000e+03
1.132000000000000000e+03
1.168000000000000000e+03
1.100000000000000000e+03
1.097000000000000000e+03
1.128000000000000000e+03
1.019000000000000000e+03
1.085000000000000000e+03
1.151000000000000000e+03
1.019000000000000000e+03
1.129000000000000000e+03
1.148000000000000000e+03
1.020000000000000000e+03
1.056000000000000000e+03
1.076000000000000000e+03
1.116000000000000000e+03
1.033000000000000000e+03
1.065000000000000000e+03
1.061000000000000000e+03
1.030000000000000000e+03
9.910000000000000000e+02
1.010000000000000000e+03
1.004000000000000000e+03
1.002000000000000000e+03
9.920000000000000000e+02
1.063000000000000000e+03
1.002000000000000000e+03
9.860000000000000000e+02
9.660000000000000000e+02
1.041000000000000000e+03
1.052000000000000000e+03
8.930000000000000000e+02
8.860000000000000000e+02
1.006000000000000000e+03
9.040000000000000000e+02
9.280000000000000000e+02
8.780000000000000000e+02
8.610000000000000000e+02
8.690000000000000000e+02
8.670000000000000000e+02
8.350000000000000000e+02
8.820000000000000000e+02
7.590000000000000000e+02
7.860000000000000000e+02
8.940000000000000000e+02
7.680000000000000000e+02
8.370000000000000000e+02
8.810000000000000000e+02
7.240000000000000000e+02
8.040000000000000000e+02
7.280000000000000000e+02
8.100000000000000000e+02
8.170000000000000000e+02
7.420000000000000000e+02
7.990000000000000000e+02
6.890000000000000000e+02
7.370000000000000000e+02
6.840000000000000000e+02
6.700000000000000000e+02
7.820000000000000000e+02
6.410000000000000000e+02
6.860000000000000000e+02
7.460000000000000000e+02
6.810000000000000000e+02
6.700000000000000000e+02
6.870000000000000000e+02
6.300000000000000000e+02
6.420000000000000000e+02
6.530000000000000000e+02
6.630000000000000000e+02
6.450000000000000000e+02
6.320000000000000000e+02
5.900000000000000000e+02
6.560000000000000000e+02
5.470000000000000000e+02
6.600000000000000000e+02
5.700000000000000000e+02
5.800000000000000000e+02
4.660000000000000000e+02
5.180000000000000000e+02
5.480000000000000000e+02
5.200000000000000000e+02
4.670000000000000000e+02
4.540000000000000000e+02
4.790000000000000000e+02
4.420000000000000000e+02
5.480000000000000000e+02
3.980000000000000000e+02
3.950000000000000000e+02
4.950000000000000000e+02
4.110000000000000000e+02
4.120000000000000000e+02
3.900000000000000000e+02
3.840000000000000000e+02
3.830000000000000000e+02
3.780000000000000000e+02
3.740000000000000000e+02
3.340000000000000000e+02
3.200000000000000000e+02
3.360000000000000000e+02
3.060000000000000000e+02
3.010000000000000000e+02
3.320000000000000000e+02
2.990000000000000000e+02
3.040000000000000000e+02
2.310000000000000000e+02
3.140000000000000000e+02
3.400000000000000000e+02
2.430000000000000000e+02
6.700000000000000000e+01
8.000000000000000000e+00
8.703000000000000000e+03
0.000000000000000000e+00
0.000000000000000000e+00
0.000000000000000000e+00
0.000000000000000000e+00
0.000000000000000000e+00
0.000000000000000000e+00
0.000000000000000000e+00
2.000000000000000000e+00
1.000000000000000000e+00
3.000000000000000000e+00
2.000000000000000000e+00
3.000000000000000000e+00
5.000000000000000000e+00
3.000000000000000000e+00
1.300000000000000000e+01
1.600000000000000000e+01
1.700000000000000000e+01
2.800000000000000000e+01
2.100000000000000000e+01
3.400000000000000000e+01
2.900000000000000000e+01
4.200000000000000000e+01
4.800000000000000000e+01
5.000000000000000000e+01
6.400000000000000000e+01
7.800000000000000000e+01
1.040000000000000000e+02
1.200000000000000000e+02
1.270000000000000000e+02
1.260000000000000000e+02
1.400000000000000000e+02
1.260000000000000000e+02
1.470000000000000000e+02
1.840000000000000000e+02
1.990000000000000000e+02
2.210000000000000000e+02
2.350000000000000000e+02
2.690000000000000000e+02
2.720000000000000000e+02
2.860000000000000000e+02
3.000000000000000000e+02
3.440000000000000000e+02
3.710000000000000000e+02
4.420000000000000000e+02
4.240000000000000000e+02
4.680000000000000000e+02
5.550000000000000000e+02
5.450000000000000000e+02
6.060000000000000000e+02
6.810000000000000000e+02
7.050000000000000000e+02
7.540000000000000000e+02
8.300000000000000000e+02
8.270000000000000000e+02
9.300000000000000000e+02
9.470000000000000000e+02
1.022000000000000000e+03
1.051000000000000000e+03
1.067000000000000000e+03
1.136000000000000000e+03
1.180000000000000000e+03
1.145000000000000000e+03
1.300000000000000000e+03
1.235000000000000000e+03
1.299000000000000000e+03
1.404000000000000000e+03
1.374000000000000000e+03
1.436000000000000000e+03
1.475000000000000000e+03
1.468000000000000000e+03
1.431000000000000000e+03
1.493000000000000000e+03
1.550000000000000000e+03
1.462000000000000000e+03
1.537000000000000000e+03
1.507000000000000000e+03
1.520000000000000000e+03
1.516000000000000000e+03
1.511000000000000000e+03
1.590000000000000000e+03
1.574000000000000000e+03
1.569000000000000000e+03
1.570000000000000000e+03
1.609000000000000000e+03
1.597000000000000000e+03
1.579000000000000000e+03
1.648000000000000000e+03
1.584000000000000000e+03
1.593000000000000000e+03
1.485000000000000000e+03
1.446000000000000000e+03
1.527000000000000000e+03
1.480000000000000000e+03
1.498000000000000000e+03
1.444000000000000000e+03
1.482000000000000000e+03
1.436000000000000000e+03
1.441000000000000000e+03
1.405000000000000000e+03
1.351000000000000000e+03
1.311000000000000000e+03
1.289000000000000000e+03
1.394000000000000000e+03
1.234000000000000000e+03
1.298000000000000000e+03
1.296000000000000000e+03
1.219000000000000000e+03
1.236000000000000000e+03
1.202000000000000000e+03
1.202000000000000000e+03
1.234000000000000000e+03
1.224000000000000000e+03
1.113000000000000000e+03
1.183000000000000000e+03
1.110000000000000000e+03
1.149000000000000000e+03
1.138000000000000000e+03
1.108000000000000000e+03
1.115000000000000000e+03
1.077000000000000000e+03
1.097000000000000000e+03
1.081000000000000000e+03
1.094000000000000000e+03
1.025000000000000000e+03
1.039000000000000000e+03
1.072000000000000000e+03
1.088000000000000000e+03
1.036000000000000000e+03
9.550000000000000000e+02
1.031000000000000000e+03
1.019000000000000000e+03
9.560000000000000000e+02
1.026000000000000000e+03
9.370000000000000000e+02
9.530000000000000000e+02
9.070000000000000000e+02
9.580000000000000000e+02
9.230000000000000000e+02
9.330000000000000000e+02
9.160000000000000000e+02
9.220000000000000000e+02
8.800000000000000000e+02
9.050000000000000000e+02
8.030000000000000000e+02
7.990000000000000000e+02
8.210000000000000000e+02
8.480000000000000000e+02
7.860000000000000000e+02
8.380000000000000000e+02
7.720000000000000000e+02
7.450000000000000000e+02
7.390000000000000000e+02
7.170000000000000000e+02
7.410000000000000000e+02
7.090000000000000000e+02
7.590000000000000000e+02
6.720000000000000000e+02
7.480000000000000000e+02
6.860000000000000000e+02
6.720000000000000000e+02
7.240000000000000000e+02
7.150000000000000000e+02
6.470000000000000000e+02
6.580000000000000000e+02
6.430000000000000000e+02
6.600000000000000000e+02
6.100000000000000000e+02
6.110000000000000000e+02
6.180000000000000000e+02
6.660000000000000000e+02
5.890000000000000000e+02
5.740000000000000000e+02
6.110000000000000000e+02
6.190000000000000000e+02
6.130000000000000000e+02
6.040000000000000000e+02
5.780000000000000000e+02
5.770000000000000000e+02
5.630000000000000000e+02
5.950000000000000000e+02
5.510000000000000000e+02
5.910000000000000000e+02
5.570000000000000000e+02
5.290000000000000000e+02
5.470000000000000000e+02
4.950000000000000000e+02
5.450000000000000000e+02
5.300000000000000000e+02
5.350000000000000000e+02
5.350000000000000000e+02
5.260000000000000000e+02
5.510000000000000000e+02
5.520000000000000000e+02
5.550000000000000000e+02
4.810000000000000000e+02
5.230000000000000000e+02
5.030000000000000000e+02
4.690000000000000000e+02
4.880000000000000000e+02
4.660000000000000000e+02
5.000000000000000000e+02
4.900000000000000000e+02
4.610000000000000000e+02
5.080000000000000000e+02
4.420000000000000000e+02
5.090000000000000000e+02
4.660000000000000000e+02
4.820000000000000000e+02
4.490000000000000000e+02
4.600000000000000000e+02
4.870000000000000000e+02
4.740000000000000000e+02
4.640000000000000000e+02
4.520000000000000000e+02
4.360000000000000000e+02
4.770000000000000000e+02
4.610000000000000000e+02
4.490000000000000000e+02
4.660000000000000000e+02
4.560000000000000000e+02
4.600000000000000000e+02
4.520000000000000000e+02
4.480000000000000000e+02
4.390000000000000000e+02
4.620000000000000000e+02
4.510000000000000000e+02
4.860000000000000000e+02
4.490000000000000000e+02
4.660000000000000000e+02
4.510000000000000000e+02
4.540000000000000000e+02
4.460000000000000000e+02
4.920000000000000000e+02
4.510000000000000000e+02
4.550000000000000000e+02
5.010000000000000000e+02
4.130000000000000000e+02
4.520000000000000000e+02
4.730000000000000000e+02
4.360000000000000000e+02
4.150000000000000000e+02
4.460000000000000000e+02
4.180000000000000000e+02
4.370000000000000000e+02
4.660000000000000000e+02
4.360000000000000000e+02
4.430000000000000000e+02
4.110000000000000000e+02
4.550000000000000000e+02
4.410000000000000000e+02
4.580000000000000000e+02
4.160000000000000000e+02
4.380000000000000000e+02
4.460000000000000000e+02
4.470000000000000000e+02
3.886000000000000000e+03
