2.020000000000000000e+03
2.980000000000000000e+02
3.560000000000000000e+02
4.260000000000000000e+02
3.910000000000000000e+02
1.164000000000000000e+03
8.370000000000000000e+02
3.370000000000000000e+02
1.039000000000000000e+03
8.130000000000000000e+02
7.960000000000000000e+02
1.646000000000000000e+03
8.780000000000000000e+02
1.669000000000000000e+03
9.420000000000000000e+02
8.490000000000000000e+02
9.090000000000000000e+02
5.520000000000000000e+02
3.450000000000000000e+02
6.490000000000000000e+02
7.110000000000000000e+02
9.470000000000000000e+02
8.270000000000000000e+02
8.330000000000000000e+02
1.071000000000000000e+03
8.310000000000000000e+02
1.760000000000000000e+03
9.700000000000000000e+02
1.343000000000000000e+03
9.530000000000000000e+02
2.433000000000000000e+03
7.620000000000000000e+02
1.378000000000000000e+03
1.253000000000000000e+03
1.489000000000000000e+03
2.764000000000000000e+03
1.333000000000000000e+03
1.178000000000000000e+03
1.579000000000000000e+03
1.438000000000000000e+03
1.639000000000000000e+03
1.018000000000000000e+03
1.804000000000000000e+03
2.268000000000000000e+03
1.456000000000000000e+03
2.044000000000000000e+03
2.966000000000000000e+03
2.533000000000000000e+03
4.597000000000000000e+03
3.372000000000000000e+03
4.757000000000000000e+03
4.835000000000000000e+03
3.594000000000000000e+03
3.839000000000000000e+03
3.087000000000000000e+03
4.395000000000000000e+03
3.849000000000000000e+03
3.032000000000000000e+03
2.873000000000000000e+03
2.178000000000000000e+03
2.769000000000000000e+03
1.303000000000000000e+03
2.115000000000000000e+03
2.711000000000000000e+03
1.132000000000000000e+03
1.512000000000000000e+03
2.794000000000000000e+03
2.012000000000000000e+03
1.128000000000000000e+03
2.489000000000000000e+03
1.464000000000000000e+03
1.072000000000000000e+03
1.238000000000000000e+03
1.424000000000000000e+03
2.084000000000000000e+03
1.374000000000000000e+03
1.017000000000000000e+03
1.386000000000000000e+03
4.430000000000000000e+02
6.570000000000000000e+02
2.735000000000000000e+03
3.250000000000000000e+02
7.170000000000000000e+02
8.720000000000000000e+02
1.209000000000000000e+03
7.120000000000000000e+02
4.730000000000000000e+02
1.502000000000000000e+03
3.750000000000000000e+02
4.120000000000000000e+02
2.753000000000000000e+03
5.930000000000000000e+02
3.890000000000000000e+02
5.610000000000000000e+02
4.350000000000000000e+02
1.489000000000000000e+03
8.090000000000000000e+02
2.860000000000000000e+02
1.028000000000000000e+03
5.630000000000000000e+02
4.980000000000000000e+02
1.210000000000000000e+03
5.450000000000000000e+02
1.166000000000000000e+03
4.820000000000000000e+02
7.820000000000000000e+02
5.820000000000000000e+02
5.760000000000000000e+02
2.850000000000000000e+02
6.480000000000000000e+02
9.370000000000000000e+02
8.250000000000000000e+02
1.149000000000000000e+03
6.530000000000000000e+02
2.187000000000000000e+03
5.300000000000000000e+02
1.279000000000000000e+03
2.000000000000000000e+02
2.750000000000000000e+02
2.450000000000000000e+02
8.990000000000000000e+02
1.700000000000000000e+01
2.820000000000000000e+02
2.460000000000000000e+02
3.420000000000000000e+02
6.770000000000000000e+02
2.160000000000000000e+02
1.740000000000000000e+02
3.310000000000000000e+02
1.370000000000000000e+02
2.830000000000000000e+02
6.100000000000000000e+01
2.770000000000000000e+02
5.530000000000000000e+02
5.600000000000000000e+01
2.660000000000000000e+02
2.990000000000000000e+02
2.800000000000000000e+01
4.570000000000000000e+02
9.400000000000000000e+01
3.110000000000000000e+02
4.010000000000000000e+02
3.100000000000000000e+02
1.370000000000000000e+02
2.320000000000000000e+02
3.400000000000000000e+02
4.300000000000000000e+02
3.120000000000000000e+02
1.810000000000000000e+02
6.600000000000000000e+01
8.520000000000000000e+02
4.000000000000000000e+01
2.500000000000000000e+02
3.590000000000000000e+02
3.100000000000000000e+01
2.280000000000000000e+02
6.080000000000000000e+02
2.960000000000000000e+02
2.710000000000000000e+02
4.410000000000000000e+02
3.140000000000000000e+02
1.960000000000000000e+02
2.670000000000000000e+02
2.850000000000000000e+02
8.130000000000000000e+02
3.500000000000000000e+02
3.910000000000000000e+02
2.120000000000000000e+02
2.200000000000000000e+01
5.250000000000000000e+02
1.196000000000000000e+03
1.200000000000000000e+02
8.100000000000000000e+01
3.110000000000000000e+02
6.720000000000000000e+02
3.300000000000000000e+02
1.020000000000000000e+02
8.330000000000000000e+02
2.450000000000000000e+02
1.230000000000000000e+02
0.000000000000000000e+00
0.000000000000000000e+00
0.000000000000000000e+00
0.000000000000000000e+00
0.000000000000000000e+00
0.000000000000000000e+00
0.000000000000000000e+00
0.000000000000000000e+00
0.000000000000000000e+00
0.000000000000000000e+00
0.000000000000000000e+00
0.000000000000000000e+00
0.000000000000000000e+00
0.000000000000000000e+00
0.000000000000000000e+00
0.000000000000000000e+00
0.000000000000000000e+00
0.000000000000000000e+00
0.000000000000000000e+00
0.000000000000000000e+00
0.000000000000000000e+00
0.000000000000000000e+00
0.000000000000000000e+00
0.000000000000000000e+00
0.000000000000000000e+00
0.000000000000000000e+00
0.000000000000000000e+00
0.000000000000000000e+00
0.000000000000000000e+00
0.000000000000000000e+00
0.000000000000000000e+00
0.000000000000000000e+00
0.000000000000000000e+00
0.000000000000000000e+00
0.000000000000000000e+00
0.000000000000000000e+00
0.000000000000000000e+00
0.000000000000000000e+00
0.000000000000000000e+00
0.000000000000000000e+00
0.000000000000000000e+00
0.000000000000000000e+00
0.000000000000000000e+00
0.000000000000000000e+00
0.000000000000000000e+00
0.000000000000000000e+00
0.000000000000000000e+00
0.000000000000000000e+00
0.000000000000000000e+00
0.000000000000000000e+00
0.000000000000000000e+00
0.000000000000000000e+00
0.000000000000000000e+00
0.000000000000000000e+00
0.000000000000000000e+00
0.000000000000000000e+00
0.000000000000000000e+00
0.000000000000000000e+00
0.000000000000000000e+00
0.000000000000000000e+00
0.000000000000000000e+00
0.000000000000000000e+00
0.000000000000000000e+00
0.000000000000000000e+00
0.000000000000000000e+00
0.000000000000000000e+00
0.000000000000000000e+00
0.000000000000000000e+00
0.000000000000000000e+00
0.000000000000000000e+00
0.000000000000000000e+00
0.000000000000000000e+00
0.000000000000000000e+00
0.000000000000000000e+00
0.000000000000000000e+00
0.000000000000000000e+00
8.270000000000000000e+02
6.230000000000000000e+02
1.001000000000000000e+03
9.310000000000000000e+02
9.220000000000000000e+02
7.380000000000000000e+02
9.830000000000000000e+02
8.930000000000000000e+02
1.009000000000000000e+03
1.006000000000000000e+03
1.141000000000000000e+03
1.136000000000000000e+03
1.230000000000000000e+03
1.345000000000000000e+03
1.430000000000000000e+03
1.452000000000000000e+03
1.546000000000000000e+03
1.646000000000000000e+03
1.747000000000000000e+03
1.820000000000000000e+03
1.906000000000000000e+03
2.151000000000000000e+03
1.954000000000000000e+03
2.100000000000000000e+03
2.020000000000000000e+03
2.048000000000000000e+03
2.186000000000000000e+03
2.056000000000000000e+03
2.172000000000000000e+03
2.222000000000000000e+03
2.135000000000000000e+03
2.143000000000000000e+03
2.137000000000000000e+03
2.107000000000000000e+03
2.102000000000000000e+03
2.092000000000000000e+03
2.148000000000000000e+03
1.805000000000000000e+03
1.929000000000000000e+03
1.834000000000000000e+03
1.774000000000000000e+03
1.840000000000000000e+03
1.784000000000000000e+03
1.790000000000000000e+03
1.862000000000000000e+03
1.892000000000000000e+03
1.802000000000000000e+03
1.790000000000000000e+03
1.880000000000000000e+03
1.813000000000000000e+03
1.787000000000000000e+03
1.818000000000000000e+03
1.706000000000000000e+03
1.794000000000000000e+03
1.566000000000000000e+03
1.632000000000000000e+03
1.712000000000000000e+03
1.650000000000000000e+03
1.520000000000000000e+03
1.402000000000000000e+03
1.494000000000000000e+03
1.371000000000000000e+03
1.420000000000000000e+03
1.099000000000000000e+03
1.400000000000000000e+03
1.274000000000000000e+03
1.185000000000000000e+03
1.174000000000000000e+03
1.191000000000000000e+03
1.047000000000000000e+03
1.227000000000000000e+03
1.136000000000000000e+03
1.032000000000000000e+03
1.137000000000000000e+03
1.027000000000000000e+03
1.033000000000000000e+03
9.860000000000000000e+02
1.060000000000000000e+03
1.136000000000000000e+03
9.010000000000000000e+02
1.030000000000000000e+03
9.890000000000000000e+02
1.016000000000000000e+03
1.127000000000000000e+03
7.790000000000000000e+02
1.288000000000000000e+03
6.820000000000000000e+02
9.990000000000000000e+02
1.039000000000000000e+03
8.330000000000000000e+02
9.960000000000000000e+02
7.650000000000000000e+02
8.770000000000000000e+02
7.930000000000000000e+02
9.370000000000000000e+02
7.790000000000000000e+02
9.660000000000000000e+02
7.450000000000000000e+02
8.550000000000000000e+02
8.830000000000000000e+02
8.200000000000000000e+02
8.220000000000000000e+02
8.260000000000000000e+02
7.750000000000000000e+02
7.600000000000000000e+02
7.590000000000000000e+02
7.800000000000000000e+02
7.840000000000000000e+02
8.420000000000000000e+02
7.760000000000000000e+02
7.280000000000000000e+02
7.840000000000000000e+02
7.610000000000000000e+02
7.690000000000000000e+02
7.570000000000000000e+02
6.860000000000000000e+02
6.470000000000000000e+02
6.880000000000000000e+02
6.360000000000000000e+02
6.560000000000000000e+02
6.630000000000000000e+02
6.410000000000000000e+02
6.190000000000000000e+02
5.720000000000000000e+02
6.070000000000000000e+02
5.850000000000000000e+02
5.320000000000000000e+02
5.340000000000000000e+02
5.740000000000000000e+02
4.800000000000000000e+02
5.650000000000000000e+02
5.720000000000000000e+02
4.930000000000000000e+02
4.660000000000000000e+02
4.560000000000000000e+02
4.810000000000000000e+02
4.850000000000000000e+02
4.320000000000000000e+02
5.220000000000000000e+02
4.540000000000000000e+02
4.550000000000000000e+02
4.650000000000000000e+02
4.130000000000000000e+02
4.390000000000000000e+02
4.370000000000000000e+02
4.210000000000000000e+02
4.300000000000000000e+02
3.880000000000000000e+02
4.230000000000000000e+02
3.660000000000000000e+02
3.900000000000000000e+02
3.410000000000000000e+02
3.650000000000000000e+02
3.580000000000000000e+02
3.730000000000000000e+02
3.210000000000000000e+02
3.220000000000000000e+02
3.490000000000000000e+02
3.370000000000000000e+02
3.580000000000000000e+02
3.330000000000000000e+02
3.260000000000000000e+02
2.780000000000000000e+02
3.380000000000000000e+02
2.680000000000000000e+02
2.810000000000000000e+02
2.770000000000000000e+02
2.730000000000000000e+02
2.810000000000000000e+02
3.180000000000000000e+02
2.200000000000000000e+02
2.650000000000000000e+02
2.280000000000000000e+02
2.750000000000000000e+02
2.610000000000000000e+02
1.970000000000000000e+02
2.060000000000000000e+02
2.570000000000000000e+02
2.200000000000000000e+02
2.100000000000000000e+02
2.140000000000000000e+02
2.040000000000000000e+02
2.290000000000000000e+02
2.100000000000000000e+02
1.950000000000000000e+02
2.100000000000000000e+02
1.630000000000000000e+02
1.910000000000000000e+02
2.070000000000000000e+02
1.810000000000000000e+02
1.560000000000000000e+02
2.190000000000000000e+02
1.540000000000000000e+02
1.420000000000000000e+02
1.720000000000000000e+02
1.640000000000000000e+02
1.480000000000000000e+02
1.630000000000000000e+02
1.420000000000000000e+02
1.680000000000000000e+02
1.410000000000000000e+02
1.320000000000000000e+02
1.520000000000000000e+02
1.350000000000000000e+02
1.630000000000000000e+02
1.550000000000000000e+02
1.340000000000000000e+02
1.140000000000000000e+02
1.610000000000000000e+02
1.280000000000000000e+02
1.200000000000000000e+02
1.370000000000000000e+02
1.280000000000000000e+02
1.380000000000000000e+02
9.900000000000000000e+01
1.120000000000000000e+02
1.040000000000000000e+02
9.800000000000000000e+01
8.800000000000000000e+01
8.200000000000000000e+01
9.400000000000000000e+01
8.000000000000000000e+01
8.200000000000000000e+01
6.200000000000000000e+01
8.100000000000000000e+01
6.200000000000000000e+01
6.800000000000000000e+01
5.100000000000000000e+01
6.600000000000000000e+01
6.000000000000000000e+01
6.100000000000000000e+01
5.200000000000000000e+01
4.000000000000000000e+01
4.700000000000000000e+01
4.900000000000000000e+01
4.300000000000000000e+01
4.100000000000000000e+01
2.900000000000000000e+01
3.700000000000000000e+01
3.200000000000000000e+01
2.300000000000000000e+01
2.000000000000000000e+01
1.100000000000000000e+01
1.700000000000000000e+01
1.000000000000000000e+01
1.600000000000000000e+01
8.000000000000000000e+00
6.000000000000000000e+00
9.000000000000000000e+00
3.000000000000000000e+00
3.000000000000000000e+00
2.000000000000000000e+00
3.000000000000000000e+00
2.000000000000000000e+00
0.000000000000000000e+00
3.000000000000000000e+01
0.000000000000000000e+00
0.000000000000000000e+00
0.000000000000000000e+00
0.000000000000000000e+00
0.000000000000000000e+00
0.000000000000000000e+00
0.000000000000000000e+00
0.000000000000000000e+00
0.000000000000000000e+00
1.000000000000000000e+00
0.000000000000000000e+00
0.000000000000000000e+00
1.000000000000000000e+00
3.000000000000000000e+00
3.000000000000000000e+00
9.000000000000000000e+00
2.000000000000000000e+01
2.600000000000000000e+01
3.300000000000000000e+01
4.200000000000000000e+01
4.400000000000000000e+01
6.100000000000000000e+01
8.000000000000000000e+01
1.050000000000000000e+02
1.510000000000000000e+02
1.890000000000000000e+02
2.240000000000000000e+02
2.720000000000000000e+02
2.840000000000000000e+02
3.780000000000000000e+02
4.130000000000000000e+02
4.800000000000000000e+02
5.610000000000000000e+02
5.900000000000000000e+02
5.870000000000000000e+02
6.180000000000000000e+02
5.590000000000000000e+02
6.520000000000000000e+02
6.720000000000000000e+02
6.700000000000000000e+02
6.440000000000000000e+02
6.670000000000000000e+02
7.170000000000000000e+02
7.370000000000000000e+02
7.050000000000000000e+02
7.720000000000000000e+02
7.950000000000000000e+02
8.220000000000000000e+02
8.960000000000000000e+02
8.440000000000000000e+02
9.190000000000000000e+02
9.660000000000000000e+02
8.960000000000000000e+02
9.300000000000000000e+02
9.240000000000000000e+02
9.770000000000000000e+02
8.960000000000000000e+02
9.320000000000000000e+02
9.460000000000000000e+02
9.570000000000000000e+02
9.450000000000000000e+02
9.570000000000000000e+02
9.770000000000000000e+02
1.052000000000000000e+03
1.026000000000000000e+03
1.114000000000000000e+03
1.064000000000000000e+03
1.078000000000000000e+03
1.102000000000000000e+03
1.075000000000000000e+03
1.126000000000000000e+03
1.139000000000000000e+03
1.164000000000000000e+03
1.189000000000000000e+03
1.266000000000000000e+03
1.205000000000000000e+03
1.219000000000000000e+03
1.162000000000000000e+03
1.206000000000000000e+03
1.110000000000000000e+03
1.120000000000000000e+03
1.068000000000000000e+03
1.073000000000000000e+03
1.115000000000000000e+03
1.027000000000000000e+03
1.113000000000000000e+03
1.025000000000000000e+03
9.960000000000000000e+02
1.024000000000000000e+03
9.980000000000000000e+02
1.013000000000000000e+03
1.069000000000000000e+03
9.750000000000000000e+02
1.006000000000000000e+03
1.034000000000000000e+03
1.019000000000000000e+03
1.021000000000000000e+03
1.004000000000000000e+03
9.850000000000000000e+02
1.038000000000000000e+03
9.610000000000000000e+02
1.011000000000000000e+03
1.001000000000000000e+03
1.032000000000000000e+03
9.880000000000000000e+02
1.031000000000000000e+03
1.064000000000000000e+03
1.003000000000000000e+03
1.072000000000000000e+03
1.028000000000000000e+03
1.048000000000000000e+03
1.037000000000000000e+03
1.100000000000000000e+03
1.149000000000000000e+03
1.150000000000000000e+03
1.204000000000000000e+03
1.143000000000000000e+03
1.113000000000000000e+03
1.245000000000000000e+03
1.239000000000000000e+03
1.205000000000000000e+03
1.197000000000000000e+03
1.204000000000000000e+03
1.279000000000000000e+03
1.260000000000000000e+03
1.249000000000000000e+03
1.211000000000000000e+03
1.276000000000000000e+03
1.253000000000000000e+03
1.295000000000000000e+03
1.287000000000000000e+03
1.258000000000000000e+03
1.365000000000000000e+03
1.305000000000000000e+03
1.286000000000000000e+03
1.315000000000000000e+03
1.290000000000000000e+03
1.343000000000000000e+03
1.275000000000000000e+03
1.327000000000000000e+03
1.375000000000000000e+03
1.235000000000000000e+03
1.225000000000000000e+03
1.216000000000000000e+03
1.233000000000000000e+03
1.158000000000000000e+03
1.166000000000000000e+03
1.084000000000000000e+03
1.181000000000000000e+03
1.174000000000000000e+03
1.218000000000000000e+03
1.179000000000000000e+03
1.151000000000000000e+03
1.126000000000000000e+03
1.170000000000000000e+03
1.155000000000000000e+03
1.130000000000000000e+03
1.102000000000000000e+03
1.089000000000000000e+03
1.068000000000000000e+03
1.068000000000000000e+03
9.840000000000000000e+02
1.071000000000000000e+03
9.960000000000000000e+02
1.021000000000000000e+03
1.087000000000000000e+03
1.000000000000000000e+03
1.028000000000000000e+03
9.350000000000000000e+02
9.930000000000000000e+02
9.610000000000000000e+02
8.940000000000000000e+02
9.250000000000000000e+02
8.230000000000000000e+02
7.850000000000000000e+02
8.580000000000000000e+02
7.850000000000000000e+02
7.490000000000000000e+02
7.500000000000000000e+02
7.250000000000000000e+02
6.870000000000000000e+02
7.080000000000000000e+02
7.190000000000000000e+02
6.300000000000000000e+02
5.930000000000000000e+02
5.730000000000000000e+02
6.040000000000000000e+02
5.880000000000000000e+02
5.450000000000000000e+02
5.320000000000000000e+02
5.840000000000000000e+02
5.570000000000000000e+02
5.350000000000000000e+02
4.910000000000000000e+02
5.240000000000000000e+02
5.300000000000000000e+02
4.920000000000000000e+02
5.180000000000000000e+02
4.860000000000000000e+02
5.040000000000000000e+02
4.740000000000000000e+02
4.670000000000000000e+02
4.630000000000000000e+02
4.240000000000000000e+02
4.220000000000000000e+02
4.320000000000000000e+02
4.350000000000000000e+02
4.410000000000000000e+02
3.820000000000000000e+02
3.910000000000000000e+02
3.960000000000000000e+02
3.680000000000000000e+02
3.500000000000000000e+02
3.740000000000000000e+02
3.380000000000000000e+02
3.380000000000000000e+02
2.880000000000000000e+02
3.360000000000000000e+02
2.940000000000000000e+02
2.750000000000000000e+02
2.750000000000000000e+02
2.590000000000000000e+02
2.480000000000000000e+02
2.720000000000000000e+02
2.660000000000000000e+02
2.540000000000000000e+02
2.720000000000000000e+02
2.540000000000000000e+02
2.560000000000000000e+02
2.430000000000000000e+02
2.210000000000000000e+02
2.330000000000000000e+02
2.190000000000000000e+02
2.220000000000000000e+02
2.180000000000000000e+02
1.860000000000000000e+02
2.050000000000000000e+02
1.890000000000000000e+02
1.950000000000000000e+02
1.860000000000000000e+02
1.850000000000000000e+02
1.860000000000000000e+02
1.770000000000000000e+02
1.890000000000000000e+02
1.660000000000000000e+02
1.560000000000000000e+02
1.770000000000000000e+02
1.690000000000000000e+02
1.890000000000000000e+02
1.890000000000000000e+02
1.870000000000000000e+02
2.170000000000000000e+02
2.440000000000000000e+02
3.320000000000000000e+02
3.780000000000000000e+02
4.057000000000000000e+03
