2.935000000000000000e+03
1.554000000000000000e+03
1.376000000000000000e+03
1.388000000000000000e+03
2.478000000000000000e+03
2.128000000000000000e+03
1.854000000000000000e+03
7.750000000000000000e+02
1.683000000000000000e+03
9.010000000000000000e+02
6.470000000000000000e+02
1.289000000000000000e+03
5.980000000000000000e+02
1.286000000000000000e+03
1.060000000000000000e+03
2.123000000000000000e+03
2.419000000000000000e+03
3.281000000000000000e+03
4.062000000000000000e+03
8.004000000000000000e+03
1.087400000000000000e+04
1.091700000000000000e+04
9.515000000000000000e+03
3.709000000000000000e+03
2.562000000000000000e+03
8.110000000000000000e+02
1.219000000000000000e+03
7.140000000000000000e+02
6.270000000000000000e+02
9.640000000000000000e+02
8.370000000000000000e+02
8.940000000000000000e+02
1.248000000000000000e+03
1.233000000000000000e+03
1.512000000000000000e+03
2.088000000000000000e+03
1.780000000000000000e+03
2.763000000000000000e+03
3.349000000000000000e+03
4.426000000000000000e+03
4.485000000000000000e+03
5.196000000000000000e+03
5.016000000000000000e+03
5.268000000000000000e+03
4.246000000000000000e+03
3.947000000000000000e+03
3.286000000000000000e+03
2.255000000000000000e+03
1.883000000000000000e+03
1.264000000000000000e+03
8.180000000000000000e+02
6.090000000000000000e+02
4.170000000000000000e+02
2.420000000000000000e+02
1.170000000000000000e+02
1.090000000000000000e+02
5.400000000000000000e+01
4.200000000000000000e+01
2.900000000000000000e+01
2.800000000000000000e+01
1.800000000000000000e+01
2.200000000000000000e+01
1.700000000000000000e+01
8.000000000000000000e+00
8.000000000000000000e+00
6.000000000000000000e+00
1.500000000000000000e+01
9.000000000000000000e+00
6.000000000000000000e+00
2.000000000000000000e+00
3.000000000000000000e+00
1.000000000000000000e+00
0.000000000000000000e+00
0.000000000000000000e+00
3.000000000000000000e+00
3.100000000000000000e+01
0.000000000000000000e+00
0.000000000000000000e+00
0.000000000000000000e+00
0.000000000000000000e+00
3.000000000000000000e+00
0.000000000000000000e+00
0.000000000000000000e+00
5.000000000000000000e+00
0.000000000000000000e+00
0.000000000000000000e+00
0.000000000000000000e+00
0.000000000000000000e+00
0.000000000000000000e+00
0.000000000000000000e+00
1.500000000000000000e+01
0.000000000000000000e+00
0.000000000000000000e+00
0.000000000000000000e+00
0.000000000000000000e+00
0.000000000000000000e+00
5.000000000000000000e+00
0.000000000000000000e+00
0.000000000000000000e+00
0.000000000000000000e+00
0.000000000000000000e+00
2.000000000000000000e+00
0.000000000000000000e+00
1.000000000000000000e+00
0.000000000000000000e+00
5.000000000000000000e+00
0.000000000000000000e+00
0.000000000000000000e+00
0.000000000000000000e+00
0.000000000000000000e+00
2.200000000000000000e+01
1.000000000000000000e+00
0.000000000000000000e+00
0.000000000000000000e+00
3.000000000000000000e+00
3.000000000000000000e+00
0.000000000000000000e+00
0.000000000000000000e+00
0.000000000000000000e+00
0.000000000000000000e+00
2.700000000000000000e+01
0.000000000000000000e+00
0.000000000000000000e+00
0.000000000000000000e+00
0.000000000000000000e+00
4.000000000000000000e+00
2.000000000000000000e+00
0.000000000000000000e+00
6.000000000000000000e+00
0.000000000000000000e+00
1.400000000000000000e+01
1.000000000000000000e+00
1.600000000000000000e+01
2.400000000000000000e+01
0.000000000000000000e+00
1.700000000000000000e+01
4.000000000000000000e+00
0.000000000000000000e+00
1.850000000000000000e+02
0.000000000000000000e+00
1.800000000000000000e+01
4.040000000000000000e+02
8.800000000000000000e+01
0.000000000000000000e+00
5.000000000000000000e+00
4.760000000000000000e+02
4.260000000000000000e+02
6.100000000000000000e+01
0.000000000000000000e+00
0.000000000000000000e+00
8.050000000000000000e+02
0.000000000000000000e+00
1.800000000000000000e+01
3.010000000000000000e+02
0.000000000000000000e+00
1.820000000000000000e+02
8.960000000000000000e+02
1.570000000000000000e+02
4.960000000000000000e+02
6.460000000000000000e+02
4.710000000000000000e+02
2.930000000000000000e+02
1.180000000000000000e+02
9.390000000000000000e+02
1.549000000000000000e+03
6.700000000000000000e+01
9.390000000000000000e+02
7.800000000000000000e+01
1.000000000000000000e+00
1.404000000000000000e+03
2.976000000000000000e+03
2.030000000000000000e+02
4.900000000000000000e+01
2.160000000000000000e+02
2.548000000000000000e+03
9.290000000000000000e+02
3.570000000000000000e+02
2.398000000000000000e+03
1.094000000000000000e+03
8.510000000000000000e+02
0.000000000000000000e+00
0.000000000000000000e+00
0.000000000000000000e+00
0.000000000000000000e+00
0.000000000000000000e+00
0.000000000000000000e+00
0.000000000000000000e+00
0.000000000000000000e+00
0.000000000000000000e+00
0.000000000000000000e+00
0.000000000000000000e+00
0.000000000000000000e+00
0.000000000000000000e+00
0.000000000000000000e+00
0.000000000000000000e+00
0.000000000000000000e+00
0.000000000000000000e+00
0.000000000000000000e+00
0.000000000000000000e+00
0.000000000000000000e+00
0.000000000000000000e+00
0.000000000000000000e+00
0.000000000000000000e+00
0.000000000000000000e+00
0.000000000000000000e+00
0.000000000000000000e+00
0.000000000000000000e+00
0.000000000000000000e+00
0.000000000000000000e+00
0.000000000000000000e+00
0.000000000000000000e+00
0.000000000000000000e+00
0.000000000000000000e+00
0.000000000000000000e+00
0.000000000000000000e+00
0.000000000000000000e+00
0.000000000000000000e+00
0.000000000000000000e+00
0.000000000000000000e+00
0.000000000000000000e+00
0.000000000000000000e+00
0.000000000000000000e+00
0.000000000000000000e+00
0.000000000000000000e+00
0.000000000000000000e+00
0.000000000000000000e+00
0.000000000000000000e+00
0.000000000000000000e+00
0.000000000000000000e+00
0.000000000000000000e+00
0.000000000000000000e+00
0.000000000000000000e+00
0.000000000000000000e+00
0.000000000000000000e+00
0.000000000000000000e+00
0.000000000000000000e+00
0.000000000000000000e+00
0.000000000000000000e+00
0.000000000000000000e+00
0.000000000000000000e+00
0.000000000000000000e+00
0.000000000000000000e+00
0.000000000000000000e+00
0.000000000000000000e+00
0.000000000000000000e+00
0.000000000000000000e+00
0.000000000000000000e+00
0.000000000000000000e+00
0.000000000000000000e+00
0.000000000000000000e+00
0.000000000000000000e+00
0.000000000000000000e+00
0.000000000000000000e+00
0.000000000000000000e+00
0.000000000000000000e+00
0.000000000000000000e+00
9.200000000000000000e+01
1.800000000000000000e+01
1.560000000000000000e+02
1.660000000000000000e+02
5.300000000000000000e+01
2.000000000000000000e+02
2.700000000000000000e+02
4.270000000000000000e+02
1.091000000000000000e+03
1.194000000000000000e+03
6.880000000000000000e+02
9.960000000000000000e+02
1.479000000000000000e+03
1.369000000000000000e+03
1.521000000000000000e+03
1.888000000000000000e+03
1.461000000000000000e+03
1.547000000000000000e+03
1.640000000000000000e+03
1.792000000000000000e+03
1.595000000000000000e+03
1.473000000000000000e+03
1.439000000000000000e+03
1.968000000000000000e+03
1.768000000000000000e+03
1.531000000000000000e+03
1.480000000000000000e+03
1.191000000000000000e+03
1.142000000000000000e+03
1.090000000000000000e+03
1.022000000000000000e+03
9.870000000000000000e+02
8.730000000000000000e+02
8.890000000000000000e+02
8.410000000000000000e+02
8.270000000000000000e+02
8.200000000000000000e+02
7.490000000000000000e+02
7.270000000000000000e+02
7.230000000000000000e+02
7.450000000000000000e+02
7.340000000000000000e+02
6.590000000000000000e+02
6.730000000000000000e+02
7.070000000000000000e+02
6.820000000000000000e+02
6.850000000000000000e+02
7.120000000000000000e+02
7.040000000000000000e+02
6.600000000000000000e+02
7.080000000000000000e+02
6.870000000000000000e+02
6.910000000000000000e+02
6.920000000000000000e+02
6.520000000000000000e+02
6.300000000000000000e+02
7.160000000000000000e+02
6.450000000000000000e+02
6.090000000000000000e+02
6.440000000000000000e+02
6.180000000000000000e+02
6.460000000000000000e+02
5.900000000000000000e+02
6.210000000000000000e+02
5.870000000000000000e+02
6.270000000000000000e+02
5.850000000000000000e+02
6.180000000000000000e+02
6.470000000000000000e+02
5.760000000000000000e+02
6.720000000000000000e+02
6.350000000000000000e+02
5.970000000000000000e+02
6.480000000000000000e+02
6.920000000000000000e+02
7.140000000000000000e+02
6.460000000000000000e+02
6.530000000000000000e+02
6.720000000000000000e+02
6.810000000000000000e+02
6.260000000000000000e+02
6.820000000000000000e+02
6.500000000000000000e+02
6.510000000000000000e+02
6.950000000000000000e+02
5.820000000000000000e+02
7.560000000000000000e+02
7.110000000000000000e+02
7.180000000000000000e+02
6.720000000000000000e+02
7.650000000000000000e+02
7.470000000000000000e+02
7.310000000000000000e+02
7.290000000000000000e+02
7.730000000000000000e+02
8.070000000000000000e+02
7.670000000000000000e+02
7.700000000000000000e+02
8.710000000000000000e+02
8.580000000000000000e+02
8.130000000000000000e+02
9.320000000000000000e+02
9.120000000000000000e+02
9.090000000000000000e+02
9.050000000000000000e+02
9.530000000000000000e+02
1.006000000000000000e+03
1.007000000000000000e+03
1.005000000000000000e+03
9.570000000000000000e+02
1.073000000000000000e+03
1.088000000000000000e+03
1.041000000000000000e+03
1.184000000000000000e+03
1.144000000000000000e+03
1.179000000000000000e+03
1.261000000000000000e+03
1.178000000000000000e+03
1.172000000000000000e+03
1.345000000000000000e+03
1.200000000000000000e+03
1.235000000000000000e+03
1.260000000000000000e+03
1.235000000000000000e+03
1.342000000000000000e+03
1.212000000000000000e+03
1.134000000000000000e+03
1.214000000000000000e+03
1.450000000000000000e+03
1.138000000000000000e+03
1.101000000000000000e+03
1.224000000000000000e+03
1.074000000000000000e+03
1.158000000000000000e+03
1.071000000000000000e+03
1.082000000000000000e+03
1.111000000000000000e+03
1.072000000000000000e+03
1.067000000000000000e+03
9.630000000000000000e+02
1.012000000000000000e+03
1.083000000000000000e+03
8.310000000000000000e+02
9.630000000000000000e+02
9.120000000000000000e+02
9.710000000000000000e+02
8.730000000000000000e+02
8.620000000000000000e+02
8.950000000000000000e+02
7.820000000000000000e+02
7.960000000000000000e+02
8.120000000000000000e+02
7.270000000000000000e+02
7.300000000000000000e+02
7.520000000000000000e+02
7.350000000000000000e+02
5.820000000000000000e+02
6.200000000000000000e+02
6.240000000000000000e+02
6.010000000000000000e+02
5.830000000000000000e+02
6.020000000000000000e+02
5.530000000000000000e+02
5.110000000000000000e+02
4.910000000000000000e+02
5.470000000000000000e+02
4.670000000000000000e+02
4.660000000000000000e+02
4.350000000000000000e+02
4.840000000000000000e+02
4.650000000000000000e+02
4.760000000000000000e+02
4.610000000000000000e+02
3.900000000000000000e+02
4.400000000000000000e+02
3.700000000000000000e+02
3.550000000000000000e+02
4.230000000000000000e+02
3.860000000000000000e+02
3.770000000000000000e+02
3.640000000000000000e+02
3.380000000000000000e+02
3.070000000000000000e+02
2.890000000000000000e+02
2.860000000000000000e+02
2.970000000000000000e+02
2.560000000000000000e+02
2.450000000000000000e+02
2.720000000000000000e+02
2.440000000000000000e+02
2.500000000000000000e+02
2.280000000000000000e+02
2.010000000000000000e+02
2.330000000000000000e+02
2.430000000000000000e+02
2.000000000000000000e+02
1.680000000000000000e+02
2.000000000000000000e+02
1.930000000000000000e+02
1.920000000000000000e+02
1.940000000000000000e+02
1.880000000000000000e+02
1.620000000000000000e+02
1.750000000000000000e+02
1.620000000000000000e+02
1.440000000000000000e+02
1.710000000000000000e+02
1.390000000000000000e+02
1.430000000000000000e+02
1.670000000000000000e+02
1.340000000000000000e+02
1.460000000000000000e+02
1.320000000000000000e+02
1.640000000000000000e+02
1.280000000000000000e+02
1.240000000000000000e+02
1.600000000000000000e+02
1.300000000000000000e+02
1.230000000000000000e+02
1.370000000000000000e+02
1.310000000000000000e+02
1.320000000000000000e+02
1.060000000000000000e+02
1.140000000000000000e+02
1.230000000000000000e+02
1.040000000000000000e+02
9.600000000000000000e+01
9.400000000000000000e+01
1.190000000000000000e+02
1.030000000000000000e+02
1.070000000000000000e+02
1.040000000000000000e+02
9.700000000000000000e+01
8.800000000000000000e+01
9.400000000000000000e+01
1.060000000000000000e+02
1.080000000000000000e+02
1.000000000000000000e+02
1.060000000000000000e+02
9.900000000000000000e+01
1.130000000000000000e+02
1.000000000000000000e+02
1.050000000000000000e+02
9.900000000000000000e+01
1.040000000000000000e+02
1.150000000000000000e+02
1.160000000000000000e+02
1.530000000000000000e+02
1.190000000000000000e+02
1.560000000000000000e+02
1.610000000000000000e+02
1.640000000000000000e+02
1.410000000000000000e+02
1.550000000000000000e+02
1.180000000000000000e+02
2.132000000000000000e+03
0.000000000000000000e+00
0.000000000000000000e+00
1.000000000000000000e+00
3.000000000000000000e+00
7.000000000000000000e+00
5.000000000000000000e+00
1.300000000000000000e+01
1.400000000000000000e+01
8.000000000000000000e+00
1.600000000000000000e+01
1.900000000000000000e+01
7.000000000000000000e+00
8.000000000000000000e+00
1.400000000000000000e+01
1.800000000000000000e+01
2.100000000000000000e+01
1.600000000000000000e+01
2.300000000000000000e+01
2.500000000000000000e+01
3.100000000000000000e+01
3.900000000000000000e+01
4.400000000000000000e+01
4.400000000000000000e+01
4.700000000000000000e+01
4.500000000000000000e+01
4.900000000000000000e+01
4.300000000000000000e+01
5.300000000000000000e+01
4.400000000000000000e+01
6.700000000000000000e+01
6.200000000000000000e+01
5.400000000000000000e+01
9.400000000000000000e+01
8.500000000000000000e+01
7.000000000000000000e+01
6.800000000000000000e+01
9.100000000000000000e+01
8.500000000000000000e+01
9.300000000000000000e+01
6.500000000000000000e+01
8.100000000000000000e+01
6.000000000000000000e+01
7.000000000000000000e+01
7.600000000000000000e+01
6.900000000000000000e+01
7.800000000000000000e+01
6.900000000000000000e+01
6.900000000000000000e+01
7.800000000000000000e+01
8.600000000000000000e+01
9.100000000000000000e+01
9.200000000000000000e+01
8.600000000000000000e+01
8.900000000000000000e+01
1.070000000000000000e+02
9.300000000000000000e+01
8.400000000000000000e+01
8.000000000000000000e+01
9.600000000000000000e+01
9.000000000000000000e+01
9.000000000000000000e+01
1.160000000000000000e+02
1.180000000000000000e+02
1.010000000000000000e+02
1.360000000000000000e+02
1.420000000000000000e+02
1.530000000000000000e+02
1.240000000000000000e+02
1.360000000000000000e+02
1.510000000000000000e+02
1.440000000000000000e+02
1.590000000000000000e+02
1.520000000000000000e+02
1.540000000000000000e+02
1.630000000000000000e+02
1.810000000000000000e+02
1.790000000000000000e+02
1.640000000000000000e+02
1.680000000000000000e+02
1.690000000000000000e+02
1.790000000000000000e+02
1.630000000000000000e+02
1.940000000000000000e+02
2.080000000000000000e+02
1.580000000000000000e+02
2.040000000000000000e+02
2.100000000000000000e+02
1.930000000000000000e+02
2.440000000000000000e+02
1.800000000000000000e+02
2.450000000000000000e+02
2.220000000000000000e+02
2.680000000000000000e+02
2.560000000000000000e+02
2.570000000000000000e+02
2.800000000000000000e+02
2.740000000000000000e+02
2.720000000000000000e+02
3.060000000000000000e+02
3.090000000000000000e+02
3.180000000000000000e+02
3.400000000000000000e+02
3.700000000000000000e+02
3.650000000000000000e+02
3.800000000000000000e+02
3.880000000000000000e+02
3.930000000000000000e+02
4.440000000000000000e+02
3.720000000000000000e+02
4.490000000000000000e+02
5.010000000000000000e+02
5.190000000000000000e+02
4.370000000000000000e+02
5.230000000000000000e+02
5.470000000000000000e+02
5.690000000000000000e+02
5.940000000000000000e+02
5.790000000000000000e+02
6.230000000000000000e+02
6.350000000000000000e+02
6.250000000000000000e+02
6.930000000000000000e+02
7.140000000000000000e+02
6.800000000000000000e+02
7.130000000000000000e+02
8.030000000000000000e+02
8.080000000000000000e+02
8.010000000000000000e+02
8.800000000000000000e+02
9.520000000000000000e+02
9.330000000000000000e+02
9.430000000000000000e+02
1.074000000000000000e+03
1.088000000000000000e+03
1.094000000000000000e+03
1.108000000000000000e+03
1.139000000000000000e+03
1.189000000000000000e+03
1.158000000000000000e+03
1.320000000000000000e+03
1.254000000000000000e+03
1.273000000000000000e+03
1.408000000000000000e+03
1.359000000000000000e+03
1.494000000000000000e+03
1.598000000000000000e+03
1.548000000000000000e+03
1.650000000000000000e+03
1.713000000000000000e+03
1.722000000000000000e+03
1.888000000000000000e+03
1.897000000000000000e+03
1.902000000000000000e+03
2.002000000000000000e+03
2.049000000000000000e+03
2.028000000000000000e+03
2.115000000000000000e+03
2.043000000000000000e+03
2.126000000000000000e+03
2.080000000000000000e+03
2.185000000000000000e+03
2.158000000000000000e+03
2.226000000000000000e+03
2.169000000000000000e+03
2.249000000000000000e+03
2.270000000000000000e+03
2.265000000000000000e+03
2.382000000000000000e+03
2.265000000000000000e+03
2.310000000000000000e+03
2.266000000000000000e+03
2.118000000000000000e+03
2.131000000000000000e+03
2.014000000000000000e+03
1.918000000000000000e+03
1.738000000000000000e+03
1.725000000000000000e+03
1.709000000000000000e+03
1.615000000000000000e+03
1.527000000000000000e+03
1.429000000000000000e+03
1.404000000000000000e+03
1.352000000000000000e+03
1.373000000000000000e+03
1.403000000000000000e+03
1.285000000000000000e+03
1.169000000000000000e+03
1.159000000000000000e+03
1.056000000000000000e+03
1.110000000000000000e+03
1.037000000000000000e+03
9.710000000000000000e+02
9.680000000000000000e+02
9.400000000000000000e+02
9.660000000000000000e+02
9.370000000000000000e+02
9.550000000000000000e+02
8.740000000000000000e+02
9.050000000000000000e+02
9.000000000000000000e+02
8.980000000000000000e+02
8.710000000000000000e+02
9.270000000000000000e+02
8.850000000000000000e+02
8.610000000000000000e+02
8.410000000000000000e+02
8.110000000000000000e+02
8.540000000000000000e+02
8.000000000000000000e+02
8.390000000000000000e+02
8.590000000000000000e+02
8.550000000000000000e+02
8.500000000000000000e+02
8.020000000000000000e+02
8.250000000000000000e+02
7.760000000000000000e+02
7.390000000000000000e+02
6.960000000000000000e+02
6.710000000000000000e+02
6.150000000000000000e+02
5.490000000000000000e+02
5.300000000000000000e+02
4.780000000000000000e+02
4.550000000000000000e+02
4.580000000000000000e+02
4.220000000000000000e+02
3.990000000000000000e+02
3.790000000000000000e+02
3.730000000000000000e+02
3.800000000000000000e+02
3.730000000000000000e+02
3.340000000000000000e+02
3.400000000000000000e+02
3.310000000000000000e+02
3.460000000000000000e+02
3.370000000000000000e+02
3.510000000000000000e+02
3.090000000000000000e+02
3.120000000000000000e+02
2.920000000000000000e+02
2.860000000000000000e+02
2.520000000000000000e+02
2.890000000000000000e+02
2.460000000000000000e+02
2.500000000000000000e+02
2.620000000000000000e+02
2.390000000000000000e+02
2.530000000000000000e+02
2.380000000000000000e+02
2.340000000000000000e+02
2.580000000000000000e+02
3.180000000000000000e+02
3.150000000000000000e+02
3.150000000000000000e+02
3.150000000000000000e+02
7.740000000000000000e+02
