0.000000000000000000e+00
0.000000000000000000e+00
0.000000000000000000e+00
0.000000000000000000e+00
2.000000000000000000e+00
4.000000000000000000e+00
1.900000000000000000e+01
8.400000000000000000e+01
3.680000000000000000e+02
1.268000000000000000e+03
2.675000000000000000e+03
3.552000000000000000e+03
2.918000000000000000e+03
2.885000000000000000e+03
1.564000000000000000e+03
2.496000000000000000e+03
2.700000000000000000e+03
3.953000000000000000e+03
3.569000000000000000e+03
3.984000000000000000e+03
2.928000000000000000e+03
1.721000000000000000e+03
2.056000000000000000e+03
1.586000000000000000e+03
1.462000000000000000e+03
1.355000000000000000e+03
1.964000000000000000e+03
2.042000000000000000e+03
2.515000000000000000e+03
2.459000000000000000e+03
3.016000000000000000e+03
2.672000000000000000e+03
3.161000000000000000e+03
4.107000000000000000e+03
4.272000000000000000e+03
6.566000000000000000e+03
4.216000000000000000e+03
7.696000000000000000e+03
6.085000000000000000e+03
7.494000000000000000e+03
5.460000000000000000e+03
5.211000000000000000e+03
3.694000000000000000e+03
2.641000000000000000e+03
1.249000000000000000e+03
6.490000000000000000e+02
2.620000000000000000e+02
6.900000000000000000e+01
2.800000000000000000e+01
1.400000000000000000e+01
5.000000000000000000e+00
2.000000000000000000e+00
0.000000000000000000e+00
0.000000000000000000e+00
0.000000000000000000e+00
0.000000000000000000e+00
0.000000000000000000e+00
0.000000000000000000e+00
0.000000000000000000e+00
0.000000000000000000e+00
0.000000000000000000e+00
0.000000000000000000e+00
0.000000000000000000e+00
0.000000000000000000e+00
0.000000000000000000e+00
0.000000000000000000e+00
1.000000000000000000e+00
0.000000000000000000e+00
0.000000000000000000e+00
0.000000000000000000e+00
0.000000000000000000e+00
0.000000000000000000e+00
0.000000000000000000e+00
0.000000000000000000e+00
0.000000000000000000e+00
0.000000000000000000e+00
0.000000000000000000e+00
0.000000000000000000e+00
0.000000000000000000e+00
0.000000000000000000e+00
0.000000000000000000e+00
0.000000000000000000e+00
0.000000000000000000e+00
0.000000000000000000e+00
0.000000000000000000e+00
0.000000000000000000e+00
0.000000000000000000e+00
0.000000000000000000e+00
0.000000000000000000e+00
0.000000000000000000e+00
1.000000000000000000e+00
0.000000000000000000e+00
0.000000000000000000e+00
0.000000000000000000e+00
0.000000000000000000e+00
0.000000000000000000e+00
0.000000000000000000e+00
0.000000000000000000e+00
0.000000000000000000e+00
0.000000000000000000e+00
0.000000000000000000e+00
0.000000000000000000e+00
0.000000000000000000e+00
0.000000000000000000e+00
0.000000000000000000e+00
0.000000000000000000e+00
0.000000000000000000e+00
0.000000000000000000e+00
0.000000000000000000e+00
0.000000000000000000e+00
0.000000000000000000e+00
0.000000000000000000e+00
0.000000000000000000e+00
0.000000000000000000e+00
0.000000000000000000e+00
0.000000000000000000e+00
0.000000000000000000e+00
0.000000000000000000e+00
0.000000000000000000e+00
0.000000000000000000e+00
0.000000000000000000e+00
0.000000000000000000e+00
0.000000000000000000e+00
0.000000000000000000e+00
0.000000000000000000e+00
0.000000000000000000e+00
0.000000000000000000e+00
0.000000000000000000e+00
0.000000000000000000e+00
0.000000000000000000e+00
0.000000000000000000e+00
0.000000000000000000e+00
0.000000000000000000e+00
0.000000000000000000e+00
0.000000000000000000e+00
0.000000000000000000e+00
0.000000000000000000e+00
0.000000000000000000e+00
0.000000000000000000e+00
0.000000000000000000e+00
0.000000000000000000e+00
0.000000000000000000e+00
0.000000000000000000e+00
0.000000000000000000e+00
0.000000000000000000e+00
0.000000000000000000e+00
0.000000000000000000e+00
0.000000000000000000e+00
0.000000000000000000e+00
0.000000000000000000e+00
0.000000000000000000e+00
0.000000000000000000e+00
0.000000000000000000e+00
0.000000000000000000e+00
0.000000000000000000e+00
0.000000000000000000e+00
0.000000000000000000e+00
0.000000000000000000e+00
0.000000000000000000e+00
0.000000000000000000e+00
0.000000000000000000e+00
0.000000000000000000e+00
0.000000000000000000e+00
0.000000000000000000e+00
0.000000000000000000e+00
0.000000000000000000e+00
0.000000000000000000e+00
0.000000000000000000e+00
0.000000000000000000e+00
0.000000000000000000e+00
0.000000000000000000e+00
0.000000000000000000e+00
0.000000000000000000e+00
0.000000000000000000e+00
0.000000000000000000e+00
0.000000000000000000e+00
0.000000000000000000e+00
0.000000000000000000e+00
0.000000000000000000e+00
0.000000000000000000e+00
0.000000000000000000e+00
0.000000000000000000e+00
0.000000000000000000e+00
0.000000000000000000e+00
0.000000000000000000e+00
0.000000000000000000e+00
0.000000000000000000e+00
0.000000000000000000e+00
0.000000000000000000e+00
0.000000000000000000e+00
0.000000000000000000e+00
0.000000000000000000e+00
0.000000000000000000e+00
0.000000000000000000e+00
0.000000000000000000e+00
0.000000000000000000e+00
0.000000000000000000e+00
0.000000000000000000e+00
0.000000000000000000e+00
0.000000000000000000e+00
0.000000000000000000e+00
0.000000000000000000e+00
0.000000000000000000e+00
0.000000000000000000e+00
0.000000000000000000e+00
0.000000000000000000e+00
0.000000000000000000e+00
0.000000000000000000e+00
0.000000000000000000e+00
0.000000000000000000e+00
0.000000000000000000e+00
0.000000000000000000e+00
0.000000000000000000e+00
0.000000000000000000e+00
0.000000000000000000e+00
0.000000000000000000e+00
0.000000000000000000e+00
0.000000000000000000e+00
0.000000000000000000e+00
0.000000000000000000e+00
0.000000000000000000e+00
0.000000000000000000e+00
0.000000000000000000e+00
0.000000000000000000e+00
0.000000000000000000e+00
0.000000000000000000e+00
0.000000000000000000e+00
0.000000000000000000e+00
0.000000000000000000e+00
0.000000000000000000e+00
0.000000000000000000e+00
0.000000000000000000e+00
0.000000000000000000e+00
0.000000000000000000e+00
0.000000000000000000e+00
0.000000000000000000e+00
0.000000000000000000e+00
0.000000000000000000e+00
0.000000000000000000e+00
0.000000000000000000e+00
0.000000000000000000e+00
0.000000000000000000e+00
0.000000000000000000e+00
0.000000000000000000e+00
0.000000000000000000e+00
0.000000000000000000e+00
0.000000000000000000e+00
0.000000000000000000e+00
0.000000000000000000e+00
0.000000000000000000e+00
0.000000000000000000e+00
0.000000000000000000e+00
0.000000000000000000e+00
0.000000000000000000e+00
0.000000000000000000e+00
0.000000000000000000e+00
0.000000000000000000e+00
0.000000000000000000e+00
0.000000000000000000e+00
0.000000000000000000e+00
0.000000000000000000e+00
1.000000000000000000e+00
2.000000000000000000e+00
1.000000000000000000e+00
1.000000000000000000e+00
1.000000000000000000e+00
0.000000000000000000e+00
1.000000000000000000e+00
3.000000000000000000e+00
0.000000000000000000e+00
6.000000000000000000e+00
1.000000000000000000e+00
7.000000000000000000e+00
1.100000000000000000e+01
1.200000000000000000e+01
2.700000000000000000e+01
2.700000000000000000e+01
3.900000000000000000e+01
4.000000000000000000e+01
5.300000000000000000e+01
7.000000000000000000e+01
8.100000000000000000e+01
8.100000000000000000e+01
8.800000000000000000e+01
1.100000000000000000e+02
1.190000000000000000e+02
1.300000000000000000e+02
1.320000000000000000e+02
1.630000000000000000e+02
1.500000000000000000e+02
1.740000000000000000e+02
1.870000000000000000e+02
1.830000000000000000e+02
1.920000000000000000e+02
2.120000000000000000e+02
2.560000000000000000e+02
2.580000000000000000e+02
2.690000000000000000e+02
2.490000000000000000e+02
3.360000000000000000e+02
3.530000000000000000e+02
3.650000000000000000e+02
3.760000000000000000e+02
3.850000000000000000e+02
4.000000000000000000e+02
4.040000000000000000e+02
4.500000000000000000e+02
4.470000000000000000e+02
5.310000000000000000e+02
5.640000000000000000e+02
5.890000000000000000e+02
5.960000000000000000e+02
6.330000000000000000e+02
6.690000000000000000e+02
7.060000000000000000e+02
7.170000000000000000e+02
7.620000000000000000e+02
7.970000000000000000e+02
8.610000000000000000e+02
9.210000000000000000e+02
7.900000000000000000e+02
9.450000000000000000e+02
9.330000000000000000e+02
9.640000000000000000e+02
9.400000000000000000e+02
9.300000000000000000e+02
9.740000000000000000e+02
1.048000000000000000e+03
9.290000000000000000e+02
1.061000000000000000e+03
1.025000000000000000e+03
1.101000000000000000e+03
1.076000000000000000e+03
1.107000000000000000e+03
1.158000000000000000e+03
1.099000000000000000e+03
1.173000000000000000e+03
1.197000000000000000e+03
1.195000000000000000e+03
1.302000000000000000e+03
1.077000000000000000e+03
1.501000000000000000e+03
1.199000000000000000e+03
1.358000000000000000e+03
1.374000000000000000e+03
1.359000000000000000e+03
1.432000000000000000e+03
1.367000000000000000e+03
1.404000000000000000e+03
1.383000000000000000e+03
1.592000000000000000e+03
1.598000000000000000e+03
1.502000000000000000e+03
1.475000000000000000e+03
1.654000000000000000e+03
1.538000000000000000e+03
1.614000000000000000e+03
1.632000000000000000e+03
1.456000000000000000e+03
1.580000000000000000e+03
1.592000000000000000e+03
1.524000000000000000e+03
1.618000000000000000e+03
1.535000000000000000e+03
1.580000000000000000e+03
1.575000000000000000e+03
1.477000000000000000e+03
1.445000000000000000e+03
1.382000000000000000e+03
1.478000000000000000e+03
1.352000000000000000e+03
1.344000000000000000e+03
1.324000000000000000e+03
1.223000000000000000e+03
1.219000000000000000e+03
1.160000000000000000e+03
1.097000000000000000e+03
1.093000000000000000e+03
1.066000000000000000e+03
1.072000000000000000e+03
9.460000000000000000e+02
1.003000000000000000e+03
8.540000000000000000e+02
8.250000000000000000e+02
9.400000000000000000e+02
7.820000000000000000e+02
8.150000000000000000e+02
7.890000000000000000e+02
7.110000000000000000e+02
7.430000000000000000e+02
6.710000000000000000e+02
6.840000000000000000e+02
6.200000000000000000e+02
5.780000000000000000e+02
5.860000000000000000e+02
5.980000000000000000e+02
5.020000000000000000e+02
5.910000000000000000e+02
5.280000000000000000e+02
5.610000000000000000e+02
5.480000000000000000e+02
5.240000000000000000e+02
4.850000000000000000e+02
4.790000000000000000e+02
4.840000000000000000e+02
4.610000000000000000e+02
4.280000000000000000e+02
4.510000000000000000e+02
4.450000000000000000e+02
3.670000000000000000e+02
4.350000000000000000e+02
3.700000000000000000e+02
3.700000000000000000e+02
3.490000000000000000e+02
3.890000000000000000e+02
4.090000000000000000e+02
3.670000000000000000e+02
3.670000000000000000e+02
3.370000000000000000e+02
3.070000000000000000e+02
3.240000000000000000e+02
3.260000000000000000e+02
3.210000000000000000e+02
3.030000000000000000e+02
2.750000000000000000e+02
3.290000000000000000e+02
2.290000000000000000e+02
2.650000000000000000e+02
2.130000000000000000e+02
2.320000000000000000e+02
2.950000000000000000e+02
2.100000000000000000e+02
1.860000000000000000e+02
2.490000000000000000e+02
1.690000000000000000e+02
1.940000000000000000e+02
1.370000000000000000e+02
1.490000000000000000e+02
1.060000000000000000e+02
1.140000000000000000e+02
1.320000000000000000e+02
9.000000000000000000e+01
9.100000000000000000e+01
6.800000000000000000e+01
5.700000000000000000e+01
5.100000000000000000e+01
5.600000000000000000e+01
4.400000000000000000e+01
3.500000000000000000e+01
3.300000000000000000e+01
3.200000000000000000e+01
2.900000000000000000e+01
2.100000000000000000e+01
2.100000000000000000e+01
2.300000000000000000e+01
2.500000000000000000e+01
1.800000000000000000e+01
1.700000000000000000e+01
6.000000000000000000e+00
9.000000000000000000e+00
5.000000000000000000e+00
1.200000000000000000e+01
1.500000000000000000e+01
6.000000000000000000e+00
4.000000000000000000e+00
7.000000000000000000e+00
7.000000000000000000e+00
7.000000000000000000e+00
6.000000000000000000e+00
7.000000000000000000e+00
5.000000000000000000e+00
6.000000000000000000e+00
3.000000000000000000e+00
3.000000000000000000e+00
4.000000000000000000e+00
1.000000000000000000e+00
0.000000000000000000e+00
1.000000000000000000e+00
3.000000000000000000e+00
1.000000000000000000e+00
0.000000000000000000e+00
1.000000000000000000e+00
1.000000000000000000e+00
0.000000000000000000e+00
1.000000000000000000e+00
1.000000000000000000e+00
2.000000000000000000e+00
0.000000000000000000e+00
0.000000000000000000e+00
1.000000000000000000e+00
0.000000000000000000e+00
2.000000000000000000e+00
1.000000000000000000e+00
0.000000000000000000e+00
0.000000000000000000e+00
1.000000000000000000e+00
1.000000000000000000e+00
0.000000000000000000e+00
0.000000000000000000e+00
0.000000000000000000e+00
0.000000000000000000e+00
0.000000000000000000e+00
0.000000000000000000e+00
0.000000000000000000e+00
0.000000000000000000e+00
0.000000000000000000e+00
1.000000000000000000e+00
0.000000000000000000e+00
0.000000000000000000e+00
0.000000000000000000e+00
0.000000000000000000e+00
4.000000000000000000e+00
0.000000000000000000e+00
0.000000000000000000e+00
0.000000000000000000e+00
0.000000000000000000e+00
0.000000000000000000e+00
0.000000000000000000e+00
0.000000000000000000e+00
0.000000000000000000e+00
0.000000000000000000e+00
0.000000000000000000e+00
0.000000000000000000e+00
0.000000000000000000e+00
0.000000000000000000e+00
0.000000000000000000e+00
0.000000000000000000e+00
0.000000000000000000e+00
0.000000000000000000e+00
0.000000000000000000e+00
0.000000000000000000e+00
0.000000000000000000e+00
0.000000000000000000e+00
0.000000000000000000e+00
0.000000000000000000e+00
0.000000000000000000e+00
0.000000000000000000e+00
1.000000000000000000e+00
1.000000000000000000e+00
1.000000000000000000e+00
1.000000000000000000e+00
2.000000000000000000e+00
1.000000000000000000e+00
3.000000000000000000e+00
2.000000000000000000e+00
8.000000000000000000e+00
4.000000000000000000e+00
7.000000000000000000e+00
4.000000000000000000e+00
6.000000000000000000e+00
5.000000000000000000e+00
3.000000000000000000e+00
9.000000000000000000e+00
7.000000000000000000e+00
4.000000000000000000e+00
1.300000000000000000e+01
1.200000000000000000e+01
7.000000000000000000e+00
1.200000000000000000e+01
1.700000000000000000e+01
1.000000000000000000e+01
1.900000000000000000e+01
1.400000000000000000e+01
2.100000000000000000e+01
3.200000000000000000e+01
3.500000000000000000e+01
3.900000000000000000e+01
5.600000000000000000e+01
6.500000000000000000e+01
7.000000000000000000e+01
9.500000000000000000e+01
1.100000000000000000e+02
1.180000000000000000e+02
1.230000000000000000e+02
1.170000000000000000e+02
1.320000000000000000e+02
1.640000000000000000e+02
1.750000000000000000e+02
1.860000000000000000e+02
1.950000000000000000e+02
1.980000000000000000e+02
2.130000000000000000e+02
2.160000000000000000e+02
2.220000000000000000e+02
2.430000000000000000e+02
2.270000000000000000e+02
2.180000000000000000e+02
2.460000000000000000e+02
2.740000000000000000e+02
2.740000000000000000e+02
3.100000000000000000e+02
3.350000000000000000e+02
3.350000000000000000e+02
3.790000000000000000e+02
3.650000000000000000e+02
3.540000000000000000e+02
3.420000000000000000e+02
3.400000000000000000e+02
3.540000000000000000e+02
3.750000000000000000e+02
3.750000000000000000e+02
3.930000000000000000e+02
3.560000000000000000e+02
3.840000000000000000e+02
4.020000000000000000e+02
3.880000000000000000e+02
4.000000000000000000e+02
3.940000000000000000e+02
3.720000000000000000e+02
3.250000000000000000e+02
4.230000000000000000e+02
3.810000000000000000e+02
3.760000000000000000e+02
3.630000000000000000e+02
3.860000000000000000e+02
4.240000000000000000e+02
4.100000000000000000e+02
3.570000000000000000e+02
3.860000000000000000e+02
3.870000000000000000e+02
3.680000000000000000e+02
3.350000000000000000e+02
3.950000000000000000e+02
3.780000000000000000e+02
3.720000000000000000e+02
3.410000000000000000e+02
3.470000000000000000e+02
3.010000000000000000e+02
3.190000000000000000e+02
3.450000000000000000e+02
3.160000000000000000e+02
3.370000000000000000e+02
3.300000000000000000e+02
3.280000000000000000e+02
3.520000000000000000e+02
3.280000000000000000e+02
3.220000000000000000e+02
3.110000000000000000e+02
2.820000000000000000e+02
3.140000000000000000e+02
2.950000000000000000e+02
3.370000000000000000e+02
3.230000000000000000e+02
3.230000000000000000e+02
3.380000000000000000e+02
3.380000000000000000e+02
3.200000000000000000e+02
3.130000000000000000e+02
3.460000000000000000e+02
3.250000000000000000e+02
3.270000000000000000e+02
3.360000000000000000e+02
3.460000000000000000e+02
3.290000000000000000e+02
3.820000000000000000e+02
3.690000000000000000e+02
3.740000000000000000e+02
3.810000000000000000e+02
3.770000000000000000e+02
3.490000000000000000e+02
4.160000000000000000e+02
3.870000000000000000e+02
4.160000000000000000e+02
4.510000000000000000e+02
3.950000000000000000e+02
4.440000000000000000e+02
4.710000000000000000e+02
4.550000000000000000e+02
4.480000000000000000e+02
4.470000000000000000e+02
4.620000000000000000e+02
4.810000000000000000e+02
5.130000000000000000e+02
5.330000000000000000e+02
5.150000000000000000e+02
5.630000000000000000e+02
5.640000000000000000e+02
6.230000000000000000e+02
6.430000000000000000e+02
6.860000000000000000e+02
7.390000000000000000e+02
7.520000000000000000e+02
8.120000000000000000e+02
7.810000000000000000e+02
8.290000000000000000e+02
8.880000000000000000e+02
9.270000000000000000e+02
9.180000000000000000e+02
9.510000000000000000e+02
1.001000000000000000e+03
1.053000000000000000e+03
1.093000000000000000e+03
1.096000000000000000e+03
1.140000000000000000e+03
1.213000000000000000e+03
1.249000000000000000e+03
1.251000000000000000e+03
1.374000000000000000e+03
1.320000000000000000e+03
1.323000000000000000e+03
1.333000000000000000e+03
1.344000000000000000e+03
1.428000000000000000e+03
1.456000000000000000e+03
1.340000000000000000e+03
1.435000000000000000e+03
1.447000000000000000e+03
1.459000000000000000e+03
1.399000000000000000e+03
1.507000000000000000e+03
1.473000000000000000e+03
1.455000000000000000e+03
1.453000000000000000e+03
1.426000000000000000e+03
1.292000000000000000e+03
1.352000000000000000e+03
1.325000000000000000e+03
1.340000000000000000e+03
1.294000000000000000e+03
1.263000000000000000e+03
1.227000000000000000e+03
1.176000000000000000e+03
1.209000000000000000e+03
1.092000000000000000e+03
1.151000000000000000e+03
1.033000000000000000e+03
1.016000000000000000e+03
9.900000000000000000e+02
8.910000000000000000e+02
1.002000000000000000e+03
8.920000000000000000e+02
8.160000000000000000e+02
9.000000000000000000e+02
7.910000000000000000e+02
8.030000000000000000e+02
7.490000000000000000e+02
7.130000000000000000e+02
7.380000000000000000e+02
6.860000000000000000e+02
6.810000000000000000e+02
6.430000000000000000e+02
6.060000000000000000e+02
6.110000000000000000e+02
5.770000000000000000e+02
5.310000000000000000e+02
5.080000000000000000e+02
4.800000000000000000e+02
5.130000000000000000e+02
4.960000000000000000e+02
4.630000000000000000e+02
4.470000000000000000e+02
4.460000000000000000e+02
4.200000000000000000e+02
4.440000000000000000e+02
3.830000000000000000e+02
3.830000000000000000e+02
3.810000000000000000e+02
3.380000000000000000e+02
3.550000000000000000e+02
3.720000000000000000e+02
3.780000000000000000e+02
3.610000000000000000e+02
3.760000000000000000e+02
3.930000000000000000e+02
4.140000000000000000e+02
3.960000000000000000e+02
3.770000000000000000e+02
2.651000000000000000e+03
