1.244000000000000000e+03
4.700000000000000000e+01
9.000000000000000000e+01
2.540000000000000000e+02
7.900000000000000000e+01
5.190000000000000000e+02
4.790000000000000000e+02
8.200000000000000000e+01
4.460000000000000000e+02
1.890000000000000000e+02
1.920000000000000000e+02
7.550000000000000000e+02
2.650000000000000000e+02
9.610000000000000000e+02
4.540000000000000000e+02
7.340000000000000000e+02
9.540000000000000000e+02
9.370000000000000000e+02
7.850000000000000000e+02
1.619000000000000000e+03
1.998000000000000000e+03
2.355000000000000000e+03
3.110000000000000000e+03
1.992000000000000000e+03
3.832000000000000000e+03
1.993000000000000000e+03
5.265000000000000000e+03
2.856000000000000000e+03
2.578000000000000000e+03
3.532000000000000000e+03
4.353000000000000000e+03
2.073000000000000000e+03
3.203000000000000000e+03
2.788000000000000000e+03
3.091000000000000000e+03
5.015000000000000000e+03
2.656000000000000000e+03
2.138000000000000000e+03
2.636000000000000000e+03
2.222000000000000000e+03
2.654000000000000000e+03
2.050000000000000000e+03
2.643000000000000000e+03
3.142000000000000000e+03
2.309000000000000000e+03
2.254000000000000000e+03
3.089000000000000000e+03
2.048000000000000000e+03
3.047000000000000000e+03
2.090000000000000000e+03
3.029000000000000000e+03
2.505000000000000000e+03
2.014000000000000000e+03
2.420000000000000000e+03
1.539000000000000000e+03
2.763000000000000000e+03
2.094000000000000000e+03
1.608000000000000000e+03
1.825000000000000000e+03
1.654000000000000000e+03
1.696000000000000000e+03
1.547000000000000000e+03
1.552000000000000000e+03
1.748000000000000000e+03
1.293000000000000000e+03
1.416000000000000000e+03
1.642000000000000000e+03
1.211000000000000000e+03
9.270000000000000000e+02
1.294000000000000000e+03
9.590000000000000000e+02
7.330000000000000000e+02
7.650000000000000000e+02
9.050000000000000000e+02
1.093000000000000000e+03
9.100000000000000000e+02
8.170000000000000000e+02
1.007000000000000000e+03
4.900000000000000000e+02
5.770000000000000000e+02
2.070000000000000000e+03
4.660000000000000000e+02
7.240000000000000000e+02
9.410000000000000000e+02
1.416000000000000000e+03
1.110000000000000000e+03
9.040000000000000000e+02
2.292000000000000000e+03
1.163000000000000000e+03
1.149000000000000000e+03
2.144000000000000000e+03
1.512000000000000000e+03
1.693000000000000000e+03
1.541000000000000000e+03
2.072000000000000000e+03
2.549000000000000000e+03
1.587000000000000000e+03
8.010000000000000000e+02
1.819000000000000000e+03
1.285000000000000000e+03
1.305000000000000000e+03
2.207000000000000000e+03
1.276000000000000000e+03
1.928000000000000000e+03
7.690000000000000000e+02
5.850000000000000000e+02
5.520000000000000000e+02
1.600000000000000000e+02
1.660000000000000000e+02
2.630000000000000000e+02
2.290000000000000000e+02
4.320000000000000000e+02
8.200000000000000000e+01
2.020000000000000000e+02
2.010000000000000000e+02
2.220000000000000000e+02
9.900000000000000000e+01
7.000000000000000000e+00
7.000000000000000000e+00
3.000000000000000000e+00
6.580000000000000000e+02
1.000000000000000000e+00
2.300000000000000000e+01
2.000000000000000000e+00
1.650000000000000000e+02
2.520000000000000000e+02
1.980000000000000000e+02
2.000000000000000000e+00
8.100000000000000000e+01
1.700000000000000000e+01
1.590000000000000000e+02
4.000000000000000000e+00
1.730000000000000000e+02
1.620000000000000000e+02
4.000000000000000000e+00
7.700000000000000000e+01
3.200000000000000000e+01
7.000000000000000000e+00
3.040000000000000000e+02
4.000000000000000000e+00
1.870000000000000000e+02
2.070000000000000000e+02
3.530000000000000000e+02
1.900000000000000000e+01
3.400000000000000000e+01
1.910000000000000000e+02
2.980000000000000000e+02
2.210000000000000000e+02
9.000000000000000000e+00
0.000000000000000000e+00
3.930000000000000000e+02
2.000000000000000000e+00
1.000000000000000000e+01
1.830000000000000000e+02
5.000000000000000000e+00
7.700000000000000000e+01
3.360000000000000000e+02
2.400000000000000000e+01
8.100000000000000000e+01
2.000000000000000000e+01
2.530000000000000000e+02
1.300000000000000000e+01
2.400000000000000000e+01
2.140000000000000000e+02
1.360000000000000000e+02
1.860000000000000000e+02
3.600000000000000000e+01
3.700000000000000000e+01
1.500000000000000000e+01
1.210000000000000000e+02
5.330000000000000000e+02
2.100000000000000000e+01
2.600000000000000000e+01
2.540000000000000000e+02
7.300000000000000000e+01
7.400000000000000000e+01
3.600000000000000000e+01
3.430000000000000000e+02
3.400000000000000000e+01
3.300000000000000000e+01
0.000000000000000000e+00
0.000000000000000000e+00
0.000000000000000000e+00
0.000000000000000000e+00
0.000000000000000000e+00
0.000000000000000000e+00
0.000000000000000000e+00
0.000000000000000000e+00
0.000000000000000000e+00
0.000000000000000000e+00
0.000000000000000000e+00
0.000000000000000000e+00
0.000000000000000000e+00
0.000000000000000000e+00
0.000000000000000000e+00
0.000000000000000000e+00
0.000000000000000000e+00
0.000000000000000000e+00
0.000000000000000000e+00
0.000000000000000000e+00
0.000000000000000000e+00
0.000000000000000000e+00
0.000000000000000000e+00
0.000000000000000000e+00
0.000000000000000000e+00
0.000000000000000000e+00
0.000000000000000000e+00
0.000000000000000000e+00
0.000000000000000000e+00
0.000000000000000000e+00
0.000000000000000000e+00
0.000000000000000000e+00
0.000000000000000000e+00
0.000000000000000000e+00
0.000000000000000000e+00
0.000000000000000000e+00
0.000000000000000000e+00
0.000000000000000000e+00
0.000000000000000000e+00
0.000000000000000000e+00
0.000000000000000000e+00
0.000000000000000000e+00
0.000000000000000000e+00
0.000000000000000000e+00
0.000000000000000000e+00
0.000000000000000000e+00
0.000000000000000000e+00
0.000000000000000000e+00
0.000000000000000000e+00
0.000000000000000000e+00
0.000000000000000000e+00
0.000000000000000000e+00
0.000000000000000000e+00
0.000000000000000000e+00
0.000000000000000000e+00
0.000000000000000000e+00
0.000000000000000000e+00
0.000000000000000000e+00
0.000000000000000000e+00
0.000000000000000000e+00
0.000000000000000000e+00
0.000000000000000000e+00
0.000000000000000000e+00
0.000000000000000000e+00
0.000000000000000000e+00
0.000000000000000000e+00
0.000000000000000000e+00
0.000000000000000000e+00
0.000000000000000000e+00
0.000000000000000000e+00
0.000000000000000000e+00
0.000000000000000000e+00
0.000000000000000000e+00
0.000000000000000000e+00
0.000000000000000000e+00
0.000000000000000000e+00
6.660000000000000000e+02
9.400000000000000000e+01
3.250000000000000000e+02
1.530000000000000000e+02
1.440000000000000000e+02
3.960000000000000000e+02
3.430000000000000000e+02
2.510000000000000000e+02
3.340000000000000000e+02
2.770000000000000000e+02
2.560000000000000000e+02
3.780000000000000000e+02
3.790000000000000000e+02
3.520000000000000000e+02
4.320000000000000000e+02
4.610000000000000000e+02
4.860000000000000000e+02
3.710000000000000000e+02
5.250000000000000000e+02
5.200000000000000000e+02
4.680000000000000000e+02
5.420000000000000000e+02
5.480000000000000000e+02
5.790000000000000000e+02
5.470000000000000000e+02
5.440000000000000000e+02
6.220000000000000000e+02
6.380000000000000000e+02
6.740000000000000000e+02
6.580000000000000000e+02
6.780000000000000000e+02
7.640000000000000000e+02
7.920000000000000000e+02
8.550000000000000000e+02
8.980000000000000000e+02
9.310000000000000000e+02
1.099000000000000000e+03
8.200000000000000000e+02
1.100000000000000000e+03
1.099000000000000000e+03
1.232000000000000000e+03
1.297000000000000000e+03
1.199000000000000000e+03
1.450000000000000000e+03
1.569000000000000000e+03
1.532000000000000000e+03
1.706000000000000000e+03
1.780000000000000000e+03
1.953000000000000000e+03
1.902000000000000000e+03
1.977000000000000000e+03
2.121000000000000000e+03
1.907000000000000000e+03
2.148000000000000000e+03
2.158000000000000000e+03
2.181000000000000000e+03
2.185000000000000000e+03
2.168000000000000000e+03
2.234000000000000000e+03
2.126000000000000000e+03
2.175000000000000000e+03
2.070000000000000000e+03
2.196000000000000000e+03
1.885000000000000000e+03
2.179000000000000000e+03
1.981000000000000000e+03
1.941000000000000000e+03
1.934000000000000000e+03
1.987000000000000000e+03
1.764000000000000000e+03
2.071000000000000000e+03
1.826000000000000000e+03
1.911000000000000000e+03
1.907000000000000000e+03
1.791000000000000000e+03
1.791000000000000000e+03
1.626000000000000000e+03
1.863000000000000000e+03
1.887000000000000000e+03
1.559000000000000000e+03
1.727000000000000000e+03
1.733000000000000000e+03
1.537000000000000000e+03
1.726000000000000000e+03
1.415000000000000000e+03
1.909000000000000000e+03
1.437000000000000000e+03
1.544000000000000000e+03
1.479000000000000000e+03
1.433000000000000000e+03
1.544000000000000000e+03
1.446000000000000000e+03
1.391000000000000000e+03
1.435000000000000000e+03
1.475000000000000000e+03
1.174000000000000000e+03
1.561000000000000000e+03
1.245000000000000000e+03
1.320000000000000000e+03
1.257000000000000000e+03
1.329000000000000000e+03
1.091000000000000000e+03
1.358000000000000000e+03
1.092000000000000000e+03
1.175000000000000000e+03
1.060000000000000000e+03
1.161000000000000000e+03
1.127000000000000000e+03
1.006000000000000000e+03
1.134000000000000000e+03
8.440000000000000000e+02
9.910000000000000000e+02
9.640000000000000000e+02
1.085000000000000000e+03
8.110000000000000000e+02
8.060000000000000000e+02
8.690000000000000000e+02
8.000000000000000000e+02
8.540000000000000000e+02
7.890000000000000000e+02
7.970000000000000000e+02
7.750000000000000000e+02
7.740000000000000000e+02
7.390000000000000000e+02
6.930000000000000000e+02
7.000000000000000000e+02
5.030000000000000000e+02
7.340000000000000000e+02
9.380000000000000000e+02
4.880000000000000000e+02
6.590000000000000000e+02
5.720000000000000000e+02
5.610000000000000000e+02
5.730000000000000000e+02
6.520000000000000000e+02
6.210000000000000000e+02
5.630000000000000000e+02
5.540000000000000000e+02
5.260000000000000000e+02
5.020000000000000000e+02
5.200000000000000000e+02
4.250000000000000000e+02
5.180000000000000000e+02
5.400000000000000000e+02
4.150000000000000000e+02
4.280000000000000000e+02
5.010000000000000000e+02
3.970000000000000000e+02
4.750000000000000000e+02
4.280000000000000000e+02
3.900000000000000000e+02
3.720000000000000000e+02
3.740000000000000000e+02
4.980000000000000000e+02
3.440000000000000000e+02
3.780000000000000000e+02
3.770000000000000000e+02
3.390000000000000000e+02
3.880000000000000000e+02
4.720000000000000000e+02
2.510000000000000000e+02
3.520000000000000000e+02
3.520000000000000000e+02
2.580000000000000000e+02
2.910000000000000000e+02
3.760000000000000000e+02
3.010000000000000000e+02
2.720000000000000000e+02
2.710000000000000000e+02
1.550000000000000000e+02
6.290000000000000000e+02
1.420000000000000000e+02
2.270000000000000000e+02
2.920000000000000000e+02
3.120000000000000000e+02
2.600000000000000000e+02
1.850000000000000000e+02
3.640000000000000000e+02
1.630000000000000000e+02
3.230000000000000000e+02
2.400000000000000000e+02
2.260000000000000000e+02
3.260000000000000000e+02
2.330000000000000000e+02
2.630000000000000000e+02
2.670000000000000000e+02
2.060000000000000000e+02
2.930000000000000000e+02
2.440000000000000000e+02
2.250000000000000000e+02
1.940000000000000000e+02
4.600000000000000000e+02
1.440000000000000000e+02
2.090000000000000000e+02
2.280000000000000000e+02
2.090000000000000000e+02
2.300000000000000000e+02
1.980000000000000000e+02
2.950000000000000000e+02
1.350000000000000000e+02
2.720000000000000000e+02
1.620000000000000000e+02
1.790000000000000000e+02
1.620000000000000000e+02
2.680000000000000000e+02
1.520000000000000000e+02
1.540000000000000000e+02
1.550000000000000000e+02
1.190000000000000000e+02
1.990000000000000000e+02
1.240000000000000000e+02
1.430000000000000000e+02
8.200000000000000000e+01
2.680000000000000000e+02
8.300000000000000000e+01
1.200000000000000000e+02
1.400000000000000000e+02
1.120000000000000000e+02
6.500000000000000000e+01
1.860000000000000000e+02
8.300000000000000000e+01
1.080000000000000000e+02
8.900000000000000000e+01
1.130000000000000000e+02
6.700000000000000000e+01
9.700000000000000000e+01
6.300000000000000000e+01
1.490000000000000000e+02
5.300000000000000000e+01
3.300000000000000000e+01
1.130000000000000000e+02
6.700000000000000000e+01
9.700000000000000000e+01
6.100000000000000000e+01
8.100000000000000000e+01
7.000000000000000000e+01
3.900000000000000000e+01
5.900000000000000000e+01
4.900000000000000000e+01
5.400000000000000000e+01
4.700000000000000000e+01
3.600000000000000000e+01
4.700000000000000000e+01
3.500000000000000000e+01
2.500000000000000000e+01
2.800000000000000000e+01
3.300000000000000000e+01
3.200000000000000000e+01
3.000000000000000000e+01
2.100000000000000000e+01
1.400000000000000000e+01
6.000000000000000000e+00
1.000000000000000000e+00
0.000000000000000000e+00
0.000000000000000000e+00
3.049000000000000000e+03
2.000000000000000000e+01
5.400000000000000000e+01
9.800000000000000000e+01
1.390000000000000000e+02
2.600000000000000000e+02
2.600000000000000000e+02
2.770000000000000000e+02
3.050000000000000000e+02
3.080000000000000000e+02
3.570000000000000000e+02
3.380000000000000000e+02
4.090000000000000000e+02
3.990000000000000000e+02
4.170000000000000000e+02
4.570000000000000000e+02
5.210000000000000000e+02
5.140000000000000000e+02
5.500000000000000000e+02
5.800000000000000000e+02
5.970000000000000000e+02
5.680000000000000000e+02
6.350000000000000000e+02
6.410000000000000000e+02
6.400000000000000000e+02
6.880000000000000000e+02
6.770000000000000000e+02
7.260000000000000000e+02
8.050000000000000000e+02
8.020000000000000000e+02
8.220000000000000000e+02
8.250000000000000000e+02
8.640000000000000000e+02
9.350000000000000000e+02
9.780000000000000000e+02
9.840000000000000000e+02
1.031000000000000000e+03
1.053000000000000000e+03
1.064000000000000000e+03
1.131000000000000000e+03
1.126000000000000000e+03
1.145000000000000000e+03
1.194000000000000000e+03
1.221000000000000000e+03
1.233000000000000000e+03
1.196000000000000000e+03
1.298000000000000000e+03
1.291000000000000000e+03
1.218000000000000000e+03
1.279000000000000000e+03
1.274000000000000000e+03
1.269000000000000000e+03
1.289000000000000000e+03
1.286000000000000000e+03
1.274000000000000000e+03
1.300000000000000000e+03
1.228000000000000000e+03
1.260000000000000000e+03
1.264000000000000000e+03
1.254000000000000000e+03
1.178000000000000000e+03
1.194000000000000000e+03
1.152000000000000000e+03
1.230000000000000000e+03
1.152000000000000000e+03
1.147000000000000000e+03
1.178000000000000000e+03
1.164000000000000000e+03
1.226000000000000000e+03
1.186000000000000000e+03
1.144000000000000000e+03
1.127000000000000000e+03
1.082000000000000000e+03
1.076000000000000000e+03
1.109000000000000000e+03
1.121000000000000000e+03
1.092000000000000000e+03
1.108000000000000000e+03
1.001000000000000000e+03
1.045000000000000000e+03
1.023000000000000000e+03
1.038000000000000000e+03
1.048000000000000000e+03
1.074000000000000000e+03
9.980000000000000000e+02
1.019000000000000000e+03
1.060000000000000000e+03
1.005000000000000000e+03
9.490000000000000000e+02
1.023000000000000000e+03
9.960000000000000000e+02
1.084000000000000000e+03
9.910000000000000000e+02
1.027000000000000000e+03
1.018000000000000000e+03
1.028000000000000000e+03
1.001000000000000000e+03
1.067000000000000000e+03
1.032000000000000000e+03
1.028000000000000000e+03
9.910000000000000000e+02
9.620000000000000000e+02
9.860000000000000000e+02
9.550000000000000000e+02
9.420000000000000000e+02
9.520000000000000000e+02
9.800000000000000000e+02
9.450000000000000000e+02
9.410000000000000000e+02
9.100000000000000000e+02
9.340000000000000000e+02
9.480000000000000000e+02
9.250000000000000000e+02
9.000000000000000000e+02
8.690000000000000000e+02
8.720000000000000000e+02
9.160000000000000000e+02
8.350000000000000000e+02
8.790000000000000000e+02
8.460000000000000000e+02
8.590000000000000000e+02
8.630000000000000000e+02
8.400000000000000000e+02
8.790000000000000000e+02
8.480000000000000000e+02
8.110000000000000000e+02
7.970000000000000000e+02
7.680000000000000000e+02
7.390000000000000000e+02
7.700000000000000000e+02
7.870000000000000000e+02
7.860000000000000000e+02
7.290000000000000000e+02
7.390000000000000000e+02
7.140000000000000000e+02
7.110000000000000000e+02
7.680000000000000000e+02
6.750000000000000000e+02
7.210000000000000000e+02
6.880000000000000000e+02
6.670000000000000000e+02
6.730000000000000000e+02
6.400000000000000000e+02
6.870000000000000000e+02
6.880000000000000000e+02
6.700000000000000000e+02
6.520000000000000000e+02
6.800000000000000000e+02
6.560000000000000000e+02
6.630000000000000000e+02
6.410000000000000000e+02
6.210000000000000000e+02
6.050000000000000000e+02
6.310000000000000000e+02
6.000000000000000000e+02
6.400000000000000000e+02
5.650000000000000000e+02
5.630000000000000000e+02
5.940000000000000000e+02
6.090000000000000000e+02
6.130000000000000000e+02
5.730000000000000000e+02
5.900000000000000000e+02
5.930000000000000000e+02
5.620000000000000000e+02
6.230000000000000000e+02
5.690000000000000000e+02
6.180000000000000000e+02
5.650000000000000000e+02
6.190000000000000000e+02
5.400000000000000000e+02
5.630000000000000000e+02
5.390000000000000000e+02
5.820000000000000000e+02
5.790000000000000000e+02
5.530000000000000000e+02
5.380000000000000000e+02
5.320000000000000000e+02
5.650000000000000000e+02
5.280000000000000000e+02
5.150000000000000000e+02
5.140000000000000000e+02
5.420000000000000000e+02
5.460000000000000000e+02
4.940000000000000000e+02
5.270000000000000000e+02
5.360000000000000000e+02
5.140000000000000000e+02
5.260000000000000000e+02
5.390000000000000000e+02
5.350000000000000000e+02
5.130000000000000000e+02
5.680000000000000000e+02
4.590000000000000000e+02
5.270000000000000000e+02
5.060000000000000000e+02
5.730000000000000000e+02
4.580000000000000000e+02
5.000000000000000000e+02
4.730000000000000000e+02
4.930000000000000000e+02
5.030000000000000000e+02
5.560000000000000000e+02
5.020000000000000000e+02
5.010000000000000000e+02
4.630000000000000000e+02
4.240000000000000000e+02
4.300000000000000000e+02
4.350000000000000000e+02
4.840000000000000000e+02
4.640000000000000000e+02
4.450000000000000000e+02
4.670000000000000000e+02
4.220000000000000000e+02
4.420000000000000000e+02
4.350000000000000000e+02
4.230000000000000000e+02
4.680000000000000000e+02
4.190000000000000000e+02
4.070000000000000000e+02
4.400000000000000000e+02
4.190000000000000000e+02
3.870000000000000000e+02
4.140000000000000000e+02
4.100000000000000000e+02
4.050000000000000000e+02
4.070000000000000000e+02
4.420000000000000000e+02
3.700000000000000000e+02
3.760000000000000000e+02
4.220000000000000000e+02
3.730000000000000000e+02
4.070000000000000000e+02
3.820000000000000000e+02
3.560000000000000000e+02
3.820000000000000000e+02
3.960000000000000000e+02
3.730000000000000000e+02
3.970000000000000000e+02
4.150000000000000000e+02
4.090000000000000000e+02
3.890000000000000000e+02
4.000000000000000000e+02
4.260000000000000000e+02
4.560000000000000000e+02
4.250000000000000000e+02
4.510000000000000000e+02
4.610000000000000000e+02
4.930000000000000000e+02
4.390000000000000000e+02
4.950000000000000000e+02
4.580000000000000000e+02
4.880000000000000000e+02
4.870000000000000000e+02
5.250000000000000000e+02
6.320000000000000000e+02
3.527000000000000000e+03
