1.402000000000000000e+03
2.230000000000000000e+02
2.720000000000000000e+02
3.960000000000000000e+02
6.040000000000000000e+02
1.278000000000000000e+03
1.558000000000000000e+03
1.399000000000000000e+03
3.390000000000000000e+03
4.328000000000000000e+03
5.564000000000000000e+03
8.137000000000000000e+03
8.052000000000000000e+03
1.119700000000000000e+04
8.522000000000000000e+03
9.562000000000000000e+03
7.874000000000000000e+03
6.119000000000000000e+03
4.449000000000000000e+03
4.084000000000000000e+03
3.195000000000000000e+03
2.274000000000000000e+03
1.491000000000000000e+03
9.800000000000000000e+02
1.136000000000000000e+03
7.040000000000000000e+02
6.770000000000000000e+02
1.490000000000000000e+02
1.150000000000000000e+02
1.400000000000000000e+02
1.486000000000000000e+03
2.200000000000000000e+01
1.380000000000000000e+02
5.700000000000000000e+01
2.260000000000000000e+02
5.660000000000000000e+02
5.230000000000000000e+02
3.700000000000000000e+01
1.080000000000000000e+02
3.600000000000000000e+01
1.380000000000000000e+02
1.300000000000000000e+01
4.690000000000000000e+02
2.790000000000000000e+02
4.000000000000000000e+00
5.300000000000000000e+01
3.500000000000000000e+01
1.000000000000000000e+00
1.060000000000000000e+02
7.000000000000000000e+00
7.760000000000000000e+02
1.460000000000000000e+02
6.100000000000000000e+01
8.000000000000000000e+00
2.300000000000000000e+01
2.900000000000000000e+02
8.300000000000000000e+01
2.300000000000000000e+01
1.100000000000000000e+01
2.000000000000000000e+00
1.940000000000000000e+02
1.000000000000000000e+00
1.000000000000000000e+01
4.500000000000000000e+01
3.000000000000000000e+00
2.300000000000000000e+01
5.670000000000000000e+02
2.200000000000000000e+01
3.600000000000000000e+01
3.500000000000000000e+01
3.040000000000000000e+02
9.000000000000000000e+00
7.000000000000000000e+00
1.210000000000000000e+02
1.000000000000000000e+02
9.860000000000000000e+02
2.000000000000000000e+01
1.100000000000000000e+01
5.000000000000000000e+00
2.540000000000000000e+02
9.400000000000000000e+02
4.000000000000000000e+00
2.000000000000000000e+00
9.240000000000000000e+02
1.960000000000000000e+02
3.460000000000000000e+02
7.000000000000000000e+00
1.496000000000000000e+03
9.400000000000000000e+01
2.000000000000000000e+01
2.570000000000000000e+03
8.700000000000000000e+01
6.750000000000000000e+02
1.584000000000000000e+03
1.550000000000000000e+02
5.738000000000000000e+03
3.701000000000000000e+03
8.310000000000000000e+02
7.113000000000000000e+03
4.218000000000000000e+03
4.406000000000000000e+03
1.340200000000000000e+04
5.502000000000000000e+03
1.094500000000000000e+04
4.536000000000000000e+03
3.934000000000000000e+03
3.616000000000000000e+03
1.356000000000000000e+03
7.160000000000000000e+02
1.755000000000000000e+03
1.678000000000000000e+03
1.617000000000000000e+03
4.540000000000000000e+02
5.410000000000000000e+02
9.080000000000000000e+02
5.590000000000000000e+02
2.330000000000000000e+02
1.000000000000000000e+00
1.500000000000000000e+01
0.000000000000000000e+00
1.170000000000000000e+03
0.000000000000000000e+00
3.600000000000000000e+01
1.000000000000000000e+00
8.900000000000000000e+01
2.820000000000000000e+02
4.480000000000000000e+02
4.000000000000000000e+00
2.800000000000000000e+01
8.000000000000000000e+00
4.400000000000000000e+01
0.000000000000000000e+00
1.620000000000000000e+02
1.000000000000000000e+02
0.000000000000000000e+00
1.100000000000000000e+01
3.000000000000000000e+00
0.000000000000000000e+00
3.900000000000000000e+01
1.000000000000000000e+00
3.320000000000000000e+02
5.100000000000000000e+01
1.900000000000000000e+01
0.000000000000000000e+00
3.000000000000000000e+00
7.500000000000000000e+01
2.200000000000000000e+01
6.000000000000000000e+00
2.000000000000000000e+00
0.000000000000000000e+00
5.100000000000000000e+01
0.000000000000000000e+00
2.000000000000000000e+00
1.400000000000000000e+01
0.000000000000000000e+00
6.000000000000000000e+00
1.890000000000000000e+02
3.000000000000000000e+00
2.300000000000000000e+01
8.000000000000000000e+00
8.500000000000000000e+01
3.000000000000000000e+00
5.000000000000000000e+00
6.400000000000000000e+01
4.600000000000000000e+01
5.290000000000000000e+02
2.200000000000000000e+01
1.100000000000000000e+01
0.000000000000000000e+00
8.900000000000000000e+01
3.360000000000000000e+02
1.300000000000000000e+01
1.200000000000000000e+01
2.930000000000000000e+02
7.200000000000000000e+01
7.800000000000000000e+01
2.500000000000000000e+01
3.050000000000000000e+02
5.300000000000000000e+01
1.010000000000000000e+02
0.000000000000000000e+00
0.000000000000000000e+00
0.000000000000000000e+00
0.000000000000000000e+00
0.000000000000000000e+00
0.000000000000000000e+00
0.000000000000000000e+00
0.000000000000000000e+00
0.000000000000000000e+00
0.000000000000000000e+00
0.000000000000000000e+00
0.000000000000000000e+00
0.000000000000000000e+00
0.000000000000000000e+00
0.000000000000000000e+00
0.000000000000000000e+00
0.000000000000000000e+00
0.000000000000000000e+00
0.000000000000000000e+00
0.000000000000000000e+00
0.000000000000000000e+00
0.000000000000000000e+00
0.000000000000000000e+00
0.000000000000000000e+00
0.000000000000000000e+00
0.000000000000000000e+00
0.000000000000000000e+00
0.000000000000000000e+00
0.000000000000000000e+00
0.000000000000000000e+00
0.000000000000000000e+00
0.000000000000000000e+00
0.000000000000000000e+00
0.000000000000000000e+00
0.000000000000000000e+00
0.000000000000000000e+00
0.000000000000000000e+00
0.000000000000000000e+00
0.000000000000000000e+00
0.000000000000000000e+00
0.000000000000000000e+00
0.000000000000000000e+00
0.000000000000000000e+00
0.000000000000000000e+00
0.000000000000000000e+00
0.000000000000000000e+00
0.000000000000000000e+00
0.000000000000000000e+00
0.000000000000000000e+00
0.000000000000000000e+00
0.000000000000000000e+00
0.000000000000000000e+00
0.000000000000000000e+00
0.000000000000000000e+00
0.000000000000000000e+00
0.000000000000000000e+00
0.000000000000000000e+00
0.000000000000000000e+00
0.000000000000000000e+00
0.000000000000000000e+00
0.000000000000000000e+00
0.000000000000000000e+00
0.000000000000000000e+00
0.000000000000000000e+00
0.000000000000000000e+00
0.000000000000000000e+00
0.000000000000000000e+00
0.000000000000000000e+00
0.000000000000000000e+00
0.000000000000000000e+00
0.000000000000000000e+00
0.000000000000000000e+00
0.000000000000000000e+00
0.000000000000000000e+00
0.000000000000000000e+00
0.000000000000000000e+00
8.180000000000000000e+02
0.000000000000000000e+00
0.000000000000000000e+00
1.800000000000000000e+01
9.900000000000000000e+01
2.930000000000000000e+02
5.160000000000000000e+02
4.950000000000000000e+02
5.960000000000000000e+02
7.260000000000000000e+02
7.340000000000000000e+02
6.740000000000000000e+02
7.550000000000000000e+02
8.410000000000000000e+02
9.380000000000000000e+02
9.570000000000000000e+02
1.026000000000000000e+03
1.059000000000000000e+03
1.067000000000000000e+03
1.000000000000000000e+03
1.058000000000000000e+03
1.175000000000000000e+03
1.176000000000000000e+03
1.278000000000000000e+03
1.195000000000000000e+03
1.258000000000000000e+03
1.357000000000000000e+03
1.265000000000000000e+03
1.333000000000000000e+03
1.350000000000000000e+03
1.436000000000000000e+03
1.359000000000000000e+03
1.378000000000000000e+03
1.444000000000000000e+03
1.378000000000000000e+03
1.376000000000000000e+03
1.736000000000000000e+03
1.118000000000000000e+03
1.492000000000000000e+03
1.351000000000000000e+03
1.490000000000000000e+03
1.508000000000000000e+03
1.424000000000000000e+03
1.538000000000000000e+03
1.471000000000000000e+03
1.481000000000000000e+03
1.604000000000000000e+03
1.533000000000000000e+03
1.682000000000000000e+03
1.631000000000000000e+03
1.690000000000000000e+03
1.694000000000000000e+03
1.683000000000000000e+03
1.804000000000000000e+03
1.775000000000000000e+03
1.792000000000000000e+03
1.826000000000000000e+03
1.852000000000000000e+03
1.851000000000000000e+03
1.815000000000000000e+03
1.953000000000000000e+03
2.045000000000000000e+03
1.949000000000000000e+03
1.773000000000000000e+03
2.189000000000000000e+03
2.006000000000000000e+03
2.072000000000000000e+03
2.011000000000000000e+03
2.081000000000000000e+03
1.945000000000000000e+03
2.195000000000000000e+03
2.040000000000000000e+03
2.005000000000000000e+03
1.999000000000000000e+03
2.067000000000000000e+03
1.997000000000000000e+03
1.943000000000000000e+03
1.980000000000000000e+03
2.096000000000000000e+03
1.719000000000000000e+03
1.974000000000000000e+03
2.036000000000000000e+03
1.835000000000000000e+03
2.026000000000000000e+03
1.722000000000000000e+03
2.111000000000000000e+03
1.657000000000000000e+03
1.852000000000000000e+03
1.711000000000000000e+03
1.719000000000000000e+03
1.833000000000000000e+03
1.622000000000000000e+03
1.682000000000000000e+03
1.603000000000000000e+03
1.550000000000000000e+03
1.584000000000000000e+03
1.647000000000000000e+03
1.499000000000000000e+03
1.528000000000000000e+03
1.444000000000000000e+03
1.440000000000000000e+03
1.456000000000000000e+03
1.386000000000000000e+03
1.375000000000000000e+03
1.411000000000000000e+03
1.287000000000000000e+03
1.376000000000000000e+03
1.223000000000000000e+03
1.277000000000000000e+03
1.263000000000000000e+03
1.116000000000000000e+03
1.207000000000000000e+03
1.189000000000000000e+03
1.224000000000000000e+03
1.103000000000000000e+03
1.040000000000000000e+03
1.050000000000000000e+03
1.046000000000000000e+03
1.060000000000000000e+03
1.027000000000000000e+03
1.014000000000000000e+03
1.014000000000000000e+03
9.390000000000000000e+02
9.120000000000000000e+02
8.570000000000000000e+02
8.050000000000000000e+02
7.680000000000000000e+02
8.360000000000000000e+02
1.027000000000000000e+03
6.830000000000000000e+02
7.090000000000000000e+02
7.200000000000000000e+02
6.650000000000000000e+02
6.760000000000000000e+02
7.030000000000000000e+02
6.360000000000000000e+02
5.920000000000000000e+02
6.210000000000000000e+02
5.610000000000000000e+02
5.770000000000000000e+02
5.800000000000000000e+02
4.610000000000000000e+02
5.050000000000000000e+02
4.710000000000000000e+02
4.250000000000000000e+02
4.190000000000000000e+02
4.600000000000000000e+02
3.700000000000000000e+02
4.030000000000000000e+02
3.900000000000000000e+02
2.780000000000000000e+02
3.020000000000000000e+02
2.850000000000000000e+02
4.110000000000000000e+02
2.250000000000000000e+02
2.600000000000000000e+02
2.860000000000000000e+02
2.090000000000000000e+02
2.330000000000000000e+02
2.560000000000000000e+02
1.690000000000000000e+02
2.260000000000000000e+02
1.940000000000000000e+02
1.260000000000000000e+02
1.430000000000000000e+02
2.190000000000000000e+02
1.720000000000000000e+02
1.940000000000000000e+02
1.180000000000000000e+02
8.700000000000000000e+01
2.780000000000000000e+02
7.100000000000000000e+01
8.300000000000000000e+01
1.430000000000000000e+02
1.560000000000000000e+02
1.360000000000000000e+02
5.600000000000000000e+01
1.250000000000000000e+02
5.600000000000000000e+01
1.250000000000000000e+02
1.140000000000000000e+02
9.200000000000000000e+01
1.410000000000000000e+02
4.800000000000000000e+01
7.800000000000000000e+01
6.500000000000000000e+01
5.100000000000000000e+01
7.400000000000000000e+01
7.300000000000000000e+01
5.300000000000000000e+01
3.600000000000000000e+01
1.540000000000000000e+02
1.400000000000000000e+01
4.300000000000000000e+01
4.900000000000000000e+01
5.300000000000000000e+01
4.800000000000000000e+01
4.900000000000000000e+01
5.300000000000000000e+01
3.200000000000000000e+01
9.100000000000000000e+01
4.900000000000000000e+01
2.400000000000000000e+01
2.900000000000000000e+01
8.100000000000000000e+01
2.100000000000000000e+01
2.900000000000000000e+01
3.100000000000000000e+01
1.700000000000000000e+01
3.900000000000000000e+01
2.600000000000000000e+01
2.500000000000000000e+01
1.700000000000000000e+01
6.100000000000000000e+01
2.100000000000000000e+01
2.000000000000000000e+01
3.300000000000000000e+01
2.700000000000000000e+01
1.500000000000000000e+01
5.000000000000000000e+01
2.300000000000000000e+01
2.900000000000000000e+01
1.700000000000000000e+01
2.500000000000000000e+01
1.900000000000000000e+01
2.500000000000000000e+01
9.000000000000000000e+00
2.400000000000000000e+01
1.900000000000000000e+01
6.000000000000000000e+00
2.100000000000000000e+01
1.100000000000000000e+01
1.800000000000000000e+01
2.000000000000000000e+01
2.000000000000000000e+01
2.100000000000000000e+01
5.000000000000000000e+00
1.400000000000000000e+01
1.000000000000000000e+01
1.800000000000000000e+01
9.000000000000000000e+00
1.500000000000000000e+01
1.400000000000000000e+01
8.000000000000000000e+00
4.000000000000000000e+00
7.000000000000000000e+00
5.000000000000000000e+00
5.000000000000000000e+00
5.000000000000000000e+00
3.000000000000000000e+00
0.000000000000000000e+00
5.000000000000000000e+00
4.000000000000000000e+00
2.000000000000000000e+00
0.000000000000000000e+00
5.880000000000000000e+02
2.000000000000000000e+00
4.000000000000000000e+00
1.700000000000000000e+01
1.200000000000000000e+01
2.200000000000000000e+01
2.900000000000000000e+01
4.900000000000000000e+01
5.100000000000000000e+01
6.500000000000000000e+01
8.000000000000000000e+01
9.100000000000000000e+01
1.030000000000000000e+02
1.430000000000000000e+02
1.800000000000000000e+02
2.270000000000000000e+02
3.040000000000000000e+02
3.310000000000000000e+02
3.500000000000000000e+02
4.220000000000000000e+02
4.600000000000000000e+02
3.960000000000000000e+02
4.490000000000000000e+02
5.120000000000000000e+02
5.180000000000000000e+02
5.230000000000000000e+02
5.660000000000000000e+02
5.500000000000000000e+02
5.470000000000000000e+02
5.580000000000000000e+02
5.630000000000000000e+02
5.780000000000000000e+02
6.250000000000000000e+02
6.390000000000000000e+02
6.570000000000000000e+02
6.260000000000000000e+02
6.820000000000000000e+02
7.080000000000000000e+02
7.400000000000000000e+02
7.410000000000000000e+02
7.300000000000000000e+02
7.810000000000000000e+02
8.210000000000000000e+02
8.220000000000000000e+02
8.200000000000000000e+02
8.360000000000000000e+02
8.450000000000000000e+02
8.120000000000000000e+02
9.070000000000000000e+02
9.340000000000000000e+02
9.230000000000000000e+02
9.110000000000000000e+02
9.270000000000000000e+02
9.750000000000000000e+02
9.290000000000000000e+02
1.010000000000000000e+03
1.017000000000000000e+03
1.048000000000000000e+03
9.900000000000000000e+02
1.028000000000000000e+03
1.123000000000000000e+03
1.007000000000000000e+03
1.045000000000000000e+03
1.052000000000000000e+03
1.002000000000000000e+03
1.051000000000000000e+03
1.007000000000000000e+03
1.074000000000000000e+03
1.084000000000000000e+03
1.003000000000000000e+03
1.081000000000000000e+03
1.092000000000000000e+03
1.131000000000000000e+03
1.163000000000000000e+03
1.156000000000000000e+03
1.199000000000000000e+03
1.154000000000000000e+03
1.253000000000000000e+03
1.310000000000000000e+03
1.259000000000000000e+03
1.265000000000000000e+03
1.333000000000000000e+03
1.321000000000000000e+03
1.365000000000000000e+03
1.374000000000000000e+03
1.424000000000000000e+03
1.426000000000000000e+03
1.373000000000000000e+03
1.469000000000000000e+03
1.434000000000000000e+03
1.523000000000000000e+03
1.474000000000000000e+03
1.500000000000000000e+03
1.506000000000000000e+03
1.526000000000000000e+03
1.497000000000000000e+03
1.494000000000000000e+03
1.465000000000000000e+03
1.445000000000000000e+03
1.472000000000000000e+03
1.451000000000000000e+03
1.458000000000000000e+03
1.451000000000000000e+03
1.447000000000000000e+03
1.425000000000000000e+03
1.505000000000000000e+03
1.375000000000000000e+03
1.455000000000000000e+03
1.425000000000000000e+03
1.408000000000000000e+03
1.346000000000000000e+03
1.343000000000000000e+03
1.215000000000000000e+03
1.263000000000000000e+03
1.299000000000000000e+03
1.218000000000000000e+03
1.190000000000000000e+03
1.205000000000000000e+03
1.137000000000000000e+03
1.076000000000000000e+03
1.084000000000000000e+03
1.003000000000000000e+03
1.044000000000000000e+03
9.680000000000000000e+02
9.210000000000000000e+02
9.670000000000000000e+02
8.890000000000000000e+02
9.120000000000000000e+02
8.680000000000000000e+02
8.390000000000000000e+02
7.710000000000000000e+02
7.980000000000000000e+02
7.660000000000000000e+02
7.620000000000000000e+02
7.550000000000000000e+02
6.790000000000000000e+02
6.930000000000000000e+02
6.860000000000000000e+02
6.720000000000000000e+02
6.440000000000000000e+02
6.550000000000000000e+02
5.860000000000000000e+02
6.420000000000000000e+02
6.300000000000000000e+02
6.320000000000000000e+02
5.730000000000000000e+02
5.540000000000000000e+02
5.440000000000000000e+02
5.250000000000000000e+02
5.350000000000000000e+02
5.320000000000000000e+02
4.990000000000000000e+02
5.270000000000000000e+02
5.070000000000000000e+02
5.130000000000000000e+02
5.020000000000000000e+02
4.770000000000000000e+02
4.890000000000000000e+02
4.390000000000000000e+02
4.410000000000000000e+02
4.800000000000000000e+02
4.870000000000000000e+02
4.630000000000000000e+02
4.640000000000000000e+02
4.510000000000000000e+02
4.650000000000000000e+02
4.300000000000000000e+02
4.250000000000000000e+02
4.050000000000000000e+02
4.180000000000000000e+02
4.150000000000000000e+02
4.310000000000000000e+02
4.250000000000000000e+02
4.480000000000000000e+02
4.410000000000000000e+02
4.060000000000000000e+02
4.140000000000000000e+02
4.160000000000000000e+02
4.070000000000000000e+02
4.230000000000000000e+02
4.410000000000000000e+02
4.210000000000000000e+02
4.250000000000000000e+02
3.800000000000000000e+02
3.780000000000000000e+02
4.060000000000000000e+02
3.940000000000000000e+02
4.220000000000000000e+02
4.120000000000000000e+02
3.850000000000000000e+02
4.260000000000000000e+02
4.100000000000000000e+02
3.850000000000000000e+02
4.530000000000000000e+02
4.000000000000000000e+02
4.090000000000000000e+02
3.910000000000000000e+02
4.100000000000000000e+02
3.950000000000000000e+02
4.180000000000000000e+02
4.020000000000000000e+02
4.110000000000000000e+02
3.960000000000000000e+02
4.440000000000000000e+02
4.190000000000000000e+02
4.230000000000000000e+02
3.970000000000000000e+02
4.120000000000000000e+02
4.160000000000000000e+02
4.080000000000000000e+02
4.420000000000000000e+02
4.580000000000000000e+02
4.360000000000000000e+02
4.220000000000000000e+02
4.330000000000000000e+02
4.580000000000000000e+02
4.380000000000000000e+02
4.160000000000000000e+02
4.940000000000000000e+02
4.600000000000000000e+02
4.350000000000000000e+02
4.610000000000000000e+02
4.770000000000000000e+02
4.710000000000000000e+02
4.790000000000000000e+02
4.950000000000000000e+02
5.360000000000000000e+02
5.410000000000000000e+02
5.580000000000000000e+02
4.930000000000000000e+02
5.480000000000000000e+02
5.050000000000000000e+02
5.470000000000000000e+02
5.490000000000000000e+02
5.700000000000000000e+02
6.300000000000000000e+02
5.670000000000000000e+02
5.770000000000000000e+02
6.830000000000000000e+02
6.700000000000000000e+02
6.620000000000000000e+02
6.410000000000000000e+02
6.660000000000000000e+02
6.800000000000000000e+02
7.770000000000000000e+02
7.880000000000000000e+02
7.830000000000000000e+02
8.360000000000000000e+02
8.460000000000000000e+02
8.710000000000000000e+02
9.250000000000000000e+02
9.500000000000000000e+02
9.530000000000000000e+02
9.850000000000000000e+02
1.086000000000000000e+03
1.049000000000000000e+03
1.291700000000000000e+04
