1.781000000000000000e+03
3.800000000000000000e+01
5.900000000000000000e+01
1.970000000000000000e+02
8.000000000000000000e+01
3.400000000000000000e+02
2.193000000000000000e+03
7.300000000000000000e+01
1.917000000000000000e+03
1.250000000000000000e+02
1.200000000000000000e+02
1.728000000000000000e+03
2.860000000000000000e+02
5.681000000000000000e+03
1.362100000000000000e+04
5.385000000000000000e+03
1.406600000000000000e+04
3.833000000000000000e+03
1.189300000000000000e+04
1.018200000000000000e+04
7.066000000000000000e+03
1.586500000000000000e+04
5.543000000000000000e+03
3.904000000000000000e+03
3.627000000000000000e+03
4.293000000000000000e+03
1.061100000000000000e+04
1.557800000000000000e+04
7.780000000000000000e+03
5.093000000000000000e+03
1.706000000000000000e+03
4.950000000000000000e+02
3.900000000000000000e+01
2.300000000000000000e+01
5.000000000000000000e+01
6.400000000000000000e+01
5.400000000000000000e+01
1.000000000000000000e+00
9.000000000000000000e+00
3.000000000000000000e+00
4.000000000000000000e+00
0.000000000000000000e+00
8.000000000000000000e+00
2.000000000000000000e+00
0.000000000000000000e+00
5.000000000000000000e+00
0.000000000000000000e+00
0.000000000000000000e+00
2.000000000000000000e+00
0.000000000000000000e+00
1.600000000000000000e+01
0.000000000000000000e+00
0.000000000000000000e+00
0.000000000000000000e+00
0.000000000000000000e+00
1.000000000000000000e+00
0.000000000000000000e+00
0.000000000000000000e+00
0.000000000000000000e+00
0.000000000000000000e+00
8.000000000000000000e+00
0.000000000000000000e+00
0.000000000000000000e+00
0.000000000000000000e+00
0.000000000000000000e+00
0.000000000000000000e+00
1.000000000000000000e+00
0.000000000000000000e+00
0.000000000000000000e+00
0.000000000000000000e+00
1.000000000000000000e+00
0.000000000000000000e+00
0.000000000000000000e+00
0.000000000000000000e+00
0.000000000000000000e+00
1.100000000000000000e+01
0.000000000000000000e+00
0.000000000000000000e+00
0.000000000000000000e+00
0.000000000000000000e+00
0.000000000000000000e+00
0.000000000000000000e+00
0.000000000000000000e+00
4.000000000000000000e+00
0.000000000000000000e+00
0.000000000000000000e+00
0.000000000000000000e+00
0.000000000000000000e+00
0.000000000000000000e+00
0.000000000000000000e+00
3.000000000000000000e+00
0.000000000000000000e+00
0.000000000000000000e+00
0.000000000000000000e+00
0.000000000000000000e+00
0.000000000000000000e+00
3.000000000000000000e+00
0.000000000000000000e+00
0.000000000000000000e+00
0.000000000000000000e+00
0.000000000000000000e+00
0.000000000000000000e+00
0.000000000000000000e+00
3.000000000000000000e+00
0.000000000000000000e+00
0.000000000000000000e+00
0.000000000000000000e+00
0.000000000000000000e+00
0.000000000000000000e+00
0.000000000000000000e+00
9.000000000000000000e+00
0.000000000000000000e+00
0.000000000000000000e+00
0.000000000000000000e+00
2.000000000000000000e+00
1.000000000000000000e+00
0.000000000000000000e+00
0.000000000000000000e+00
0.000000000000000000e+00
0.000000000000000000e+00
2.100000000000000000e+01
0.000000000000000000e+00
0.000000000000000000e+00
0.000000000000000000e+00
2.000000000000000000e+00
2.000000000000000000e+00
1.000000000000000000e+01
0.000000000000000000e+00
8.000000000000000000e+00
0.000000000000000000e+00
6.000000000000000000e+00
0.000000000000000000e+00
3.000000000000000000e+01
3.300000000000000000e+01
0.000000000000000000e+00
5.000000000000000000e+00
0.000000000000000000e+00
0.000000000000000000e+00
2.000000000000000000e+00
0.000000000000000000e+00
9.600000000000000000e+01
2.100000000000000000e+01
5.000000000000000000e+00
2.000000000000000000e+00
1.000000000000000000e+00
2.820000000000000000e+02
7.000000000000000000e+00
4.000000000000000000e+00
0.000000000000000000e+00
0.000000000000000000e+00
1.190000000000000000e+02
0.000000000000000000e+00
0.000000000000000000e+00
2.500000000000000000e+01
1.000000000000000000e+00
3.000000000000000000e+00
5.400000000000000000e+02
5.000000000000000000e+00
2.700000000000000000e+01
4.000000000000000000e+00
2.030000000000000000e+02
1.000000000000000000e+00
5.000000000000000000e+00
4.010000000000000000e+02
3.600000000000000000e+01
2.020000000000000000e+02
5.000000000000000000e+00
4.000000000000000000e+00
3.000000000000000000e+00
1.770000000000000000e+02
2.153000000000000000e+03
5.000000000000000000e+00
4.000000000000000000e+00
5.245000000000000000e+03
2.500000000000000000e+01
4.300000000000000000e+01
2.400000000000000000e+01
6.320000000000000000e+02
5.100000000000000000e+01
3.400000000000000000e+01
0.000000000000000000e+00
0.000000000000000000e+00
0.000000000000000000e+00
0.000000000000000000e+00
0.000000000000000000e+00
0.000000000000000000e+00
0.000000000000000000e+00
0.000000000000000000e+00
0.000000000000000000e+00
0.000000000000000000e+00
0.000000000000000000e+00
0.000000000000000000e+00
0.000000000000000000e+00
0.000000000000000000e+00
0.000000000000000000e+00
0.000000000000000000e+00
0.000000000000000000e+00
0.000000000000000000e+00
0.000000000000000000e+00
0.000000000000000000e+00
0.000000000000000000e+00
0.000000000000000000e+00
0.000000000000000000e+00
0.000000000000000000e+00
0.000000000000000000e+00
0.000000000000000000e+00
0.000000000000000000e+00
0.000000000000000000e+00
0.000000000000000000e+00
0.000000000000000000e+00
0.000000000000000000e+00
0.000000000000000000e+00
0.000000000000000000e+00
0.000000000000000000e+00
0.000000000000000000e+00
0.000000000000000000e+00
0.000000000000000000e+00
0.000000000000000000e+00
0.000000000000000000e+00
0.000000000000000000e+00
0.000000000000000000e+00
0.000000000000000000e+00
0.000000000000000000e+00
0.000000000000000000e+00
0.000000000000000000e+00
0.000000000000000000e+00
0.000000000000000000e+00
0.000000000000000000e+00
0.000000000000000000e+00
0.000000000000000000e+00
0.000000000000000000e+00
0.000000000000000000e+00
0.000000000000000000e+00
0.000000000000000000e+00
0.000000000000000000e+00
0.000000000000000000e+00
0.000000000000000000e+00
0.000000000000000000e+00
0.000000000000000000e+00
0.000000000000000000e+00
0.000000000000000000e+00
0.000000000000000000e+00
0.000000000000000000e+00
0.000000000000000000e+00
0.000000000000000000e+00
0.000000000000000000e+00
0.000000000000000000e+00
0.000000000000000000e+00
0.000000000000000000e+00
0.000000000000000000e+00
0.000000000000000000e+00
0.000000000000000000e+00
0.000000000000000000e+00
0.000000000000000000e+00
0.000000000000000000e+00
0.000000000000000000e+00
4.100000000000000000e+01
4.000000000000000000e+01
1.200000000000000000e+02
1.160000000000000000e+02
1.960000000000000000e+02
3.040000000000000000e+02
3.680000000000000000e+02
4.600000000000000000e+02
5.930000000000000000e+02
7.750000000000000000e+02
9.460000000000000000e+02
1.111000000000000000e+03
1.304000000000000000e+03
1.355000000000000000e+03
1.621000000000000000e+03
1.671000000000000000e+03
1.858000000000000000e+03
1.795000000000000000e+03
2.004000000000000000e+03
2.119000000000000000e+03
2.223000000000000000e+03
2.238000000000000000e+03
2.253000000000000000e+03
2.500000000000000000e+03
2.398000000000000000e+03
2.521000000000000000e+03
2.577000000000000000e+03
2.563000000000000000e+03
2.627000000000000000e+03
2.602000000000000000e+03
2.669000000000000000e+03
2.591000000000000000e+03
2.418000000000000000e+03
2.636000000000000000e+03
2.554000000000000000e+03
2.407000000000000000e+03
2.687000000000000000e+03
2.014000000000000000e+03
2.420000000000000000e+03
2.224000000000000000e+03
2.062000000000000000e+03
2.015000000000000000e+03
1.893000000000000000e+03
1.959000000000000000e+03
1.693000000000000000e+03
1.647000000000000000e+03
1.714000000000000000e+03
1.522000000000000000e+03
1.490000000000000000e+03
1.483000000000000000e+03
1.385000000000000000e+03
1.332000000000000000e+03
1.280000000000000000e+03
1.173000000000000000e+03
1.206000000000000000e+03
1.087000000000000000e+03
1.016000000000000000e+03
1.021000000000000000e+03
1.025000000000000000e+03
9.560000000000000000e+02
8.640000000000000000e+02
8.910000000000000000e+02
9.320000000000000000e+02
6.660000000000000000e+02
9.770000000000000000e+02
8.330000000000000000e+02
6.710000000000000000e+02
7.480000000000000000e+02
7.670000000000000000e+02
7.720000000000000000e+02
7.170000000000000000e+02
7.770000000000000000e+02
5.740000000000000000e+02
7.490000000000000000e+02
6.350000000000000000e+02
7.280000000000000000e+02
5.650000000000000000e+02
7.170000000000000000e+02
6.170000000000000000e+02
5.080000000000000000e+02
5.770000000000000000e+02
5.630000000000000000e+02
6.290000000000000000e+02
6.340000000000000000e+02
4.460000000000000000e+02
8.320000000000000000e+02
5.170000000000000000e+02
5.640000000000000000e+02
7.020000000000000000e+02
6.050000000000000000e+02
7.000000000000000000e+02
7.150000000000000000e+02
7.000000000000000000e+02
7.800000000000000000e+02
1.031000000000000000e+03
1.180000000000000000e+03
1.709000000000000000e+03
1.468000000000000000e+03
1.497000000000000000e+03
1.260000000000000000e+03
1.740000000000000000e+03
1.478000000000000000e+03
2.295000000000000000e+03
1.558000000000000000e+03
1.665000000000000000e+03
1.477000000000000000e+03
2.245000000000000000e+03
2.042000000000000000e+03
1.996000000000000000e+03
1.955000000000000000e+03
1.933000000000000000e+03
2.765000000000000000e+03
1.373000000000000000e+03
1.420000000000000000e+03
1.142000000000000000e+03
6.440000000000000000e+02
6.850000000000000000e+02
5.080000000000000000e+02
4.260000000000000000e+02
2.480000000000000000e+02
3.130000000000000000e+02
2.950000000000000000e+02
1.120000000000000000e+02
1.890000000000000000e+02
8.600000000000000000e+01
7.500000000000000000e+01
3.300000000000000000e+01
1.060000000000000000e+02
2.320000000000000000e+02
3.400000000000000000e+01
3.800000000000000000e+01
7.200000000000000000e+01
4.100000000000000000e+01
5.300000000000000000e+01
1.100000000000000000e+02
8.000000000000000000e+01
4.800000000000000000e+01
7.100000000000000000e+01
6.500000000000000000e+01
5.400000000000000000e+01
5.900000000000000000e+01
2.700000000000000000e+01
1.250000000000000000e+02
4.800000000000000000e+01
3.500000000000000000e+01
4.600000000000000000e+01
9.100000000000000000e+01
1.800000000000000000e+01
4.600000000000000000e+01
6.700000000000000000e+01
7.000000000000000000e+01
4.200000000000000000e+01
1.400000000000000000e+01
9.600000000000000000e+01
7.000000000000000000e+00
3.900000000000000000e+01
3.500000000000000000e+01
3.100000000000000000e+01
4.600000000000000000e+01
9.900000000000000000e+01
1.000000000000000000e+01
3.800000000000000000e+01
3.800000000000000000e+01
8.000000000000000000e+00
2.400000000000000000e+01
4.900000000000000000e+01
3.700000000000000000e+01
3.500000000000000000e+01
6.000000000000000000e+00
0.000000000000000000e+00
1.460000000000000000e+02
1.000000000000000000e+00
6.000000000000000000e+00
2.700000000000000000e+01
3.700000000000000000e+01
1.500000000000000000e+01
1.100000000000000000e+01
2.700000000000000000e+01
5.000000000000000000e+00
4.000000000000000000e+01
3.000000000000000000e+01
3.700000000000000000e+01
9.400000000000000000e+01
1.000000000000000000e+00
2.700000000000000000e+01
3.200000000000000000e+01
7.000000000000000000e+00
2.100000000000000000e+01
2.300000000000000000e+01
8.000000000000000000e+00
1.000000000000000000e+00
6.100000000000000000e+01
0.000000000000000000e+00
7.000000000000000000e+00
6.000000000000000000e+00
2.700000000000000000e+01
6.600000000000000000e+01
1.500000000000000000e+01
1.900000000000000000e+01
2.000000000000000000e+00
2.700000000000000000e+01
2.200000000000000000e+01
6.000000000000000000e+00
4.000000000000000000e+00
7.200000000000000000e+01
5.000000000000000000e+00
2.300000000000000000e+01
1.700000000000000000e+01
5.000000000000000000e+00
1.200000000000000000e+01
7.000000000000000000e+00
5.000000000000000000e+00
1.000000000000000000e+00
7.800000000000000000e+01
4.000000000000000000e+00
6.000000000000000000e+00
1.900000000000000000e+01
1.900000000000000000e+01
2.000000000000000000e+00
3.300000000000000000e+01
3.000000000000000000e+00
1.600000000000000000e+01
7.000000000000000000e+00
2.400000000000000000e+01
8.000000000000000000e+00
1.600000000000000000e+01
1.000000000000000000e+00
2.700000000000000000e+01
1.400000000000000000e+01
1.000000000000000000e+00
1.200000000000000000e+01
6.000000000000000000e+00
6.100000000000000000e+01
3.000000000000000000e+00
1.800000000000000000e+01
2.700000000000000000e+01
1.000000000000000000e+00
1.800000000000000000e+01
6.000000000000000000e+00
1.800000000000000000e+01
5.000000000000000000e+00
1.100000000000000000e+01
1.200000000000000000e+01
1.200000000000000000e+01
6.000000000000000000e+00
7.000000000000000000e+00
5.000000000000000000e+00
2.000000000000000000e+00
0.000000000000000000e+00
0.000000000000000000e+00
0.000000000000000000e+00
0.000000000000000000e+00
1.000000000000000000e+00
0.000000000000000000e+00
0.000000000000000000e+00
2.803000000000000000e+03
3.000000000000000000e+00
7.100000000000000000e+01
2.400000000000000000e+01
4.270000000000000000e+02
2.950000000000000000e+02
1.570000000000000000e+02
4.020000000000000000e+02
2.750000000000000000e+02
3.000000000000000000e+02
2.200000000000000000e+02
2.820000000000000000e+02
2.440000000000000000e+02
2.360000000000000000e+02
2.370000000000000000e+02
2.420000000000000000e+02
2.310000000000000000e+02
2.280000000000000000e+02
2.900000000000000000e+02
2.420000000000000000e+02
2.740000000000000000e+02
2.580000000000000000e+02
3.200000000000000000e+02
2.920000000000000000e+02
2.950000000000000000e+02
3.020000000000000000e+02
3.140000000000000000e+02
3.500000000000000000e+02
3.520000000000000000e+02
3.620000000000000000e+02
3.470000000000000000e+02
4.210000000000000000e+02
3.900000000000000000e+02
4.030000000000000000e+02
4.130000000000000000e+02
4.700000000000000000e+02
4.260000000000000000e+02
4.470000000000000000e+02
4.130000000000000000e+02
4.410000000000000000e+02
4.400000000000000000e+02
4.610000000000000000e+02
4.370000000000000000e+02
5.040000000000000000e+02
4.670000000000000000e+02
4.690000000000000000e+02
5.070000000000000000e+02
5.220000000000000000e+02
5.040000000000000000e+02
5.420000000000000000e+02
5.390000000000000000e+02
5.380000000000000000e+02
5.540000000000000000e+02
5.650000000000000000e+02
5.130000000000000000e+02
5.390000000000000000e+02
5.710000000000000000e+02
5.760000000000000000e+02
5.370000000000000000e+02
5.630000000000000000e+02
5.560000000000000000e+02
5.040000000000000000e+02
5.680000000000000000e+02
5.680000000000000000e+02
5.610000000000000000e+02
5.540000000000000000e+02
6.020000000000000000e+02
5.560000000000000000e+02
5.380000000000000000e+02
5.930000000000000000e+02
5.710000000000000000e+02
5.450000000000000000e+02
5.910000000000000000e+02
5.480000000000000000e+02
5.780000000000000000e+02
5.940000000000000000e+02
6.480000000000000000e+02
6.220000000000000000e+02
6.200000000000000000e+02
5.860000000000000000e+02
6.460000000000000000e+02
5.850000000000000000e+02
5.900000000000000000e+02
5.980000000000000000e+02
6.800000000000000000e+02
6.340000000000000000e+02
6.320000000000000000e+02
6.730000000000000000e+02
6.940000000000000000e+02
7.200000000000000000e+02
6.960000000000000000e+02
9.890000000000000000e+02
8.560000000000000000e+02
1.760000000000000000e+03
1.132000000000000000e+03
1.191000000000000000e+03
1.214000000000000000e+03
1.381000000000000000e+03
1.226000000000000000e+03
1.374000000000000000e+03
1.310000000000000000e+03
1.258000000000000000e+03
1.665000000000000000e+03
1.500000000000000000e+03
2.005000000000000000e+03
1.758000000000000000e+03
1.757000000000000000e+03
2.297000000000000000e+03
2.058000000000000000e+03
2.442000000000000000e+03
1.714000000000000000e+03
2.055000000000000000e+03
1.632000000000000000e+03
2.095000000000000000e+03
2.578000000000000000e+03
1.738000000000000000e+03
2.062000000000000000e+03
1.450000000000000000e+03
1.934000000000000000e+03
1.673000000000000000e+03
1.366000000000000000e+03
1.334000000000000000e+03
1.270000000000000000e+03
1.323000000000000000e+03
1.189000000000000000e+03
1.202000000000000000e+03
1.145000000000000000e+03
1.193000000000000000e+03
1.139000000000000000e+03
1.017000000000000000e+03
1.069000000000000000e+03
9.980000000000000000e+02
1.008000000000000000e+03
1.041000000000000000e+03
1.075000000000000000e+03
9.470000000000000000e+02
9.860000000000000000e+02
9.180000000000000000e+02
9.840000000000000000e+02
9.410000000000000000e+02
1.032000000000000000e+03
9.210000000000000000e+02
9.460000000000000000e+02
9.580000000000000000e+02
9.200000000000000000e+02
8.630000000000000000e+02
8.780000000000000000e+02
8.950000000000000000e+02
9.300000000000000000e+02
8.340000000000000000e+02
8.570000000000000000e+02
8.450000000000000000e+02
8.140000000000000000e+02
8.060000000000000000e+02
8.300000000000000000e+02
8.780000000000000000e+02
8.110000000000000000e+02
7.780000000000000000e+02
8.050000000000000000e+02
7.830000000000000000e+02
8.220000000000000000e+02
7.700000000000000000e+02
7.750000000000000000e+02
7.330000000000000000e+02
6.940000000000000000e+02
7.260000000000000000e+02
6.590000000000000000e+02
6.780000000000000000e+02
6.770000000000000000e+02
6.590000000000000000e+02
6.770000000000000000e+02
6.840000000000000000e+02
6.550000000000000000e+02
6.440000000000000000e+02
6.080000000000000000e+02
6.430000000000000000e+02
5.900000000000000000e+02
6.190000000000000000e+02
6.550000000000000000e+02
6.300000000000000000e+02
5.520000000000000000e+02
6.050000000000000000e+02
6.120000000000000000e+02
5.970000000000000000e+02
5.600000000000000000e+02
5.990000000000000000e+02
5.440000000000000000e+02
5.390000000000000000e+02
4.750000000000000000e+02
4.660000000000000000e+02
4.970000000000000000e+02
5.000000000000000000e+02
4.230000000000000000e+02
4.730000000000000000e+02
4.440000000000000000e+02
4.390000000000000000e+02
3.940000000000000000e+02
4.200000000000000000e+02
3.990000000000000000e+02
4.320000000000000000e+02
3.810000000000000000e+02
3.990000000000000000e+02
4.260000000000000000e+02
4.220000000000000000e+02
3.830000000000000000e+02
3.450000000000000000e+02
3.590000000000000000e+02
3.390000000000000000e+02
3.370000000000000000e+02
3.240000000000000000e+02
2.990000000000000000e+02
3.040000000000000000e+02
2.780000000000000000e+02
2.770000000000000000e+02
2.860000000000000000e+02
2.730000000000000000e+02
2.670000000000000000e+02
2.740000000000000000e+02
2.600000000000000000e+02
2.410000000000000000e+02
2.270000000000000000e+02
2.360000000000000000e+02
2.260000000000000000e+02
2.090000000000000000e+02
2.170000000000000000e+02
2.140000000000000000e+02
1.830000000000000000e+02
1.730000000000000000e+02
1.870000000000000000e+02
2.020000000000000000e+02
1.620000000000000000e+02
1.550000000000000000e+02
1.880000000000000000e+02
1.440000000000000000e+02
1.870000000000000000e+02
1.590000000000000000e+02
1.630000000000000000e+02
1.640000000000000000e+02
1.500000000000000000e+02
1.310000000000000000e+02
1.480000000000000000e+02
1.330000000000000000e+02
1.450000000000000000e+02
1.400000000000000000e+02
1.390000000000000000e+02
1.430000000000000000e+02
1.310000000000000000e+02
1.220000000000000000e+02
1.390000000000000000e+02
1.480000000000000000e+02
1.350000000000000000e+02
1.280000000000000000e+02
1.650000000000000000e+02
1.450000000000000000e+02
1.620000000000000000e+02
1.540000000000000000e+02
1.676000000000000000e+03
