3.095000000000000000e+03
1.400000000000000000e+01
3.100000000000000000e+01
1.490000000000000000e+02
8.000000000000000000e+00
3.690000000000000000e+02
1.677000000000000000e+03
8.000000000000000000e+00
7.300000000000000000e+02
1.120000000000000000e+02
8.400000000000000000e+01
1.962000000000000000e+03
4.400000000000000000e+02
5.150000000000000000e+03
1.558000000000000000e+03
2.027000000000000000e+03
3.676000000000000000e+03
1.234000000000000000e+03
1.092000000000000000e+03
3.470000000000000000e+03
3.124000000000000000e+03
3.056000000000000000e+03
1.098000000000000000e+03
1.326000000000000000e+03
2.979000000000000000e+03
2.008000000000000000e+03
9.740000000000000000e+02
1.000000000000000000e+01
6.900000000000000000e+01
2.700000000000000000e+01
3.783000000000000000e+03
5.000000000000000000e+00
2.810000000000000000e+02
1.300000000000000000e+01
1.219000000000000000e+03
2.535000000000000000e+03
1.806000000000000000e+03
7.100000000000000000e+01
4.310000000000000000e+02
1.750000000000000000e+02
7.190000000000000000e+02
1.000000000000000000e+00
1.367000000000000000e+03
1.301000000000000000e+03
1.000000000000000000e+00
9.700000000000000000e+01
1.500000000000000000e+01
0.000000000000000000e+00
2.440000000000000000e+02
0.000000000000000000e+00
1.620000000000000000e+03
5.290000000000000000e+02
5.000000000000000000e+01
0.000000000000000000e+00
2.000000000000000000e+00
1.090000000000000000e+03
1.760000000000000000e+02
2.000000000000000000e+00
0.000000000000000000e+00
0.000000000000000000e+00
4.180000000000000000e+02
0.000000000000000000e+00
0.000000000000000000e+00
6.000000000000000000e+00
0.000000000000000000e+00
1.000000000000000000e+00
1.388000000000000000e+03
0.000000000000000000e+00
1.000000000000000000e+00
0.000000000000000000e+00
5.540000000000000000e+02
0.000000000000000000e+00
0.000000000000000000e+00
1.300000000000000000e+02
1.400000000000000000e+01
1.671000000000000000e+03
0.000000000000000000e+00
0.000000000000000000e+00
0.000000000000000000e+00
1.800000000000000000e+01
1.082000000000000000e+03
0.000000000000000000e+00
0.000000000000000000e+00
1.253000000000000000e+03
4.000000000000000000e+00
8.000000000000000000e+00
0.000000000000000000e+00
2.360000000000000000e+02
0.000000000000000000e+00
0.000000000000000000e+00
1.098000000000000000e+03
2.000000000000000000e+00
0.000000000000000000e+00
9.000000000000000000e+00
0.000000000000000000e+00
1.700000000000000000e+01
1.380000000000000000e+03
0.000000000000000000e+00
1.290000000000000000e+02
0.000000000000000000e+00
4.000000000000000000e+00
6.210000000000000000e+02
6.000000000000000000e+00
1.885000000000000000e+03
1.350000000000000000e+02
3.400000000000000000e+01
5.860000000000000000e+02
1.500000000000000000e+01
1.170000000000000000e+02
1.129000000000000000e+03
1.678000000000000000e+03
1.178000000000000000e+03
1.620000000000000000e+02
2.200000000000000000e+02
1.625000000000000000e+03
1.201000000000000000e+03
7.800000000000000000e+01
1.700000000000000000e+01
1.200000000000000000e+01
1.700000000000000000e+01
1.890000000000000000e+03
4.000000000000000000e+00
1.300000000000000000e+01
9.000000000000000000e+00
1.150000000000000000e+02
5.860000000000000000e+02
1.230000000000000000e+03
6.000000000000000000e+00
2.900000000000000000e+01
1.100000000000000000e+01
4.900000000000000000e+01
4.000000000000000000e+00
6.060000000000000000e+02
2.020000000000000000e+02
2.000000000000000000e+00
9.000000000000000000e+00
1.000000000000000000e+01
1.000000000000000000e+00
2.000000000000000000e+01
1.000000000000000000e+00
1.111000000000000000e+03
4.600000000000000000e+01
1.100000000000000000e+01
4.000000000000000000e+00
2.000000000000000000e+00
1.740000000000000000e+02
1.700000000000000000e+01
1.200000000000000000e+01
2.000000000000000000e+00
4.000000000000000000e+00
5.600000000000000000e+01
1.000000000000000000e+00
1.000000000000000000e+01
1.200000000000000000e+01
5.000000000000000000e+00
6.000000000000000000e+00
3.880000000000000000e+02
4.000000000000000000e+00
4.000000000000000000e+00
1.000000000000000000e+01
1.020000000000000000e+02
5.000000000000000000e+00
2.000000000000000000e+00
4.100000000000000000e+01
2.700000000000000000e+01
1.645000000000000000e+03
5.000000000000000000e+00
6.000000000000000000e+00
3.000000000000000000e+00
2.400000000000000000e+01
4.220000000000000000e+02
6.000000000000000000e+00
5.000000000000000000e+00
7.910000000000000000e+02
1.100000000000000000e+01
1.300000000000000000e+01
4.000000000000000000e+00
2.490000000000000000e+02
6.000000000000000000e+00
8.000000000000000000e+00
0.000000000000000000e+00
0.000000000000000000e+00
0.000000000000000000e+00
0.000000000000000000e+00
0.000000000000000000e+00
0.000000000000000000e+00
0.000000000000000000e+00
0.000000000000000000e+00
0.000000000000000000e+00
0.000000000000000000e+00
0.000000000000000000e+00
0.000000000000000000e+00
0.000000000000000000e+00
0.000000000000000000e+00
0.000000000000000000e+00
0.000000000000000000e+00
0.000000000000000000e+00
0.000000000000000000e+00
0.000000000000000000e+00
0.000000000000000000e+00
0.000000000000000000e+00
0.000000000000000000e+00
0.000000000000000000e+00
0.000000000000000000e+00
0.000000000000000000e+00
0.000000000000000000e+00
0.000000000000000000e+00
0.000000000000000000e+00
0.000000000000000000e+00
0.000000000000000000e+00
0.000000000000000000e+00
0.000000000000000000e+00
0.000000000000000000e+00
0.000000000000000000e+00
0.000000000000000000e+00
0.000000000000000000e+00
0.000000000000000000e+00
0.000000000000000000e+00
0.000000000000000000e+00
0.000000000000000000e+00
0.000000000000000000e+00
0.000000000000000000e+00
0.000000000000000000e+00
0.000000000000000000e+00
0.000000000000000000e+00
0.000000000000000000e+00
0.000000000000000000e+00
0.000000000000000000e+00
0.000000000000000000e+00
0.000000000000000000e+00
0.000000000000000000e+00
0.000000000000000000e+00
0.000000000000000000e+00
0.000000000000000000e+00
0.000000000000000000e+00
0.000000000000000000e+00
0.000000000000000000e+00
0.000000000000000000e+00
0.000000000000000000e+00
0.000000000000000000e+00
0.000000000000000000e+00
0.000000000000000000e+00
0.000000000000000000e+00
0.000000000000000000e+00
0.000000000000000000e+00
0.000000000000000000e+00
0.000000000000000000e+00
0.000000000000000000e+00
0.000000000000000000e+00
0.000000000000000000e+00
0.000000000000000000e+00
0.000000000000000000e+00
0.000000000000000000e+00
0.000000000000000000e+00
0.000000000000000000e+00
0.000000000000000000e+00
2.532000000000000000e+03
0.000000000000000000e+00
2.100000000000000000e+01
1.133000000000000000e+03
1.416000000000000000e+03
1.628000000000000000e+03
1.641000000000000000e+03
2.318000000000000000e+03
3.512000000000000000e+03
3.302000000000000000e+03
3.266000000000000000e+03
3.045000000000000000e+03
2.776000000000000000e+03
2.529000000000000000e+03
2.284000000000000000e+03
2.122000000000000000e+03
2.034000000000000000e+03
1.890000000000000000e+03
1.762000000000000000e+03
1.551000000000000000e+03
1.542000000000000000e+03
1.502000000000000000e+03
1.367000000000000000e+03
1.374000000000000000e+03
1.226000000000000000e+03
1.139000000000000000e+03
1.363000000000000000e+03
1.231000000000000000e+03
1.260000000000000000e+03
1.001000000000000000e+03
1.089000000000000000e+03
1.018000000000000000e+03
9.850000000000000000e+02
9.540000000000000000e+02
1.053000000000000000e+03
9.230000000000000000e+02
1.142000000000000000e+03
6.100000000000000000e+02
1.001000000000000000e+03
8.290000000000000000e+02
8.360000000000000000e+02
7.740000000000000000e+02
7.180000000000000000e+02
8.850000000000000000e+02
7.890000000000000000e+02
7.220000000000000000e+02
8.170000000000000000e+02
6.980000000000000000e+02
5.640000000000000000e+02
7.390000000000000000e+02
6.430000000000000000e+02
7.330000000000000000e+02
5.270000000000000000e+02
6.510000000000000000e+02
4.910000000000000000e+02
6.050000000000000000e+02
3.620000000000000000e+02
5.190000000000000000e+02
5.090000000000000000e+02
4.030000000000000000e+02
4.500000000000000000e+02
4.330000000000000000e+02
4.130000000000000000e+02
2.080000000000000000e+02
5.380000000000000000e+02
3.500000000000000000e+02
3.240000000000000000e+02
3.580000000000000000e+02
3.480000000000000000e+02
2.520000000000000000e+02
3.660000000000000000e+02
3.350000000000000000e+02
2.690000000000000000e+02
2.820000000000000000e+02
3.120000000000000000e+02
2.710000000000000000e+02
2.190000000000000000e+02
3.360000000000000000e+02
3.140000000000000000e+02
2.260000000000000000e+02
2.310000000000000000e+02
3.110000000000000000e+02
2.640000000000000000e+02
2.730000000000000000e+02
8.100000000000000000e+01
4.520000000000000000e+02
7.000000000000000000e+01
2.470000000000000000e+02
2.110000000000000000e+02
1.960000000000000000e+02
2.250000000000000000e+02
1.780000000000000000e+02
1.820000000000000000e+02
1.960000000000000000e+02
2.090000000000000000e+02
1.100000000000000000e+02
2.010000000000000000e+02
1.420000000000000000e+02
1.830000000000000000e+02
1.120000000000000000e+02
1.430000000000000000e+02
1.390000000000000000e+02
1.560000000000000000e+02
1.250000000000000000e+02
1.370000000000000000e+02
8.500000000000000000e+01
1.140000000000000000e+02
1.000000000000000000e+02
6.400000000000000000e+01
1.080000000000000000e+02
7.400000000000000000e+01
6.900000000000000000e+01
6.700000000000000000e+01
1.040000000000000000e+02
5.600000000000000000e+01
5.900000000000000000e+01
4.500000000000000000e+01
5.300000000000000000e+01
5.200000000000000000e+01
3.600000000000000000e+01
5.200000000000000000e+01
4.200000000000000000e+01
2.800000000000000000e+01
2.300000000000000000e+01
4.200000000000000000e+01
1.300000000000000000e+01
1.000000000000000000e+00
2.900000000000000000e+01
2.500000000000000000e+01
2.000000000000000000e+00
1.800000000000000000e+01
2.000000000000000000e+01
1.000000000000000000e+01
5.000000000000000000e+00
1.700000000000000000e+01
1.400000000000000000e+01
7.000000000000000000e+00
7.000000000000000000e+00
6.000000000000000000e+00
8.000000000000000000e+00
4.000000000000000000e+00
3.000000000000000000e+00
1.500000000000000000e+01
5.000000000000000000e+00
0.000000000000000000e+00
2.000000000000000000e+00
3.000000000000000000e+00
4.000000000000000000e+00
4.000000000000000000e+00
7.000000000000000000e+00
0.000000000000000000e+00
0.000000000000000000e+00
1.000000000000000000e+00
1.000000000000000000e+00
2.000000000000000000e+00
3.000000000000000000e+00
2.000000000000000000e+00
0.000000000000000000e+00
1.000000000000000000e+00
1.000000000000000000e+00
1.000000000000000000e+00
1.000000000000000000e+00
5.000000000000000000e+00
1.000000000000000000e+00
1.000000000000000000e+00
4.000000000000000000e+00
2.000000000000000000e+00
1.000000000000000000e+00
0.000000000000000000e+00
0.000000000000000000e+00
3.000000000000000000e+00
0.000000000000000000e+00
0.000000000000000000e+00
0.000000000000000000e+00
1.000000000000000000e+00
1.000000000000000000e+00
0.000000000000000000e+00
2.000000000000000000e+00
0.000000000000000000e+00
1.000000000000000000e+00
0.000000000000000000e+00
0.000000000000000000e+00
1.000000000000000000e+00
0.000000000000000000e+00
2.000000000000000000e+00
0.000000000000000000e+00
0.000000000000000000e+00
0.000000000000000000e+00
0.000000000000000000e+00
0.000000000000000000e+00
0.000000000000000000e+00
0.000000000000000000e+00
0.000000000000000000e+00
1.000000000000000000e+00
0.000000000000000000e+00
0.000000000000000000e+00
0.000000000000000000e+00
0.000000000000000000e+00
0.000000000000000000e+00
0.000000000000000000e+00
0.000000000000000000e+00
0.000000000000000000e+00
0.000000000000000000e+00
0.000000000000000000e+00
0.000000000000000000e+00
0.000000000000000000e+00
0.000000000000000000e+00
0.000000000000000000e+00
0.000000000000000000e+00
0.000000000000000000e+00
0.000000000000000000e+00
1.000000000000000000e+00
0.000000000000000000e+00
0.000000000000000000e+00
0.000000000000000000e+00
0.000000000000000000e+00
1.000000000000000000e+00
0.000000000000000000e+00
0.000000000000000000e+00
0.000000000000000000e+00
0.000000000000000000e+00
0.000000000000000000e+00
0.000000000000000000e+00
0.000000000000000000e+00
0.000000000000000000e+00
0.000000000000000000e+00
0.000000000000000000e+00
0.000000000000000000e+00
0.000000000000000000e+00
0.000000000000000000e+00
0.000000000000000000e+00
1.000000000000000000e+00
0.000000000000000000e+00
0.000000000000000000e+00
0.000000000000000000e+00
0.000000000000000000e+00
0.000000000000000000e+00
0.000000000000000000e+00
0.000000000000000000e+00
0.000000000000000000e+00
0.000000000000000000e+00
0.000000000000000000e+00
0.000000000000000000e+00
0.000000000000000000e+00
0.000000000000000000e+00
0.000000000000000000e+00
0.000000000000000000e+00
0.000000000000000000e+00
0.000000000000000000e+00
0.000000000000000000e+00
0.000000000000000000e+00
0.000000000000000000e+00
0.000000000000000000e+00
0.000000000000000000e+00
0.000000000000000000e+00
2.000000000000000000e+00
0.000000000000000000e+00
0.000000000000000000e+00
0.000000000000000000e+00
0.000000000000000000e+00
0.000000000000000000e+00
1.000000000000000000e+00
0.000000000000000000e+00
2.000000000000000000e+00
1.000000000000000000e+00
2.000000000000000000e+00
3.000000000000000000e+00
1.200000000000000000e+01
1.800000000000000000e+01
2.600000000000000000e+01
4.100000000000000000e+01
7.500000000000000000e+01
8.800000000000000000e+01
1.150000000000000000e+02
1.470000000000000000e+02
1.550000000000000000e+02
1.850000000000000000e+02
2.070000000000000000e+02
2.140000000000000000e+02
2.500000000000000000e+02
2.970000000000000000e+02
3.470000000000000000e+02
4.000000000000000000e+02
4.400000000000000000e+02
4.940000000000000000e+02
4.770000000000000000e+02
5.140000000000000000e+02
5.150000000000000000e+02
5.840000000000000000e+02
6.080000000000000000e+02
6.700000000000000000e+02
7.190000000000000000e+02
7.580000000000000000e+02
7.130000000000000000e+02
9.100000000000000000e+02
9.560000000000000000e+02
9.770000000000000000e+02
1.085000000000000000e+03
1.059000000000000000e+03
1.150000000000000000e+03
1.086000000000000000e+03
1.095000000000000000e+03
1.098000000000000000e+03
1.193000000000000000e+03
1.104000000000000000e+03
1.136000000000000000e+03
1.050000000000000000e+03
9.620000000000000000e+02
9.990000000000000000e+02
9.940000000000000000e+02
9.300000000000000000e+02
9.160000000000000000e+02
8.770000000000000000e+02
8.490000000000000000e+02
8.610000000000000000e+02
8.160000000000000000e+02
7.760000000000000000e+02
7.730000000000000000e+02
6.610000000000000000e+02
7.060000000000000000e+02
6.060000000000000000e+02
6.660000000000000000e+02
6.170000000000000000e+02
6.300000000000000000e+02
5.380000000000000000e+02
5.720000000000000000e+02
5.080000000000000000e+02
5.020000000000000000e+02
5.090000000000000000e+02
5.190000000000000000e+02
4.840000000000000000e+02
4.460000000000000000e+02
4.390000000000000000e+02
4.460000000000000000e+02
4.350000000000000000e+02
4.520000000000000000e+02
4.320000000000000000e+02
4.330000000000000000e+02
3.990000000000000000e+02
4.410000000000000000e+02
3.710000000000000000e+02
4.010000000000000000e+02
4.160000000000000000e+02
4.010000000000000000e+02
4.250000000000000000e+02
3.640000000000000000e+02
3.750000000000000000e+02
3.830000000000000000e+02
3.720000000000000000e+02
4.060000000000000000e+02
3.850000000000000000e+02
3.910000000000000000e+02
3.480000000000000000e+02
4.120000000000000000e+02
3.930000000000000000e+02
3.790000000000000000e+02
3.770000000000000000e+02
3.580000000000000000e+02
3.750000000000000000e+02
4.040000000000000000e+02
3.930000000000000000e+02
3.840000000000000000e+02
4.290000000000000000e+02
3.880000000000000000e+02
3.870000000000000000e+02
3.990000000000000000e+02
4.060000000000000000e+02
4.220000000000000000e+02
4.230000000000000000e+02
4.070000000000000000e+02
4.280000000000000000e+02
4.090000000000000000e+02
3.730000000000000000e+02
4.290000000000000000e+02
4.380000000000000000e+02
4.410000000000000000e+02
4.240000000000000000e+02
4.360000000000000000e+02
4.070000000000000000e+02
4.480000000000000000e+02
4.100000000000000000e+02
3.960000000000000000e+02
4.120000000000000000e+02
4.060000000000000000e+02
4.250000000000000000e+02
4.770000000000000000e+02
4.460000000000000000e+02
4.310000000000000000e+02
4.470000000000000000e+02
4.580000000000000000e+02
4.810000000000000000e+02
4.270000000000000000e+02
4.670000000000000000e+02
4.930000000000000000e+02
5.030000000000000000e+02
4.860000000000000000e+02
4.590000000000000000e+02
4.920000000000000000e+02
4.460000000000000000e+02
4.880000000000000000e+02
4.690000000000000000e+02
4.520000000000000000e+02
5.110000000000000000e+02
4.780000000000000000e+02
4.920000000000000000e+02
5.600000000000000000e+02
5.290000000000000000e+02
5.380000000000000000e+02
5.120000000000000000e+02
5.290000000000000000e+02
5.320000000000000000e+02
5.250000000000000000e+02
5.190000000000000000e+02
5.410000000000000000e+02
5.590000000000000000e+02
5.500000000000000000e+02
5.570000000000000000e+02
5.750000000000000000e+02
5.400000000000000000e+02
5.420000000000000000e+02
5.380000000000000000e+02
5.110000000000000000e+02
4.940000000000000000e+02
4.610000000000000000e+02
4.800000000000000000e+02
4.480000000000000000e+02
4.310000000000000000e+02
4.300000000000000000e+02
4.160000000000000000e+02
3.640000000000000000e+02
4.100000000000000000e+02
3.330000000000000000e+02
3.260000000000000000e+02
3.030000000000000000e+02
3.080000000000000000e+02
2.610000000000000000e+02
2.310000000000000000e+02
2.440000000000000000e+02
1.990000000000000000e+02
1.950000000000000000e+02
1.800000000000000000e+02
1.570000000000000000e+02
1.480000000000000000e+02
1.420000000000000000e+02
1.080000000000000000e+02
1.080000000000000000e+02
9.900000000000000000e+01
1.020000000000000000e+02
9.000000000000000000e+01
1.010000000000000000e+02
9.000000000000000000e+01
7.000000000000000000e+01
6.200000000000000000e+01
8.200000000000000000e+01
6.200000000000000000e+01
6.200000000000000000e+01
6.000000000000000000e+01
5.800000000000000000e+01
5.200000000000000000e+01
3.100000000000000000e+01
3.600000000000000000e+01
2.600000000000000000e+01
2.600000000000000000e+01
2.000000000000000000e+01
1.800000000000000000e+01
2.500000000000000000e+01
1.400000000000000000e+01
1.400000000000000000e+01
1.000000000000000000e+01
1.500000000000000000e+01
1.000000000000000000e+01
9.000000000000000000e+00
6.000000000000000000e+00
7.000000000000000000e+00
2.000000000000000000e+00
6.000000000000000000e+00
4.000000000000000000e+00
3.000000000000000000e+00
5.000000000000000000e+00
6.000000000000000000e+00
2.000000000000000000e+00
4.000000000000000000e+00
4.000000000000000000e+00
0.000000000000000000e+00
4.000000000000000000e+00
0.000000000000000000e+00
3.000000000000000000e+00
1.000000000000000000e+00
3.000000000000000000e+00
1.000000000000000000e+00
4.000000000000000000e+00
1.000000000000000000e+00
0.000000000000000000e+00
0.000000000000000000e+00
0.000000000000000000e+00
1.000000000000000000e+00
0.000000000000000000e+00
0.000000000000000000e+00
0.000000000000000000e+00
1.000000000000000000e+00
1.000000000000000000e+00
0.000000000000000000e+00
2.000000000000000000e+00
0.000000000000000000e+00
0.000000000000000000e+00
0.000000000000000000e+00
0.000000000000000000e+00
0.000000000000000000e+00
0.000000000000000000e+00
1.000000000000000000e+00
0.000000000000000000e+00
0.000000000000000000e+00
