6.000000000000000000e+00
0.000000000000000000e+00
2.000000000000000000e+00
0.000000000000000000e+00
4.000000000000000000e+00
3.000000000000000000e+00
9.000000000000000000e+00
1.600000000000000000e+01
1.900000000000000000e+01
2.100000000000000000e+01
2.700000000000000000e+01
3.100000000000000000e+01
5.500000000000000000e+01
7.200000000000000000e+01
8.800000000000000000e+01
9.900000000000000000e+01
1.310000000000000000e+02
1.300000000000000000e+02
1.540000000000000000e+02
1.690000000000000000e+02
1.780000000000000000e+02
1.780000000000000000e+02
2.100000000000000000e+02
2.200000000000000000e+02
2.010000000000000000e+02
2.250000000000000000e+02
2.220000000000000000e+02
2.380000000000000000e+02
2.290000000000000000e+02
2.140000000000000000e+02
2.420000000000000000e+02
2.330000000000000000e+02
2.460000000000000000e+02
2.560000000000000000e+02
2.220000000000000000e+02
2.060000000000000000e+02
2.170000000000000000e+02
2.400000000000000000e+02
1.990000000000000000e+02
2.160000000000000000e+02
1.820000000000000000e+02
1.900000000000000000e+02
1.890000000000000000e+02
1.830000000000000000e+02
1.520000000000000000e+02
1.660000000000000000e+02
1.490000000000000000e+02
1.680000000000000000e+02
1.400000000000000000e+02
1.260000000000000000e+02
1.520000000000000000e+02
1.230000000000000000e+02
1.150000000000000000e+02
1.450000000000000000e+02
1.190000000000000000e+02
1.140000000000000000e+02
1.160000000000000000e+02
9.700000000000000000e+01
9.700000000000000000e+01
9.700000000000000000e+01
9.200000000000000000e+01
7.900000000000000000e+01
8.600000000000000000e+01
9.200000000000000000e+01
7.200000000000000000e+01
7.700000000000000000e+01
6.100000000000000000e+01
8.500000000000000000e+01
8.100000000000000000e+01
8.000000000000000000e+01
5.600000000000000000e+01
6.700000000000000000e+01
7.200000000000000000e+01
7.000000000000000000e+01
6.300000000000000000e+01
5.600000000000000000e+01
7.000000000000000000e+01
6.300000000000000000e+01
6.000000000000000000e+01
6.000000000000000000e+01
8.200000000000000000e+01
6.300000000000000000e+01
7.600000000000000000e+01
7.000000000000000000e+01
6.300000000000000000e+01
6.400000000000000000e+01
5.800000000000000000e+01
5.200000000000000000e+01
8.000000000000000000e+01
7.700000000000000000e+01
7.800000000000000000e+01
7.600000000000000000e+01
7.400000000000000000e+01
9.200000000000000000e+01
1.060000000000000000e+02
1.660000000000000000e+02
2.310000000000000000e+02
3.480000000000000000e+02
5.080000000000000000e+02
7.010000000000000000e+02
9.170000000000000000e+02
1.091000000000000000e+03
1.239000000000000000e+03
1.377000000000000000e+03
1.574000000000000000e+03
1.778000000000000000e+03
1.784000000000000000e+03
1.862000000000000000e+03
1.852000000000000000e+03
1.970000000000000000e+03
2.108000000000000000e+03
2.165000000000000000e+03
2.174000000000000000e+03
2.124000000000000000e+03
2.277000000000000000e+03
2.151000000000000000e+03
2.104000000000000000e+03
2.303000000000000000e+03
2.272000000000000000e+03
2.235000000000000000e+03
2.285000000000000000e+03
2.199000000000000000e+03
2.309000000000000000e+03
2.314000000000000000e+03
2.332000000000000000e+03
2.358000000000000000e+03
2.305000000000000000e+03
2.367000000000000000e+03
2.472000000000000000e+03
2.391000000000000000e+03
2.427000000000000000e+03
2.500000000000000000e+03
2.504000000000000000e+03
2.542000000000000000e+03
2.505000000000000000e+03
2.595000000000000000e+03
2.604000000000000000e+03
2.668000000000000000e+03
2.791000000000000000e+03
2.905000000000000000e+03
2.878000000000000000e+03
2.848000000000000000e+03
2.840000000000000000e+03
2.695000000000000000e+03
2.833000000000000000e+03
2.736000000000000000e+03
2.804000000000000000e+03
2.970000000000000000e+03
3.121000000000000000e+03
3.057000000000000000e+03
3.056000000000000000e+03
3.080000000000000000e+03
3.100000000000000000e+03
3.128000000000000000e+03
3.216000000000000000e+03
3.397000000000000000e+03
3.417000000000000000e+03
3.490000000000000000e+03
3.587000000000000000e+03
3.718000000000000000e+03
3.869000000000000000e+03
3.816000000000000000e+03
3.687000000000000000e+03
3.328000000000000000e+03
2.941000000000000000e+03
2.420000000000000000e+03
1.830000000000000000e+03
1.461000000000000000e+03
1.081000000000000000e+03
7.530000000000000000e+02
4.030000000000000000e+02
2.210000000000000000e+02
1.300000000000000000e+02
4.600000000000000000e+01
2.900000000000000000e+01
1.300000000000000000e+01
6.000000000000000000e+00
3.000000000000000000e+00
3.000000000000000000e+00
0.000000000000000000e+00
0.000000000000000000e+00
0.000000000000000000e+00
0.000000000000000000e+00
0.000000000000000000e+00
0.000000000000000000e+00
0.000000000000000000e+00
1.000000000000000000e+00
0.000000000000000000e+00
0.000000000000000000e+00
0.000000000000000000e+00
0.000000000000000000e+00
1.000000000000000000e+00
0.000000000000000000e+00
0.000000000000000000e+00
1.000000000000000000e+00
0.000000000000000000e+00
0.000000000000000000e+00
0.000000000000000000e+00
0.000000000000000000e+00
0.000000000000000000e+00
0.000000000000000000e+00
0.000000000000000000e+00
0.000000000000000000e+00
0.000000000000000000e+00
1.000000000000000000e+00
0.000000000000000000e+00
0.000000000000000000e+00
0.000000000000000000e+00
0.000000000000000000e+00
0.000000000000000000e+00
0.000000000000000000e+00
0.000000000000000000e+00
0.000000000000000000e+00
0.000000000000000000e+00
0.000000000000000000e+00
0.000000000000000000e+00
0.000000000000000000e+00
0.000000000000000000e+00
0.000000000000000000e+00
0.000000000000000000e+00
0.000000000000000000e+00
0.000000000000000000e+00
0.000000000000000000e+00
0.000000000000000000e+00
0.000000000000000000e+00
0.000000000000000000e+00
0.000000000000000000e+00
0.000000000000000000e+00
0.000000000000000000e+00
0.000000000000000000e+00
0.000000000000000000e+00
0.000000000000000000e+00
0.000000000000000000e+00
0.000000000000000000e+00
0.000000000000000000e+00
0.000000000000000000e+00
0.000000000000000000e+00
0.000000000000000000e+00
0.000000000000000000e+00
0.000000000000000000e+00
0.000000000000000000e+00
0.000000000000000000e+00
0.000000000000000000e+00
0.000000000000000000e+00
0.000000000000000000e+00
0.000000000000000000e+00
0.000000000000000000e+00
0.000000000000000000e+00
0.000000000000000000e+00
0.000000000000000000e+00
0.000000000000000000e+00
0.000000000000000000e+00
0.000000000000000000e+00
0.000000000000000000e+00
0.000000000000000000e+00
0.000000000000000000e+00
2.000000000000000000e+00
1.000000000000000000e+00
1.000000000000000000e+00
0.000000000000000000e+00
2.000000000000000000e+00
2.000000000000000000e+00
5.000000000000000000e+00
1.600000000000000000e+01
1.300000000000000000e+01
2.800000000000000000e+01
5.100000000000000000e+01
5.700000000000000000e+01
8.700000000000000000e+01
1.090000000000000000e+02
1.490000000000000000e+02
1.740000000000000000e+02
2.060000000000000000e+02
2.010000000000000000e+02
2.360000000000000000e+02
2.030000000000000000e+02
2.630000000000000000e+02
2.360000000000000000e+02
2.290000000000000000e+02
2.730000000000000000e+02
2.620000000000000000e+02
2.630000000000000000e+02
2.410000000000000000e+02
2.230000000000000000e+02
2.260000000000000000e+02
2.250000000000000000e+02
2.080000000000000000e+02
2.170000000000000000e+02
1.840000000000000000e+02
1.850000000000000000e+02
1.720000000000000000e+02
1.860000000000000000e+02
1.900000000000000000e+02
1.730000000000000000e+02
1.530000000000000000e+02
1.570000000000000000e+02
1.540000000000000000e+02
1.630000000000000000e+02
1.460000000000000000e+02
1.380000000000000000e+02
1.400000000000000000e+02
1.330000000000000000e+02
1.270000000000000000e+02
1.260000000000000000e+02
1.360000000000000000e+02
1.250000000000000000e+02
1.280000000000000000e+02
1.340000000000000000e+02
1.340000000000000000e+02
1.260000000000000000e+02
1.460000000000000000e+02
1.200000000000000000e+02
1.250000000000000000e+02
1.270000000000000000e+02
1.140000000000000000e+02
1.010000000000000000e+02
9.400000000000000000e+01
1.070000000000000000e+02
9.000000000000000000e+01
1.160000000000000000e+02
8.900000000000000000e+01
7.900000000000000000e+01
1.050000000000000000e+02
7.100000000000000000e+01
7.100000000000000000e+01
7.000000000000000000e+01
7.200000000000000000e+01
7.800000000000000000e+01
6.300000000000000000e+01
6.400000000000000000e+01
6.200000000000000000e+01
6.200000000000000000e+01
6.000000000000000000e+01
5.600000000000000000e+01
5.000000000000000000e+01
5.200000000000000000e+01
5.600000000000000000e+01
4.900000000000000000e+01
5.900000000000000000e+01
5.500000000000000000e+01
5.100000000000000000e+01
5.700000000000000000e+01
5.400000000000000000e+01
6.500000000000000000e+01
7.100000000000000000e+01
6.100000000000000000e+01
5.500000000000000000e+01
8.300000000000000000e+01
8.000000000000000000e+01
1.400000000000000000e+02
2.250000000000000000e+02
3.590000000000000000e+02
5.530000000000000000e+02
7.020000000000000000e+02
8.680000000000000000e+02
1.123000000000000000e+03
1.389000000000000000e+03
1.711000000000000000e+03
1.918000000000000000e+03
2.135000000000000000e+03
2.186000000000000000e+03
2.198000000000000000e+03
2.186000000000000000e+03
2.269000000000000000e+03
2.168000000000000000e+03
2.196000000000000000e+03
2.230000000000000000e+03
2.296000000000000000e+03
2.349000000000000000e+03
2.368000000000000000e+03
2.412000000000000000e+03
2.357000000000000000e+03
2.438000000000000000e+03
2.524000000000000000e+03
2.446000000000000000e+03
2.475000000000000000e+03
2.584000000000000000e+03
2.476000000000000000e+03
2.522000000000000000e+03
2.506000000000000000e+03
2.527000000000000000e+03
2.519000000000000000e+03
2.560000000000000000e+03
2.585000000000000000e+03
2.581000000000000000e+03
2.589000000000000000e+03
2.480000000000000000e+03
2.609000000000000000e+03
2.752000000000000000e+03
2.649000000000000000e+03
2.738000000000000000e+03
2.763000000000000000e+03
2.883000000000000000e+03
2.905000000000000000e+03
2.974000000000000000e+03
3.090000000000000000e+03
3.118000000000000000e+03
3.211000000000000000e+03
3.257000000000000000e+03
3.160000000000000000e+03
3.136000000000000000e+03
2.969000000000000000e+03
2.996000000000000000e+03
3.143000000000000000e+03
3.136000000000000000e+03
3.306000000000000000e+03
3.368000000000000000e+03
3.528000000000000000e+03
3.797000000000000000e+03
3.967000000000000000e+03
3.896000000000000000e+03
3.889000000000000000e+03
4.020000000000000000e+03
3.740000000000000000e+03
3.609000000000000000e+03
3.188000000000000000e+03
2.624000000000000000e+03
1.867000000000000000e+03
1.178000000000000000e+03
6.300000000000000000e+02
2.800000000000000000e+02
1.360000000000000000e+02
5.600000000000000000e+01
1.200000000000000000e+01
2.000000000000000000e+00
2.000000000000000000e+00
1.000000000000000000e+00
1.000000000000000000e+00
1.000000000000000000e+00
1.000000000000000000e+00
1.000000000000000000e+00
0.000000000000000000e+00
0.000000000000000000e+00
1.000000000000000000e+00
0.000000000000000000e+00
0.000000000000000000e+00
0.000000000000000000e+00
1.000000000000000000e+00
0.000000000000000000e+00
0.000000000000000000e+00
0.000000000000000000e+00
0.000000000000000000e+00
0.000000000000000000e+00
0.000000000000000000e+00
0.000000000000000000e+00
0.000000000000000000e+00
0.000000000000000000e+00
0.000000000000000000e+00
0.000000000000000000e+00
0.000000000000000000e+00
0.000000000000000000e+00
0.000000000000000000e+00
0.000000000000000000e+00
0.000000000000000000e+00
0.000000000000000000e+00
0.000000000000000000e+00
0.000000000000000000e+00
0.000000000000000000e+00
0.000000000000000000e+00
0.000000000000000000e+00
0.000000000000000000e+00
0.000000000000000000e+00
0.000000000000000000e+00
0.000000000000000000e+00
0.000000000000000000e+00
0.000000000000000000e+00
0.000000000000000000e+00
0.000000000000000000e+00
0.000000000000000000e+00
0.000000000000000000e+00
0.000000000000000000e+00
0.000000000000000000e+00
0.000000000000000000e+00
0.000000000000000000e+00
0.000000000000000000e+00
0.000000000000000000e+00
0.000000000000000000e+00
0.000000000000000000e+00
0.000000000000000000e+00
0.000000000000000000e+00
0.000000000000000000e+00
0.000000000000000000e+00
0.000000000000000000e+00
0.000000000000000000e+00
0.000000000000000000e+00
0.000000000000000000e+00
0.000000000000000000e+00
0.000000000000000000e+00
0.000000000000000000e+00
0.000000000000000000e+00
0.000000000000000000e+00
0.000000000000000000e+00
0.000000000000000000e+00
0.000000000000000000e+00
0.000000000000000000e+00
0.000000000000000000e+00
0.000000000000000000e+00
0.000000000000000000e+00
0.000000000000000000e+00
0.000000000000000000e+00
0.000000000000000000e+00
0.000000000000000000e+00
0.000000000000000000e+00
0.000000000000000000e+00
0.000000000000000000e+00
0.000000000000000000e+00
0.000000000000000000e+00
0.000000000000000000e+00
0.000000000000000000e+00
0.000000000000000000e+00
0.000000000000000000e+00
0.000000000000000000e+00
1.000000000000000000e+00
0.000000000000000000e+00
0.000000000000000000e+00
1.000000000000000000e+00
1.000000000000000000e+00
2.000000000000000000e+00
5.000000000000000000e+00
3.000000000000000000e+00
7.000000000000000000e+00
1.200000000000000000e+01
2.000000000000000000e+01
2.700000000000000000e+01
3.200000000000000000e+01
3.600000000000000000e+01
3.700000000000000000e+01
6.700000000000000000e+01
7.500000000000000000e+01
8.100000000000000000e+01
9.500000000000000000e+01
9.900000000000000000e+01
1.390000000000000000e+02
1.280000000000000000e+02
1.690000000000000000e+02
1.830000000000000000e+02
2.020000000000000000e+02
1.960000000000000000e+02
2.150000000000000000e+02
2.110000000000000000e+02
2.020000000000000000e+02
2.030000000000000000e+02
2.080000000000000000e+02
1.580000000000000000e+02
2.150000000000000000e+02
1.920000000000000000e+02
1.870000000000000000e+02
1.780000000000000000e+02
1.960000000000000000e+02
1.880000000000000000e+02
1.860000000000000000e+02
1.620000000000000000e+02
1.580000000000000000e+02
1.900000000000000000e+02
1.870000000000000000e+02
1.520000000000000000e+02
1.650000000000000000e+02
1.510000000000000000e+02
1.400000000000000000e+02
1.580000000000000000e+02
1.400000000000000000e+02
1.350000000000000000e+02
1.530000000000000000e+02
1.360000000000000000e+02
1.450000000000000000e+02
1.320000000000000000e+02
1.490000000000000000e+02
1.470000000000000000e+02
1.290000000000000000e+02
1.550000000000000000e+02
1.280000000000000000e+02
1.250000000000000000e+02
1.150000000000000000e+02
1.610000000000000000e+02
1.460000000000000000e+02
1.290000000000000000e+02
1.210000000000000000e+02
1.220000000000000000e+02
1.120000000000000000e+02
1.190000000000000000e+02
1.090000000000000000e+02
1.130000000000000000e+02
1.170000000000000000e+02
1.090000000000000000e+02
9.400000000000000000e+01
1.110000000000000000e+02
1.070000000000000000e+02
8.200000000000000000e+01
7.300000000000000000e+01
8.700000000000000000e+01
8.600000000000000000e+01
8.600000000000000000e+01
9.200000000000000000e+01
8.700000000000000000e+01
7.000000000000000000e+01
8.300000000000000000e+01
8.800000000000000000e+01
7.600000000000000000e+01
9.000000000000000000e+01
1.110000000000000000e+02
1.600000000000000000e+02
2.420000000000000000e+02
3.710000000000000000e+02
4.880000000000000000e+02
6.820000000000000000e+02
8.690000000000000000e+02
1.065000000000000000e+03
1.318000000000000000e+03
1.594000000000000000e+03
1.920000000000000000e+03
1.969000000000000000e+03
2.295000000000000000e+03
2.250000000000000000e+03
2.370000000000000000e+03
2.434000000000000000e+03
2.447000000000000000e+03
2.386000000000000000e+03
2.379000000000000000e+03
2.421000000000000000e+03
2.341000000000000000e+03
2.322000000000000000e+03
2.484000000000000000e+03
2.524000000000000000e+03
2.543000000000000000e+03
2.689000000000000000e+03
2.819000000000000000e+03
2.768000000000000000e+03
2.705000000000000000e+03
2.736000000000000000e+03
2.569000000000000000e+03
2.515000000000000000e+03
2.500000000000000000e+03
2.671000000000000000e+03
2.738000000000000000e+03
2.789000000000000000e+03
2.773000000000000000e+03
2.884000000000000000e+03
2.939000000000000000e+03
2.780000000000000000e+03
2.745000000000000000e+03
2.927000000000000000e+03
3.126000000000000000e+03
3.164000000000000000e+03
3.179000000000000000e+03
3.089000000000000000e+03
3.103000000000000000e+03
3.147000000000000000e+03
3.223000000000000000e+03
3.162000000000000000e+03
3.280000000000000000e+03
3.320000000000000000e+03
3.263000000000000000e+03
3.178000000000000000e+03
3.113000000000000000e+03
3.083000000000000000e+03
3.180000000000000000e+03
3.304000000000000000e+03
3.304000000000000000e+03
3.641000000000000000e+03
3.790000000000000000e+03
4.041000000000000000e+03
4.080000000000000000e+03
4.112000000000000000e+03
3.906000000000000000e+03
3.557000000000000000e+03
2.889000000000000000e+03
2.128000000000000000e+03
1.281000000000000000e+03
6.790000000000000000e+02
3.200000000000000000e+02
1.350000000000000000e+02
5.900000000000000000e+01
2.800000000000000000e+01
9.000000000000000000e+00
6.000000000000000000e+00
1.000000000000000000e+00
1.000000000000000000e+00
0.000000000000000000e+00
2.000000000000000000e+00
1.000000000000000000e+00
0.000000000000000000e+00
2.000000000000000000e+00
0.000000000000000000e+00
0.000000000000000000e+00
1.000000000000000000e+00
0.000000000000000000e+00
0.000000000000000000e+00
0.000000000000000000e+00
0.000000000000000000e+00
0.000000000000000000e+00
1.000000000000000000e+00
1.000000000000000000e+00
0.000000000000000000e+00
0.000000000000000000e+00
0.000000000000000000e+00
0.000000000000000000e+00
0.000000000000000000e+00
0.000000000000000000e+00
0.000000000000000000e+00
0.000000000000000000e+00
0.000000000000000000e+00
0.000000000000000000e+00
0.000000000000000000e+00
0.000000000000000000e+00
0.000000000000000000e+00
0.000000000000000000e+00
0.000000000000000000e+00
0.000000000000000000e+00
0.000000000000000000e+00
0.000000000000000000e+00
0.000000000000000000e+00
0.000000000000000000e+00
0.000000000000000000e+00
0.000000000000000000e+00
0.000000000000000000e+00
0.000000000000000000e+00
0.000000000000000000e+00
0.000000000000000000e+00
0.000000000000000000e+00
0.000000000000000000e+00
0.000000000000000000e+00
0.000000000000000000e+00
0.000000000000000000e+00
0.000000000000000000e+00
0.000000000000000000e+00
0.000000000000000000e+00
0.000000000000000000e+00
0.000000000000000000e+00
0.000000000000000000e+00
0.000000000000000000e+00
0.000000000000000000e+00
0.000000000000000000e+00
0.000000000000000000e+00
0.000000000000000000e+00
0.000000000000000000e+00
0.000000000000000000e+00
0.000000000000000000e+00
0.000000000000000000e+00
0.000000000000000000e+00
0.000000000000000000e+00
0.000000000000000000e+00
0.000000000000000000e+00
0.000000000000000000e+00
0.000000000000000000e+00
0.000000000000000000e+00
0.000000000000000000e+00
0.000000000000000000e+00
0.000000000000000000e+00
0.000000000000000000e+00
0.000000000000000000e+00
0.000000000000000000e+00
0.000000000000000000e+00
0.000000000000000000e+00
0.000000000000000000e+00
0.000000000000000000e+00
0.000000000000000000e+00
0.000000000000000000e+00
0.000000000000000000e+00
0.000000000000000000e+00
0.000000000000000000e+00
0.000000000000000000e+00
0.000000000000000000e+00
0.000000000000000000e+00
0.000000000000000000e+00
0.000000000000000000e+00
0.000000000000000000e+00
0.000000000000000000e+00
0.000000000000000000e+00
