3.820000000000000000e+03
3.590000000000000000e+02
3.800000000000000000e+02
3.330000000000000000e+02
3.390000000000000000e+02
3.080000000000000000e+02
3.140000000000000000e+02
2.750000000000000000e+02
2.980000000000000000e+02
2.430000000000000000e+02
2.660000000000000000e+02
2.540000000000000000e+02
2.340000000000000000e+02
2.240000000000000000e+02
2.260000000000000000e+02
1.770000000000000000e+02
1.990000000000000000e+02
1.930000000000000000e+02
2.090000000000000000e+02
2.060000000000000000e+02
1.980000000000000000e+02
1.780000000000000000e+02
1.700000000000000000e+02
1.680000000000000000e+02
1.740000000000000000e+02
1.890000000000000000e+02
2.140000000000000000e+02
1.690000000000000000e+02
1.530000000000000000e+02
1.640000000000000000e+02
1.650000000000000000e+02
1.720000000000000000e+02
1.820000000000000000e+02
1.720000000000000000e+02
1.750000000000000000e+02
1.660000000000000000e+02
1.610000000000000000e+02
1.570000000000000000e+02
1.440000000000000000e+02
1.730000000000000000e+02
1.390000000000000000e+02
1.450000000000000000e+02
1.540000000000000000e+02
1.350000000000000000e+02
1.720000000000000000e+02
1.650000000000000000e+02
1.840000000000000000e+02
1.390000000000000000e+02
1.640000000000000000e+02
1.400000000000000000e+02
1.560000000000000000e+02
1.720000000000000000e+02
1.530000000000000000e+02
1.380000000000000000e+02
1.470000000000000000e+02
1.460000000000000000e+02
1.430000000000000000e+02
1.340000000000000000e+02
1.590000000000000000e+02
1.340000000000000000e+02
1.520000000000000000e+02
1.390000000000000000e+02
1.720000000000000000e+02
1.340000000000000000e+02
1.480000000000000000e+02
1.340000000000000000e+02
1.450000000000000000e+02
1.460000000000000000e+02
1.500000000000000000e+02
1.450000000000000000e+02
1.510000000000000000e+02
1.090000000000000000e+02
1.300000000000000000e+02
1.410000000000000000e+02
1.440000000000000000e+02
1.370000000000000000e+02
1.220000000000000000e+02
1.290000000000000000e+02
1.500000000000000000e+02
1.460000000000000000e+02
1.560000000000000000e+02
1.660000000000000000e+02
1.650000000000000000e+02
1.670000000000000000e+02
1.490000000000000000e+02
1.640000000000000000e+02
1.830000000000000000e+02
1.690000000000000000e+02
1.860000000000000000e+02
2.070000000000000000e+02
1.890000000000000000e+02
2.240000000000000000e+02
2.420000000000000000e+02
2.450000000000000000e+02
2.680000000000000000e+02
2.760000000000000000e+02
2.980000000000000000e+02
3.540000000000000000e+02
3.410000000000000000e+02
3.490000000000000000e+02
4.560000000000000000e+02
4.100000000000000000e+02
4.120000000000000000e+02
4.840000000000000000e+02
5.040000000000000000e+02
5.790000000000000000e+02
6.190000000000000000e+02
6.130000000000000000e+02
6.560000000000000000e+02
7.060000000000000000e+02
8.050000000000000000e+02
8.350000000000000000e+02
8.240000000000000000e+02
9.110000000000000000e+02
9.850000000000000000e+02
1.035000000000000000e+03
1.099000000000000000e+03
1.035000000000000000e+03
1.159000000000000000e+03
1.228000000000000000e+03
1.245000000000000000e+03
1.347000000000000000e+03
1.390000000000000000e+03
1.424000000000000000e+03
1.486000000000000000e+03
1.521000000000000000e+03
1.552000000000000000e+03
1.612000000000000000e+03
1.672000000000000000e+03
1.768000000000000000e+03
1.698000000000000000e+03
1.805000000000000000e+03
1.878000000000000000e+03
1.863000000000000000e+03
1.940000000000000000e+03
2.037000000000000000e+03
2.060000000000000000e+03
2.030000000000000000e+03
2.133000000000000000e+03
2.155000000000000000e+03
2.197000000000000000e+03
2.271000000000000000e+03
2.244000000000000000e+03
2.357000000000000000e+03
2.400000000000000000e+03
2.363000000000000000e+03
2.548000000000000000e+03
2.475000000000000000e+03
2.443000000000000000e+03
2.554000000000000000e+03
2.505000000000000000e+03
2.620000000000000000e+03
2.535000000000000000e+03
2.558000000000000000e+03
2.649000000000000000e+03
2.538000000000000000e+03
2.589000000000000000e+03
2.601000000000000000e+03
2.556000000000000000e+03
2.597000000000000000e+03
2.624000000000000000e+03
2.610000000000000000e+03
2.630000000000000000e+03
2.647000000000000000e+03
2.610000000000000000e+03
2.472000000000000000e+03
2.464000000000000000e+03
2.455000000000000000e+03
2.465000000000000000e+03
2.386000000000000000e+03
2.450000000000000000e+03
2.354000000000000000e+03
2.328000000000000000e+03
2.334000000000000000e+03
2.221000000000000000e+03
2.185000000000000000e+03
2.057000000000000000e+03
1.959000000000000000e+03
1.980000000000000000e+03
1.876000000000000000e+03
1.809000000000000000e+03
1.818000000000000000e+03
1.609000000000000000e+03
1.649000000000000000e+03
1.621000000000000000e+03
1.423000000000000000e+03
1.489000000000000000e+03
1.425000000000000000e+03
1.228000000000000000e+03
1.259000000000000000e+03
1.159000000000000000e+03
1.057000000000000000e+03
1.013000000000000000e+03
9.880000000000000000e+02
8.770000000000000000e+02
8.120000000000000000e+02
8.210000000000000000e+02
7.390000000000000000e+02
7.050000000000000000e+02
6.530000000000000000e+02
6.370000000000000000e+02
5.300000000000000000e+02
5.440000000000000000e+02
4.960000000000000000e+02
4.830000000000000000e+02
4.210000000000000000e+02
3.870000000000000000e+02
3.570000000000000000e+02
3.400000000000000000e+02
3.200000000000000000e+02
2.740000000000000000e+02
2.830000000000000000e+02
2.680000000000000000e+02
2.400000000000000000e+02
2.310000000000000000e+02
1.820000000000000000e+02
1.710000000000000000e+02
1.880000000000000000e+02
1.560000000000000000e+02
1.390000000000000000e+02
1.290000000000000000e+02
1.250000000000000000e+02
1.230000000000000000e+02
1.080000000000000000e+02
1.110000000000000000e+02
7.900000000000000000e+01
7.000000000000000000e+01
6.900000000000000000e+01
5.500000000000000000e+01
5.000000000000000000e+01
4.300000000000000000e+01
2.700000000000000000e+01
4.000000000000000000e+01
3.400000000000000000e+01
3.200000000000000000e+01
2.100000000000000000e+01
3.100000000000000000e+01
2.600000000000000000e+01
1.600000000000000000e+01
2.300000000000000000e+01
1.200000000000000000e+01
1.900000000000000000e+01
1.500000000000000000e+01
1.500000000000000000e+01
8.000000000000000000e+00
1.300000000000000000e+01
7.000000000000000000e+00
1.100000000000000000e+01
9.000000000000000000e+00
5.000000000000000000e+00
7.000000000000000000e+00
6.000000000000000000e+00
4.000000000000000000e+00
6.000000000000000000e+00
3.000000000000000000e+00
2.700000000000000000e+01
4.750000000000000000e+02
1.290000000000000000e+02
1.460000000000000000e+02
1.270000000000000000e+02
1.270000000000000000e+02
1.260000000000000000e+02
1.200000000000000000e+02
1.160000000000000000e+02
9.400000000000000000e+01
1.090000000000000000e+02
9.600000000000000000e+01
6.600000000000000000e+01
6.800000000000000000e+01
9.000000000000000000e+01
6.400000000000000000e+01
6.500000000000000000e+01
5.300000000000000000e+01
6.700000000000000000e+01
5.800000000000000000e+01
6.800000000000000000e+01
6.100000000000000000e+01
6.000000000000000000e+01
6.700000000000000000e+01
6.500000000000000000e+01
6.500000000000000000e+01
7.500000000000000000e+01
7.100000000000000000e+01
6.000000000000000000e+01
8.100000000000000000e+01
7.200000000000000000e+01
7.900000000000000000e+01
7.800000000000000000e+01
8.600000000000000000e+01
8.000000000000000000e+01
7.500000000000000000e+01
7.000000000000000000e+01
8.700000000000000000e+01
9.200000000000000000e+01
9.000000000000000000e+01
9.000000000000000000e+01
8.900000000000000000e+01
9.800000000000000000e+01
1.000000000000000000e+02
9.000000000000000000e+01
8.500000000000000000e+01
9.400000000000000000e+01
9.100000000000000000e+01
1.060000000000000000e+02
1.060000000000000000e+02
1.030000000000000000e+02
9.600000000000000000e+01
9.800000000000000000e+01
9.900000000000000000e+01
1.160000000000000000e+02
9.600000000000000000e+01
1.100000000000000000e+02
1.280000000000000000e+02
1.220000000000000000e+02
1.090000000000000000e+02
1.290000000000000000e+02
1.420000000000000000e+02
1.540000000000000000e+02
1.260000000000000000e+02
1.360000000000000000e+02
1.420000000000000000e+02
1.430000000000000000e+02
1.470000000000000000e+02
1.310000000000000000e+02
1.300000000000000000e+02
1.630000000000000000e+02
1.520000000000000000e+02
1.600000000000000000e+02
1.660000000000000000e+02
1.340000000000000000e+02
1.760000000000000000e+02
1.890000000000000000e+02
1.790000000000000000e+02
1.650000000000000000e+02
1.810000000000000000e+02
1.780000000000000000e+02
1.910000000000000000e+02
2.200000000000000000e+02
1.970000000000000000e+02
1.870000000000000000e+02
2.150000000000000000e+02
2.250000000000000000e+02
2.180000000000000000e+02
2.580000000000000000e+02
2.540000000000000000e+02
2.820000000000000000e+02
2.520000000000000000e+02
2.890000000000000000e+02
2.850000000000000000e+02
3.110000000000000000e+02
3.130000000000000000e+02
3.470000000000000000e+02
3.370000000000000000e+02
4.060000000000000000e+02
3.920000000000000000e+02
3.490000000000000000e+02
4.330000000000000000e+02
4.600000000000000000e+02
4.990000000000000000e+02
5.310000000000000000e+02
5.320000000000000000e+02
5.820000000000000000e+02
5.770000000000000000e+02
6.380000000000000000e+02
5.850000000000000000e+02
6.720000000000000000e+02
7.370000000000000000e+02
7.170000000000000000e+02
7.330000000000000000e+02
7.420000000000000000e+02
7.960000000000000000e+02
8.320000000000000000e+02
8.340000000000000000e+02
8.170000000000000000e+02
8.740000000000000000e+02
8.570000000000000000e+02
8.900000000000000000e+02
9.070000000000000000e+02
9.040000000000000000e+02
9.490000000000000000e+02
9.590000000000000000e+02
1.016000000000000000e+03
1.042000000000000000e+03
1.049000000000000000e+03
1.171000000000000000e+03
1.109000000000000000e+03
1.171000000000000000e+03
1.222000000000000000e+03
1.227000000000000000e+03
1.206000000000000000e+03
1.324000000000000000e+03
1.394000000000000000e+03
1.406000000000000000e+03
1.494000000000000000e+03
1.499000000000000000e+03
1.493000000000000000e+03
1.633000000000000000e+03
1.638000000000000000e+03
1.667000000000000000e+03
1.782000000000000000e+03
1.777000000000000000e+03
1.798000000000000000e+03
1.889000000000000000e+03
1.865000000000000000e+03
1.991000000000000000e+03
2.048000000000000000e+03
2.159000000000000000e+03
2.046000000000000000e+03
2.192000000000000000e+03
2.235000000000000000e+03
2.263000000000000000e+03
2.359000000000000000e+03
2.337000000000000000e+03
2.343000000000000000e+03
2.435000000000000000e+03
2.428000000000000000e+03
2.523000000000000000e+03
2.557000000000000000e+03
2.498000000000000000e+03
2.569000000000000000e+03
2.602000000000000000e+03
2.539000000000000000e+03
2.609000000000000000e+03
2.627000000000000000e+03
2.646000000000000000e+03
2.648000000000000000e+03
2.735000000000000000e+03
2.827000000000000000e+03
2.674000000000000000e+03
2.817000000000000000e+03
2.706000000000000000e+03
2.798000000000000000e+03
2.823000000000000000e+03
2.705000000000000000e+03
2.646000000000000000e+03
2.629000000000000000e+03
2.679000000000000000e+03
2.526000000000000000e+03
2.630000000000000000e+03
2.512000000000000000e+03
2.464000000000000000e+03
2.439000000000000000e+03
2.352000000000000000e+03
2.279000000000000000e+03
2.282000000000000000e+03
2.147000000000000000e+03
2.034000000000000000e+03
2.027000000000000000e+03
1.889000000000000000e+03
1.779000000000000000e+03
1.720000000000000000e+03
1.607000000000000000e+03
1.541000000000000000e+03
1.413000000000000000e+03
1.339000000000000000e+03
1.171000000000000000e+03
1.126000000000000000e+03
1.100000000000000000e+03
1.049000000000000000e+03
9.580000000000000000e+02
8.880000000000000000e+02
8.200000000000000000e+02
7.980000000000000000e+02
7.410000000000000000e+02
6.540000000000000000e+02
6.050000000000000000e+02
5.880000000000000000e+02
5.530000000000000000e+02
4.500000000000000000e+02
4.570000000000000000e+02
3.850000000000000000e+02
3.680000000000000000e+02
3.600000000000000000e+02
3.330000000000000000e+02
2.930000000000000000e+02
2.800000000000000000e+02
2.540000000000000000e+02
2.360000000000000000e+02
2.320000000000000000e+02
1.940000000000000000e+02
1.640000000000000000e+02
1.400000000000000000e+02
1.300000000000000000e+02
1.060000000000000000e+02
1.090000000000000000e+02
1.050000000000000000e+02
8.300000000000000000e+01
8.100000000000000000e+01
7.500000000000000000e+01
6.600000000000000000e+01
5.700000000000000000e+01
5.000000000000000000e+01
4.700000000000000000e+01
4.100000000000000000e+01
4.800000000000000000e+01
2.700000000000000000e+01
2.700000000000000000e+01
2.200000000000000000e+01
1.800000000000000000e+01
1.000000000000000000e+01
1.500000000000000000e+01
1.500000000000000000e+01
5.000000000000000000e+00
7.000000000000000000e+00
5.000000000000000000e+00
1.200000000000000000e+01
1.200000000000000000e+01
7.000000000000000000e+00
9.000000000000000000e+00
1.300000000000000000e+01
1.400000000000000000e+01
3.000000000000000000e+01
1.200000000000000000e+01
2.000000000000000000e+01
1.500000000000000000e+01
3.500000000000000000e+01
5.100000000000000000e+01
2.900000000000000000e+01
5.200000000000000000e+01
6.100000000000000000e+01
5.400000000000000000e+01
5.000000000000000000e+01
5.800000000000000000e+01
5.600000000000000000e+01
5.000000000000000000e+01
6.600000000000000000e+01
9.500000000000000000e+01
5.900000000000000000e+01
1.010000000000000000e+02
7.900000000000000000e+01
7.100000000000000000e+01
7.900000000000000000e+01
8.200000000000000000e+01
7.600000000000000000e+01
7.900000000000000000e+01
8.300000000000000000e+01
6.800000000000000000e+01
7.100000000000000000e+01
7.400000000000000000e+01
6.400000000000000000e+01
8.100000000000000000e+01
7.900000000000000000e+01
5.600000000000000000e+01
5.500000000000000000e+01
7.000000000000000000e+01
6.100000000000000000e+01
5.800000000000000000e+01
6.400000000000000000e+01
4.900000000000000000e+01
6.600000000000000000e+01
7.400000000000000000e+01
6.800000000000000000e+01
7.200000000000000000e+01
6.900000000000000000e+01
8.000000000000000000e+01
7.000000000000000000e+01
8.100000000000000000e+01
6.100000000000000000e+01
7.600000000000000000e+01
6.600000000000000000e+01
7.400000000000000000e+01
8.500000000000000000e+01
8.200000000000000000e+01
8.900000000000000000e+01
8.600000000000000000e+01
8.400000000000000000e+01
8.300000000000000000e+01
8.500000000000000000e+01
7.900000000000000000e+01
9.900000000000000000e+01
9.900000000000000000e+01
1.020000000000000000e+02
1.020000000000000000e+02
9.700000000000000000e+01
1.000000000000000000e+02
9.400000000000000000e+01
8.700000000000000000e+01
8.000000000000000000e+01
9.200000000000000000e+01
1.190000000000000000e+02
1.120000000000000000e+02
1.080000000000000000e+02
1.260000000000000000e+02
1.420000000000000000e+02
1.510000000000000000e+02
1.330000000000000000e+02
1.270000000000000000e+02
1.280000000000000000e+02
1.560000000000000000e+02
1.770000000000000000e+02
1.850000000000000000e+02
1.660000000000000000e+02
2.040000000000000000e+02
2.040000000000000000e+02
2.150000000000000000e+02
2.510000000000000000e+02
2.750000000000000000e+02
2.640000000000000000e+02
2.710000000000000000e+02
2.770000000000000000e+02
3.490000000000000000e+02
3.480000000000000000e+02
3.560000000000000000e+02
4.020000000000000000e+02
4.300000000000000000e+02
4.290000000000000000e+02
4.930000000000000000e+02
4.910000000000000000e+02
5.130000000000000000e+02
5.320000000000000000e+02
5.480000000000000000e+02
5.670000000000000000e+02
5.200000000000000000e+02
5.790000000000000000e+02
5.830000000000000000e+02
5.970000000000000000e+02
6.440000000000000000e+02
6.670000000000000000e+02
6.860000000000000000e+02
7.080000000000000000e+02
7.090000000000000000e+02
7.020000000000000000e+02
7.660000000000000000e+02
7.810000000000000000e+02
7.440000000000000000e+02
8.370000000000000000e+02
8.130000000000000000e+02
8.460000000000000000e+02
9.300000000000000000e+02
9.270000000000000000e+02
9.690000000000000000e+02
9.390000000000000000e+02
1.027000000000000000e+03
9.600000000000000000e+02
1.103000000000000000e+03
1.097000000000000000e+03
1.102000000000000000e+03
1.126000000000000000e+03
1.125000000000000000e+03
1.256000000000000000e+03
1.282000000000000000e+03
1.266000000000000000e+03
1.273000000000000000e+03
1.350000000000000000e+03
1.436000000000000000e+03
1.362000000000000000e+03
1.484000000000000000e+03
1.413000000000000000e+03
1.491000000000000000e+03
1.669000000000000000e+03
1.595000000000000000e+03
1.657000000000000000e+03
1.710000000000000000e+03
1.720000000000000000e+03
1.753000000000000000e+03
1.787000000000000000e+03
1.830000000000000000e+03
1.852000000000000000e+03
1.976000000000000000e+03
1.965000000000000000e+03
1.985000000000000000e+03
2.032000000000000000e+03
2.057000000000000000e+03
2.020000000000000000e+03
2.136000000000000000e+03
2.158000000000000000e+03
2.217000000000000000e+03
2.264000000000000000e+03
2.194000000000000000e+03
2.271000000000000000e+03
2.331000000000000000e+03
2.250000000000000000e+03
2.327000000000000000e+03
2.361000000000000000e+03
2.490000000000000000e+03
2.488000000000000000e+03
2.465000000000000000e+03
2.415000000000000000e+03
2.398000000000000000e+03
2.466000000000000000e+03
2.469000000000000000e+03
2.500000000000000000e+03
2.559000000000000000e+03
2.593000000000000000e+03
2.426000000000000000e+03
2.429000000000000000e+03
2.576000000000000000e+03
2.507000000000000000e+03
2.431000000000000000e+03
2.461000000000000000e+03
2.550000000000000000e+03
2.482000000000000000e+03
2.438000000000000000e+03
2.397000000000000000e+03
2.360000000000000000e+03
2.368000000000000000e+03
2.304000000000000000e+03
2.239000000000000000e+03
2.201000000000000000e+03
2.246000000000000000e+03
2.155000000000000000e+03
2.080000000000000000e+03
2.050000000000000000e+03
1.987000000000000000e+03
1.944000000000000000e+03
1.807000000000000000e+03
1.766000000000000000e+03
1.643000000000000000e+03
1.502000000000000000e+03
1.495000000000000000e+03
1.383000000000000000e+03
1.257000000000000000e+03
1.219000000000000000e+03
1.195000000000000000e+03
1.138000000000000000e+03
1.036000000000000000e+03
9.490000000000000000e+02
9.260000000000000000e+02
8.240000000000000000e+02
7.810000000000000000e+02
7.010000000000000000e+02
6.370000000000000000e+02
6.290000000000000000e+02
6.220000000000000000e+02
5.230000000000000000e+02
4.960000000000000000e+02
4.850000000000000000e+02
4.390000000000000000e+02
3.470000000000000000e+02
3.910000000000000000e+02
3.590000000000000000e+02
3.050000000000000000e+02
2.860000000000000000e+02
2.580000000000000000e+02
2.390000000000000000e+02
2.290000000000000000e+02
1.830000000000000000e+02
1.880000000000000000e+02
1.530000000000000000e+02
1.500000000000000000e+02
1.240000000000000000e+02
1.220000000000000000e+02
1.020000000000000000e+02
8.600000000000000000e+01
7.900000000000000000e+01
7.500000000000000000e+01
6.300000000000000000e+01
6.500000000000000000e+01
6.200000000000000000e+01
6.700000000000000000e+01
5.500000000000000000e+01
4.200000000000000000e+01
2.900000000000000000e+01
2.900000000000000000e+01
3.400000000000000000e+01
1.300000000000000000e+01
1.800000000000000000e+01
2.100000000000000000e+01
1.900000000000000000e+01
6.000000000000000000e+00
1.300000000000000000e+01
1.200000000000000000e+01
1.000000000000000000e+01
1.800000000000000000e+01
1.500000000000000000e+01
1.100000000000000000e+01
1.200000000000000000e+01
7.200000000000000000e+01
