0.000000000000000000e+00
0.000000000000000000e+00
0.000000000000000000e+00
0.000000000000000000e+00
0.000000000000000000e+00
0.000000000000000000e+00
0.000000000000000000e+00
0.000000000000000000e+00
0.000000000000000000e+00
0.000000000000000000e+00
0.000000000000000000e+00
2.000000000000000000e+00
0.000000000000000000e+00
1.000000000000000000e+00
0.000000000000000000e+00
2.000000000000000000e+00
2.000000000000000000e+00
2.000000000000000000e+00
3.000000000000000000e+00
8.000000000000000000e+00
4.000000000000000000e+00
1.000000000000000000e+01
1.500000000000000000e+01
2.200000000000000000e+01
3.000000000000000000e+01
3.000000000000000000e+01
4.600000000000000000e+01
5.400000000000000000e+01
7.400000000000000000e+01
1.090000000000000000e+02
1.700000000000000000e+02
1.810000000000000000e+02
2.470000000000000000e+02
3.600000000000000000e+02
3.500000000000000000e+02
3.760000000000000000e+02
3.990000000000000000e+02
4.620000000000000000e+02
4.610000000000000000e+02
4.570000000000000000e+02
4.750000000000000000e+02
4.250000000000000000e+02
4.550000000000000000e+02
4.640000000000000000e+02
3.960000000000000000e+02
3.540000000000000000e+02
3.710000000000000000e+02
2.920000000000000000e+02
3.120000000000000000e+02
2.810000000000000000e+02
2.630000000000000000e+02
2.570000000000000000e+02
2.390000000000000000e+02
2.560000000000000000e+02
1.840000000000000000e+02
1.970000000000000000e+02
1.860000000000000000e+02
2.090000000000000000e+02
1.870000000000000000e+02
1.750000000000000000e+02
2.270000000000000000e+02
2.190000000000000000e+02
2.430000000000000000e+02
3.160000000000000000e+02
3.460000000000000000e+02
3.230000000000000000e+02
2.750000000000000000e+02
2.820000000000000000e+02
2.240000000000000000e+02
1.950000000000000000e+02
1.740000000000000000e+02
1.780000000000000000e+02
1.630000000000000000e+02
1.520000000000000000e+02
1.640000000000000000e+02
1.200000000000000000e+02
1.360000000000000000e+02
1.230000000000000000e+02
1.190000000000000000e+02
1.080000000000000000e+02
1.330000000000000000e+02
1.100000000000000000e+02
1.150000000000000000e+02
1.060000000000000000e+02
9.800000000000000000e+01
9.700000000000000000e+01
1.270000000000000000e+02
1.140000000000000000e+02
1.110000000000000000e+02
1.080000000000000000e+02
1.050000000000000000e+02
1.140000000000000000e+02
1.210000000000000000e+02
1.110000000000000000e+02
1.040000000000000000e+02
1.050000000000000000e+02
1.030000000000000000e+02
9.400000000000000000e+01
1.000000000000000000e+02
9.600000000000000000e+01
1.120000000000000000e+02
8.100000000000000000e+01
8.500000000000000000e+01
1.060000000000000000e+02
1.080000000000000000e+02
1.060000000000000000e+02
9.900000000000000000e+01
9.300000000000000000e+01
1.090000000000000000e+02
1.210000000000000000e+02
9.900000000000000000e+01
1.020000000000000000e+02
1.260000000000000000e+02
1.020000000000000000e+02
1.160000000000000000e+02
1.170000000000000000e+02
1.400000000000000000e+02
1.100000000000000000e+02
1.140000000000000000e+02
9.500000000000000000e+01
1.200000000000000000e+02
1.110000000000000000e+02
1.180000000000000000e+02
1.170000000000000000e+02
1.060000000000000000e+02
1.270000000000000000e+02
1.190000000000000000e+02
9.700000000000000000e+01
1.150000000000000000e+02
1.060000000000000000e+02
1.210000000000000000e+02
9.600000000000000000e+01
1.170000000000000000e+02
1.370000000000000000e+02
1.410000000000000000e+02
1.390000000000000000e+02
1.360000000000000000e+02
1.360000000000000000e+02
1.490000000000000000e+02
1.780000000000000000e+02
1.910000000000000000e+02
1.960000000000000000e+02
2.640000000000000000e+02
2.560000000000000000e+02
3.210000000000000000e+02
3.220000000000000000e+02
3.810000000000000000e+02
3.660000000000000000e+02
3.260000000000000000e+02
3.360000000000000000e+02
3.380000000000000000e+02
3.600000000000000000e+02
3.410000000000000000e+02
3.380000000000000000e+02
3.480000000000000000e+02
3.310000000000000000e+02
3.580000000000000000e+02
3.660000000000000000e+02
4.130000000000000000e+02
4.540000000000000000e+02
4.620000000000000000e+02
5.720000000000000000e+02
5.920000000000000000e+02
8.060000000000000000e+02
9.750000000000000000e+02
1.218000000000000000e+03
1.701000000000000000e+03
2.260000000000000000e+03
2.769000000000000000e+03
3.647000000000000000e+03
4.242000000000000000e+03
5.436000000000000000e+03
6.735000000000000000e+03
8.409000000000000000e+03
1.149700000000000000e+04
1.594800000000000000e+04
1.812100000000000000e+04
1.762300000000000000e+04
1.416900000000000000e+04
1.111500000000000000e+04
8.563000000000000000e+03
7.050000000000000000e+03
5.915000000000000000e+03
4.776000000000000000e+03
2.932000000000000000e+03
1.576000000000000000e+03
6.390000000000000000e+02
2.180000000000000000e+02
7.100000000000000000e+01
3.300000000000000000e+01
1.700000000000000000e+01
1.400000000000000000e+01
1.500000000000000000e+01
8.000000000000000000e+00
6.000000000000000000e+00
3.000000000000000000e+00
2.000000000000000000e+00
5.000000000000000000e+00
4.000000000000000000e+00
3.000000000000000000e+00
1.000000000000000000e+00
1.000000000000000000e+00
1.000000000000000000e+00
0.000000000000000000e+00
1.000000000000000000e+00
1.000000000000000000e+00
1.000000000000000000e+00
0.000000000000000000e+00
0.000000000000000000e+00
0.000000000000000000e+00
0.000000000000000000e+00
0.000000000000000000e+00
0.000000000000000000e+00
0.000000000000000000e+00
0.000000000000000000e+00
0.000000000000000000e+00
0.000000000000000000e+00
0.000000000000000000e+00
0.000000000000000000e+00
0.000000000000000000e+00
0.000000000000000000e+00
0.000000000000000000e+00
0.000000000000000000e+00
0.000000000000000000e+00
0.000000000000000000e+00
0.000000000000000000e+00
0.000000000000000000e+00
0.000000000000000000e+00
0.000000000000000000e+00
0.000000000000000000e+00
0.000000000000000000e+00
0.000000000000000000e+00
0.000000000000000000e+00
0.000000000000000000e+00
0.000000000000000000e+00
0.000000000000000000e+00
0.000000000000000000e+00
0.000000000000000000e+00
0.000000000000000000e+00
0.000000000000000000e+00
0.000000000000000000e+00
0.000000000000000000e+00
0.000000000000000000e+00
0.000000000000000000e+00
0.000000000000000000e+00
0.000000000000000000e+00
0.000000000000000000e+00
0.000000000000000000e+00
0.000000000000000000e+00
0.000000000000000000e+00
0.000000000000000000e+00
0.000000000000000000e+00
0.000000000000000000e+00
0.000000000000000000e+00
0.000000000000000000e+00
0.000000000000000000e+00
0.000000000000000000e+00
0.000000000000000000e+00
0.000000000000000000e+00
0.000000000000000000e+00
0.000000000000000000e+00
0.000000000000000000e+00
0.000000000000000000e+00
0.000000000000000000e+00
0.000000000000000000e+00
0.000000000000000000e+00
0.000000000000000000e+00
0.000000000000000000e+00
0.000000000000000000e+00
0.000000000000000000e+00
0.000000000000000000e+00
0.000000000000000000e+00
0.000000000000000000e+00
0.000000000000000000e+00
0.000000000000000000e+00
1.000000000000000000e+00
3.000000000000000000e+00
1.000000000000000000e+00
1.000000000000000000e+00
2.000000000000000000e+00
0.000000000000000000e+00
4.000000000000000000e+00
6.000000000000000000e+00
2.000000000000000000e+00
4.000000000000000000e+00
9.000000000000000000e+00
1.200000000000000000e+01
1.700000000000000000e+01
3.300000000000000000e+01
4.400000000000000000e+01
6.000000000000000000e+01
8.500000000000000000e+01
1.220000000000000000e+02
1.760000000000000000e+02
2.160000000000000000e+02
2.820000000000000000e+02
3.730000000000000000e+02
3.330000000000000000e+02
3.790000000000000000e+02
3.700000000000000000e+02
3.530000000000000000e+02
3.960000000000000000e+02
4.180000000000000000e+02
3.730000000000000000e+02
3.490000000000000000e+02
3.530000000000000000e+02
3.340000000000000000e+02
3.370000000000000000e+02
3.210000000000000000e+02
2.980000000000000000e+02
3.110000000000000000e+02
2.990000000000000000e+02
2.880000000000000000e+02
2.600000000000000000e+02
2.540000000000000000e+02
2.660000000000000000e+02
2.520000000000000000e+02
2.750000000000000000e+02
2.670000000000000000e+02
3.240000000000000000e+02
3.650000000000000000e+02
4.140000000000000000e+02
3.940000000000000000e+02
3.770000000000000000e+02
3.010000000000000000e+02
2.870000000000000000e+02
2.220000000000000000e+02
2.110000000000000000e+02
2.300000000000000000e+02
1.810000000000000000e+02
1.820000000000000000e+02
1.740000000000000000e+02
1.610000000000000000e+02
1.570000000000000000e+02
1.400000000000000000e+02
1.340000000000000000e+02
1.540000000000000000e+02
1.660000000000000000e+02
1.370000000000000000e+02
1.320000000000000000e+02
1.200000000000000000e+02
1.160000000000000000e+02
1.270000000000000000e+02
1.150000000000000000e+02
1.250000000000000000e+02
1.200000000000000000e+02
1.090000000000000000e+02
1.070000000000000000e+02
1.140000000000000000e+02
1.250000000000000000e+02
1.260000000000000000e+02
1.260000000000000000e+02
1.190000000000000000e+02
1.000000000000000000e+02
1.270000000000000000e+02
1.180000000000000000e+02
1.070000000000000000e+02
1.070000000000000000e+02
9.000000000000000000e+01
1.080000000000000000e+02
8.000000000000000000e+01
1.180000000000000000e+02
9.900000000000000000e+01
9.500000000000000000e+01
1.070000000000000000e+02
1.060000000000000000e+02
1.080000000000000000e+02
1.210000000000000000e+02
1.090000000000000000e+02
1.050000000000000000e+02
1.200000000000000000e+02
1.220000000000000000e+02
1.150000000000000000e+02
1.110000000000000000e+02
1.020000000000000000e+02
1.060000000000000000e+02
9.600000000000000000e+01
1.210000000000000000e+02
1.000000000000000000e+02
1.170000000000000000e+02
1.410000000000000000e+02
1.270000000000000000e+02
1.100000000000000000e+02
1.240000000000000000e+02
1.110000000000000000e+02
9.500000000000000000e+01
1.040000000000000000e+02
1.050000000000000000e+02
1.100000000000000000e+02
1.250000000000000000e+02
1.280000000000000000e+02
1.210000000000000000e+02
1.100000000000000000e+02
1.030000000000000000e+02
1.250000000000000000e+02
1.250000000000000000e+02
1.400000000000000000e+02
1.310000000000000000e+02
1.080000000000000000e+02
1.460000000000000000e+02
1.530000000000000000e+02
1.340000000000000000e+02
1.630000000000000000e+02
1.690000000000000000e+02
1.970000000000000000e+02
2.100000000000000000e+02
2.610000000000000000e+02
2.830000000000000000e+02
2.820000000000000000e+02
3.720000000000000000e+02
3.340000000000000000e+02
3.840000000000000000e+02
4.000000000000000000e+02
3.770000000000000000e+02
3.460000000000000000e+02
3.720000000000000000e+02
3.210000000000000000e+02
3.580000000000000000e+02
3.500000000000000000e+02
3.930000000000000000e+02
3.820000000000000000e+02
4.170000000000000000e+02
4.120000000000000000e+02
4.220000000000000000e+02
4.470000000000000000e+02
5.140000000000000000e+02
5.590000000000000000e+02
6.450000000000000000e+02
7.950000000000000000e+02
1.014000000000000000e+03
1.454000000000000000e+03
2.489000000000000000e+03
3.889000000000000000e+03
5.556000000000000000e+03
7.688000000000000000e+03
9.684000000000000000e+03
1.299000000000000000e+04
1.634200000000000000e+04
1.983700000000000000e+04
2.092200000000000000e+04
1.660000000000000000e+04
1.118400000000000000e+04
8.266000000000000000e+03
6.542000000000000000e+03
5.139000000000000000e+03
3.465000000000000000e+03
2.019000000000000000e+03
1.000000000000000000e+03
4.100000000000000000e+02
1.620000000000000000e+02
4.900000000000000000e+01
3.100000000000000000e+01
2.000000000000000000e+01
1.600000000000000000e+01
1.000000000000000000e+01
4.000000000000000000e+00
4.000000000000000000e+00
6.000000000000000000e+00
3.000000000000000000e+00
7.000000000000000000e+00
4.000000000000000000e+00
2.000000000000000000e+00
0.000000000000000000e+00
1.000000000000000000e+00
1.000000000000000000e+00
1.000000000000000000e+00
1.000000000000000000e+00
0.000000000000000000e+00
0.000000000000000000e+00
0.000000000000000000e+00
1.000000000000000000e+00
0.000000000000000000e+00
0.000000000000000000e+00
0.000000000000000000e+00
0.000000000000000000e+00
0.000000000000000000e+00
0.000000000000000000e+00
0.000000000000000000e+00
0.000000000000000000e+00
0.000000000000000000e+00
0.000000000000000000e+00
0.000000000000000000e+00
0.000000000000000000e+00
0.000000000000000000e+00
0.000000000000000000e+00
0.000000000000000000e+00
0.000000000000000000e+00
0.000000000000000000e+00
0.000000000000000000e+00
0.000000000000000000e+00
0.000000000000000000e+00
0.000000000000000000e+00
0.000000000000000000e+00
0.000000000000000000e+00
0.000000000000000000e+00
0.000000000000000000e+00
0.000000000000000000e+00
0.000000000000000000e+00
0.000000000000000000e+00
0.000000000000000000e+00
0.000000000000000000e+00
0.000000000000000000e+00
0.000000000000000000e+00
0.000000000000000000e+00
0.000000000000000000e+00
0.000000000000000000e+00
0.000000000000000000e+00
0.000000000000000000e+00
0.000000000000000000e+00
0.000000000000000000e+00
0.000000000000000000e+00
0.000000000000000000e+00
0.000000000000000000e+00
0.000000000000000000e+00
0.000000000000000000e+00
0.000000000000000000e+00
0.000000000000000000e+00
0.000000000000000000e+00
0.000000000000000000e+00
0.000000000000000000e+00
0.000000000000000000e+00
0.000000000000000000e+00
0.000000000000000000e+00
0.000000000000000000e+00
0.000000000000000000e+00
0.000000000000000000e+00
0.000000000000000000e+00
0.000000000000000000e+00
0.000000000000000000e+00
0.000000000000000000e+00
0.000000000000000000e+00
0.000000000000000000e+00
0.000000000000000000e+00
0.000000000000000000e+00
0.000000000000000000e+00
1.000000000000000000e+00
0.000000000000000000e+00
0.000000000000000000e+00
3.000000000000000000e+00
3.000000000000000000e+00
4.000000000000000000e+00
0.000000000000000000e+00
4.000000000000000000e+00
6.000000000000000000e+00
4.000000000000000000e+00
6.000000000000000000e+00
1.900000000000000000e+01
2.500000000000000000e+01
4.200000000000000000e+01
7.400000000000000000e+01
9.500000000000000000e+01
1.150000000000000000e+02
1.140000000000000000e+02
1.420000000000000000e+02
1.600000000000000000e+02
1.890000000000000000e+02
1.720000000000000000e+02
1.900000000000000000e+02
1.940000000000000000e+02
1.960000000000000000e+02
2.070000000000000000e+02
2.150000000000000000e+02
2.220000000000000000e+02
2.410000000000000000e+02
2.110000000000000000e+02
2.140000000000000000e+02
2.370000000000000000e+02
2.310000000000000000e+02
2.140000000000000000e+02
2.080000000000000000e+02
2.220000000000000000e+02
2.160000000000000000e+02
1.770000000000000000e+02
2.390000000000000000e+02
2.190000000000000000e+02
2.410000000000000000e+02
2.460000000000000000e+02
2.870000000000000000e+02
2.860000000000000000e+02
3.140000000000000000e+02
3.120000000000000000e+02
3.900000000000000000e+02
3.720000000000000000e+02
3.960000000000000000e+02
3.680000000000000000e+02
3.200000000000000000e+02
3.300000000000000000e+02
2.630000000000000000e+02
2.370000000000000000e+02
2.460000000000000000e+02
2.400000000000000000e+02
2.130000000000000000e+02
2.100000000000000000e+02
2.240000000000000000e+02
2.320000000000000000e+02
2.220000000000000000e+02
1.920000000000000000e+02
1.930000000000000000e+02
1.980000000000000000e+02
1.960000000000000000e+02
1.850000000000000000e+02
1.860000000000000000e+02
1.960000000000000000e+02
2.000000000000000000e+02
2.080000000000000000e+02
1.640000000000000000e+02
2.020000000000000000e+02
1.730000000000000000e+02
1.890000000000000000e+02
1.500000000000000000e+02
1.520000000000000000e+02
1.710000000000000000e+02
1.550000000000000000e+02
1.480000000000000000e+02
1.610000000000000000e+02
1.430000000000000000e+02
1.490000000000000000e+02
1.420000000000000000e+02
1.610000000000000000e+02
1.260000000000000000e+02
1.300000000000000000e+02
1.350000000000000000e+02
1.470000000000000000e+02
1.530000000000000000e+02
1.270000000000000000e+02
1.480000000000000000e+02
1.490000000000000000e+02
1.210000000000000000e+02
1.560000000000000000e+02
1.600000000000000000e+02
1.620000000000000000e+02
1.290000000000000000e+02
1.240000000000000000e+02
1.520000000000000000e+02
1.280000000000000000e+02
1.360000000000000000e+02
1.470000000000000000e+02
1.170000000000000000e+02
1.170000000000000000e+02
1.150000000000000000e+02
1.120000000000000000e+02
1.410000000000000000e+02
1.180000000000000000e+02
1.190000000000000000e+02
1.300000000000000000e+02
1.180000000000000000e+02
1.230000000000000000e+02
1.240000000000000000e+02
1.150000000000000000e+02
1.060000000000000000e+02
1.600000000000000000e+02
1.380000000000000000e+02
1.160000000000000000e+02
1.210000000000000000e+02
1.430000000000000000e+02
1.640000000000000000e+02
1.510000000000000000e+02
1.910000000000000000e+02
1.630000000000000000e+02
1.800000000000000000e+02
1.940000000000000000e+02
2.210000000000000000e+02
2.500000000000000000e+02
2.840000000000000000e+02
2.790000000000000000e+02
3.430000000000000000e+02
3.590000000000000000e+02
3.370000000000000000e+02
3.680000000000000000e+02
3.520000000000000000e+02
3.420000000000000000e+02
3.370000000000000000e+02
3.340000000000000000e+02
3.250000000000000000e+02
3.490000000000000000e+02
3.330000000000000000e+02
3.670000000000000000e+02
3.490000000000000000e+02
3.950000000000000000e+02
3.770000000000000000e+02
3.740000000000000000e+02
4.450000000000000000e+02
4.370000000000000000e+02
4.500000000000000000e+02
5.720000000000000000e+02
6.470000000000000000e+02
7.670000000000000000e+02
1.034000000000000000e+03
1.511000000000000000e+03
2.128000000000000000e+03
3.508000000000000000e+03
5.219000000000000000e+03
7.195000000000000000e+03
1.013500000000000000e+04
1.249500000000000000e+04
1.472300000000000000e+04
1.564400000000000000e+04
1.628100000000000000e+04
1.601400000000000000e+04
1.458400000000000000e+04
1.127100000000000000e+04
8.384000000000000000e+03
5.838000000000000000e+03
4.173000000000000000e+03
2.935000000000000000e+03
1.829000000000000000e+03
9.120000000000000000e+02
4.100000000000000000e+02
1.670000000000000000e+02
7.000000000000000000e+01
5.500000000000000000e+01
3.600000000000000000e+01
2.900000000000000000e+01
3.200000000000000000e+01
2.000000000000000000e+01
1.600000000000000000e+01
1.500000000000000000e+01
7.000000000000000000e+00
4.000000000000000000e+00
3.000000000000000000e+00
1.200000000000000000e+01
2.000000000000000000e+00
5.000000000000000000e+00
2.000000000000000000e+00
1.000000000000000000e+00
3.000000000000000000e+00
0.000000000000000000e+00
0.000000000000000000e+00
1.000000000000000000e+00
0.000000000000000000e+00
2.000000000000000000e+00
1.000000000000000000e+00
0.000000000000000000e+00
0.000000000000000000e+00
0.000000000000000000e+00
0.000000000000000000e+00
0.000000000000000000e+00
0.000000000000000000e+00
0.000000000000000000e+00
0.000000000000000000e+00
0.000000000000000000e+00
0.000000000000000000e+00
1.000000000000000000e+00
0.000000000000000000e+00
0.000000000000000000e+00
0.000000000000000000e+00
0.000000000000000000e+00
0.000000000000000000e+00
0.000000000000000000e+00
0.000000000000000000e+00
0.000000000000000000e+00
0.000000000000000000e+00
0.000000000000000000e+00
0.000000000000000000e+00
0.000000000000000000e+00
0.000000000000000000e+00
0.000000000000000000e+00
0.000000000000000000e+00
0.000000000000000000e+00
0.000000000000000000e+00
0.000000000000000000e+00
0.000000000000000000e+00
0.000000000000000000e+00
0.000000000000000000e+00
0.000000000000000000e+00
0.000000000000000000e+00
0.000000000000000000e+00
0.000000000000000000e+00
