1.859000000000000000e+03
8.190000000000000000e+02
1.008000000000000000e+03
1.167000000000000000e+03
1.218000000000000000e+03
1.510000000000000000e+03
2.371000000000000000e+03
2.641000000000000000e+03
1.784000000000000000e+03
1.245000000000000000e+03
1.019000000000000000e+03
8.660000000000000000e+02
7.900000000000000000e+02
7.460000000000000000e+02
7.040000000000000000e+02
6.800000000000000000e+02
6.900000000000000000e+02
6.860000000000000000e+02
7.340000000000000000e+02
8.370000000000000000e+02
8.310000000000000000e+02
9.030000000000000000e+02
1.012000000000000000e+03
1.137000000000000000e+03
1.377000000000000000e+03
1.674000000000000000e+03
1.854000000000000000e+03
2.107000000000000000e+03
2.361000000000000000e+03
2.609000000000000000e+03
2.776000000000000000e+03
3.011000000000000000e+03
3.178000000000000000e+03
3.156000000000000000e+03
3.057000000000000000e+03
3.049000000000000000e+03
3.014000000000000000e+03
3.172000000000000000e+03
2.986000000000000000e+03
3.059000000000000000e+03
2.938000000000000000e+03
2.791000000000000000e+03
2.620000000000000000e+03
2.506000000000000000e+03
2.291000000000000000e+03
2.019000000000000000e+03
1.762000000000000000e+03
1.676000000000000000e+03
1.512000000000000000e+03
1.429000000000000000e+03
1.297000000000000000e+03
1.322000000000000000e+03
1.175000000000000000e+03
1.159000000000000000e+03
1.110000000000000000e+03
9.960000000000000000e+02
9.940000000000000000e+02
9.000000000000000000e+02
8.560000000000000000e+02
8.400000000000000000e+02
7.720000000000000000e+02
7.180000000000000000e+02
6.570000000000000000e+02
6.330000000000000000e+02
6.170000000000000000e+02
5.810000000000000000e+02
5.470000000000000000e+02
5.150000000000000000e+02
4.870000000000000000e+02
4.710000000000000000e+02
4.920000000000000000e+02
4.720000000000000000e+02
4.270000000000000000e+02
4.210000000000000000e+02
4.380000000000000000e+02
4.170000000000000000e+02
4.160000000000000000e+02
3.980000000000000000e+02
4.300000000000000000e+02
3.800000000000000000e+02
3.780000000000000000e+02
3.840000000000000000e+02
3.750000000000000000e+02
3.810000000000000000e+02
3.690000000000000000e+02
3.910000000000000000e+02
3.570000000000000000e+02
3.570000000000000000e+02
3.970000000000000000e+02
4.700000000000000000e+02
4.550000000000000000e+02
5.400000000000000000e+02
5.960000000000000000e+02
6.730000000000000000e+02
6.820000000000000000e+02
6.910000000000000000e+02
6.930000000000000000e+02
7.280000000000000000e+02
6.820000000000000000e+02
7.880000000000000000e+02
8.590000000000000000e+02
1.024000000000000000e+03
9.770000000000000000e+02
1.050000000000000000e+03
1.011000000000000000e+03
8.970000000000000000e+02
9.110000000000000000e+02
8.480000000000000000e+02
8.400000000000000000e+02
8.870000000000000000e+02
8.140000000000000000e+02
8.460000000000000000e+02
8.190000000000000000e+02
8.400000000000000000e+02
7.890000000000000000e+02
8.800000000000000000e+02
8.170000000000000000e+02
7.880000000000000000e+02
7.670000000000000000e+02
6.970000000000000000e+02
6.310000000000000000e+02
5.430000000000000000e+02
4.630000000000000000e+02
4.650000000000000000e+02
4.260000000000000000e+02
3.670000000000000000e+02
3.220000000000000000e+02
3.300000000000000000e+02
2.540000000000000000e+02
2.450000000000000000e+02
2.380000000000000000e+02
2.180000000000000000e+02
1.910000000000000000e+02
2.160000000000000000e+02
2.020000000000000000e+02
1.620000000000000000e+02
1.650000000000000000e+02
1.580000000000000000e+02
1.400000000000000000e+02
1.270000000000000000e+02
1.120000000000000000e+02
1.090000000000000000e+02
1.000000000000000000e+02
1.090000000000000000e+02
9.800000000000000000e+01
9.700000000000000000e+01
9.800000000000000000e+01
8.300000000000000000e+01
9.400000000000000000e+01
8.000000000000000000e+01
7.100000000000000000e+01
5.600000000000000000e+01
7.100000000000000000e+01
6.900000000000000000e+01
6.900000000000000000e+01
5.000000000000000000e+01
3.900000000000000000e+01
6.000000000000000000e+01
4.000000000000000000e+01
4.300000000000000000e+01
5.100000000000000000e+01
3.600000000000000000e+01
3.300000000000000000e+01
3.600000000000000000e+01
3.500000000000000000e+01
3.100000000000000000e+01
3.100000000000000000e+01
2.800000000000000000e+01
2.600000000000000000e+01
2.700000000000000000e+01
3.400000000000000000e+01
2.500000000000000000e+01
2.000000000000000000e+01
4.100000000000000000e+01
2.300000000000000000e+01
2.200000000000000000e+01
1.900000000000000000e+01
1.800000000000000000e+01
2.000000000000000000e+01
2.500000000000000000e+01
2.100000000000000000e+01
3.000000000000000000e+01
1.900000000000000000e+01
1.800000000000000000e+01
6.700000000000000000e+01
7.100000000000000000e+01
7.400000000000000000e+01
9.500000000000000000e+01
1.920000000000000000e+02
2.220000000000000000e+02
2.570000000000000000e+02
3.620000000000000000e+02
4.210000000000000000e+02
5.450000000000000000e+02
7.700000000000000000e+02
6.780000000000000000e+02
7.300000000000000000e+02
7.920000000000000000e+02
8.300000000000000000e+02
6.410000000000000000e+02
6.490000000000000000e+02
7.600000000000000000e+02
7.500000000000000000e+02
7.130000000000000000e+02
6.560000000000000000e+02
5.980000000000000000e+02
7.140000000000000000e+02
5.960000000000000000e+02
5.010000000000000000e+02
4.410000000000000000e+02
3.050000000000000000e+02
3.430000000000000000e+02
3.190000000000000000e+02
2.600000000000000000e+02
2.720000000000000000e+02
2.600000000000000000e+02
2.000000000000000000e+02
2.140000000000000000e+02
1.560000000000000000e+02
1.410000000000000000e+02
8.700000000000000000e+01
1.360000000000000000e+02
1.480000000000000000e+02
2.830000000000000000e+02
2.560000000000000000e+02
1.150000000000000000e+02
1.780000000000000000e+02
1.410000000000000000e+02
1.970000000000000000e+02
1.290000000000000000e+02
2.200000000000000000e+02
2.130000000000000000e+02
1.950000000000000000e+02
7.400000000000000000e+01
1.060000000000000000e+02
4.400000000000000000e+01
4.000000000000000000e+00
5.000000000000000000e+00
5.000000000000000000e+00
7.000000000000000000e+00
3.000000000000000000e+00
6.000000000000000000e+00
2.000000000000000000e+00
3.000000000000000000e+00
2.000000000000000000e+00
1.000000000000000000e+00
2.000000000000000000e+00
0.000000000000000000e+00
2.000000000000000000e+00
0.000000000000000000e+00
1.000000000000000000e+00
0.000000000000000000e+00
0.000000000000000000e+00
0.000000000000000000e+00
0.000000000000000000e+00
0.000000000000000000e+00
7.700000000000000000e+01
8.400000000000000000e+01
7.600000000000000000e+01
9.600000000000000000e+01
2.210000000000000000e+02
3.550000000000000000e+02
5.960000000000000000e+02
7.820000000000000000e+02
8.750000000000000000e+02
8.350000000000000000e+02
7.790000000000000000e+02
7.650000000000000000e+02
9.980000000000000000e+02
1.531000000000000000e+03
2.383000000000000000e+03
2.251000000000000000e+03
1.378000000000000000e+03
9.840000000000000000e+02
7.980000000000000000e+02
7.250000000000000000e+02
7.430000000000000000e+02
6.520000000000000000e+02
5.740000000000000000e+02
6.660000000000000000e+02
5.740000000000000000e+02
5.750000000000000000e+02
5.310000000000000000e+02
5.500000000000000000e+02
6.110000000000000000e+02
5.690000000000000000e+02
6.420000000000000000e+02
6.720000000000000000e+02
6.700000000000000000e+02
7.330000000000000000e+02
8.240000000000000000e+02
8.440000000000000000e+02
1.051000000000000000e+03
1.177000000000000000e+03
1.363000000000000000e+03
1.626000000000000000e+03
1.827000000000000000e+03
2.075000000000000000e+03
2.234000000000000000e+03
2.529000000000000000e+03
2.684000000000000000e+03
2.765000000000000000e+03
2.766000000000000000e+03
2.755000000000000000e+03
2.557000000000000000e+03
2.684000000000000000e+03
2.656000000000000000e+03
2.576000000000000000e+03
2.664000000000000000e+03
2.708000000000000000e+03
2.567000000000000000e+03
2.446000000000000000e+03
2.197000000000000000e+03
1.972000000000000000e+03
1.706000000000000000e+03
1.539000000000000000e+03
1.358000000000000000e+03
1.297000000000000000e+03
1.242000000000000000e+03
1.255000000000000000e+03
1.139000000000000000e+03
1.075000000000000000e+03
1.081000000000000000e+03
1.014000000000000000e+03
1.049000000000000000e+03
9.460000000000000000e+02
9.790000000000000000e+02
9.310000000000000000e+02
8.450000000000000000e+02
8.000000000000000000e+02
8.710000000000000000e+02
8.370000000000000000e+02
7.840000000000000000e+02
7.640000000000000000e+02
7.130000000000000000e+02
8.100000000000000000e+02
7.520000000000000000e+02
7.890000000000000000e+02
6.790000000000000000e+02
6.920000000000000000e+02
6.210000000000000000e+02
6.090000000000000000e+02
6.260000000000000000e+02
5.960000000000000000e+02
5.270000000000000000e+02
5.230000000000000000e+02
5.220000000000000000e+02
5.210000000000000000e+02
4.490000000000000000e+02
5.130000000000000000e+02
4.440000000000000000e+02
4.000000000000000000e+02
3.950000000000000000e+02
3.630000000000000000e+02
3.590000000000000000e+02
3.460000000000000000e+02
3.340000000000000000e+02
3.450000000000000000e+02
3.140000000000000000e+02
3.090000000000000000e+02
2.970000000000000000e+02
3.080000000000000000e+02
2.760000000000000000e+02
2.990000000000000000e+02
2.920000000000000000e+02
2.720000000000000000e+02
2.930000000000000000e+02
2.920000000000000000e+02
2.810000000000000000e+02
2.830000000000000000e+02
2.560000000000000000e+02
2.680000000000000000e+02
2.750000000000000000e+02
2.540000000000000000e+02
2.650000000000000000e+02
2.620000000000000000e+02
2.690000000000000000e+02
2.870000000000000000e+02
3.090000000000000000e+02
3.170000000000000000e+02
3.170000000000000000e+02
4.100000000000000000e+02
4.910000000000000000e+02
5.610000000000000000e+02
6.190000000000000000e+02
7.360000000000000000e+02
7.190000000000000000e+02
7.180000000000000000e+02
6.830000000000000000e+02
7.100000000000000000e+02
7.530000000000000000e+02
8.360000000000000000e+02
9.450000000000000000e+02
1.067000000000000000e+03
1.103000000000000000e+03
1.073000000000000000e+03
1.028000000000000000e+03
9.600000000000000000e+02
9.780000000000000000e+02
1.119000000000000000e+03
1.128000000000000000e+03
1.092000000000000000e+03
1.062000000000000000e+03
9.710000000000000000e+02
9.370000000000000000e+02
8.640000000000000000e+02
6.440000000000000000e+02
6.080000000000000000e+02
5.660000000000000000e+02
5.040000000000000000e+02
4.440000000000000000e+02
4.150000000000000000e+02
3.820000000000000000e+02
2.960000000000000000e+02
3.080000000000000000e+02
2.850000000000000000e+02
2.240000000000000000e+02
2.180000000000000000e+02
2.440000000000000000e+02
1.950000000000000000e+02
2.030000000000000000e+02
1.710000000000000000e+02
1.600000000000000000e+02
1.590000000000000000e+02
1.390000000000000000e+02
1.420000000000000000e+02
1.120000000000000000e+02
1.230000000000000000e+02
1.070000000000000000e+02
8.500000000000000000e+01
9.800000000000000000e+01
7.400000000000000000e+01
9.500000000000000000e+01
8.800000000000000000e+01
8.800000000000000000e+01
7.600000000000000000e+01
7.900000000000000000e+01
6.800000000000000000e+01
7.800000000000000000e+01
6.200000000000000000e+01
5.500000000000000000e+01
6.100000000000000000e+01
6.000000000000000000e+01
4.800000000000000000e+01
5.300000000000000000e+01
4.500000000000000000e+01
4.300000000000000000e+01
4.200000000000000000e+01
4.100000000000000000e+01
3.800000000000000000e+01
3.000000000000000000e+01
3.700000000000000000e+01
3.500000000000000000e+01
2.700000000000000000e+01
2.300000000000000000e+01
2.900000000000000000e+01
2.800000000000000000e+01
2.900000000000000000e+01
2.400000000000000000e+01
2.700000000000000000e+01
2.100000000000000000e+01
3.800000000000000000e+01
1.900000000000000000e+01
2.500000000000000000e+01
2.100000000000000000e+01
2.200000000000000000e+01
2.500000000000000000e+01
2.400000000000000000e+01
1.600000000000000000e+01
2.900000000000000000e+01
2.400000000000000000e+01
2.000000000000000000e+01
1.600000000000000000e+01
3.300000000000000000e+01
3.800000000000000000e+01
5.800000000000000000e+01
9.900000000000000000e+01
1.590000000000000000e+02
2.410000000000000000e+02
2.270000000000000000e+02
2.910000000000000000e+02
4.480000000000000000e+02
5.090000000000000000e+02
7.340000000000000000e+02
7.980000000000000000e+02
8.160000000000000000e+02
1.031000000000000000e+03
1.034000000000000000e+03
1.031000000000000000e+03
1.198000000000000000e+03
1.242000000000000000e+03
1.310000000000000000e+03
1.026000000000000000e+03
9.020000000000000000e+02
7.530000000000000000e+02
5.800000000000000000e+02
5.790000000000000000e+02
4.820000000000000000e+02
5.420000000000000000e+02
4.450000000000000000e+02
5.010000000000000000e+02
4.150000000000000000e+02
3.330000000000000000e+02
1.410000000000000000e+02
1.900000000000000000e+01
2.000000000000000000e+00
5.000000000000000000e+00
4.000000000000000000e+00
5.000000000000000000e+00
3.000000000000000000e+00
5.000000000000000000e+00
1.700000000000000000e+01
3.100000000000000000e+01
4.300000000000000000e+01
8.400000000000000000e+01
1.620000000000000000e+02
2.970000000000000000e+02
5.250000000000000000e+02
6.180000000000000000e+02
6.770000000000000000e+02
6.040000000000000000e+02
6.630000000000000000e+02
5.640000000000000000e+02
6.800000000000000000e+02
7.970000000000000000e+02
1.109000000000000000e+03
1.906000000000000000e+03
1.963000000000000000e+03
1.356000000000000000e+03
1.125000000000000000e+03
8.810000000000000000e+02
7.250000000000000000e+02
6.440000000000000000e+02
5.840000000000000000e+02
5.380000000000000000e+02
5.290000000000000000e+02
4.790000000000000000e+02
4.730000000000000000e+02
4.480000000000000000e+02
4.370000000000000000e+02
4.190000000000000000e+02
4.150000000000000000e+02
4.100000000000000000e+02
4.410000000000000000e+02
4.350000000000000000e+02
3.790000000000000000e+02
4.380000000000000000e+02
4.390000000000000000e+02
4.140000000000000000e+02
4.070000000000000000e+02
4.320000000000000000e+02
4.030000000000000000e+02
4.810000000000000000e+02
5.050000000000000000e+02
5.700000000000000000e+02
5.280000000000000000e+02
5.700000000000000000e+02
6.170000000000000000e+02
6.250000000000000000e+02
6.730000000000000000e+02
7.220000000000000000e+02
7.950000000000000000e+02
8.690000000000000000e+02
9.690000000000000000e+02
1.048000000000000000e+03
1.163000000000000000e+03
1.311000000000000000e+03
1.482000000000000000e+03
1.595000000000000000e+03
1.827000000000000000e+03
2.016000000000000000e+03
2.094000000000000000e+03
2.199000000000000000e+03
2.309000000000000000e+03
2.254000000000000000e+03
2.385000000000000000e+03
2.270000000000000000e+03
2.198000000000000000e+03
2.124000000000000000e+03
2.114000000000000000e+03
2.092000000000000000e+03
2.092000000000000000e+03
2.120000000000000000e+03
2.017000000000000000e+03
1.855000000000000000e+03
1.829000000000000000e+03
1.840000000000000000e+03
1.692000000000000000e+03
1.623000000000000000e+03
1.540000000000000000e+03
1.318000000000000000e+03
1.273000000000000000e+03
1.101000000000000000e+03
1.052000000000000000e+03
9.520000000000000000e+02
8.930000000000000000e+02
8.730000000000000000e+02
8.900000000000000000e+02
8.410000000000000000e+02
7.520000000000000000e+02
7.530000000000000000e+02
7.590000000000000000e+02
7.100000000000000000e+02
7.280000000000000000e+02
6.910000000000000000e+02
7.010000000000000000e+02
6.830000000000000000e+02
7.080000000000000000e+02
6.630000000000000000e+02
6.250000000000000000e+02
6.040000000000000000e+02
5.980000000000000000e+02
6.190000000000000000e+02
6.100000000000000000e+02
6.020000000000000000e+02
6.530000000000000000e+02
6.530000000000000000e+02
6.670000000000000000e+02
6.710000000000000000e+02
6.580000000000000000e+02
6.550000000000000000e+02
5.410000000000000000e+02
5.050000000000000000e+02
5.520000000000000000e+02
5.250000000000000000e+02
4.930000000000000000e+02
4.540000000000000000e+02
4.510000000000000000e+02
4.460000000000000000e+02
4.330000000000000000e+02
4.130000000000000000e+02
3.730000000000000000e+02
3.560000000000000000e+02
3.350000000000000000e+02
3.360000000000000000e+02
3.220000000000000000e+02
3.140000000000000000e+02
3.180000000000000000e+02
2.590000000000000000e+02
2.730000000000000000e+02
2.750000000000000000e+02
2.840000000000000000e+02
2.860000000000000000e+02
2.600000000000000000e+02
2.890000000000000000e+02
2.640000000000000000e+02
2.810000000000000000e+02
2.500000000000000000e+02
2.640000000000000000e+02
2.520000000000000000e+02
2.460000000000000000e+02
2.740000000000000000e+02
2.660000000000000000e+02
2.470000000000000000e+02
2.650000000000000000e+02
2.390000000000000000e+02
2.410000000000000000e+02
2.310000000000000000e+02
2.410000000000000000e+02
2.360000000000000000e+02
2.340000000000000000e+02
2.600000000000000000e+02
2.480000000000000000e+02
2.640000000000000000e+02
2.950000000000000000e+02
3.500000000000000000e+02
3.980000000000000000e+02
4.910000000000000000e+02
5.010000000000000000e+02
6.360000000000000000e+02
6.770000000000000000e+02
7.450000000000000000e+02
7.560000000000000000e+02
6.570000000000000000e+02
6.340000000000000000e+02
6.760000000000000000e+02
7.400000000000000000e+02
7.940000000000000000e+02
9.440000000000000000e+02
1.037000000000000000e+03
1.058000000000000000e+03
1.092000000000000000e+03
1.101000000000000000e+03
1.055000000000000000e+03
1.145000000000000000e+03
1.170000000000000000e+03
1.194000000000000000e+03
1.151000000000000000e+03
9.920000000000000000e+02
8.830000000000000000e+02
8.160000000000000000e+02
6.550000000000000000e+02
5.770000000000000000e+02
5.660000000000000000e+02
4.720000000000000000e+02
4.090000000000000000e+02
3.490000000000000000e+02
3.360000000000000000e+02
2.930000000000000000e+02
2.790000000000000000e+02
2.620000000000000000e+02
2.350000000000000000e+02
2.100000000000000000e+02
2.030000000000000000e+02
1.620000000000000000e+02
1.610000000000000000e+02
1.430000000000000000e+02
1.470000000000000000e+02
1.260000000000000000e+02
1.000000000000000000e+02
1.120000000000000000e+02
9.600000000000000000e+01
8.400000000000000000e+01
7.400000000000000000e+01
9.500000000000000000e+01
7.500000000000000000e+01
5.900000000000000000e+01
7.200000000000000000e+01
5.600000000000000000e+01
6.200000000000000000e+01
4.800000000000000000e+01
5.800000000000000000e+01
5.200000000000000000e+01
4.900000000000000000e+01
4.000000000000000000e+01
4.700000000000000000e+01
3.700000000000000000e+01
3.700000000000000000e+01
4.700000000000000000e+01
4.500000000000000000e+01
4.500000000000000000e+01
3.000000000000000000e+01
3.200000000000000000e+01
2.800000000000000000e+01
2.700000000000000000e+01
4.500000000000000000e+01
6.400000000000000000e+01
4.600000000000000000e+01
1.010000000000000000e+02
9.000000000000000000e+01
1.440000000000000000e+02
1.580000000000000000e+02
2.700000000000000000e+02
3.440000000000000000e+02
3.890000000000000000e+02
4.990000000000000000e+02
7.090000000000000000e+02
9.480000000000000000e+02
1.346000000000000000e+03
1.454000000000000000e+03
1.713000000000000000e+03
1.522000000000000000e+03
1.492000000000000000e+03
1.285000000000000000e+03
1.028000000000000000e+03
7.860000000000000000e+02
6.030000000000000000e+02
5.310000000000000000e+02
4.790000000000000000e+02
4.370000000000000000e+02
4.620000000000000000e+02
4.190000000000000000e+02
5.600000000000000000e+02
1.670000000000000000e+02
8.000000000000000000e+01
2.100000000000000000e+01
1.400000000000000000e+01
4.200000000000000000e+01
