1.840000000000000000e+02
1.750000000000000000e+02
3.360000000000000000e+02
5.620000000000000000e+02
5.600000000000000000e+02
5.510000000000000000e+02
5.000000000000000000e+02
4.270000000000000000e+02
4.550000000000000000e+02
4.790000000000000000e+02
4.720000000000000000e+02
4.970000000000000000e+02
5.650000000000000000e+02
5.740000000000000000e+02
6.360000000000000000e+02
6.260000000000000000e+02
6.400000000000000000e+02
6.540000000000000000e+02
6.310000000000000000e+02
6.050000000000000000e+02
6.030000000000000000e+02
6.710000000000000000e+02
6.710000000000000000e+02
6.670000000000000000e+02
6.720000000000000000e+02
6.930000000000000000e+02
9.300000000000000000e+02
1.274000000000000000e+03
1.644000000000000000e+03
2.083000000000000000e+03
2.188000000000000000e+03
2.788000000000000000e+03
3.045000000000000000e+03
3.799000000000000000e+03
5.009000000000000000e+03
5.983000000000000000e+03
6.399000000000000000e+03
7.237000000000000000e+03
7.603000000000000000e+03
8.971000000000000000e+03
8.753000000000000000e+03
9.116000000000000000e+03
7.850000000000000000e+03
7.005000000000000000e+03
6.496000000000000000e+03
5.974000000000000000e+03
6.010000000000000000e+03
5.437000000000000000e+03
5.225000000000000000e+03
5.346000000000000000e+03
5.019000000000000000e+03
5.052000000000000000e+03
3.926000000000000000e+03
3.704000000000000000e+03
3.258000000000000000e+03
3.057000000000000000e+03
2.649000000000000000e+03
2.072000000000000000e+03
1.890000000000000000e+03
1.598000000000000000e+03
1.422000000000000000e+03
1.137000000000000000e+03
9.940000000000000000e+02
8.060000000000000000e+02
6.380000000000000000e+02
6.090000000000000000e+02
5.040000000000000000e+02
4.340000000000000000e+02
4.230000000000000000e+02
4.330000000000000000e+02
3.700000000000000000e+02
3.810000000000000000e+02
3.720000000000000000e+02
3.270000000000000000e+02
2.820000000000000000e+02
2.870000000000000000e+02
3.050000000000000000e+02
2.980000000000000000e+02
2.960000000000000000e+02
2.450000000000000000e+02
2.710000000000000000e+02
2.350000000000000000e+02
2.030000000000000000e+02
2.010000000000000000e+02
2.230000000000000000e+02
1.760000000000000000e+02
1.900000000000000000e+02
1.930000000000000000e+02
1.780000000000000000e+02
1.560000000000000000e+02
1.460000000000000000e+02
1.360000000000000000e+02
1.480000000000000000e+02
1.330000000000000000e+02
1.220000000000000000e+02
1.090000000000000000e+02
1.190000000000000000e+02
1.080000000000000000e+02
9.100000000000000000e+01
8.500000000000000000e+01
8.200000000000000000e+01
9.500000000000000000e+01
7.300000000000000000e+01
7.000000000000000000e+01
5.800000000000000000e+01
5.200000000000000000e+01
6.300000000000000000e+01
5.200000000000000000e+01
4.700000000000000000e+01
3.700000000000000000e+01
4.500000000000000000e+01
4.700000000000000000e+01
3.100000000000000000e+01
3.200000000000000000e+01
1.800000000000000000e+01
2.400000000000000000e+01
2.200000000000000000e+01
1.700000000000000000e+01
1.800000000000000000e+01
1.400000000000000000e+01
2.000000000000000000e+01
1.100000000000000000e+01
1.300000000000000000e+01
1.100000000000000000e+01
1.400000000000000000e+01
2.000000000000000000e+01
6.000000000000000000e+00
1.400000000000000000e+01
9.000000000000000000e+00
7.000000000000000000e+00
1.000000000000000000e+01
6.000000000000000000e+00
8.000000000000000000e+00
2.000000000000000000e+00
7.000000000000000000e+00
5.000000000000000000e+00
2.000000000000000000e+00
9.000000000000000000e+00
5.000000000000000000e+00
4.000000000000000000e+00
4.000000000000000000e+00
6.000000000000000000e+00
2.000000000000000000e+00
4.000000000000000000e+00
3.000000000000000000e+00
1.000000000000000000e+00
4.000000000000000000e+00
1.000000000000000000e+00
5.000000000000000000e+00
3.000000000000000000e+00
4.000000000000000000e+00
2.000000000000000000e+00
4.000000000000000000e+00
7.000000000000000000e+00
1.000000000000000000e+00
2.000000000000000000e+00
1.000000000000000000e+00
1.000000000000000000e+00
3.000000000000000000e+00
4.000000000000000000e+00
0.000000000000000000e+00
4.000000000000000000e+00
5.000000000000000000e+00
4.000000000000000000e+00
3.000000000000000000e+00
2.000000000000000000e+00
4.000000000000000000e+00
5.000000000000000000e+00
0.000000000000000000e+00
3.000000000000000000e+00
2.000000000000000000e+00
4.000000000000000000e+00
2.000000000000000000e+00
2.000000000000000000e+00
2.000000000000000000e+00
5.000000000000000000e+00
3.000000000000000000e+00
2.000000000000000000e+00
2.000000000000000000e+00
0.000000000000000000e+00
1.000000000000000000e+00
0.000000000000000000e+00
2.000000000000000000e+00
1.000000000000000000e+00
1.000000000000000000e+00
0.000000000000000000e+00
0.000000000000000000e+00
2.000000000000000000e+00
0.000000000000000000e+00
0.000000000000000000e+00
3.000000000000000000e+00
1.000000000000000000e+00
1.000000000000000000e+00
1.000000000000000000e+00
1.000000000000000000e+00
0.000000000000000000e+00
0.000000000000000000e+00
0.000000000000000000e+00
1.000000000000000000e+00
0.000000000000000000e+00
0.000000000000000000e+00
2.000000000000000000e+00
0.000000000000000000e+00
1.000000000000000000e+00
0.000000000000000000e+00
1.000000000000000000e+00
1.000000000000000000e+00
0.000000000000000000e+00
0.000000000000000000e+00
0.000000000000000000e+00
1.000000000000000000e+00
0.000000000000000000e+00
0.000000000000000000e+00
0.000000000000000000e+00
1.000000000000000000e+00
0.000000000000000000e+00
0.000000000000000000e+00
0.000000000000000000e+00
0.000000000000000000e+00
0.000000000000000000e+00
0.000000000000000000e+00
0.000000000000000000e+00
0.000000000000000000e+00
0.000000000000000000e+00
0.000000000000000000e+00
0.000000000000000000e+00
0.000000000000000000e+00
0.000000000000000000e+00
0.000000000000000000e+00
0.000000000000000000e+00
0.000000000000000000e+00
0.000000000000000000e+00
0.000000000000000000e+00
0.000000000000000000e+00
0.000000000000000000e+00
0.000000000000000000e+00
0.000000000000000000e+00
0.000000000000000000e+00
0.000000000000000000e+00
0.000000000000000000e+00
0.000000000000000000e+00
0.000000000000000000e+00
0.000000000000000000e+00
0.000000000000000000e+00
0.000000000000000000e+00
0.000000000000000000e+00
0.000000000000000000e+00
0.000000000000000000e+00
0.000000000000000000e+00
0.000000000000000000e+00
0.000000000000000000e+00
0.000000000000000000e+00
0.000000000000000000e+00
0.000000000000000000e+00
0.000000000000000000e+00
0.000000000000000000e+00
1.600000000000000000e+01
7.000000000000000000e+00
1.300000000000000000e+01
1.200000000000000000e+01
4.000000000000000000e+01
2.300000000000000000e+02
2.720000000000000000e+02
3.420000000000000000e+02
4.220000000000000000e+02
3.990000000000000000e+02
3.750000000000000000e+02
3.650000000000000000e+02
3.590000000000000000e+02
3.860000000000000000e+02
3.720000000000000000e+02
4.130000000000000000e+02
4.520000000000000000e+02
4.570000000000000000e+02
4.470000000000000000e+02
5.330000000000000000e+02
5.410000000000000000e+02
4.930000000000000000e+02
4.980000000000000000e+02
4.930000000000000000e+02
4.930000000000000000e+02
4.100000000000000000e+02
4.540000000000000000e+02
4.070000000000000000e+02
4.260000000000000000e+02
4.620000000000000000e+02
4.250000000000000000e+02
4.530000000000000000e+02
4.950000000000000000e+02
4.860000000000000000e+02
5.650000000000000000e+02
6.200000000000000000e+02
7.840000000000000000e+02
9.910000000000000000e+02
1.390000000000000000e+03
1.502000000000000000e+03
1.651000000000000000e+03
2.069000000000000000e+03
2.206000000000000000e+03
2.773000000000000000e+03
3.501000000000000000e+03
4.205000000000000000e+03
4.398000000000000000e+03
5.018000000000000000e+03
5.927000000000000000e+03
6.435000000000000000e+03
7.058000000000000000e+03
7.905000000000000000e+03
8.529000000000000000e+03
8.487000000000000000e+03
6.993000000000000000e+03
6.185000000000000000e+03
5.570000000000000000e+03
5.984000000000000000e+03
5.572000000000000000e+03
5.288000000000000000e+03
5.461000000000000000e+03
5.574000000000000000e+03
5.341000000000000000e+03
4.883000000000000000e+03
4.053000000000000000e+03
4.055000000000000000e+03
3.194000000000000000e+03
2.726000000000000000e+03
2.410000000000000000e+03
2.123000000000000000e+03
1.781000000000000000e+03
1.644000000000000000e+03
1.353000000000000000e+03
1.081000000000000000e+03
1.027000000000000000e+03
9.000000000000000000e+02
7.820000000000000000e+02
6.780000000000000000e+02
5.310000000000000000e+02
4.530000000000000000e+02
3.950000000000000000e+02
4.230000000000000000e+02
3.790000000000000000e+02
3.790000000000000000e+02
3.880000000000000000e+02
3.910000000000000000e+02
3.700000000000000000e+02
2.850000000000000000e+02
3.330000000000000000e+02
3.180000000000000000e+02
3.000000000000000000e+02
2.930000000000000000e+02
2.940000000000000000e+02
3.000000000000000000e+02
3.030000000000000000e+02
2.800000000000000000e+02
2.530000000000000000e+02
2.660000000000000000e+02
2.830000000000000000e+02
2.530000000000000000e+02
2.520000000000000000e+02
2.540000000000000000e+02
2.470000000000000000e+02
2.540000000000000000e+02
2.390000000000000000e+02
2.400000000000000000e+02
2.510000000000000000e+02
2.120000000000000000e+02
2.490000000000000000e+02
1.960000000000000000e+02
2.090000000000000000e+02
2.310000000000000000e+02
2.150000000000000000e+02
1.690000000000000000e+02
1.760000000000000000e+02
1.580000000000000000e+02
1.820000000000000000e+02
1.700000000000000000e+02
1.560000000000000000e+02
1.550000000000000000e+02
1.360000000000000000e+02
1.610000000000000000e+02
1.460000000000000000e+02
1.300000000000000000e+02
1.100000000000000000e+02
1.180000000000000000e+02
1.030000000000000000e+02
1.090000000000000000e+02
1.190000000000000000e+02
1.020000000000000000e+02
8.400000000000000000e+01
8.400000000000000000e+01
8.800000000000000000e+01
7.800000000000000000e+01
7.100000000000000000e+01
7.100000000000000000e+01
8.500000000000000000e+01
6.700000000000000000e+01
6.200000000000000000e+01
5.900000000000000000e+01
4.600000000000000000e+01
3.800000000000000000e+01
3.900000000000000000e+01
3.900000000000000000e+01
4.000000000000000000e+01
4.100000000000000000e+01
2.200000000000000000e+01
4.500000000000000000e+01
2.100000000000000000e+01
2.700000000000000000e+01
1.500000000000000000e+01
2.700000000000000000e+01
1.000000000000000000e+01
8.000000000000000000e+00
2.200000000000000000e+01
1.000000000000000000e+01
1.300000000000000000e+01
1.000000000000000000e+01
1.500000000000000000e+01
1.100000000000000000e+01
5.000000000000000000e+00
1.100000000000000000e+01
7.000000000000000000e+00
4.000000000000000000e+00
5.000000000000000000e+00
1.100000000000000000e+01
8.000000000000000000e+00
3.000000000000000000e+00
4.000000000000000000e+00
6.000000000000000000e+00
7.000000000000000000e+00
3.000000000000000000e+00
7.000000000000000000e+00
2.000000000000000000e+00
6.000000000000000000e+00
2.000000000000000000e+00
2.000000000000000000e+00
1.000000000000000000e+00
6.000000000000000000e+00
7.000000000000000000e+00
3.000000000000000000e+00
4.000000000000000000e+00
2.000000000000000000e+00
4.000000000000000000e+00
1.000000000000000000e+00
3.000000000000000000e+00
2.000000000000000000e+00
1.000000000000000000e+00
1.000000000000000000e+00
2.000000000000000000e+00
3.000000000000000000e+00
3.000000000000000000e+00
2.000000000000000000e+00
1.000000000000000000e+00
1.000000000000000000e+00
1.000000000000000000e+00
1.000000000000000000e+00
0.000000000000000000e+00
0.000000000000000000e+00
5.000000000000000000e+00
2.000000000000000000e+00
4.000000000000000000e+00
1.000000000000000000e+00
0.000000000000000000e+00
0.000000000000000000e+00
3.000000000000000000e+00
3.000000000000000000e+00
2.000000000000000000e+00
1.000000000000000000e+00
3.000000000000000000e+00
2.000000000000000000e+00
5.000000000000000000e+00
3.000000000000000000e+00
1.000000000000000000e+00
5.000000000000000000e+00
1.000000000000000000e+00
3.000000000000000000e+00
3.000000000000000000e+00
1.000000000000000000e+00
4.000000000000000000e+00
1.000000000000000000e+00
2.000000000000000000e+00
1.000000000000000000e+00
1.000000000000000000e+00
2.000000000000000000e+00
1.000000000000000000e+00
0.000000000000000000e+00
1.000000000000000000e+00
0.000000000000000000e+00
2.000000000000000000e+00
1.000000000000000000e+00
0.000000000000000000e+00
1.000000000000000000e+00
0.000000000000000000e+00
1.000000000000000000e+00
1.000000000000000000e+00
0.000000000000000000e+00
1.000000000000000000e+00
1.000000000000000000e+00
0.000000000000000000e+00
0.000000000000000000e+00
0.000000000000000000e+00
1.000000000000000000e+00
0.000000000000000000e+00
0.000000000000000000e+00
0.000000000000000000e+00
0.000000000000000000e+00
0.000000000000000000e+00
1.000000000000000000e+00
0.000000000000000000e+00
0.000000000000000000e+00
0.000000000000000000e+00
0.000000000000000000e+00
0.000000000000000000e+00
0.000000000000000000e+00
0.000000000000000000e+00
0.000000000000000000e+00
0.000000000000000000e+00
0.000000000000000000e+00
0.000000000000000000e+00
0.000000000000000000e+00
0.000000000000000000e+00
0.000000000000000000e+00
0.000000000000000000e+00
0.000000000000000000e+00
0.000000000000000000e+00
0.000000000000000000e+00
0.000000000000000000e+00
0.000000000000000000e+00
0.000000000000000000e+00
0.000000000000000000e+00
0.000000000000000000e+00
0.000000000000000000e+00
0.000000000000000000e+00
0.000000000000000000e+00
0.000000000000000000e+00
1.000000000000000000e+00
1.000000000000000000e+00
1.200000000000000000e+01
1.500000000000000000e+01
1.400000000000000000e+01
1.900000000000000000e+01
2.400000000000000000e+01
3.100000000000000000e+01
2.400000000000000000e+01
1.400000000000000000e+01
3.900000000000000000e+01
3.200000000000000000e+01
3.700000000000000000e+01
1.320000000000000000e+02
9.400000000000000000e+01
1.270000000000000000e+02
1.520000000000000000e+02
1.500000000000000000e+02
1.270000000000000000e+02
1.020000000000000000e+02
7.100000000000000000e+01
1.290000000000000000e+02
1.190000000000000000e+02
1.050000000000000000e+02
8.100000000000000000e+01
1.170000000000000000e+02
1.150000000000000000e+02
1.180000000000000000e+02
1.080000000000000000e+02
1.220000000000000000e+02
9.400000000000000000e+01
1.040000000000000000e+02
1.090000000000000000e+02
8.100000000000000000e+01
9.200000000000000000e+01
1.140000000000000000e+02
8.300000000000000000e+01
1.000000000000000000e+02
9.300000000000000000e+01
1.170000000000000000e+02
1.150000000000000000e+02
1.240000000000000000e+02
1.260000000000000000e+02
1.230000000000000000e+02
1.080000000000000000e+02
1.380000000000000000e+02
1.410000000000000000e+02
1.290000000000000000e+02
1.430000000000000000e+02
1.660000000000000000e+02
1.570000000000000000e+02
1.690000000000000000e+02
1.710000000000000000e+02
1.620000000000000000e+02
1.770000000000000000e+02
1.860000000000000000e+02
1.930000000000000000e+02
1.660000000000000000e+02
2.160000000000000000e+02
1.930000000000000000e+02
1.920000000000000000e+02
1.610000000000000000e+02
1.890000000000000000e+02
2.100000000000000000e+02
2.240000000000000000e+02
2.140000000000000000e+02
1.870000000000000000e+02
2.220000000000000000e+02
2.080000000000000000e+02
2.070000000000000000e+02
1.860000000000000000e+02
2.250000000000000000e+02
2.230000000000000000e+02
2.190000000000000000e+02
1.880000000000000000e+02
2.190000000000000000e+02
2.190000000000000000e+02
2.250000000000000000e+02
1.910000000000000000e+02
2.280000000000000000e+02
2.320000000000000000e+02
1.960000000000000000e+02
2.200000000000000000e+02
1.970000000000000000e+02
2.620000000000000000e+02
2.020000000000000000e+02
2.130000000000000000e+02
2.150000000000000000e+02
2.390000000000000000e+02
2.380000000000000000e+02
2.200000000000000000e+02
2.150000000000000000e+02
2.640000000000000000e+02
2.330000000000000000e+02
2.320000000000000000e+02
2.300000000000000000e+02
2.700000000000000000e+02
2.610000000000000000e+02
2.430000000000000000e+02
2.510000000000000000e+02
2.470000000000000000e+02
2.290000000000000000e+02
2.790000000000000000e+02
2.260000000000000000e+02
2.270000000000000000e+02
2.570000000000000000e+02
2.380000000000000000e+02
2.480000000000000000e+02
2.530000000000000000e+02
2.620000000000000000e+02
2.780000000000000000e+02
2.690000000000000000e+02
2.500000000000000000e+02
2.640000000000000000e+02
2.690000000000000000e+02
3.110000000000000000e+02
2.980000000000000000e+02
2.730000000000000000e+02
2.840000000000000000e+02
2.840000000000000000e+02
3.360000000000000000e+02
3.490000000000000000e+02
3.500000000000000000e+02
3.540000000000000000e+02
3.780000000000000000e+02
3.590000000000000000e+02
3.560000000000000000e+02
3.780000000000000000e+02
3.530000000000000000e+02
3.600000000000000000e+02
3.690000000000000000e+02
4.040000000000000000e+02
4.260000000000000000e+02
4.400000000000000000e+02
4.760000000000000000e+02
4.710000000000000000e+02
4.780000000000000000e+02
5.370000000000000000e+02
5.510000000000000000e+02
5.910000000000000000e+02
5.250000000000000000e+02
5.530000000000000000e+02
6.250000000000000000e+02
5.800000000000000000e+02
5.660000000000000000e+02
6.220000000000000000e+02
5.740000000000000000e+02
7.400000000000000000e+02
8.700000000000000000e+02
1.096000000000000000e+03
1.118000000000000000e+03
1.316000000000000000e+03
1.670000000000000000e+03
1.706000000000000000e+03
2.261000000000000000e+03
2.819000000000000000e+03
2.999000000000000000e+03
3.273000000000000000e+03
3.625000000000000000e+03
4.257000000000000000e+03
4.260000000000000000e+03
4.393000000000000000e+03
4.777000000000000000e+03
4.912000000000000000e+03
5.376000000000000000e+03
5.433000000000000000e+03
5.841000000000000000e+03
5.570000000000000000e+03
5.207000000000000000e+03
5.223000000000000000e+03
5.231000000000000000e+03
5.569000000000000000e+03
5.278000000000000000e+03
5.686000000000000000e+03
5.743000000000000000e+03
5.010000000000000000e+03
5.090000000000000000e+03
5.137000000000000000e+03
4.767000000000000000e+03
4.715000000000000000e+03
4.643000000000000000e+03
4.266000000000000000e+03
3.990000000000000000e+03
3.390000000000000000e+03
2.589000000000000000e+03
2.018000000000000000e+03
1.184000000000000000e+03
3.590000000000000000e+02
2.300000000000000000e+02
1.590000000000000000e+02
1.230000000000000000e+02
9.700000000000000000e+01
9.000000000000000000e+01
6.500000000000000000e+01
6.900000000000000000e+01
5.800000000000000000e+01
5.100000000000000000e+01
4.200000000000000000e+01
3.400000000000000000e+01
2.900000000000000000e+01
3.600000000000000000e+01
2.900000000000000000e+01
2.200000000000000000e+01
3.100000000000000000e+01
2.300000000000000000e+01
2.500000000000000000e+01
1.600000000000000000e+01
1.300000000000000000e+01
1.700000000000000000e+01
1.100000000000000000e+01
1.400000000000000000e+01
5.000000000000000000e+00
8.000000000000000000e+00
1.200000000000000000e+01
7.000000000000000000e+00
8.000000000000000000e+00
1.300000000000000000e+01
6.000000000000000000e+00
6.000000000000000000e+00
6.000000000000000000e+00
4.000000000000000000e+00
4.000000000000000000e+00
2.000000000000000000e+00
4.000000000000000000e+00
3.000000000000000000e+00
2.000000000000000000e+00
2.000000000000000000e+00
2.000000000000000000e+00
0.000000000000000000e+00
4.000000000000000000e+00
0.000000000000000000e+00
4.000000000000000000e+00
3.000000000000000000e+00
0.000000000000000000e+00
0.000000000000000000e+00
5.000000000000000000e+00
