3.300000000000000000e+01
5.000000000000000000e+00
1.000000000000000000e+01
1.000000000000000000e+01
1.200000000000000000e+01
2.200000000000000000e+01
2.800000000000000000e+01
3.400000000000000000e+01
4.200000000000000000e+01
5.300000000000000000e+01
7.200000000000000000e+01
7.600000000000000000e+01
1.110000000000000000e+02
1.920000000000000000e+02
2.950000000000000000e+02
5.320000000000000000e+02
9.960000000000000000e+02
1.606000000000000000e+03
2.151000000000000000e+03
2.547000000000000000e+03
3.122000000000000000e+03
3.380000000000000000e+03
3.650000000000000000e+03
3.878000000000000000e+03
4.162000000000000000e+03
4.729000000000000000e+03
5.083000000000000000e+03
5.240000000000000000e+03
5.222000000000000000e+03
5.342000000000000000e+03
5.347000000000000000e+03
5.048000000000000000e+03
4.981000000000000000e+03
4.775000000000000000e+03
4.641000000000000000e+03
4.365000000000000000e+03
4.173000000000000000e+03
4.049000000000000000e+03
3.773000000000000000e+03
3.370000000000000000e+03
3.238000000000000000e+03
3.062000000000000000e+03
2.941000000000000000e+03
2.710000000000000000e+03
2.349000000000000000e+03
2.057000000000000000e+03
1.811000000000000000e+03
1.776000000000000000e+03
1.575000000000000000e+03
1.418000000000000000e+03
1.374000000000000000e+03
1.209000000000000000e+03
1.097000000000000000e+03
1.057000000000000000e+03
1.025000000000000000e+03
9.840000000000000000e+02
9.130000000000000000e+02
9.040000000000000000e+02
9.100000000000000000e+02
7.830000000000000000e+02
7.500000000000000000e+02
6.760000000000000000e+02
7.220000000000000000e+02
6.450000000000000000e+02
6.410000000000000000e+02
5.750000000000000000e+02
5.930000000000000000e+02
5.740000000000000000e+02
6.550000000000000000e+02
6.230000000000000000e+02
6.080000000000000000e+02
5.640000000000000000e+02
5.960000000000000000e+02
5.380000000000000000e+02
5.560000000000000000e+02
5.360000000000000000e+02
5.550000000000000000e+02
4.820000000000000000e+02
5.190000000000000000e+02
4.880000000000000000e+02
4.560000000000000000e+02
4.030000000000000000e+02
4.100000000000000000e+02
4.490000000000000000e+02
3.810000000000000000e+02
3.730000000000000000e+02
3.900000000000000000e+02
3.660000000000000000e+02
3.920000000000000000e+02
3.780000000000000000e+02
3.700000000000000000e+02
3.450000000000000000e+02
3.910000000000000000e+02
3.800000000000000000e+02
3.980000000000000000e+02
3.670000000000000000e+02
3.390000000000000000e+02
3.650000000000000000e+02
3.820000000000000000e+02
3.960000000000000000e+02
3.170000000000000000e+02
4.050000000000000000e+02
3.490000000000000000e+02
3.550000000000000000e+02
3.510000000000000000e+02
3.650000000000000000e+02
3.620000000000000000e+02
3.500000000000000000e+02
3.390000000000000000e+02
3.620000000000000000e+02
3.240000000000000000e+02
3.510000000000000000e+02
3.800000000000000000e+02
3.990000000000000000e+02
3.500000000000000000e+02
3.620000000000000000e+02
3.000000000000000000e+02
2.930000000000000000e+02
3.300000000000000000e+02
3.000000000000000000e+02
2.970000000000000000e+02
2.890000000000000000e+02
2.810000000000000000e+02
2.750000000000000000e+02
2.530000000000000000e+02
2.410000000000000000e+02
2.900000000000000000e+02
2.560000000000000000e+02
2.360000000000000000e+02
2.630000000000000000e+02
2.240000000000000000e+02
2.820000000000000000e+02
2.460000000000000000e+02
2.630000000000000000e+02
2.540000000000000000e+02
2.860000000000000000e+02
2.770000000000000000e+02
2.920000000000000000e+02
2.650000000000000000e+02
2.830000000000000000e+02
2.750000000000000000e+02
2.940000000000000000e+02
2.790000000000000000e+02
2.890000000000000000e+02
2.790000000000000000e+02
2.570000000000000000e+02
2.310000000000000000e+02
2.040000000000000000e+02
1.870000000000000000e+02
2.120000000000000000e+02
1.980000000000000000e+02
2.120000000000000000e+02
2.130000000000000000e+02
2.220000000000000000e+02
2.060000000000000000e+02
1.850000000000000000e+02
2.070000000000000000e+02
1.930000000000000000e+02
1.970000000000000000e+02
1.950000000000000000e+02
1.980000000000000000e+02
1.780000000000000000e+02
1.910000000000000000e+02
1.900000000000000000e+02
1.650000000000000000e+02
1.810000000000000000e+02
1.890000000000000000e+02
1.740000000000000000e+02
1.830000000000000000e+02
1.530000000000000000e+02
1.640000000000000000e+02
1.970000000000000000e+02
1.970000000000000000e+02
1.910000000000000000e+02
1.520000000000000000e+02
1.700000000000000000e+02
1.930000000000000000e+02
1.780000000000000000e+02
1.690000000000000000e+02
1.580000000000000000e+02
1.650000000000000000e+02
1.570000000000000000e+02
1.490000000000000000e+02
1.510000000000000000e+02
1.560000000000000000e+02
1.440000000000000000e+02
1.550000000000000000e+02
1.700000000000000000e+02
1.630000000000000000e+02
1.550000000000000000e+02
1.870000000000000000e+02
1.570000000000000000e+02
1.870000000000000000e+02
1.600000000000000000e+02
1.990000000000000000e+02
1.820000000000000000e+02
1.930000000000000000e+02
2.060000000000000000e+02
2.050000000000000000e+02
2.090000000000000000e+02
2.140000000000000000e+02
1.850000000000000000e+02
2.010000000000000000e+02
2.250000000000000000e+02
2.080000000000000000e+02
2.310000000000000000e+02
1.950000000000000000e+02
2.310000000000000000e+02
2.080000000000000000e+02
2.030000000000000000e+02
2.040000000000000000e+02
2.190000000000000000e+02
2.330000000000000000e+02
2.260000000000000000e+02
2.110000000000000000e+02
2.090000000000000000e+02
2.040000000000000000e+02
2.030000000000000000e+02
2.140000000000000000e+02
2.010000000000000000e+02
2.310000000000000000e+02
1.970000000000000000e+02
2.110000000000000000e+02
1.900000000000000000e+02
2.130000000000000000e+02
2.070000000000000000e+02
2.190000000000000000e+02
2.530000000000000000e+02
2.330000000000000000e+02
2.140000000000000000e+02
2.130000000000000000e+02
2.400000000000000000e+02
2.260000000000000000e+02
2.430000000000000000e+02
2.080000000000000000e+02
1.810000000000000000e+02
2.310000000000000000e+02
1.930000000000000000e+02
2.140000000000000000e+02
1.930000000000000000e+02
2.250000000000000000e+02
2.270000000000000000e+02
2.620000000000000000e+02
2.740000000000000000e+02
2.440000000000000000e+02
2.660000000000000000e+02
2.660000000000000000e+02
2.210000000000000000e+02
2.950000000000000000e+02
2.760000000000000000e+02
3.470000000000000000e+02
2.990000000000000000e+02
4.540000000000000000e+02
4.750000000000000000e+02
2.430000000000000000e+02
7.610000000000000000e+02
0.000000000000000000e+00
0.000000000000000000e+00
1.000000000000000000e+00
0.000000000000000000e+00
0.000000000000000000e+00
0.000000000000000000e+00
0.000000000000000000e+00
0.000000000000000000e+00
0.000000000000000000e+00
0.000000000000000000e+00
1.000000000000000000e+00
1.000000000000000000e+00
0.000000000000000000e+00
2.000000000000000000e+00
0.000000000000000000e+00
2.000000000000000000e+00
3.000000000000000000e+00
8.000000000000000000e+00
5.000000000000000000e+00
9.000000000000000000e+00
9.000000000000000000e+00
2.700000000000000000e+01
3.100000000000000000e+01
4.600000000000000000e+01
4.800000000000000000e+01
4.700000000000000000e+01
6.300000000000000000e+01
6.600000000000000000e+01
5.700000000000000000e+01
5.400000000000000000e+01
3.800000000000000000e+01
6.300000000000000000e+01
6.200000000000000000e+01
4.400000000000000000e+01
5.100000000000000000e+01
5.300000000000000000e+01
4.000000000000000000e+01
5.500000000000000000e+01
4.500000000000000000e+01
3.600000000000000000e+01
6.700000000000000000e+01
1.330000000000000000e+02
1.640000000000000000e+02
3.390000000000000000e+02
5.870000000000000000e+02
5.670000000000000000e+02
5.100000000000000000e+02
5.150000000000000000e+02
4.440000000000000000e+02
4.470000000000000000e+02
4.150000000000000000e+02
4.230000000000000000e+02
4.940000000000000000e+02
5.610000000000000000e+02
7.190000000000000000e+02
9.710000000000000000e+02
1.251000000000000000e+03
1.444000000000000000e+03
1.663000000000000000e+03
1.721000000000000000e+03
1.988000000000000000e+03
2.225000000000000000e+03
2.420000000000000000e+03
2.216000000000000000e+03
1.961000000000000000e+03
1.915000000000000000e+03
1.882000000000000000e+03
2.010000000000000000e+03
2.099000000000000000e+03
2.247000000000000000e+03
2.208000000000000000e+03
2.398000000000000000e+03
2.648000000000000000e+03
2.730000000000000000e+03
2.609000000000000000e+03
2.767000000000000000e+03
2.800000000000000000e+03
2.921000000000000000e+03
2.915000000000000000e+03
2.594000000000000000e+03
2.525000000000000000e+03
2.379000000000000000e+03
2.346000000000000000e+03
2.327000000000000000e+03
2.356000000000000000e+03
2.262000000000000000e+03
2.257000000000000000e+03
2.315000000000000000e+03
2.282000000000000000e+03
2.481000000000000000e+03
2.299000000000000000e+03
2.297000000000000000e+03
2.322000000000000000e+03
2.336000000000000000e+03
2.160000000000000000e+03
2.016000000000000000e+03
1.979000000000000000e+03
1.958000000000000000e+03
1.721000000000000000e+03
1.703000000000000000e+03
1.738000000000000000e+03
1.609000000000000000e+03
1.596000000000000000e+03
1.647000000000000000e+03
1.611000000000000000e+03
1.491000000000000000e+03
1.508000000000000000e+03
1.449000000000000000e+03
1.461000000000000000e+03
1.350000000000000000e+03
1.388000000000000000e+03
1.321000000000000000e+03
1.316000000000000000e+03
1.287000000000000000e+03
1.168000000000000000e+03
1.107000000000000000e+03
1.053000000000000000e+03
9.690000000000000000e+02
8.990000000000000000e+02
7.590000000000000000e+02
7.720000000000000000e+02
6.590000000000000000e+02
6.170000000000000000e+02
5.910000000000000000e+02
5.630000000000000000e+02
4.900000000000000000e+02
4.720000000000000000e+02
4.450000000000000000e+02
4.260000000000000000e+02
4.270000000000000000e+02
4.120000000000000000e+02
3.920000000000000000e+02
3.800000000000000000e+02
4.350000000000000000e+02
4.200000000000000000e+02
4.420000000000000000e+02
4.310000000000000000e+02
4.740000000000000000e+02
4.150000000000000000e+02
4.480000000000000000e+02
4.200000000000000000e+02
4.570000000000000000e+02
4.590000000000000000e+02
4.900000000000000000e+02
5.040000000000000000e+02
4.490000000000000000e+02
4.960000000000000000e+02
4.600000000000000000e+02
4.710000000000000000e+02
4.740000000000000000e+02
4.370000000000000000e+02
4.360000000000000000e+02
4.280000000000000000e+02
4.600000000000000000e+02
4.180000000000000000e+02
4.230000000000000000e+02
4.000000000000000000e+02
4.260000000000000000e+02
3.910000000000000000e+02
4.130000000000000000e+02
4.440000000000000000e+02
4.700000000000000000e+02
4.060000000000000000e+02
4.080000000000000000e+02
3.940000000000000000e+02
3.670000000000000000e+02
3.930000000000000000e+02
3.780000000000000000e+02
3.930000000000000000e+02
3.550000000000000000e+02
3.330000000000000000e+02
3.820000000000000000e+02
3.910000000000000000e+02
3.410000000000000000e+02
3.420000000000000000e+02
3.170000000000000000e+02
3.320000000000000000e+02
3.560000000000000000e+02
3.210000000000000000e+02
3.230000000000000000e+02
2.980000000000000000e+02
3.240000000000000000e+02
3.610000000000000000e+02
3.800000000000000000e+02
3.880000000000000000e+02
4.130000000000000000e+02
3.830000000000000000e+02
3.930000000000000000e+02
3.390000000000000000e+02
3.710000000000000000e+02
3.640000000000000000e+02
3.510000000000000000e+02
3.770000000000000000e+02
3.580000000000000000e+02
4.150000000000000000e+02
3.860000000000000000e+02
4.250000000000000000e+02
4.190000000000000000e+02
3.630000000000000000e+02
3.240000000000000000e+02
2.950000000000000000e+02
2.840000000000000000e+02
3.190000000000000000e+02
3.100000000000000000e+02
2.880000000000000000e+02
2.910000000000000000e+02
2.930000000000000000e+02
3.010000000000000000e+02
2.980000000000000000e+02
2.490000000000000000e+02
2.780000000000000000e+02
2.700000000000000000e+02
2.930000000000000000e+02
2.650000000000000000e+02
2.630000000000000000e+02
2.600000000000000000e+02
2.650000000000000000e+02
2.570000000000000000e+02
3.300000000000000000e+02
2.940000000000000000e+02
3.030000000000000000e+02
2.920000000000000000e+02
3.320000000000000000e+02
2.910000000000000000e+02
3.100000000000000000e+02
3.570000000000000000e+02
3.600000000000000000e+02
3.190000000000000000e+02
4.030000000000000000e+02
4.000000000000000000e+02
4.590000000000000000e+02
5.070000000000000000e+02
4.800000000000000000e+02
4.780000000000000000e+02
4.640000000000000000e+02
4.860000000000000000e+02
4.250000000000000000e+02
4.890000000000000000e+02
4.620000000000000000e+02
4.920000000000000000e+02
5.090000000000000000e+02
4.830000000000000000e+02
4.250000000000000000e+02
4.130000000000000000e+02
4.040000000000000000e+02
4.250000000000000000e+02
3.760000000000000000e+02
3.900000000000000000e+02
4.200000000000000000e+02
3.890000000000000000e+02
4.450000000000000000e+02
4.790000000000000000e+02
6.200000000000000000e+02
5.820000000000000000e+02
3.000000000000000000e+02
5.240000000000000000e+02
1.000000000000000000e+00
0.000000000000000000e+00
0.000000000000000000e+00
0.000000000000000000e+00
0.000000000000000000e+00
0.000000000000000000e+00
0.000000000000000000e+00
0.000000000000000000e+00
0.000000000000000000e+00
0.000000000000000000e+00
0.000000000000000000e+00
1.000000000000000000e+00
3.000000000000000000e+00
4.000000000000000000e+00
2.000000000000000000e+00
5.000000000000000000e+00
1.300000000000000000e+01
1.300000000000000000e+01
1.400000000000000000e+01
2.600000000000000000e+01
3.000000000000000000e+01
2.700000000000000000e+01
4.300000000000000000e+01
3.700000000000000000e+01
3.700000000000000000e+01
4.300000000000000000e+01
4.700000000000000000e+01
3.900000000000000000e+01
5.700000000000000000e+01
6.400000000000000000e+01
1.060000000000000000e+02
1.490000000000000000e+02
2.120000000000000000e+02
3.190000000000000000e+02
4.400000000000000000e+02
5.360000000000000000e+02
6.470000000000000000e+02
5.920000000000000000e+02
5.550000000000000000e+02
5.740000000000000000e+02
5.600000000000000000e+02
5.600000000000000000e+02
7.360000000000000000e+02
9.840000000000000000e+02
1.240000000000000000e+03
1.467000000000000000e+03
1.743000000000000000e+03
1.878000000000000000e+03
2.158000000000000000e+03
2.638000000000000000e+03
2.798000000000000000e+03
2.933000000000000000e+03
2.749000000000000000e+03
2.622000000000000000e+03
2.530000000000000000e+03
2.440000000000000000e+03
2.274000000000000000e+03
2.281000000000000000e+03
2.344000000000000000e+03
2.471000000000000000e+03
2.549000000000000000e+03
2.570000000000000000e+03
2.581000000000000000e+03
2.482000000000000000e+03
2.497000000000000000e+03
2.459000000000000000e+03
2.520000000000000000e+03
2.417000000000000000e+03
2.357000000000000000e+03
2.355000000000000000e+03
2.315000000000000000e+03
2.362000000000000000e+03
2.299000000000000000e+03
2.182000000000000000e+03
2.307000000000000000e+03
2.283000000000000000e+03
2.212000000000000000e+03
2.117000000000000000e+03
1.954000000000000000e+03
1.941000000000000000e+03
1.856000000000000000e+03
1.785000000000000000e+03
1.706000000000000000e+03
1.625000000000000000e+03
1.638000000000000000e+03
1.673000000000000000e+03
1.670000000000000000e+03
1.620000000000000000e+03
1.632000000000000000e+03
1.643000000000000000e+03
1.557000000000000000e+03
1.555000000000000000e+03
1.659000000000000000e+03
1.610000000000000000e+03
1.584000000000000000e+03
1.571000000000000000e+03
1.633000000000000000e+03
1.484000000000000000e+03
1.409000000000000000e+03
1.384000000000000000e+03
1.306000000000000000e+03
1.241000000000000000e+03
1.178000000000000000e+03
1.229000000000000000e+03
1.001000000000000000e+03
9.220000000000000000e+02
7.630000000000000000e+02
6.920000000000000000e+02
6.400000000000000000e+02
6.620000000000000000e+02
5.620000000000000000e+02
6.070000000000000000e+02
5.870000000000000000e+02
5.680000000000000000e+02
5.730000000000000000e+02
5.000000000000000000e+02
5.100000000000000000e+02
5.150000000000000000e+02
4.660000000000000000e+02
4.930000000000000000e+02
4.520000000000000000e+02
4.680000000000000000e+02
5.090000000000000000e+02
4.440000000000000000e+02
4.390000000000000000e+02
4.070000000000000000e+02
4.850000000000000000e+02
3.910000000000000000e+02
4.260000000000000000e+02
3.560000000000000000e+02
3.890000000000000000e+02
3.780000000000000000e+02
4.220000000000000000e+02
4.200000000000000000e+02
4.360000000000000000e+02
4.360000000000000000e+02
4.010000000000000000e+02
4.140000000000000000e+02
4.180000000000000000e+02
4.420000000000000000e+02
3.930000000000000000e+02
3.770000000000000000e+02
3.850000000000000000e+02
3.400000000000000000e+02
3.650000000000000000e+02
3.390000000000000000e+02
3.340000000000000000e+02
3.470000000000000000e+02
3.500000000000000000e+02
3.400000000000000000e+02
3.520000000000000000e+02
3.470000000000000000e+02
3.570000000000000000e+02
3.330000000000000000e+02
3.360000000000000000e+02
3.350000000000000000e+02
3.270000000000000000e+02
3.520000000000000000e+02
3.660000000000000000e+02
3.520000000000000000e+02
3.200000000000000000e+02
3.500000000000000000e+02
3.690000000000000000e+02
3.780000000000000000e+02
3.260000000000000000e+02
3.570000000000000000e+02
3.140000000000000000e+02
3.210000000000000000e+02
3.340000000000000000e+02
3.340000000000000000e+02
3.520000000000000000e+02
3.060000000000000000e+02
3.450000000000000000e+02
2.960000000000000000e+02
3.070000000000000000e+02
3.120000000000000000e+02
3.000000000000000000e+02
2.860000000000000000e+02
3.080000000000000000e+02
2.920000000000000000e+02
2.430000000000000000e+02
2.630000000000000000e+02
2.450000000000000000e+02
2.540000000000000000e+02
2.500000000000000000e+02
2.430000000000000000e+02
2.520000000000000000e+02
2.530000000000000000e+02
2.370000000000000000e+02
2.240000000000000000e+02
2.630000000000000000e+02
2.540000000000000000e+02
2.380000000000000000e+02
2.590000000000000000e+02
2.640000000000000000e+02
2.520000000000000000e+02
2.830000000000000000e+02
2.810000000000000000e+02
2.700000000000000000e+02
3.020000000000000000e+02
3.120000000000000000e+02
2.740000000000000000e+02
2.940000000000000000e+02
3.420000000000000000e+02
3.350000000000000000e+02
3.070000000000000000e+02
3.350000000000000000e+02
3.260000000000000000e+02
3.110000000000000000e+02
3.260000000000000000e+02
3.770000000000000000e+02
3.610000000000000000e+02
3.710000000000000000e+02
3.750000000000000000e+02
3.930000000000000000e+02
4.000000000000000000e+02
3.920000000000000000e+02
3.450000000000000000e+02
3.250000000000000000e+02
3.040000000000000000e+02
3.070000000000000000e+02
2.570000000000000000e+02
2.840000000000000000e+02
3.030000000000000000e+02
2.510000000000000000e+02
3.150000000000000000e+02
3.080000000000000000e+02
2.950000000000000000e+02
2.640000000000000000e+02
2.910000000000000000e+02
3.020000000000000000e+02
3.030000000000000000e+02
3.360000000000000000e+02
3.180000000000000000e+02
3.290000000000000000e+02
3.350000000000000000e+02
3.750000000000000000e+02
4.180000000000000000e+02
4.540000000000000000e+02
4.420000000000000000e+02
4.930000000000000000e+02
5.110000000000000000e+02
5.620000000000000000e+02
6.250000000000000000e+02
5.700000000000000000e+02
5.600000000000000000e+02
5.800000000000000000e+02
5.070000000000000000e+02
5.000000000000000000e+02
5.410000000000000000e+02
6.410000000000000000e+02
6.180000000000000000e+02
6.650000000000000000e+02
5.660000000000000000e+02
3.030000000000000000e+02
6.590000000000000000e+02
