3.000000000000000000e+00
2.000000000000000000e+00
2.000000000000000000e+00
0.000000000000000000e+00
2.000000000000000000e+00
3.000000000000000000e+00
6.000000000000000000e+00
1.300000000000000000e+01
1.000000000000000000e+01
1.300000000000000000e+01
2.000000000000000000e+01
1.600000000000000000e+01
2.600000000000000000e+01
5.900000000000000000e+01
7.200000000000000000e+01
8.500000000000000000e+01
1.100000000000000000e+02
1.470000000000000000e+02
1.760000000000000000e+02
2.440000000000000000e+02
2.980000000000000000e+02
4.200000000000000000e+02
5.310000000000000000e+02
7.860000000000000000e+02
1.010000000000000000e+03
1.521000000000000000e+03
2.123000000000000000e+03
2.709000000000000000e+03
3.250000000000000000e+03
3.616000000000000000e+03
3.927000000000000000e+03
4.007000000000000000e+03
3.935000000000000000e+03
3.999000000000000000e+03
3.957000000000000000e+03
3.826000000000000000e+03
3.755000000000000000e+03
3.820000000000000000e+03
3.788000000000000000e+03
3.881000000000000000e+03
3.793000000000000000e+03
3.726000000000000000e+03
3.574000000000000000e+03
3.554000000000000000e+03
3.350000000000000000e+03
3.162000000000000000e+03
3.031000000000000000e+03
2.932000000000000000e+03
2.896000000000000000e+03
2.628000000000000000e+03
2.529000000000000000e+03
2.400000000000000000e+03
2.367000000000000000e+03
2.231000000000000000e+03
2.280000000000000000e+03
2.130000000000000000e+03
2.047000000000000000e+03
2.022000000000000000e+03
2.161000000000000000e+03
2.096000000000000000e+03
1.887000000000000000e+03
1.814000000000000000e+03
1.808000000000000000e+03
1.695000000000000000e+03
1.606000000000000000e+03
1.496000000000000000e+03
1.354000000000000000e+03
1.312000000000000000e+03
1.080000000000000000e+03
1.114000000000000000e+03
1.098000000000000000e+03
9.500000000000000000e+02
8.580000000000000000e+02
7.770000000000000000e+02
7.170000000000000000e+02
6.820000000000000000e+02
6.150000000000000000e+02
5.640000000000000000e+02
5.470000000000000000e+02
5.260000000000000000e+02
5.310000000000000000e+02
4.700000000000000000e+02
4.940000000000000000e+02
5.110000000000000000e+02
4.540000000000000000e+02
4.170000000000000000e+02
3.880000000000000000e+02
3.660000000000000000e+02
3.570000000000000000e+02
3.500000000000000000e+02
3.720000000000000000e+02
4.370000000000000000e+02
4.050000000000000000e+02
4.060000000000000000e+02
3.930000000000000000e+02
4.140000000000000000e+02
4.460000000000000000e+02
4.500000000000000000e+02
4.490000000000000000e+02
3.750000000000000000e+02
4.420000000000000000e+02
4.570000000000000000e+02
4.240000000000000000e+02
4.350000000000000000e+02
4.170000000000000000e+02
4.580000000000000000e+02
5.090000000000000000e+02
4.770000000000000000e+02
3.820000000000000000e+02
4.090000000000000000e+02
3.610000000000000000e+02
3.960000000000000000e+02
3.770000000000000000e+02
3.530000000000000000e+02
3.410000000000000000e+02
3.460000000000000000e+02
3.820000000000000000e+02
3.840000000000000000e+02
3.470000000000000000e+02
3.450000000000000000e+02
3.840000000000000000e+02
3.880000000000000000e+02
3.790000000000000000e+02
3.540000000000000000e+02
3.880000000000000000e+02
4.130000000000000000e+02
3.670000000000000000e+02
3.970000000000000000e+02
3.560000000000000000e+02
4.590000000000000000e+02
4.640000000000000000e+02
4.070000000000000000e+02
4.020000000000000000e+02
4.720000000000000000e+02
5.310000000000000000e+02
6.090000000000000000e+02
6.950000000000000000e+02
8.140000000000000000e+02
8.520000000000000000e+02
1.021000000000000000e+03
1.112000000000000000e+03
1.158000000000000000e+03
1.218000000000000000e+03
1.014000000000000000e+03
7.330000000000000000e+02
3.790000000000000000e+02
2.130000000000000000e+02
1.270000000000000000e+02
1.140000000000000000e+02
9.700000000000000000e+01
4.900000000000000000e+01
1.900000000000000000e+01
7.000000000000000000e+00
2.000000000000000000e+00
0.000000000000000000e+00
0.000000000000000000e+00
0.000000000000000000e+00
0.000000000000000000e+00
0.000000000000000000e+00
0.000000000000000000e+00
1.000000000000000000e+00
0.000000000000000000e+00
0.000000000000000000e+00
0.000000000000000000e+00
0.000000000000000000e+00
0.000000000000000000e+00
1.000000000000000000e+00
0.000000000000000000e+00
0.000000000000000000e+00
0.000000000000000000e+00
0.000000000000000000e+00
0.000000000000000000e+00
0.000000000000000000e+00
0.000000000000000000e+00
0.000000000000000000e+00
0.000000000000000000e+00
0.000000000000000000e+00
0.000000000000000000e+00
0.000000000000000000e+00
0.000000000000000000e+00
0.000000000000000000e+00
0.000000000000000000e+00
0.000000000000000000e+00
0.000000000000000000e+00
0.000000000000000000e+00
0.000000000000000000e+00
0.000000000000000000e+00
0.000000000000000000e+00
0.000000000000000000e+00
0.000000000000000000e+00
0.000000000000000000e+00
0.000000000000000000e+00
0.000000000000000000e+00
0.000000000000000000e+00
0.000000000000000000e+00
0.000000000000000000e+00
0.000000000000000000e+00
0.000000000000000000e+00
0.000000000000000000e+00
0.000000000000000000e+00
0.000000000000000000e+00
0.000000000000000000e+00
0.000000000000000000e+00
0.000000000000000000e+00
0.000000000000000000e+00
0.000000000000000000e+00
0.000000000000000000e+00
0.000000000000000000e+00
0.000000000000000000e+00
0.000000000000000000e+00
0.000000000000000000e+00
0.000000000000000000e+00
0.000000000000000000e+00
0.000000000000000000e+00
0.000000000000000000e+00
0.000000000000000000e+00
0.000000000000000000e+00
0.000000000000000000e+00
0.000000000000000000e+00
0.000000000000000000e+00
0.000000000000000000e+00
0.000000000000000000e+00
0.000000000000000000e+00
0.000000000000000000e+00
0.000000000000000000e+00
0.000000000000000000e+00
0.000000000000000000e+00
0.000000000000000000e+00
0.000000000000000000e+00
0.000000000000000000e+00
0.000000000000000000e+00
0.000000000000000000e+00
0.000000000000000000e+00
0.000000000000000000e+00
0.000000000000000000e+00
0.000000000000000000e+00
0.000000000000000000e+00
0.000000000000000000e+00
0.000000000000000000e+00
0.000000000000000000e+00
0.000000000000000000e+00
0.000000000000000000e+00
0.000000000000000000e+00
0.000000000000000000e+00
0.000000000000000000e+00
0.000000000000000000e+00
0.000000000000000000e+00
0.000000000000000000e+00
0.000000000000000000e+00
0.000000000000000000e+00
0.000000000000000000e+00
0.000000000000000000e+00
0.000000000000000000e+00
0.000000000000000000e+00
0.000000000000000000e+00
0.000000000000000000e+00
3.000000000000000000e+01
2.400000000000000000e+01
6.800000000000000000e+01
1.260000000000000000e+02
2.090000000000000000e+02
3.020000000000000000e+02
3.850000000000000000e+02
4.050000000000000000e+02
3.940000000000000000e+02
4.080000000000000000e+02
4.190000000000000000e+02
4.850000000000000000e+02
6.060000000000000000e+02
6.760000000000000000e+02
8.510000000000000000e+02
9.310000000000000000e+02
1.064000000000000000e+03
1.218000000000000000e+03
1.278000000000000000e+03
1.465000000000000000e+03
1.611000000000000000e+03
1.685000000000000000e+03
1.709000000000000000e+03
1.887000000000000000e+03
1.957000000000000000e+03
2.098000000000000000e+03
2.192000000000000000e+03
2.272000000000000000e+03
2.376000000000000000e+03
2.495000000000000000e+03
2.499000000000000000e+03
2.581000000000000000e+03
2.607000000000000000e+03
2.688000000000000000e+03
2.600000000000000000e+03
2.578000000000000000e+03
2.775000000000000000e+03
2.737000000000000000e+03
2.870000000000000000e+03
2.875000000000000000e+03
2.880000000000000000e+03
2.828000000000000000e+03
2.810000000000000000e+03
2.771000000000000000e+03
2.581000000000000000e+03
2.512000000000000000e+03
2.435000000000000000e+03
2.413000000000000000e+03
2.227000000000000000e+03
2.171000000000000000e+03
2.117000000000000000e+03
2.024000000000000000e+03
1.941000000000000000e+03
1.796000000000000000e+03
1.870000000000000000e+03
1.734000000000000000e+03
1.716000000000000000e+03
1.832000000000000000e+03
1.765000000000000000e+03
1.666000000000000000e+03
1.641000000000000000e+03
1.688000000000000000e+03
1.572000000000000000e+03
1.530000000000000000e+03
1.503000000000000000e+03
1.401000000000000000e+03
1.410000000000000000e+03
1.390000000000000000e+03
1.366000000000000000e+03
1.322000000000000000e+03
1.270000000000000000e+03
1.270000000000000000e+03
1.273000000000000000e+03
1.207000000000000000e+03
1.132000000000000000e+03
1.072000000000000000e+03
1.072000000000000000e+03
9.650000000000000000e+02
1.000000000000000000e+03
9.940000000000000000e+02
9.060000000000000000e+02
9.880000000000000000e+02
9.860000000000000000e+02
9.390000000000000000e+02
7.780000000000000000e+02
7.840000000000000000e+02
7.110000000000000000e+02
7.040000000000000000e+02
6.480000000000000000e+02
5.890000000000000000e+02
5.680000000000000000e+02
5.410000000000000000e+02
4.590000000000000000e+02
4.800000000000000000e+02
4.420000000000000000e+02
4.980000000000000000e+02
5.030000000000000000e+02
4.580000000000000000e+02
5.360000000000000000e+02
6.320000000000000000e+02
6.820000000000000000e+02
6.880000000000000000e+02
6.200000000000000000e+02
5.650000000000000000e+02
4.850000000000000000e+02
4.210000000000000000e+02
4.320000000000000000e+02
4.550000000000000000e+02
3.970000000000000000e+02
4.010000000000000000e+02
3.870000000000000000e+02
4.210000000000000000e+02
4.340000000000000000e+02
4.750000000000000000e+02
4.240000000000000000e+02
4.120000000000000000e+02
4.730000000000000000e+02
4.200000000000000000e+02
4.250000000000000000e+02
4.190000000000000000e+02
3.970000000000000000e+02
3.620000000000000000e+02
3.500000000000000000e+02
3.770000000000000000e+02
3.990000000000000000e+02
4.430000000000000000e+02
3.960000000000000000e+02
4.370000000000000000e+02
5.550000000000000000e+02
5.610000000000000000e+02
5.750000000000000000e+02
6.100000000000000000e+02
6.020000000000000000e+02
6.300000000000000000e+02
6.850000000000000000e+02
9.350000000000000000e+02
1.260000000000000000e+03
1.607000000000000000e+03
1.467000000000000000e+03
1.052000000000000000e+03
5.610000000000000000e+02
3.710000000000000000e+02
2.180000000000000000e+02
1.570000000000000000e+02
1.170000000000000000e+02
1.060000000000000000e+02
3.300000000000000000e+01
2.900000000000000000e+01
6.000000000000000000e+00
0.000000000000000000e+00
1.000000000000000000e+00
1.000000000000000000e+00
0.000000000000000000e+00
2.000000000000000000e+00
0.000000000000000000e+00
1.000000000000000000e+00
1.000000000000000000e+00
0.000000000000000000e+00
0.000000000000000000e+00
0.000000000000000000e+00
0.000000000000000000e+00
2.000000000000000000e+00
1.000000000000000000e+00
0.000000000000000000e+00
0.000000000000000000e+00
0.000000000000000000e+00
0.000000000000000000e+00
0.000000000000000000e+00
1.000000000000000000e+00
0.000000000000000000e+00
1.000000000000000000e+00
0.000000000000000000e+00
1.000000000000000000e+00
0.000000000000000000e+00
0.000000000000000000e+00
0.000000000000000000e+00
0.000000000000000000e+00
0.000000000000000000e+00
1.000000000000000000e+00
0.000000000000000000e+00
0.000000000000000000e+00
0.000000000000000000e+00
0.000000000000000000e+00
0.000000000000000000e+00
0.000000000000000000e+00
0.000000000000000000e+00
0.000000000000000000e+00
0.000000000000000000e+00
0.000000000000000000e+00
0.000000000000000000e+00
0.000000000000000000e+00
0.000000000000000000e+00
0.000000000000000000e+00
0.000000000000000000e+00
0.000000000000000000e+00
0.000000000000000000e+00
0.000000000000000000e+00
0.000000000000000000e+00
0.000000000000000000e+00
0.000000000000000000e+00
0.000000000000000000e+00
0.000000000000000000e+00
0.000000000000000000e+00
0.000000000000000000e+00
0.000000000000000000e+00
0.000000000000000000e+00
0.000000000000000000e+00
0.000000000000000000e+00
0.000000000000000000e+00
0.000000000000000000e+00
0.000000000000000000e+00
0.000000000000000000e+00
0.000000000000000000e+00
0.000000000000000000e+00
0.000000000000000000e+00
0.000000000000000000e+00
0.000000000000000000e+00
0.000000000000000000e+00
0.000000000000000000e+00
0.000000000000000000e+00
0.000000000000000000e+00
0.000000000000000000e+00
0.000000000000000000e+00
0.000000000000000000e+00
0.000000000000000000e+00
0.000000000000000000e+00
0.000000000000000000e+00
0.000000000000000000e+00
0.000000000000000000e+00
0.000000000000000000e+00
0.000000000000000000e+00
0.000000000000000000e+00
0.000000000000000000e+00
0.000000000000000000e+00
0.000000000000000000e+00
0.000000000000000000e+00
0.000000000000000000e+00
0.000000000000000000e+00
0.000000000000000000e+00
0.000000000000000000e+00
0.000000000000000000e+00
0.000000000000000000e+00
0.000000000000000000e+00
0.000000000000000000e+00
0.000000000000000000e+00
0.000000000000000000e+00
0.000000000000000000e+00
0.000000000000000000e+00
0.000000000000000000e+00
0.000000000000000000e+00
0.000000000000000000e+00
0.000000000000000000e+00
0.000000000000000000e+00
0.000000000000000000e+00
0.000000000000000000e+00
0.000000000000000000e+00
1.000000000000000000e+00
4.000000000000000000e+00
7.000000000000000000e+00
2.400000000000000000e+01
4.900000000000000000e+01
9.700000000000000000e+01
1.720000000000000000e+02
2.550000000000000000e+02
2.830000000000000000e+02
3.200000000000000000e+02
2.980000000000000000e+02
3.210000000000000000e+02
3.740000000000000000e+02
4.070000000000000000e+02
4.500000000000000000e+02
5.940000000000000000e+02
6.770000000000000000e+02
8.310000000000000000e+02
9.070000000000000000e+02
1.039000000000000000e+03
1.224000000000000000e+03
1.304000000000000000e+03
1.503000000000000000e+03
1.547000000000000000e+03
1.613000000000000000e+03
1.719000000000000000e+03
1.764000000000000000e+03
1.887000000000000000e+03
2.004000000000000000e+03
1.968000000000000000e+03
2.062000000000000000e+03
2.312000000000000000e+03
2.310000000000000000e+03
2.473000000000000000e+03
2.456000000000000000e+03
2.395000000000000000e+03
2.477000000000000000e+03
2.406000000000000000e+03
2.504000000000000000e+03
2.367000000000000000e+03
2.465000000000000000e+03
2.444000000000000000e+03
2.377000000000000000e+03
2.421000000000000000e+03
2.362000000000000000e+03
2.329000000000000000e+03
2.309000000000000000e+03
2.346000000000000000e+03
2.377000000000000000e+03
2.283000000000000000e+03
2.229000000000000000e+03
2.125000000000000000e+03
2.052000000000000000e+03
1.915000000000000000e+03
1.806000000000000000e+03
1.841000000000000000e+03
1.791000000000000000e+03
1.805000000000000000e+03
1.741000000000000000e+03
1.723000000000000000e+03
1.683000000000000000e+03
1.656000000000000000e+03
1.560000000000000000e+03
1.650000000000000000e+03
1.522000000000000000e+03
1.491000000000000000e+03
1.480000000000000000e+03
1.490000000000000000e+03
1.422000000000000000e+03
1.406000000000000000e+03
1.484000000000000000e+03
1.381000000000000000e+03
1.416000000000000000e+03
1.416000000000000000e+03
1.397000000000000000e+03
1.407000000000000000e+03
1.370000000000000000e+03
1.326000000000000000e+03
1.180000000000000000e+03
1.200000000000000000e+03
1.096000000000000000e+03
1.074000000000000000e+03
1.233000000000000000e+03
1.113000000000000000e+03
1.099000000000000000e+03
1.097000000000000000e+03
1.090000000000000000e+03
1.128000000000000000e+03
1.110000000000000000e+03
1.026000000000000000e+03
9.620000000000000000e+02
9.400000000000000000e+02
9.310000000000000000e+02
9.770000000000000000e+02
8.970000000000000000e+02
9.390000000000000000e+02
8.630000000000000000e+02
7.610000000000000000e+02
6.930000000000000000e+02
7.110000000000000000e+02
7.440000000000000000e+02
7.880000000000000000e+02
7.150000000000000000e+02
6.750000000000000000e+02
5.250000000000000000e+02
5.000000000000000000e+02
5.000000000000000000e+02
5.010000000000000000e+02
4.630000000000000000e+02
5.110000000000000000e+02
5.090000000000000000e+02
5.790000000000000000e+02
5.750000000000000000e+02
5.360000000000000000e+02
5.050000000000000000e+02
4.620000000000000000e+02
4.500000000000000000e+02
5.020000000000000000e+02
5.590000000000000000e+02
4.850000000000000000e+02
4.720000000000000000e+02
4.770000000000000000e+02
4.540000000000000000e+02
4.870000000000000000e+02
4.980000000000000000e+02
5.600000000000000000e+02
5.320000000000000000e+02
5.140000000000000000e+02
5.610000000000000000e+02
6.600000000000000000e+02
7.180000000000000000e+02
6.290000000000000000e+02
6.060000000000000000e+02
6.760000000000000000e+02
6.990000000000000000e+02
9.650000000000000000e+02
1.055000000000000000e+03
1.422000000000000000e+03
1.532000000000000000e+03
1.198000000000000000e+03
7.950000000000000000e+02
4.210000000000000000e+02
2.350000000000000000e+02
1.660000000000000000e+02
1.060000000000000000e+02
5.700000000000000000e+01
4.100000000000000000e+01
3.200000000000000000e+01
1.200000000000000000e+01
0.000000000000000000e+00
0.000000000000000000e+00
0.000000000000000000e+00
0.000000000000000000e+00
0.000000000000000000e+00
1.000000000000000000e+00
2.000000000000000000e+00
0.000000000000000000e+00
1.000000000000000000e+00
1.000000000000000000e+00
0.000000000000000000e+00
1.000000000000000000e+00
0.000000000000000000e+00
0.000000000000000000e+00
0.000000000000000000e+00
2.000000000000000000e+00
1.000000000000000000e+00
0.000000000000000000e+00
0.000000000000000000e+00
0.000000000000000000e+00
0.000000000000000000e+00
1.000000000000000000e+00
0.000000000000000000e+00
0.000000000000000000e+00
1.000000000000000000e+00
0.000000000000000000e+00
0.000000000000000000e+00
1.000000000000000000e+00
0.000000000000000000e+00
0.000000000000000000e+00
0.000000000000000000e+00
0.000000000000000000e+00
0.000000000000000000e+00
1.000000000000000000e+00
0.000000000000000000e+00
0.000000000000000000e+00
0.000000000000000000e+00
0.000000000000000000e+00
0.000000000000000000e+00
0.000000000000000000e+00
0.000000000000000000e+00
0.000000000000000000e+00
0.000000000000000000e+00
0.000000000000000000e+00
0.000000000000000000e+00
0.000000000000000000e+00
0.000000000000000000e+00
0.000000000000000000e+00
0.000000000000000000e+00
0.000000000000000000e+00
0.000000000000000000e+00
0.000000000000000000e+00
0.000000000000000000e+00
0.000000000000000000e+00
0.000000000000000000e+00
0.000000000000000000e+00
0.000000000000000000e+00
0.000000000000000000e+00
0.000000000000000000e+00
0.000000000000000000e+00
0.000000000000000000e+00
0.000000000000000000e+00
0.000000000000000000e+00
0.000000000000000000e+00
0.000000000000000000e+00
0.000000000000000000e+00
0.000000000000000000e+00
0.000000000000000000e+00
0.000000000000000000e+00
0.000000000000000000e+00
0.000000000000000000e+00
0.000000000000000000e+00
0.000000000000000000e+00
0.000000000000000000e+00
0.000000000000000000e+00
0.000000000000000000e+00
0.000000000000000000e+00
0.000000000000000000e+00
0.000000000000000000e+00
0.000000000000000000e+00
0.000000000000000000e+00
0.000000000000000000e+00
0.000000000000000000e+00
0.000000000000000000e+00
0.000000000000000000e+00
0.000000000000000000e+00
0.000000000000000000e+00
0.000000000000000000e+00
0.000000000000000000e+00
0.000000000000000000e+00
0.000000000000000000e+00
0.000000000000000000e+00
0.000000000000000000e+00
0.000000000000000000e+00
0.000000000000000000e+00
0.000000000000000000e+00
0.000000000000000000e+00
0.000000000000000000e+00
0.000000000000000000e+00
0.000000000000000000e+00
0.000000000000000000e+00
0.000000000000000000e+00
0.000000000000000000e+00
0.000000000000000000e+00
0.000000000000000000e+00
0.000000000000000000e+00
0.000000000000000000e+00
