1.300000000000000000e+01
5.000000000000000000e+00
7.000000000000000000e+00
2.000000000000000000e+01
3.100000000000000000e+01
3.500000000000000000e+01
6.000000000000000000e+01
5.200000000000000000e+01
8.300000000000000000e+01
7.600000000000000000e+01
1.020000000000000000e+02
7.600000000000000000e+01
7.100000000000000000e+01
9.200000000000000000e+01
9.100000000000000000e+01
1.420000000000000000e+02
1.270000000000000000e+02
1.940000000000000000e+02
2.970000000000000000e+02
3.160000000000000000e+02
3.860000000000000000e+02
4.370000000000000000e+02
5.560000000000000000e+02
6.500000000000000000e+02
7.020000000000000000e+02
8.170000000000000000e+02
7.930000000000000000e+02
8.510000000000000000e+02
9.190000000000000000e+02
9.970000000000000000e+02
9.390000000000000000e+02
9.780000000000000000e+02
1.049000000000000000e+03
1.157000000000000000e+03
1.270000000000000000e+03
1.325000000000000000e+03
1.333000000000000000e+03
1.397000000000000000e+03
1.460000000000000000e+03
1.473000000000000000e+03
1.486000000000000000e+03
1.485000000000000000e+03
1.452000000000000000e+03
1.555000000000000000e+03
1.534000000000000000e+03
1.571000000000000000e+03
1.766000000000000000e+03
1.778000000000000000e+03
1.887000000000000000e+03
1.866000000000000000e+03
1.824000000000000000e+03
1.943000000000000000e+03
1.766000000000000000e+03
1.876000000000000000e+03
1.886000000000000000e+03
1.848000000000000000e+03
1.994000000000000000e+03
1.998000000000000000e+03
2.109000000000000000e+03
2.127000000000000000e+03
2.089000000000000000e+03
2.151000000000000000e+03
1.954000000000000000e+03
1.965000000000000000e+03
1.938000000000000000e+03
1.918000000000000000e+03
1.797000000000000000e+03
1.786000000000000000e+03
1.788000000000000000e+03
1.740000000000000000e+03
1.659000000000000000e+03
1.589000000000000000e+03
1.423000000000000000e+03
1.386000000000000000e+03
1.350000000000000000e+03
1.250000000000000000e+03
1.264000000000000000e+03
1.183000000000000000e+03
1.127000000000000000e+03
1.088000000000000000e+03
1.063000000000000000e+03
1.099000000000000000e+03
1.048000000000000000e+03
1.032000000000000000e+03
1.053000000000000000e+03
9.930000000000000000e+02
9.710000000000000000e+02
9.400000000000000000e+02
9.860000000000000000e+02
9.500000000000000000e+02
8.920000000000000000e+02
8.960000000000000000e+02
8.500000000000000000e+02
8.990000000000000000e+02
8.840000000000000000e+02
8.630000000000000000e+02
8.360000000000000000e+02
8.890000000000000000e+02
8.880000000000000000e+02
8.710000000000000000e+02
8.830000000000000000e+02
8.600000000000000000e+02
8.460000000000000000e+02
9.270000000000000000e+02
8.790000000000000000e+02
8.690000000000000000e+02
8.900000000000000000e+02
8.340000000000000000e+02
8.650000000000000000e+02
8.940000000000000000e+02
8.960000000000000000e+02
8.350000000000000000e+02
8.690000000000000000e+02
8.000000000000000000e+02
8.610000000000000000e+02
8.940000000000000000e+02
8.370000000000000000e+02
8.540000000000000000e+02
8.970000000000000000e+02
8.590000000000000000e+02
8.510000000000000000e+02
8.270000000000000000e+02
9.090000000000000000e+02
9.040000000000000000e+02
8.820000000000000000e+02
8.500000000000000000e+02
8.380000000000000000e+02
8.640000000000000000e+02
8.630000000000000000e+02
8.140000000000000000e+02
8.400000000000000000e+02
8.420000000000000000e+02
8.090000000000000000e+02
7.960000000000000000e+02
8.560000000000000000e+02
8.320000000000000000e+02
7.870000000000000000e+02
7.550000000000000000e+02
7.510000000000000000e+02
7.610000000000000000e+02
7.440000000000000000e+02
6.960000000000000000e+02
7.090000000000000000e+02
7.030000000000000000e+02
6.860000000000000000e+02
7.290000000000000000e+02
6.720000000000000000e+02
6.390000000000000000e+02
6.580000000000000000e+02
6.280000000000000000e+02
5.890000000000000000e+02
6.410000000000000000e+02
6.190000000000000000e+02
5.540000000000000000e+02
5.590000000000000000e+02
5.350000000000000000e+02
5.600000000000000000e+02
5.400000000000000000e+02
5.030000000000000000e+02
5.350000000000000000e+02
4.930000000000000000e+02
4.910000000000000000e+02
5.300000000000000000e+02
4.470000000000000000e+02
4.500000000000000000e+02
4.640000000000000000e+02
4.290000000000000000e+02
4.000000000000000000e+02
4.230000000000000000e+02
4.520000000000000000e+02
3.990000000000000000e+02
4.070000000000000000e+02
3.520000000000000000e+02
3.680000000000000000e+02
3.620000000000000000e+02
3.570000000000000000e+02
3.450000000000000000e+02
3.150000000000000000e+02
3.390000000000000000e+02
3.110000000000000000e+02
2.940000000000000000e+02
2.830000000000000000e+02
3.100000000000000000e+02
2.780000000000000000e+02
2.720000000000000000e+02
2.680000000000000000e+02
2.660000000000000000e+02
2.520000000000000000e+02
2.430000000000000000e+02
2.180000000000000000e+02
2.230000000000000000e+02
2.140000000000000000e+02
1.860000000000000000e+02
2.030000000000000000e+02
2.070000000000000000e+02
1.840000000000000000e+02
1.770000000000000000e+02
1.710000000000000000e+02
1.630000000000000000e+02
1.710000000000000000e+02
1.750000000000000000e+02
1.490000000000000000e+02
1.430000000000000000e+02
1.200000000000000000e+02
1.320000000000000000e+02
1.470000000000000000e+02
1.290000000000000000e+02
9.900000000000000000e+01
1.070000000000000000e+02
1.120000000000000000e+02
1.060000000000000000e+02
9.300000000000000000e+01
8.600000000000000000e+01
1.130000000000000000e+02
9.200000000000000000e+01
1.030000000000000000e+02
8.100000000000000000e+01
9.600000000000000000e+01
8.100000000000000000e+01
8.000000000000000000e+01
9.300000000000000000e+01
8.200000000000000000e+01
9.900000000000000000e+01
9.100000000000000000e+01
7.200000000000000000e+01
8.300000000000000000e+01
9.100000000000000000e+01
8.900000000000000000e+01
6.900000000000000000e+01
7.100000000000000000e+01
1.090000000000000000e+02
8.500000000000000000e+01
7.700000000000000000e+01
7.100000000000000000e+01
9.500000000000000000e+01
7.400000000000000000e+01
6.300000000000000000e+01
5.700000000000000000e+01
4.700000000000000000e+01
6.500000000000000000e+01
6.100000000000000000e+01
5.100000000000000000e+01
4.700000000000000000e+01
5.700000000000000000e+01
3.500000000000000000e+01
2.300000000000000000e+01
3.100000000000000000e+01
3.000000000000000000e+01
4.100000000000000000e+01
3.800000000000000000e+01
7.700000000000000000e+01
8.800000000000000000e+01
1.060000000000000000e+02
2.210000000000000000e+02
1.860000000000000000e+02
5.907000000000000000e+03
1.600000000000000000e+01
5.300000000000000000e+01
8.100000000000000000e+01
5.900000000000000000e+01
7.200000000000000000e+01
5.900000000000000000e+01
6.500000000000000000e+01
6.100000000000000000e+01
5.900000000000000000e+01
4.500000000000000000e+01
7.200000000000000000e+01
7.500000000000000000e+01
9.400000000000000000e+01
1.050000000000000000e+02
1.090000000000000000e+02
1.020000000000000000e+02
1.300000000000000000e+02
1.460000000000000000e+02
1.470000000000000000e+02
2.000000000000000000e+02
1.980000000000000000e+02
2.660000000000000000e+02
3.530000000000000000e+02
4.110000000000000000e+02
4.620000000000000000e+02
5.530000000000000000e+02
6.580000000000000000e+02
7.510000000000000000e+02
7.760000000000000000e+02
7.980000000000000000e+02
9.270000000000000000e+02
9.580000000000000000e+02
9.980000000000000000e+02
1.017000000000000000e+03
9.990000000000000000e+02
1.044000000000000000e+03
1.026000000000000000e+03
9.920000000000000000e+02
1.084000000000000000e+03
1.022000000000000000e+03
1.059000000000000000e+03
1.155000000000000000e+03
1.134000000000000000e+03
1.303000000000000000e+03
1.332000000000000000e+03
1.352000000000000000e+03
1.483000000000000000e+03
1.403000000000000000e+03
1.446000000000000000e+03
1.506000000000000000e+03
1.536000000000000000e+03
1.578000000000000000e+03
1.589000000000000000e+03
1.575000000000000000e+03
1.539000000000000000e+03
1.471000000000000000e+03
1.373000000000000000e+03
1.348000000000000000e+03
1.300000000000000000e+03
1.271000000000000000e+03
1.206000000000000000e+03
1.242000000000000000e+03
1.302000000000000000e+03
1.234000000000000000e+03
1.259000000000000000e+03
1.196000000000000000e+03
1.168000000000000000e+03
1.200000000000000000e+03
1.264000000000000000e+03
1.290000000000000000e+03
1.285000000000000000e+03
1.350000000000000000e+03
1.353000000000000000e+03
1.377000000000000000e+03
1.337000000000000000e+03
1.435000000000000000e+03
1.541000000000000000e+03
1.498000000000000000e+03
1.494000000000000000e+03
1.414000000000000000e+03
1.332000000000000000e+03
1.420000000000000000e+03
1.432000000000000000e+03
1.397000000000000000e+03
1.436000000000000000e+03
1.302000000000000000e+03
1.316000000000000000e+03
1.348000000000000000e+03
1.306000000000000000e+03
1.220000000000000000e+03
1.228000000000000000e+03
1.299000000000000000e+03
1.267000000000000000e+03
1.223000000000000000e+03
1.228000000000000000e+03
1.259000000000000000e+03
1.118000000000000000e+03
1.199000000000000000e+03
1.180000000000000000e+03
1.213000000000000000e+03
1.165000000000000000e+03
1.136000000000000000e+03
1.165000000000000000e+03
1.129000000000000000e+03
1.126000000000000000e+03
1.100000000000000000e+03
1.135000000000000000e+03
1.206000000000000000e+03
1.184000000000000000e+03
1.173000000000000000e+03
1.192000000000000000e+03
1.115000000000000000e+03
1.127000000000000000e+03
1.109000000000000000e+03
9.990000000000000000e+02
1.082000000000000000e+03
1.059000000000000000e+03
1.080000000000000000e+03
9.940000000000000000e+02
1.014000000000000000e+03
1.041000000000000000e+03
9.680000000000000000e+02
9.190000000000000000e+02
1.019000000000000000e+03
9.760000000000000000e+02
9.320000000000000000e+02
9.660000000000000000e+02
9.030000000000000000e+02
9.310000000000000000e+02
9.080000000000000000e+02
8.950000000000000000e+02
8.600000000000000000e+02
8.260000000000000000e+02
8.920000000000000000e+02
8.380000000000000000e+02
8.040000000000000000e+02
7.910000000000000000e+02
8.200000000000000000e+02
8.100000000000000000e+02
7.860000000000000000e+02
7.870000000000000000e+02
7.890000000000000000e+02
7.230000000000000000e+02
6.990000000000000000e+02
6.800000000000000000e+02
6.880000000000000000e+02
7.360000000000000000e+02
6.370000000000000000e+02
6.510000000000000000e+02
6.020000000000000000e+02
6.670000000000000000e+02
5.620000000000000000e+02
6.260000000000000000e+02
6.130000000000000000e+02
6.040000000000000000e+02
5.750000000000000000e+02
6.100000000000000000e+02
5.910000000000000000e+02
5.630000000000000000e+02
5.330000000000000000e+02
5.700000000000000000e+02
5.800000000000000000e+02
5.300000000000000000e+02
5.100000000000000000e+02
5.350000000000000000e+02
5.120000000000000000e+02
4.780000000000000000e+02
4.960000000000000000e+02
5.270000000000000000e+02
4.780000000000000000e+02
4.750000000000000000e+02
5.100000000000000000e+02
4.100000000000000000e+02
4.480000000000000000e+02
4.540000000000000000e+02
4.260000000000000000e+02
4.510000000000000000e+02
4.310000000000000000e+02
4.050000000000000000e+02
3.820000000000000000e+02
3.970000000000000000e+02
3.990000000000000000e+02
3.730000000000000000e+02
3.600000000000000000e+02
3.500000000000000000e+02
3.570000000000000000e+02
3.570000000000000000e+02
3.090000000000000000e+02
3.210000000000000000e+02
3.300000000000000000e+02
3.090000000000000000e+02
3.020000000000000000e+02
2.950000000000000000e+02
2.640000000000000000e+02
2.690000000000000000e+02
2.460000000000000000e+02
2.460000000000000000e+02
2.520000000000000000e+02
2.210000000000000000e+02
2.200000000000000000e+02
2.200000000000000000e+02
2.310000000000000000e+02
2.040000000000000000e+02
1.920000000000000000e+02
1.620000000000000000e+02
1.760000000000000000e+02
1.430000000000000000e+02
1.550000000000000000e+02
1.520000000000000000e+02
1.180000000000000000e+02
1.500000000000000000e+02
1.440000000000000000e+02
1.440000000000000000e+02
1.270000000000000000e+02
1.420000000000000000e+02
1.240000000000000000e+02
1.260000000000000000e+02
1.200000000000000000e+02
9.300000000000000000e+01
1.330000000000000000e+02
1.250000000000000000e+02
1.350000000000000000e+02
1.300000000000000000e+02
1.240000000000000000e+02
1.210000000000000000e+02
1.310000000000000000e+02
1.400000000000000000e+02
1.200000000000000000e+02
1.170000000000000000e+02
1.290000000000000000e+02
1.200000000000000000e+02
1.080000000000000000e+02
1.320000000000000000e+02
1.280000000000000000e+02
1.230000000000000000e+02
1.210000000000000000e+02
9.900000000000000000e+01
1.210000000000000000e+02
1.200000000000000000e+02
1.140000000000000000e+02
8.400000000000000000e+01
8.300000000000000000e+01
6.900000000000000000e+01
5.300000000000000000e+01
5.200000000000000000e+01
4.200000000000000000e+01
4.500000000000000000e+01
4.600000000000000000e+01
5.000000000000000000e+01
5.200000000000000000e+01
6.100000000000000000e+01
6.500000000000000000e+01
1.010000000000000000e+02
1.610000000000000000e+02
3.160000000000000000e+02
5.846000000000000000e+03
1.900000000000000000e+01
2.700000000000000000e+01
5.000000000000000000e+01
8.800000000000000000e+01
8.200000000000000000e+01
6.100000000000000000e+01
5.500000000000000000e+01
4.800000000000000000e+01
5.400000000000000000e+01
5.800000000000000000e+01
6.100000000000000000e+01
6.800000000000000000e+01
9.400000000000000000e+01
9.300000000000000000e+01
1.030000000000000000e+02
1.090000000000000000e+02
1.060000000000000000e+02
1.280000000000000000e+02
1.260000000000000000e+02
1.830000000000000000e+02
1.820000000000000000e+02
2.190000000000000000e+02
2.800000000000000000e+02
3.260000000000000000e+02
3.860000000000000000e+02
4.320000000000000000e+02
4.820000000000000000e+02
5.110000000000000000e+02
5.520000000000000000e+02
5.640000000000000000e+02
6.300000000000000000e+02
6.350000000000000000e+02
6.660000000000000000e+02
7.290000000000000000e+02
7.100000000000000000e+02
7.460000000000000000e+02
8.060000000000000000e+02
8.210000000000000000e+02
8.430000000000000000e+02
8.490000000000000000e+02
9.170000000000000000e+02
9.920000000000000000e+02
1.003000000000000000e+03
1.115000000000000000e+03
1.241000000000000000e+03
1.307000000000000000e+03
1.351000000000000000e+03
1.417000000000000000e+03
1.431000000000000000e+03
1.404000000000000000e+03
1.462000000000000000e+03
1.396000000000000000e+03
1.429000000000000000e+03
1.379000000000000000e+03
1.354000000000000000e+03
1.366000000000000000e+03
1.428000000000000000e+03
1.367000000000000000e+03
1.274000000000000000e+03
1.321000000000000000e+03
1.300000000000000000e+03
1.302000000000000000e+03
1.291000000000000000e+03
1.313000000000000000e+03
1.373000000000000000e+03
1.355000000000000000e+03
1.443000000000000000e+03
1.448000000000000000e+03
1.500000000000000000e+03
1.507000000000000000e+03
1.571000000000000000e+03
1.583000000000000000e+03
1.644000000000000000e+03
1.620000000000000000e+03
1.610000000000000000e+03
1.585000000000000000e+03
1.612000000000000000e+03
1.609000000000000000e+03
1.616000000000000000e+03
1.715000000000000000e+03
1.620000000000000000e+03
1.546000000000000000e+03
1.493000000000000000e+03
1.466000000000000000e+03
1.394000000000000000e+03
1.424000000000000000e+03
1.372000000000000000e+03
1.363000000000000000e+03
1.300000000000000000e+03
1.365000000000000000e+03
1.318000000000000000e+03
1.373000000000000000e+03
1.362000000000000000e+03
1.407000000000000000e+03
1.294000000000000000e+03
1.345000000000000000e+03
1.269000000000000000e+03
1.277000000000000000e+03
1.253000000000000000e+03
1.195000000000000000e+03
1.220000000000000000e+03
1.196000000000000000e+03
1.176000000000000000e+03
1.179000000000000000e+03
1.148000000000000000e+03
1.156000000000000000e+03
1.106000000000000000e+03
1.109000000000000000e+03
1.084000000000000000e+03
1.094000000000000000e+03
1.079000000000000000e+03
9.900000000000000000e+02
1.072000000000000000e+03
1.044000000000000000e+03
1.044000000000000000e+03
1.053000000000000000e+03
9.960000000000000000e+02
9.560000000000000000e+02
9.970000000000000000e+02
1.065000000000000000e+03
9.810000000000000000e+02
1.022000000000000000e+03
9.250000000000000000e+02
9.690000000000000000e+02
9.530000000000000000e+02
9.210000000000000000e+02
9.890000000000000000e+02
9.210000000000000000e+02
9.220000000000000000e+02
9.010000000000000000e+02
9.190000000000000000e+02
8.780000000000000000e+02
8.720000000000000000e+02
8.920000000000000000e+02
8.700000000000000000e+02
8.210000000000000000e+02
8.180000000000000000e+02
8.260000000000000000e+02
8.290000000000000000e+02
8.000000000000000000e+02
7.680000000000000000e+02
7.470000000000000000e+02
7.150000000000000000e+02
7.160000000000000000e+02
6.610000000000000000e+02
6.370000000000000000e+02
6.210000000000000000e+02
6.250000000000000000e+02
5.970000000000000000e+02
5.790000000000000000e+02
5.780000000000000000e+02
5.530000000000000000e+02
5.710000000000000000e+02
5.210000000000000000e+02
5.320000000000000000e+02
5.010000000000000000e+02
5.460000000000000000e+02
5.060000000000000000e+02
4.940000000000000000e+02
5.050000000000000000e+02
4.880000000000000000e+02
4.820000000000000000e+02
4.670000000000000000e+02
4.810000000000000000e+02
4.590000000000000000e+02
4.610000000000000000e+02
4.640000000000000000e+02
4.640000000000000000e+02
4.240000000000000000e+02
4.310000000000000000e+02
4.370000000000000000e+02
4.030000000000000000e+02
3.710000000000000000e+02
3.940000000000000000e+02
3.710000000000000000e+02
3.570000000000000000e+02
3.850000000000000000e+02
3.600000000000000000e+02
3.500000000000000000e+02
3.230000000000000000e+02
3.300000000000000000e+02
3.310000000000000000e+02
3.290000000000000000e+02
3.200000000000000000e+02
3.130000000000000000e+02
3.080000000000000000e+02
3.100000000000000000e+02
3.030000000000000000e+02
2.910000000000000000e+02
3.120000000000000000e+02
2.840000000000000000e+02
3.190000000000000000e+02
3.070000000000000000e+02
2.720000000000000000e+02
2.430000000000000000e+02
2.700000000000000000e+02
2.680000000000000000e+02
2.680000000000000000e+02
2.600000000000000000e+02
2.470000000000000000e+02
2.330000000000000000e+02
2.400000000000000000e+02
2.090000000000000000e+02
2.290000000000000000e+02
2.120000000000000000e+02
2.200000000000000000e+02
2.200000000000000000e+02
2.100000000000000000e+02
1.900000000000000000e+02
2.110000000000000000e+02
2.060000000000000000e+02
1.750000000000000000e+02
1.910000000000000000e+02
1.760000000000000000e+02
2.120000000000000000e+02
1.720000000000000000e+02
1.800000000000000000e+02
1.900000000000000000e+02
2.060000000000000000e+02
1.760000000000000000e+02
1.790000000000000000e+02
2.070000000000000000e+02
1.690000000000000000e+02
1.890000000000000000e+02
1.930000000000000000e+02
1.830000000000000000e+02
2.070000000000000000e+02
1.820000000000000000e+02
1.790000000000000000e+02
1.600000000000000000e+02
1.910000000000000000e+02
1.890000000000000000e+02
1.830000000000000000e+02
2.130000000000000000e+02
1.790000000000000000e+02
1.770000000000000000e+02
1.930000000000000000e+02
1.870000000000000000e+02
1.930000000000000000e+02
1.710000000000000000e+02
1.760000000000000000e+02
1.720000000000000000e+02
1.860000000000000000e+02
1.640000000000000000e+02
1.820000000000000000e+02
1.480000000000000000e+02
1.310000000000000000e+02
1.250000000000000000e+02
1.440000000000000000e+02
1.140000000000000000e+02
1.260000000000000000e+02
1.210000000000000000e+02
1.510000000000000000e+02
1.760000000000000000e+02
3.240000000000000000e+02
5.886000000000000000e+03
