0.000000000000000000e+00
0.000000000000000000e+00
0.000000000000000000e+00
0.000000000000000000e+00
2.000000000000000000e+00
1.000000000000000000e+00
3.000000000000000000e+00
2.000000000000000000e+00
2.000000000000000000e+00
2.000000000000000000e+00
3.000000000000000000e+00
2.000000000000000000e+00
9.000000000000000000e+00
1.700000000000000000e+01
2.700000000000000000e+01
3.400000000000000000e+01
5.300000000000000000e+01
7.300000000000000000e+01
9.100000000000000000e+01
9.800000000000000000e+01
1.160000000000000000e+02
1.360000000000000000e+02
1.570000000000000000e+02
2.130000000000000000e+02
2.160000000000000000e+02
2.330000000000000000e+02
2.360000000000000000e+02
2.650000000000000000e+02
2.940000000000000000e+02
3.080000000000000000e+02
2.920000000000000000e+02
3.110000000000000000e+02
3.390000000000000000e+02
3.350000000000000000e+02
3.930000000000000000e+02
3.860000000000000000e+02
3.640000000000000000e+02
4.030000000000000000e+02
4.410000000000000000e+02
4.580000000000000000e+02
5.240000000000000000e+02
6.470000000000000000e+02
6.760000000000000000e+02
7.590000000000000000e+02
8.620000000000000000e+02
9.390000000000000000e+02
9.630000000000000000e+02
1.039000000000000000e+03
1.108000000000000000e+03
1.182000000000000000e+03
1.172000000000000000e+03
1.300000000000000000e+03
1.278000000000000000e+03
1.318000000000000000e+03
1.230000000000000000e+03
1.282000000000000000e+03
1.262000000000000000e+03
1.209000000000000000e+03
1.129000000000000000e+03
1.101000000000000000e+03
1.117000000000000000e+03
1.083000000000000000e+03
1.148000000000000000e+03
1.081000000000000000e+03
1.051000000000000000e+03
1.062000000000000000e+03
9.580000000000000000e+02
1.003000000000000000e+03
9.570000000000000000e+02
9.600000000000000000e+02
9.890000000000000000e+02
9.850000000000000000e+02
9.620000000000000000e+02
9.550000000000000000e+02
9.270000000000000000e+02
9.070000000000000000e+02
9.090000000000000000e+02
9.030000000000000000e+02
9.290000000000000000e+02
8.420000000000000000e+02
8.910000000000000000e+02
8.770000000000000000e+02
9.110000000000000000e+02
8.690000000000000000e+02
9.890000000000000000e+02
9.510000000000000000e+02
9.540000000000000000e+02
9.460000000000000000e+02
9.900000000000000000e+02
9.970000000000000000e+02
9.690000000000000000e+02
1.036000000000000000e+03
1.071000000000000000e+03
1.093000000000000000e+03
1.095000000000000000e+03
1.082000000000000000e+03
1.115000000000000000e+03
1.193000000000000000e+03
1.259000000000000000e+03
1.224000000000000000e+03
1.209000000000000000e+03
1.227000000000000000e+03
1.225000000000000000e+03
1.303000000000000000e+03
1.207000000000000000e+03
1.229000000000000000e+03
1.189000000000000000e+03
1.190000000000000000e+03
1.139000000000000000e+03
1.160000000000000000e+03
1.063000000000000000e+03
1.156000000000000000e+03
1.061000000000000000e+03
1.008000000000000000e+03
1.026000000000000000e+03
1.058000000000000000e+03
1.039000000000000000e+03
1.055000000000000000e+03
1.032000000000000000e+03
1.019000000000000000e+03
9.510000000000000000e+02
1.019000000000000000e+03
9.600000000000000000e+02
9.220000000000000000e+02
8.980000000000000000e+02
8.780000000000000000e+02
8.640000000000000000e+02
8.990000000000000000e+02
8.710000000000000000e+02
8.310000000000000000e+02
7.240000000000000000e+02
7.290000000000000000e+02
7.180000000000000000e+02
6.800000000000000000e+02
6.870000000000000000e+02
7.040000000000000000e+02
6.420000000000000000e+02
6.400000000000000000e+02
6.300000000000000000e+02
6.290000000000000000e+02
6.110000000000000000e+02
6.150000000000000000e+02
6.990000000000000000e+02
7.110000000000000000e+02
7.400000000000000000e+02
7.200000000000000000e+02
8.610000000000000000e+02
8.860000000000000000e+02
1.050000000000000000e+03
1.234000000000000000e+03
1.424000000000000000e+03
1.492000000000000000e+03
1.842000000000000000e+03
1.955000000000000000e+03
1.864000000000000000e+03
1.716000000000000000e+03
1.684000000000000000e+03
1.651000000000000000e+03
1.580000000000000000e+03
1.455000000000000000e+03
1.325000000000000000e+03
1.304000000000000000e+03
1.322000000000000000e+03
1.247000000000000000e+03
1.385000000000000000e+03
1.458000000000000000e+03
1.442000000000000000e+03
1.311000000000000000e+03
1.332000000000000000e+03
1.219000000000000000e+03
1.199000000000000000e+03
1.172000000000000000e+03
1.214000000000000000e+03
1.467000000000000000e+03
1.872000000000000000e+03
2.353000000000000000e+03
2.665000000000000000e+03
2.796000000000000000e+03
2.322000000000000000e+03
2.060000000000000000e+03
1.197000000000000000e+03
7.880000000000000000e+02
4.970000000000000000e+02
2.640000000000000000e+02
8.300000000000000000e+01
5.000000000000000000e+01
2.600000000000000000e+01
1.000000000000000000e+00
0.000000000000000000e+00
0.000000000000000000e+00
0.000000000000000000e+00
0.000000000000000000e+00
0.000000000000000000e+00
0.000000000000000000e+00
0.000000000000000000e+00
0.000000000000000000e+00
0.000000000000000000e+00
0.000000000000000000e+00
0.000000000000000000e+00
0.000000000000000000e+00
0.000000000000000000e+00
0.000000000000000000e+00
0.000000000000000000e+00
0.000000000000000000e+00
0.000000000000000000e+00
0.000000000000000000e+00
0.000000000000000000e+00
0.000000000000000000e+00
0.000000000000000000e+00
0.000000000000000000e+00
0.000000000000000000e+00
0.000000000000000000e+00
0.000000000000000000e+00
0.000000000000000000e+00
0.000000000000000000e+00
0.000000000000000000e+00
0.000000000000000000e+00
0.000000000000000000e+00
0.000000000000000000e+00
0.000000000000000000e+00
0.000000000000000000e+00
0.000000000000000000e+00
0.000000000000000000e+00
0.000000000000000000e+00
0.000000000000000000e+00
0.000000000000000000e+00
0.000000000000000000e+00
0.000000000000000000e+00
0.000000000000000000e+00
0.000000000000000000e+00
0.000000000000000000e+00
0.000000000000000000e+00
0.000000000000000000e+00
0.000000000000000000e+00
0.000000000000000000e+00
0.000000000000000000e+00
0.000000000000000000e+00
0.000000000000000000e+00
0.000000000000000000e+00
0.000000000000000000e+00
0.000000000000000000e+00
0.000000000000000000e+00
0.000000000000000000e+00
0.000000000000000000e+00
0.000000000000000000e+00
0.000000000000000000e+00
0.000000000000000000e+00
0.000000000000000000e+00
0.000000000000000000e+00
0.000000000000000000e+00
0.000000000000000000e+00
0.000000000000000000e+00
0.000000000000000000e+00
0.000000000000000000e+00
0.000000000000000000e+00
0.000000000000000000e+00
0.000000000000000000e+00
0.000000000000000000e+00
0.000000000000000000e+00
0.000000000000000000e+00
0.000000000000000000e+00
0.000000000000000000e+00
0.000000000000000000e+00
0.000000000000000000e+00
0.000000000000000000e+00
0.000000000000000000e+00
0.000000000000000000e+00
0.000000000000000000e+00
0.000000000000000000e+00
0.000000000000000000e+00
1.000000000000000000e+00
0.000000000000000000e+00
1.000000000000000000e+00
0.000000000000000000e+00
2.000000000000000000e+00
5.000000000000000000e+00
6.000000000000000000e+00
6.000000000000000000e+00
1.000000000000000000e+01
1.700000000000000000e+01
2.300000000000000000e+01
3.100000000000000000e+01
4.100000000000000000e+01
5.000000000000000000e+01
9.500000000000000000e+01
1.050000000000000000e+02
1.150000000000000000e+02
1.420000000000000000e+02
1.700000000000000000e+02
1.950000000000000000e+02
1.740000000000000000e+02
2.160000000000000000e+02
2.310000000000000000e+02
2.320000000000000000e+02
2.500000000000000000e+02
2.400000000000000000e+02
2.320000000000000000e+02
2.390000000000000000e+02
2.330000000000000000e+02
2.300000000000000000e+02
2.250000000000000000e+02
2.170000000000000000e+02
1.950000000000000000e+02
2.130000000000000000e+02
2.370000000000000000e+02
2.230000000000000000e+02
2.380000000000000000e+02
2.430000000000000000e+02
2.260000000000000000e+02
2.640000000000000000e+02
2.480000000000000000e+02
2.590000000000000000e+02
2.530000000000000000e+02
2.870000000000000000e+02
3.560000000000000000e+02
3.540000000000000000e+02
4.320000000000000000e+02
5.120000000000000000e+02
4.960000000000000000e+02
6.120000000000000000e+02
6.480000000000000000e+02
7.270000000000000000e+02
8.040000000000000000e+02
8.960000000000000000e+02
8.940000000000000000e+02
9.970000000000000000e+02
1.049000000000000000e+03
1.075000000000000000e+03
1.075000000000000000e+03
1.093000000000000000e+03
1.052000000000000000e+03
1.011000000000000000e+03
9.870000000000000000e+02
9.630000000000000000e+02
9.890000000000000000e+02
9.230000000000000000e+02
9.810000000000000000e+02
9.380000000000000000e+02
9.110000000000000000e+02
9.380000000000000000e+02
9.420000000000000000e+02
9.280000000000000000e+02
9.430000000000000000e+02
1.014000000000000000e+03
9.560000000000000000e+02
9.930000000000000000e+02
8.640000000000000000e+02
9.210000000000000000e+02
9.370000000000000000e+02
9.660000000000000000e+02
9.840000000000000000e+02
9.770000000000000000e+02
1.008000000000000000e+03
9.810000000000000000e+02
1.071000000000000000e+03
1.087000000000000000e+03
1.163000000000000000e+03
1.114000000000000000e+03
1.095000000000000000e+03
1.161000000000000000e+03
1.135000000000000000e+03
1.236000000000000000e+03
1.268000000000000000e+03
1.258000000000000000e+03
1.274000000000000000e+03
1.314000000000000000e+03
1.359000000000000000e+03
1.403000000000000000e+03
1.398000000000000000e+03
1.453000000000000000e+03
1.381000000000000000e+03
1.406000000000000000e+03
1.347000000000000000e+03
1.356000000000000000e+03
1.500000000000000000e+03
1.387000000000000000e+03
1.407000000000000000e+03
1.295000000000000000e+03
1.282000000000000000e+03
1.210000000000000000e+03
1.269000000000000000e+03
1.209000000000000000e+03
1.237000000000000000e+03
1.201000000000000000e+03
1.207000000000000000e+03
1.191000000000000000e+03
1.109000000000000000e+03
1.162000000000000000e+03
1.260000000000000000e+03
1.244000000000000000e+03
1.232000000000000000e+03
1.152000000000000000e+03
1.172000000000000000e+03
1.165000000000000000e+03
1.195000000000000000e+03
1.194000000000000000e+03
1.066000000000000000e+03
1.105000000000000000e+03
1.168000000000000000e+03
1.126000000000000000e+03
1.109000000000000000e+03
1.079000000000000000e+03
1.062000000000000000e+03
9.970000000000000000e+02
9.460000000000000000e+02
8.060000000000000000e+02
8.230000000000000000e+02
8.640000000000000000e+02
9.210000000000000000e+02
9.120000000000000000e+02
9.840000000000000000e+02
9.450000000000000000e+02
1.082000000000000000e+03
1.091000000000000000e+03
1.203000000000000000e+03
1.483000000000000000e+03
1.776000000000000000e+03
2.192000000000000000e+03
2.424000000000000000e+03
2.549000000000000000e+03
2.776000000000000000e+03
3.075000000000000000e+03
3.204000000000000000e+03
3.313000000000000000e+03
3.670000000000000000e+03
4.357000000000000000e+03
4.670000000000000000e+03
4.209000000000000000e+03
3.404000000000000000e+03
2.345000000000000000e+03
1.655000000000000000e+03
1.293000000000000000e+03
1.006000000000000000e+03
8.440000000000000000e+02
5.550000000000000000e+02
3.790000000000000000e+02
3.070000000000000000e+02
2.660000000000000000e+02
2.460000000000000000e+02
2.220000000000000000e+02
1.680000000000000000e+02
1.080000000000000000e+02
4.500000000000000000e+01
2.100000000000000000e+01
7.000000000000000000e+00
1.000000000000000000e+00
1.000000000000000000e+00
0.000000000000000000e+00
0.000000000000000000e+00
0.000000000000000000e+00
0.000000000000000000e+00
0.000000000000000000e+00
1.000000000000000000e+00
0.000000000000000000e+00
0.000000000000000000e+00
0.000000000000000000e+00
0.000000000000000000e+00
0.000000000000000000e+00
0.000000000000000000e+00
0.000000000000000000e+00
0.000000000000000000e+00
0.000000000000000000e+00
0.000000000000000000e+00
0.000000000000000000e+00
0.000000000000000000e+00
0.000000000000000000e+00
0.000000000000000000e+00
0.000000000000000000e+00
0.000000000000000000e+00
0.000000000000000000e+00
0.000000000000000000e+00
0.000000000000000000e+00
0.000000000000000000e+00
0.000000000000000000e+00
0.000000000000000000e+00
0.000000000000000000e+00
0.000000000000000000e+00
0.000000000000000000e+00
0.000000000000000000e+00
0.000000000000000000e+00
0.000000000000000000e+00
0.000000000000000000e+00
0.000000000000000000e+00
0.000000000000000000e+00
0.000000000000000000e+00
0.000000000000000000e+00
0.000000000000000000e+00
0.000000000000000000e+00
0.000000000000000000e+00
0.000000000000000000e+00
0.000000000000000000e+00
0.000000000000000000e+00
0.000000000000000000e+00
0.000000000000000000e+00
0.000000000000000000e+00
0.000000000000000000e+00
0.000000000000000000e+00
0.000000000000000000e+00
0.000000000000000000e+00
0.000000000000000000e+00
0.000000000000000000e+00
0.000000000000000000e+00
0.000000000000000000e+00
0.000000000000000000e+00
0.000000000000000000e+00
0.000000000000000000e+00
0.000000000000000000e+00
0.000000000000000000e+00
0.000000000000000000e+00
0.000000000000000000e+00
0.000000000000000000e+00
0.000000000000000000e+00
0.000000000000000000e+00
0.000000000000000000e+00
0.000000000000000000e+00
0.000000000000000000e+00
0.000000000000000000e+00
0.000000000000000000e+00
0.000000000000000000e+00
0.000000000000000000e+00
0.000000000000000000e+00
0.000000000000000000e+00
0.000000000000000000e+00
0.000000000000000000e+00
0.000000000000000000e+00
0.000000000000000000e+00
0.000000000000000000e+00
1.000000000000000000e+00
0.000000000000000000e+00
0.000000000000000000e+00
3.000000000000000000e+00
2.000000000000000000e+00
2.000000000000000000e+00
0.000000000000000000e+00
1.000000000000000000e+00
5.000000000000000000e+00
5.000000000000000000e+00
7.000000000000000000e+00
1.300000000000000000e+01
1.300000000000000000e+01
2.200000000000000000e+01
2.800000000000000000e+01
3.900000000000000000e+01
4.300000000000000000e+01
5.500000000000000000e+01
5.900000000000000000e+01
7.600000000000000000e+01
1.110000000000000000e+02
9.400000000000000000e+01
1.080000000000000000e+02
1.480000000000000000e+02
1.440000000000000000e+02
1.370000000000000000e+02
1.730000000000000000e+02
1.720000000000000000e+02
1.810000000000000000e+02
2.150000000000000000e+02
1.730000000000000000e+02
1.640000000000000000e+02
1.740000000000000000e+02
2.020000000000000000e+02
1.810000000000000000e+02
1.830000000000000000e+02
1.820000000000000000e+02
1.860000000000000000e+02
1.880000000000000000e+02
2.050000000000000000e+02
1.900000000000000000e+02
1.940000000000000000e+02
2.380000000000000000e+02
2.160000000000000000e+02
2.100000000000000000e+02
2.260000000000000000e+02
2.230000000000000000e+02
2.230000000000000000e+02
2.790000000000000000e+02
3.340000000000000000e+02
3.100000000000000000e+02
3.900000000000000000e+02
4.220000000000000000e+02
4.720000000000000000e+02
5.080000000000000000e+02
6.510000000000000000e+02
6.900000000000000000e+02
7.190000000000000000e+02
7.710000000000000000e+02
8.320000000000000000e+02
8.150000000000000000e+02
8.200000000000000000e+02
8.450000000000000000e+02
9.010000000000000000e+02
8.800000000000000000e+02
8.760000000000000000e+02
8.510000000000000000e+02
8.650000000000000000e+02
8.160000000000000000e+02
8.230000000000000000e+02
8.220000000000000000e+02
7.860000000000000000e+02
7.880000000000000000e+02
7.940000000000000000e+02
7.110000000000000000e+02
7.610000000000000000e+02
7.550000000000000000e+02
7.600000000000000000e+02
7.560000000000000000e+02
7.640000000000000000e+02
6.740000000000000000e+02
7.090000000000000000e+02
7.050000000000000000e+02
7.240000000000000000e+02
7.120000000000000000e+02
7.130000000000000000e+02
7.430000000000000000e+02
7.560000000000000000e+02
7.790000000000000000e+02
7.570000000000000000e+02
8.620000000000000000e+02
8.780000000000000000e+02
8.410000000000000000e+02
8.460000000000000000e+02
8.590000000000000000e+02
9.180000000000000000e+02
9.130000000000000000e+02
9.530000000000000000e+02
9.500000000000000000e+02
9.740000000000000000e+02
1.029000000000000000e+03
1.066000000000000000e+03
1.095000000000000000e+03
1.050000000000000000e+03
1.094000000000000000e+03
1.102000000000000000e+03
1.167000000000000000e+03
1.181000000000000000e+03
1.250000000000000000e+03
1.233000000000000000e+03
1.245000000000000000e+03
1.313000000000000000e+03
1.286000000000000000e+03
1.262000000000000000e+03
1.295000000000000000e+03
1.275000000000000000e+03
1.299000000000000000e+03
1.320000000000000000e+03
1.321000000000000000e+03
1.331000000000000000e+03
1.331000000000000000e+03
1.396000000000000000e+03
1.405000000000000000e+03
1.427000000000000000e+03
1.517000000000000000e+03
1.561000000000000000e+03
1.574000000000000000e+03
1.589000000000000000e+03
1.673000000000000000e+03
1.670000000000000000e+03
1.667000000000000000e+03
1.641000000000000000e+03
1.658000000000000000e+03
1.737000000000000000e+03
1.681000000000000000e+03
1.585000000000000000e+03
1.508000000000000000e+03
1.504000000000000000e+03
1.372000000000000000e+03
1.416000000000000000e+03
1.306000000000000000e+03
1.373000000000000000e+03
1.444000000000000000e+03
1.387000000000000000e+03
1.446000000000000000e+03
1.565000000000000000e+03
1.835000000000000000e+03
2.038000000000000000e+03
2.267000000000000000e+03
2.444000000000000000e+03
2.969000000000000000e+03
3.425000000000000000e+03
4.159000000000000000e+03
4.830000000000000000e+03
5.202000000000000000e+03
4.835000000000000000e+03
4.387000000000000000e+03
3.542000000000000000e+03
2.804000000000000000e+03
2.336000000000000000e+03
1.967000000000000000e+03
1.692000000000000000e+03
1.283000000000000000e+03
9.530000000000000000e+02
8.650000000000000000e+02
7.940000000000000000e+02
7.870000000000000000e+02
5.490000000000000000e+02
4.810000000000000000e+02
3.300000000000000000e+02
3.180000000000000000e+02
2.880000000000000000e+02
2.280000000000000000e+02
2.000000000000000000e+02
1.540000000000000000e+02
1.230000000000000000e+02
7.900000000000000000e+01
3.200000000000000000e+01
2.900000000000000000e+01
1.400000000000000000e+01
7.000000000000000000e+00
7.000000000000000000e+00
3.000000000000000000e+00
6.000000000000000000e+00
2.000000000000000000e+00
2.000000000000000000e+00
2.000000000000000000e+00
1.000000000000000000e+00
0.000000000000000000e+00
0.000000000000000000e+00
1.000000000000000000e+00
0.000000000000000000e+00
0.000000000000000000e+00
1.000000000000000000e+00
0.000000000000000000e+00
1.000000000000000000e+00
0.000000000000000000e+00
0.000000000000000000e+00
0.000000000000000000e+00
0.000000000000000000e+00
0.000000000000000000e+00
0.000000000000000000e+00
0.000000000000000000e+00
0.000000000000000000e+00
0.000000000000000000e+00
0.000000000000000000e+00
0.000000000000000000e+00
0.000000000000000000e+00
0.000000000000000000e+00
0.000000000000000000e+00
0.000000000000000000e+00
0.000000000000000000e+00
0.000000000000000000e+00
0.000000000000000000e+00
0.000000000000000000e+00
0.000000000000000000e+00
0.000000000000000000e+00
0.000000000000000000e+00
0.000000000000000000e+00
0.000000000000000000e+00
0.000000000000000000e+00
0.000000000000000000e+00
0.000000000000000000e+00
0.000000000000000000e+00
0.000000000000000000e+00
0.000000000000000000e+00
0.000000000000000000e+00
0.000000000000000000e+00
0.000000000000000000e+00
0.000000000000000000e+00
0.000000000000000000e+00
0.000000000000000000e+00
0.000000000000000000e+00
0.000000000000000000e+00
0.000000000000000000e+00
0.000000000000000000e+00
0.000000000000000000e+00
0.000000000000000000e+00
0.000000000000000000e+00
0.000000000000000000e+00
0.000000000000000000e+00
