0.000000000000000000e+00
0.000000000000000000e+00
0.000000000000000000e+00
0.000000000000000000e+00
0.000000000000000000e+00
0.000000000000000000e+00
0.000000000000000000e+00
0.000000000000000000e+00
0.000000000000000000e+00
0.000000000000000000e+00
0.000000000000000000e+00
0.000000000000000000e+00
0.000000000000000000e+00
1.000000000000000000e+00
7.000000000000000000e+00
8.000000000000000000e+00
3.600000000000000000e+01
5.800000000000000000e+01
9.300000000000000000e+01
9.700000000000000000e+01
9.700000000000000000e+01
9.600000000000000000e+01
9.300000000000000000e+01
1.000000000000000000e+02
1.180000000000000000e+02
1.110000000000000000e+02
1.170000000000000000e+02
1.270000000000000000e+02
1.410000000000000000e+02
1.450000000000000000e+02
1.840000000000000000e+02
1.830000000000000000e+02
2.710000000000000000e+02
2.540000000000000000e+02
2.770000000000000000e+02
3.120000000000000000e+02
3.200000000000000000e+02
3.730000000000000000e+02
3.930000000000000000e+02
4.780000000000000000e+02
4.790000000000000000e+02
5.040000000000000000e+02
5.230000000000000000e+02
5.680000000000000000e+02
5.820000000000000000e+02
6.020000000000000000e+02
6.060000000000000000e+02
6.440000000000000000e+02
6.670000000000000000e+02
6.930000000000000000e+02
7.080000000000000000e+02
7.730000000000000000e+02
8.030000000000000000e+02
8.190000000000000000e+02
8.960000000000000000e+02
8.550000000000000000e+02
9.820000000000000000e+02
9.210000000000000000e+02
1.009000000000000000e+03
1.075000000000000000e+03
1.032000000000000000e+03
1.104000000000000000e+03
1.131000000000000000e+03
1.203000000000000000e+03
1.255000000000000000e+03
1.306000000000000000e+03
1.357000000000000000e+03
1.417000000000000000e+03
1.537000000000000000e+03
1.562000000000000000e+03
1.569000000000000000e+03
1.649000000000000000e+03
1.629000000000000000e+03
1.766000000000000000e+03
1.830000000000000000e+03
1.880000000000000000e+03
1.873000000000000000e+03
1.863000000000000000e+03
1.927000000000000000e+03
1.983000000000000000e+03
2.025000000000000000e+03
2.180000000000000000e+03
2.113000000000000000e+03
2.176000000000000000e+03
2.216000000000000000e+03
2.109000000000000000e+03
2.300000000000000000e+03
2.252000000000000000e+03
2.297000000000000000e+03
2.351000000000000000e+03
2.307000000000000000e+03
2.264000000000000000e+03
2.328000000000000000e+03
2.324000000000000000e+03
2.438000000000000000e+03
2.383000000000000000e+03
2.362000000000000000e+03
2.300000000000000000e+03
2.444000000000000000e+03
2.354000000000000000e+03
2.359000000000000000e+03
2.326000000000000000e+03
2.460000000000000000e+03
2.355000000000000000e+03
2.368000000000000000e+03
2.206000000000000000e+03
2.171000000000000000e+03
2.135000000000000000e+03
2.196000000000000000e+03
2.093000000000000000e+03
2.183000000000000000e+03
2.125000000000000000e+03
2.138000000000000000e+03
2.073000000000000000e+03
2.020000000000000000e+03
1.949000000000000000e+03
1.983000000000000000e+03
1.827000000000000000e+03
1.900000000000000000e+03
1.819000000000000000e+03
1.711000000000000000e+03
1.684000000000000000e+03
1.618000000000000000e+03
1.688000000000000000e+03
1.511000000000000000e+03
1.589000000000000000e+03
1.503000000000000000e+03
1.409000000000000000e+03
1.438000000000000000e+03
1.373000000000000000e+03
1.324000000000000000e+03
1.380000000000000000e+03
1.306000000000000000e+03
1.237000000000000000e+03
1.243000000000000000e+03
1.193000000000000000e+03
1.169000000000000000e+03
1.149000000000000000e+03
1.129000000000000000e+03
1.061000000000000000e+03
1.058000000000000000e+03
9.540000000000000000e+02
9.680000000000000000e+02
9.510000000000000000e+02
9.040000000000000000e+02
9.030000000000000000e+02
8.800000000000000000e+02
8.690000000000000000e+02
8.750000000000000000e+02
8.610000000000000000e+02
8.630000000000000000e+02
7.720000000000000000e+02
7.810000000000000000e+02
7.370000000000000000e+02
7.310000000000000000e+02
7.060000000000000000e+02
6.690000000000000000e+02
6.790000000000000000e+02
6.610000000000000000e+02
6.790000000000000000e+02
6.230000000000000000e+02
6.030000000000000000e+02
5.860000000000000000e+02
5.770000000000000000e+02
5.480000000000000000e+02
5.380000000000000000e+02
5.630000000000000000e+02
5.590000000000000000e+02
5.230000000000000000e+02
4.760000000000000000e+02
4.800000000000000000e+02
4.540000000000000000e+02
4.480000000000000000e+02
4.360000000000000000e+02
4.860000000000000000e+02
4.230000000000000000e+02
4.330000000000000000e+02
4.150000000000000000e+02
3.890000000000000000e+02
3.880000000000000000e+02
3.670000000000000000e+02
3.560000000000000000e+02
3.710000000000000000e+02
3.690000000000000000e+02
3.770000000000000000e+02
3.220000000000000000e+02
3.320000000000000000e+02
3.220000000000000000e+02
2.910000000000000000e+02
2.820000000000000000e+02
2.550000000000000000e+02
2.460000000000000000e+02
2.590000000000000000e+02
2.090000000000000000e+02
2.250000000000000000e+02
2.400000000000000000e+02
2.530000000000000000e+02
2.070000000000000000e+02
1.920000000000000000e+02
2.060000000000000000e+02
1.800000000000000000e+02
1.760000000000000000e+02
1.460000000000000000e+02
1.460000000000000000e+02
1.420000000000000000e+02
1.410000000000000000e+02
1.370000000000000000e+02
1.310000000000000000e+02
1.050000000000000000e+02
9.900000000000000000e+01
1.010000000000000000e+02
1.020000000000000000e+02
9.800000000000000000e+01
9.700000000000000000e+01
6.000000000000000000e+01
6.800000000000000000e+01
4.800000000000000000e+01
4.000000000000000000e+01
4.900000000000000000e+01
4.900000000000000000e+01
4.500000000000000000e+01
4.000000000000000000e+01
3.300000000000000000e+01
3.200000000000000000e+01
1.600000000000000000e+01
1.400000000000000000e+01
1.600000000000000000e+01
6.000000000000000000e+00
6.000000000000000000e+00
6.000000000000000000e+00
3.000000000000000000e+00
5.000000000000000000e+00
2.000000000000000000e+00
3.000000000000000000e+00
4.000000000000000000e+00
4.000000000000000000e+00
3.000000000000000000e+00
4.000000000000000000e+00
2.000000000000000000e+00
2.000000000000000000e+00
0.000000000000000000e+00
3.000000000000000000e+00
0.000000000000000000e+00
2.000000000000000000e+00
1.000000000000000000e+00
1.000000000000000000e+00
1.000000000000000000e+00
2.000000000000000000e+00
1.000000000000000000e+00
1.000000000000000000e+00
0.000000000000000000e+00
1.000000000000000000e+00
0.000000000000000000e+00
0.000000000000000000e+00
0.000000000000000000e+00
0.000000000000000000e+00
0.000000000000000000e+00
0.000000000000000000e+00
0.000000000000000000e+00
0.000000000000000000e+00
0.000000000000000000e+00
0.000000000000000000e+00
0.000000000000000000e+00
0.000000000000000000e+00
0.000000000000000000e+00
0.000000000000000000e+00
0.000000000000000000e+00
0.000000000000000000e+00
0.000000000000000000e+00
0.000000000000000000e+00
0.000000000000000000e+00
0.000000000000000000e+00
3.000000000000000000e+00
2.000000000000000000e+00
2.600000000000000000e+01
5.800000000000000000e+01
1.050000000000000000e+02
1.230000000000000000e+02
1.360000000000000000e+02
1.210000000000000000e+02
1.210000000000000000e+02
1.240000000000000000e+02
1.270000000000000000e+02
1.440000000000000000e+02
1.550000000000000000e+02
1.960000000000000000e+02
2.410000000000000000e+02
2.700000000000000000e+02
2.800000000000000000e+02
2.340000000000000000e+02
2.910000000000000000e+02
2.600000000000000000e+02
2.890000000000000000e+02
2.800000000000000000e+02
2.610000000000000000e+02
2.880000000000000000e+02
2.530000000000000000e+02
2.690000000000000000e+02
2.730000000000000000e+02
2.940000000000000000e+02
2.700000000000000000e+02
2.720000000000000000e+02
3.140000000000000000e+02
2.840000000000000000e+02
3.190000000000000000e+02
3.080000000000000000e+02
3.080000000000000000e+02
2.990000000000000000e+02
3.460000000000000000e+02
2.930000000000000000e+02
3.670000000000000000e+02
3.770000000000000000e+02
3.510000000000000000e+02
3.940000000000000000e+02
4.010000000000000000e+02
3.820000000000000000e+02
4.170000000000000000e+02
4.910000000000000000e+02
4.850000000000000000e+02
5.140000000000000000e+02
5.370000000000000000e+02
5.540000000000000000e+02
5.500000000000000000e+02
6.210000000000000000e+02
5.770000000000000000e+02
6.640000000000000000e+02
6.890000000000000000e+02
7.310000000000000000e+02
7.730000000000000000e+02
8.190000000000000000e+02
8.650000000000000000e+02
9.470000000000000000e+02
9.580000000000000000e+02
9.860000000000000000e+02
1.011000000000000000e+03
1.020000000000000000e+03
1.056000000000000000e+03
9.890000000000000000e+02
1.155000000000000000e+03
1.164000000000000000e+03
1.191000000000000000e+03
1.222000000000000000e+03
1.303000000000000000e+03
1.394000000000000000e+03
1.422000000000000000e+03
1.428000000000000000e+03
1.522000000000000000e+03
1.530000000000000000e+03
1.537000000000000000e+03
1.578000000000000000e+03
1.735000000000000000e+03
1.762000000000000000e+03
1.772000000000000000e+03
1.788000000000000000e+03
1.966000000000000000e+03
1.970000000000000000e+03
2.027000000000000000e+03
2.018000000000000000e+03
2.122000000000000000e+03
2.243000000000000000e+03
2.241000000000000000e+03
2.248000000000000000e+03
2.345000000000000000e+03
2.456000000000000000e+03
2.445000000000000000e+03
2.408000000000000000e+03
2.536000000000000000e+03
2.500000000000000000e+03
2.587000000000000000e+03
2.643000000000000000e+03
2.726000000000000000e+03
2.774000000000000000e+03
2.758000000000000000e+03
2.885000000000000000e+03
2.867000000000000000e+03
2.892000000000000000e+03
2.841000000000000000e+03
2.829000000000000000e+03
2.747000000000000000e+03
2.758000000000000000e+03
2.725000000000000000e+03
2.603000000000000000e+03
2.606000000000000000e+03
2.549000000000000000e+03
2.516000000000000000e+03
2.389000000000000000e+03
2.429000000000000000e+03
2.394000000000000000e+03
2.258000000000000000e+03
2.274000000000000000e+03
2.069000000000000000e+03
2.062000000000000000e+03
2.030000000000000000e+03
2.017000000000000000e+03
2.007000000000000000e+03
2.021000000000000000e+03
1.844000000000000000e+03
1.786000000000000000e+03
1.733000000000000000e+03
1.725000000000000000e+03
1.676000000000000000e+03
1.580000000000000000e+03
1.471000000000000000e+03
1.406000000000000000e+03
1.377000000000000000e+03
1.346000000000000000e+03
1.354000000000000000e+03
1.276000000000000000e+03
1.242000000000000000e+03
1.205000000000000000e+03
1.187000000000000000e+03
1.119000000000000000e+03
1.020000000000000000e+03
1.088000000000000000e+03
1.031000000000000000e+03
1.033000000000000000e+03
1.039000000000000000e+03
9.950000000000000000e+02
9.920000000000000000e+02
9.430000000000000000e+02
9.260000000000000000e+02
8.730000000000000000e+02
8.360000000000000000e+02
8.460000000000000000e+02
7.760000000000000000e+02
7.920000000000000000e+02
7.250000000000000000e+02
6.670000000000000000e+02
6.270000000000000000e+02
6.050000000000000000e+02
5.870000000000000000e+02
5.260000000000000000e+02
4.990000000000000000e+02
4.750000000000000000e+02
4.310000000000000000e+02
4.380000000000000000e+02
4.200000000000000000e+02
4.020000000000000000e+02
3.790000000000000000e+02
3.980000000000000000e+02
3.270000000000000000e+02
2.970000000000000000e+02
3.210000000000000000e+02
3.170000000000000000e+02
2.670000000000000000e+02
2.370000000000000000e+02
2.420000000000000000e+02
2.220000000000000000e+02
2.270000000000000000e+02
2.150000000000000000e+02
2.070000000000000000e+02
2.100000000000000000e+02
1.690000000000000000e+02
1.900000000000000000e+02
1.740000000000000000e+02
1.380000000000000000e+02
1.090000000000000000e+02
1.120000000000000000e+02
1.140000000000000000e+02
8.600000000000000000e+01
6.400000000000000000e+01
5.300000000000000000e+01
7.500000000000000000e+01
5.400000000000000000e+01
5.500000000000000000e+01
4.100000000000000000e+01
2.100000000000000000e+01
2.000000000000000000e+01
2.900000000000000000e+01
1.500000000000000000e+01
1.500000000000000000e+01
1.100000000000000000e+01
1.100000000000000000e+01
7.000000000000000000e+00
1.300000000000000000e+01
6.000000000000000000e+00
9.000000000000000000e+00
5.000000000000000000e+00
7.000000000000000000e+00
6.000000000000000000e+00
5.000000000000000000e+00
4.000000000000000000e+00
8.000000000000000000e+00
1.000000000000000000e+01
7.000000000000000000e+00
4.000000000000000000e+00
3.000000000000000000e+00
2.000000000000000000e+00
3.000000000000000000e+00
5.000000000000000000e+00
2.000000000000000000e+00
3.000000000000000000e+00
2.000000000000000000e+00
0.000000000000000000e+00
1.000000000000000000e+00
0.000000000000000000e+00
0.000000000000000000e+00
0.000000000000000000e+00
0.000000000000000000e+00
0.000000000000000000e+00
0.000000000000000000e+00
0.000000000000000000e+00
0.000000000000000000e+00
0.000000000000000000e+00
0.000000000000000000e+00
0.000000000000000000e+00
0.000000000000000000e+00
0.000000000000000000e+00
0.000000000000000000e+00
0.000000000000000000e+00
0.000000000000000000e+00
0.000000000000000000e+00
0.000000000000000000e+00
0.000000000000000000e+00
0.000000000000000000e+00
0.000000000000000000e+00
0.000000000000000000e+00
0.000000000000000000e+00
0.000000000000000000e+00
0.000000000000000000e+00
0.000000000000000000e+00
0.000000000000000000e+00
0.000000000000000000e+00
0.000000000000000000e+00
0.000000000000000000e+00
0.000000000000000000e+00
0.000000000000000000e+00
0.000000000000000000e+00
7.000000000000000000e+00
1.300000000000000000e+01
3.300000000000000000e+01
6.100000000000000000e+01
1.120000000000000000e+02
1.250000000000000000e+02
1.200000000000000000e+02
1.380000000000000000e+02
1.480000000000000000e+02
1.580000000000000000e+02
1.580000000000000000e+02
1.920000000000000000e+02
2.430000000000000000e+02
2.650000000000000000e+02
2.520000000000000000e+02
2.800000000000000000e+02
2.720000000000000000e+02
2.510000000000000000e+02
2.810000000000000000e+02
2.820000000000000000e+02
2.300000000000000000e+02
2.360000000000000000e+02
2.140000000000000000e+02
2.300000000000000000e+02
2.350000000000000000e+02
2.220000000000000000e+02
2.440000000000000000e+02
2.720000000000000000e+02
2.920000000000000000e+02
3.020000000000000000e+02
2.850000000000000000e+02
2.610000000000000000e+02
2.790000000000000000e+02
2.760000000000000000e+02
2.800000000000000000e+02
2.620000000000000000e+02
2.800000000000000000e+02
2.640000000000000000e+02
2.450000000000000000e+02
2.440000000000000000e+02
2.040000000000000000e+02
1.880000000000000000e+02
2.220000000000000000e+02
1.910000000000000000e+02
1.920000000000000000e+02
2.120000000000000000e+02
1.870000000000000000e+02
1.900000000000000000e+02
2.400000000000000000e+02
2.490000000000000000e+02
2.330000000000000000e+02
2.620000000000000000e+02
2.640000000000000000e+02
2.920000000000000000e+02
2.640000000000000000e+02
3.150000000000000000e+02
3.050000000000000000e+02
3.580000000000000000e+02
3.630000000000000000e+02
3.700000000000000000e+02
3.570000000000000000e+02
4.250000000000000000e+02
4.060000000000000000e+02
4.690000000000000000e+02
4.670000000000000000e+02
5.290000000000000000e+02
5.270000000000000000e+02
6.080000000000000000e+02
6.380000000000000000e+02
6.460000000000000000e+02
6.580000000000000000e+02
6.980000000000000000e+02
7.550000000000000000e+02
7.780000000000000000e+02
7.660000000000000000e+02
7.600000000000000000e+02
8.060000000000000000e+02
8.900000000000000000e+02
8.690000000000000000e+02
8.730000000000000000e+02
9.030000000000000000e+02
9.100000000000000000e+02
9.870000000000000000e+02
1.021000000000000000e+03
1.077000000000000000e+03
1.096000000000000000e+03
1.237000000000000000e+03
1.119000000000000000e+03
1.224000000000000000e+03
1.262000000000000000e+03
1.321000000000000000e+03
1.407000000000000000e+03
1.490000000000000000e+03
1.436000000000000000e+03
1.551000000000000000e+03
1.543000000000000000e+03
1.621000000000000000e+03
1.595000000000000000e+03
1.699000000000000000e+03
1.746000000000000000e+03
1.692000000000000000e+03
1.813000000000000000e+03
1.872000000000000000e+03
1.874000000000000000e+03
1.975000000000000000e+03
1.992000000000000000e+03
2.063000000000000000e+03
2.135000000000000000e+03
2.265000000000000000e+03
2.180000000000000000e+03
2.311000000000000000e+03
2.443000000000000000e+03
2.407000000000000000e+03
2.457000000000000000e+03
2.507000000000000000e+03
2.518000000000000000e+03
2.650000000000000000e+03
2.781000000000000000e+03
2.691000000000000000e+03
2.745000000000000000e+03
2.742000000000000000e+03
2.845000000000000000e+03
2.914000000000000000e+03
2.821000000000000000e+03
2.854000000000000000e+03
2.799000000000000000e+03
2.813000000000000000e+03
2.800000000000000000e+03
2.852000000000000000e+03
2.791000000000000000e+03
2.649000000000000000e+03
2.595000000000000000e+03
2.622000000000000000e+03
2.541000000000000000e+03
2.542000000000000000e+03
2.396000000000000000e+03
2.395000000000000000e+03
2.361000000000000000e+03
2.344000000000000000e+03
2.371000000000000000e+03
2.264000000000000000e+03
2.206000000000000000e+03
2.130000000000000000e+03
2.107000000000000000e+03
2.142000000000000000e+03
2.016000000000000000e+03
1.977000000000000000e+03
1.924000000000000000e+03
1.894000000000000000e+03
1.842000000000000000e+03
1.750000000000000000e+03
1.690000000000000000e+03
1.631000000000000000e+03
1.618000000000000000e+03
1.527000000000000000e+03
1.403000000000000000e+03
1.353000000000000000e+03
1.234000000000000000e+03
1.219000000000000000e+03
1.176000000000000000e+03
1.062000000000000000e+03
1.105000000000000000e+03
1.019000000000000000e+03
9.360000000000000000e+02
8.380000000000000000e+02
7.710000000000000000e+02
7.770000000000000000e+02
6.940000000000000000e+02
6.640000000000000000e+02
5.930000000000000000e+02
5.890000000000000000e+02
5.230000000000000000e+02
5.350000000000000000e+02
4.390000000000000000e+02
4.330000000000000000e+02
3.850000000000000000e+02
3.240000000000000000e+02
2.970000000000000000e+02
2.480000000000000000e+02
1.890000000000000000e+02
1.800000000000000000e+02
1.850000000000000000e+02
1.620000000000000000e+02
1.420000000000000000e+02
8.800000000000000000e+01
1.160000000000000000e+02
6.900000000000000000e+01
7.700000000000000000e+01
4.200000000000000000e+01
4.900000000000000000e+01
4.400000000000000000e+01
4.100000000000000000e+01
2.400000000000000000e+01
2.700000000000000000e+01
3.300000000000000000e+01
3.600000000000000000e+01
3.600000000000000000e+01
2.500000000000000000e+01
2.600000000000000000e+01
2.500000000000000000e+01
2.800000000000000000e+01
1.700000000000000000e+01
1.900000000000000000e+01
2.200000000000000000e+01
1.600000000000000000e+01
1.600000000000000000e+01
2.100000000000000000e+01
1.600000000000000000e+01
1.800000000000000000e+01
1.500000000000000000e+01
1.300000000000000000e+01
1.200000000000000000e+01
1.500000000000000000e+01
1.300000000000000000e+01
1.300000000000000000e+01
8.000000000000000000e+00
5.000000000000000000e+00
8.000000000000000000e+00
3.000000000000000000e+00
7.000000000000000000e+00
2.000000000000000000e+00
5.000000000000000000e+00
3.000000000000000000e+00
5.000000000000000000e+00
8.000000000000000000e+00
2.000000000000000000e+00
3.000000000000000000e+00
1.000000000000000000e+00
1.000000000000000000e+00
1.000000000000000000e+00
0.000000000000000000e+00
0.000000000000000000e+00
0.000000000000000000e+00
0.000000000000000000e+00
0.000000000000000000e+00
0.000000000000000000e+00
0.000000000000000000e+00
0.000000000000000000e+00
0.000000000000000000e+00
0.000000000000000000e+00
