3.000000000000000000e+00
7.000000000000000000e+00
1.000000000000000000e+01
1.300000000000000000e+01
2.400000000000000000e+01
7.300000000000000000e+01
1.340000000000000000e+02
1.880000000000000000e+02
2.860000000000000000e+02
3.780000000000000000e+02
4.390000000000000000e+02
5.660000000000000000e+02
6.310000000000000000e+02
7.320000000000000000e+02
7.310000000000000000e+02
7.230000000000000000e+02
7.540000000000000000e+02
7.330000000000000000e+02
7.270000000000000000e+02
6.090000000000000000e+02
6.570000000000000000e+02
6.880000000000000000e+02
6.620000000000000000e+02
6.070000000000000000e+02
6.450000000000000000e+02
6.170000000000000000e+02
7.180000000000000000e+02
7.090000000000000000e+02
6.960000000000000000e+02
6.910000000000000000e+02
6.510000000000000000e+02
6.810000000000000000e+02
6.540000000000000000e+02
6.810000000000000000e+02
6.740000000000000000e+02
7.260000000000000000e+02
7.110000000000000000e+02
7.230000000000000000e+02
7.430000000000000000e+02
7.660000000000000000e+02
7.970000000000000000e+02
8.180000000000000000e+02
9.370000000000000000e+02
9.550000000000000000e+02
9.660000000000000000e+02
1.046000000000000000e+03
1.122000000000000000e+03
1.124000000000000000e+03
1.092000000000000000e+03
1.142000000000000000e+03
1.165000000000000000e+03
1.243000000000000000e+03
1.252000000000000000e+03
1.274000000000000000e+03
1.263000000000000000e+03
1.278000000000000000e+03
1.322000000000000000e+03
1.265000000000000000e+03
1.297000000000000000e+03
1.333000000000000000e+03
1.307000000000000000e+03
1.289000000000000000e+03
1.331000000000000000e+03
1.342000000000000000e+03
1.212000000000000000e+03
1.249000000000000000e+03
1.222000000000000000e+03
1.184000000000000000e+03
1.257000000000000000e+03
1.217000000000000000e+03
1.276000000000000000e+03
1.237000000000000000e+03
1.288000000000000000e+03
1.316000000000000000e+03
1.302000000000000000e+03
1.320000000000000000e+03
1.367000000000000000e+03
1.346000000000000000e+03
1.380000000000000000e+03
1.409000000000000000e+03
1.476000000000000000e+03
1.500000000000000000e+03
1.503000000000000000e+03
1.481000000000000000e+03
1.526000000000000000e+03
1.500000000000000000e+03
1.643000000000000000e+03
1.745000000000000000e+03
1.697000000000000000e+03
1.751000000000000000e+03
1.703000000000000000e+03
1.673000000000000000e+03
1.550000000000000000e+03
1.539000000000000000e+03
1.557000000000000000e+03
1.510000000000000000e+03
1.530000000000000000e+03
1.526000000000000000e+03
1.448000000000000000e+03
1.448000000000000000e+03
1.408000000000000000e+03
1.361000000000000000e+03
1.294000000000000000e+03
1.258000000000000000e+03
1.097000000000000000e+03
1.087000000000000000e+03
1.041000000000000000e+03
9.910000000000000000e+02
9.980000000000000000e+02
9.170000000000000000e+02
9.520000000000000000e+02
8.810000000000000000e+02
8.970000000000000000e+02
7.960000000000000000e+02
8.430000000000000000e+02
7.230000000000000000e+02
7.440000000000000000e+02
7.110000000000000000e+02
6.510000000000000000e+02
6.170000000000000000e+02
6.010000000000000000e+02
6.090000000000000000e+02
5.520000000000000000e+02
5.660000000000000000e+02
5.890000000000000000e+02
5.660000000000000000e+02
5.340000000000000000e+02
5.330000000000000000e+02
4.850000000000000000e+02
4.800000000000000000e+02
4.280000000000000000e+02
5.220000000000000000e+02
5.000000000000000000e+02
4.630000000000000000e+02
5.020000000000000000e+02
4.300000000000000000e+02
4.190000000000000000e+02
4.230000000000000000e+02
4.310000000000000000e+02
4.450000000000000000e+02
4.700000000000000000e+02
4.200000000000000000e+02
4.910000000000000000e+02
4.720000000000000000e+02
4.850000000000000000e+02
5.440000000000000000e+02
5.800000000000000000e+02
5.750000000000000000e+02
6.040000000000000000e+02
6.440000000000000000e+02
6.960000000000000000e+02
7.780000000000000000e+02
8.220000000000000000e+02
8.150000000000000000e+02
8.000000000000000000e+02
9.860000000000000000e+02
9.620000000000000000e+02
1.025000000000000000e+03
1.051000000000000000e+03
1.028000000000000000e+03
1.052000000000000000e+03
1.056000000000000000e+03
9.720000000000000000e+02
8.920000000000000000e+02
9.120000000000000000e+02
8.040000000000000000e+02
7.730000000000000000e+02
8.460000000000000000e+02
7.870000000000000000e+02
6.560000000000000000e+02
7.110000000000000000e+02
6.390000000000000000e+02
5.280000000000000000e+02
5.130000000000000000e+02
5.540000000000000000e+02
5.310000000000000000e+02
4.310000000000000000e+02
4.230000000000000000e+02
4.060000000000000000e+02
3.420000000000000000e+02
3.680000000000000000e+02
2.970000000000000000e+02
3.110000000000000000e+02
3.170000000000000000e+02
2.970000000000000000e+02
3.190000000000000000e+02
3.100000000000000000e+02
3.400000000000000000e+02
4.050000000000000000e+02
3.940000000000000000e+02
4.700000000000000000e+02
4.460000000000000000e+02
4.470000000000000000e+02
4.150000000000000000e+02
3.120000000000000000e+02
2.430000000000000000e+02
3.080000000000000000e+02
3.020000000000000000e+02
2.040000000000000000e+02
1.810000000000000000e+02
9.800000000000000000e+01
8.000000000000000000e+01
7.800000000000000000e+01
6.700000000000000000e+01
6.500000000000000000e+01
5.800000000000000000e+01
7.100000000000000000e+01
6.300000000000000000e+01
6.000000000000000000e+01
4.500000000000000000e+01
5.300000000000000000e+01
6.400000000000000000e+01
7.000000000000000000e+01
5.500000000000000000e+01
5.700000000000000000e+01
4.900000000000000000e+01
3.000000000000000000e+01
2.200000000000000000e+01
1.500000000000000000e+01
1.500000000000000000e+01
1.000000000000000000e+01
9.000000000000000000e+00
5.000000000000000000e+00
8.000000000000000000e+00
4.000000000000000000e+00
3.000000000000000000e+00
7.000000000000000000e+00
2.000000000000000000e+00
4.000000000000000000e+00
2.000000000000000000e+00
5.000000000000000000e+00
2.000000000000000000e+00
7.000000000000000000e+00
0.000000000000000000e+00
3.000000000000000000e+00
4.000000000000000000e+00
3.000000000000000000e+00
5.000000000000000000e+00
1.000000000000000000e+00
7.000000000000000000e+00
1.000000000000000000e+00
4.000000000000000000e+00
1.000000000000000000e+00
2.000000000000000000e+00
4.000000000000000000e+00
4.000000000000000000e+00
3.000000000000000000e+00
3.000000000000000000e+00
3.000000000000000000e+00
3.000000000000000000e+00
2.000000000000000000e+00
2.000000000000000000e+00
2.000000000000000000e+00
1.000000000000000000e+00
1.000000000000000000e+00
8.000000000000000000e+00
3.000000000000000000e+00
1.000000000000000000e+00
3.000000000000000000e+00
5.000000000000000000e+00
1.100000000000000000e+01
3.100000000000000000e+01
6.600000000000000000e+01
8.400000000000000000e+01
1.100000000000000000e+02
1.680000000000000000e+02
2.110000000000000000e+02
2.650000000000000000e+02
3.410000000000000000e+02
4.090000000000000000e+02
4.400000000000000000e+02
5.170000000000000000e+02
5.950000000000000000e+02
7.080000000000000000e+02
7.420000000000000000e+02
6.930000000000000000e+02
6.880000000000000000e+02
7.220000000000000000e+02
7.520000000000000000e+02
7.620000000000000000e+02
7.790000000000000000e+02
7.040000000000000000e+02
7.350000000000000000e+02
7.590000000000000000e+02
8.420000000000000000e+02
7.720000000000000000e+02
7.960000000000000000e+02
7.850000000000000000e+02
7.670000000000000000e+02
7.640000000000000000e+02
8.470000000000000000e+02
8.520000000000000000e+02
8.700000000000000000e+02
9.460000000000000000e+02
9.220000000000000000e+02
9.740000000000000000e+02
1.032000000000000000e+03
9.880000000000000000e+02
9.760000000000000000e+02
1.084000000000000000e+03
1.085000000000000000e+03
1.169000000000000000e+03
1.179000000000000000e+03
1.221000000000000000e+03
1.199000000000000000e+03
1.384000000000000000e+03
1.320000000000000000e+03
1.403000000000000000e+03
1.382000000000000000e+03
1.421000000000000000e+03
1.568000000000000000e+03
1.517000000000000000e+03
1.520000000000000000e+03
1.427000000000000000e+03
1.476000000000000000e+03
1.465000000000000000e+03
1.404000000000000000e+03
1.352000000000000000e+03
1.400000000000000000e+03
1.347000000000000000e+03
1.436000000000000000e+03
1.295000000000000000e+03
1.267000000000000000e+03
1.284000000000000000e+03
1.260000000000000000e+03
1.324000000000000000e+03
1.243000000000000000e+03
1.310000000000000000e+03
1.198000000000000000e+03
1.197000000000000000e+03
1.220000000000000000e+03
1.173000000000000000e+03
1.291000000000000000e+03
1.200000000000000000e+03
1.313000000000000000e+03
1.335000000000000000e+03
1.414000000000000000e+03
1.459000000000000000e+03
1.542000000000000000e+03
1.602000000000000000e+03
1.679000000000000000e+03
1.561000000000000000e+03
1.590000000000000000e+03
1.586000000000000000e+03
1.441000000000000000e+03
1.569000000000000000e+03
1.508000000000000000e+03
1.410000000000000000e+03
1.340000000000000000e+03
1.239000000000000000e+03
1.153000000000000000e+03
1.133000000000000000e+03
1.123000000000000000e+03
1.144000000000000000e+03
1.121000000000000000e+03
1.102000000000000000e+03
1.022000000000000000e+03
1.036000000000000000e+03
9.780000000000000000e+02
9.900000000000000000e+02
9.240000000000000000e+02
9.170000000000000000e+02
9.740000000000000000e+02
9.260000000000000000e+02
8.810000000000000000e+02
9.140000000000000000e+02
8.640000000000000000e+02
8.070000000000000000e+02
8.160000000000000000e+02
7.900000000000000000e+02
7.960000000000000000e+02
8.390000000000000000e+02
7.090000000000000000e+02
7.420000000000000000e+02
6.800000000000000000e+02
6.980000000000000000e+02
6.880000000000000000e+02
6.800000000000000000e+02
6.790000000000000000e+02
7.130000000000000000e+02
7.160000000000000000e+02
7.190000000000000000e+02
7.360000000000000000e+02
7.810000000000000000e+02
7.060000000000000000e+02
7.320000000000000000e+02
7.500000000000000000e+02
7.220000000000000000e+02
6.320000000000000000e+02
6.680000000000000000e+02
6.510000000000000000e+02
6.910000000000000000e+02
6.450000000000000000e+02
5.830000000000000000e+02
5.910000000000000000e+02
6.090000000000000000e+02
6.180000000000000000e+02
6.990000000000000000e+02
7.030000000000000000e+02
8.490000000000000000e+02
8.380000000000000000e+02
7.500000000000000000e+02
6.890000000000000000e+02
7.250000000000000000e+02
7.530000000000000000e+02
6.910000000000000000e+02
5.810000000000000000e+02
5.700000000000000000e+02
5.580000000000000000e+02
5.360000000000000000e+02
5.720000000000000000e+02
5.710000000000000000e+02
6.700000000000000000e+02
6.840000000000000000e+02
7.860000000000000000e+02
7.540000000000000000e+02
7.350000000000000000e+02
7.410000000000000000e+02
8.690000000000000000e+02
8.490000000000000000e+02
8.520000000000000000e+02
6.760000000000000000e+02
7.080000000000000000e+02
7.490000000000000000e+02
7.590000000000000000e+02
6.000000000000000000e+02
6.830000000000000000e+02
7.210000000000000000e+02
8.160000000000000000e+02
8.280000000000000000e+02
7.370000000000000000e+02
6.070000000000000000e+02
5.340000000000000000e+02
5.570000000000000000e+02
5.600000000000000000e+02
4.600000000000000000e+02
4.140000000000000000e+02
4.690000000000000000e+02
4.400000000000000000e+02
4.290000000000000000e+02
4.080000000000000000e+02
4.840000000000000000e+02
5.590000000000000000e+02
5.600000000000000000e+02
5.490000000000000000e+02
7.380000000000000000e+02
5.260000000000000000e+02
2.670000000000000000e+02
1.340000000000000000e+02
6.200000000000000000e+01
3.500000000000000000e+01
1.800000000000000000e+01
1.500000000000000000e+01
1.800000000000000000e+01
1.200000000000000000e+01
1.200000000000000000e+01
1.100000000000000000e+01
1.000000000000000000e+01
1.300000000000000000e+01
1.300000000000000000e+01
7.000000000000000000e+00
8.000000000000000000e+00
1.000000000000000000e+01
8.000000000000000000e+00
1.500000000000000000e+01
6.000000000000000000e+00
8.000000000000000000e+00
9.000000000000000000e+00
1.000000000000000000e+01
9.000000000000000000e+00
8.000000000000000000e+00
1.000000000000000000e+01
1.400000000000000000e+01
8.000000000000000000e+00
1.400000000000000000e+01
9.000000000000000000e+00
1.900000000000000000e+01
2.000000000000000000e+01
1.600000000000000000e+01
2.700000000000000000e+01
2.100000000000000000e+01
2.600000000000000000e+01
3.500000000000000000e+01
4.000000000000000000e+01
4.900000000000000000e+01
4.400000000000000000e+01
4.900000000000000000e+01
4.000000000000000000e+01
4.900000000000000000e+01
4.500000000000000000e+01
4.400000000000000000e+01
4.900000000000000000e+01
4.100000000000000000e+01
4.900000000000000000e+01
3.800000000000000000e+01
3.200000000000000000e+01
3.000000000000000000e+01
3.000000000000000000e+01
2.700000000000000000e+01
7.000000000000000000e+00
5.000000000000000000e+00
6.000000000000000000e+00
3.000000000000000000e+00
0.000000000000000000e+00
2.000000000000000000e+00
1.000000000000000000e+00
0.000000000000000000e+00
2.000000000000000000e+00
0.000000000000000000e+00
1.000000000000000000e+00
4.000000000000000000e+00
1.100000000000000000e+01
0.000000000000000000e+00
0.000000000000000000e+00
4.000000000000000000e+00
3.000000000000000000e+00
4.000000000000000000e+00
2.200000000000000000e+01
3.500000000000000000e+01
3.900000000000000000e+01
5.700000000000000000e+01
6.500000000000000000e+01
6.200000000000000000e+01
7.800000000000000000e+01
1.000000000000000000e+02
1.480000000000000000e+02
2.040000000000000000e+02
2.750000000000000000e+02
3.890000000000000000e+02
4.990000000000000000e+02
6.170000000000000000e+02
6.080000000000000000e+02
6.140000000000000000e+02
6.530000000000000000e+02
6.420000000000000000e+02
6.690000000000000000e+02
6.560000000000000000e+02
6.520000000000000000e+02
6.730000000000000000e+02
6.870000000000000000e+02
6.960000000000000000e+02
6.800000000000000000e+02
7.260000000000000000e+02
8.120000000000000000e+02
8.190000000000000000e+02
8.500000000000000000e+02
8.640000000000000000e+02
9.500000000000000000e+02
9.390000000000000000e+02
9.950000000000000000e+02
1.033000000000000000e+03
1.098000000000000000e+03
1.076000000000000000e+03
1.101000000000000000e+03
1.047000000000000000e+03
1.147000000000000000e+03
1.124000000000000000e+03
1.182000000000000000e+03
1.194000000000000000e+03
1.194000000000000000e+03
1.248000000000000000e+03
1.113000000000000000e+03
1.181000000000000000e+03
1.192000000000000000e+03
1.118000000000000000e+03
1.146000000000000000e+03
1.054000000000000000e+03
1.110000000000000000e+03
1.082000000000000000e+03
1.193000000000000000e+03
1.171000000000000000e+03
1.241000000000000000e+03
1.276000000000000000e+03
1.292000000000000000e+03
1.334000000000000000e+03
1.336000000000000000e+03
1.302000000000000000e+03
1.263000000000000000e+03
1.322000000000000000e+03
1.299000000000000000e+03
1.208000000000000000e+03
1.196000000000000000e+03
1.073000000000000000e+03
1.121000000000000000e+03
1.070000000000000000e+03
1.085000000000000000e+03
1.227000000000000000e+03
1.295000000000000000e+03
1.332000000000000000e+03
1.438000000000000000e+03
1.468000000000000000e+03
1.520000000000000000e+03
1.588000000000000000e+03
1.661000000000000000e+03
1.706000000000000000e+03
1.585000000000000000e+03
1.484000000000000000e+03
1.234000000000000000e+03
1.178000000000000000e+03
1.137000000000000000e+03
1.038000000000000000e+03
1.030000000000000000e+03
1.021000000000000000e+03
9.790000000000000000e+02
9.780000000000000000e+02
9.440000000000000000e+02
8.810000000000000000e+02
8.930000000000000000e+02
8.660000000000000000e+02
8.960000000000000000e+02
8.440000000000000000e+02
8.390000000000000000e+02
8.060000000000000000e+02
8.620000000000000000e+02
9.030000000000000000e+02
9.010000000000000000e+02
9.160000000000000000e+02
9.880000000000000000e+02
9.380000000000000000e+02
1.046000000000000000e+03
1.086000000000000000e+03
1.123000000000000000e+03
1.020000000000000000e+03
1.057000000000000000e+03
1.063000000000000000e+03
9.520000000000000000e+02
9.790000000000000000e+02
8.760000000000000000e+02
8.840000000000000000e+02
9.190000000000000000e+02
8.830000000000000000e+02
9.270000000000000000e+02
9.740000000000000000e+02
9.630000000000000000e+02
1.057000000000000000e+03
1.026000000000000000e+03
9.510000000000000000e+02
1.006000000000000000e+03
1.001000000000000000e+03
1.051000000000000000e+03
1.002000000000000000e+03
1.089000000000000000e+03
9.860000000000000000e+02
1.012000000000000000e+03
1.056000000000000000e+03
1.030000000000000000e+03
1.065000000000000000e+03
1.060000000000000000e+03
1.093000000000000000e+03
1.059000000000000000e+03
9.860000000000000000e+02
8.950000000000000000e+02
8.300000000000000000e+02
7.730000000000000000e+02
6.770000000000000000e+02
7.060000000000000000e+02
6.180000000000000000e+02
5.840000000000000000e+02
5.970000000000000000e+02
6.170000000000000000e+02
5.390000000000000000e+02
5.720000000000000000e+02
6.120000000000000000e+02
6.210000000000000000e+02
6.590000000000000000e+02
8.060000000000000000e+02
8.180000000000000000e+02
8.430000000000000000e+02
9.410000000000000000e+02
9.470000000000000000e+02
8.870000000000000000e+02
9.710000000000000000e+02
1.036000000000000000e+03
1.120000000000000000e+03
1.187000000000000000e+03
1.163000000000000000e+03
9.900000000000000000e+02
8.830000000000000000e+02
8.490000000000000000e+02
8.270000000000000000e+02
8.690000000000000000e+02
8.130000000000000000e+02
8.200000000000000000e+02
8.750000000000000000e+02
8.620000000000000000e+02
7.590000000000000000e+02
7.330000000000000000e+02
8.430000000000000000e+02
8.390000000000000000e+02
7.050000000000000000e+02
6.840000000000000000e+02
4.800000000000000000e+02
3.370000000000000000e+02
2.680000000000000000e+02
2.430000000000000000e+02
1.970000000000000000e+02
1.600000000000000000e+02
1.660000000000000000e+02
1.440000000000000000e+02
1.660000000000000000e+02
1.470000000000000000e+02
1.450000000000000000e+02
1.310000000000000000e+02
1.460000000000000000e+02
1.400000000000000000e+02
1.260000000000000000e+02
1.140000000000000000e+02
1.060000000000000000e+02
1.210000000000000000e+02
9.300000000000000000e+01
1.120000000000000000e+02
1.160000000000000000e+02
9.300000000000000000e+01
8.600000000000000000e+01
1.030000000000000000e+02
9.000000000000000000e+01
9.500000000000000000e+01
9.700000000000000000e+01
1.000000000000000000e+02
1.020000000000000000e+02
7.900000000000000000e+01
6.600000000000000000e+01
8.900000000000000000e+01
6.100000000000000000e+01
6.900000000000000000e+01
7.100000000000000000e+01
5.300000000000000000e+01
5.600000000000000000e+01
6.300000000000000000e+01
4.600000000000000000e+01
4.600000000000000000e+01
6.100000000000000000e+01
4.300000000000000000e+01
3.200000000000000000e+01
3.300000000000000000e+01
2.800000000000000000e+01
2.500000000000000000e+01
2.200000000000000000e+01
3.000000000000000000e+01
1.800000000000000000e+01
2.000000000000000000e+01
1.900000000000000000e+01
1.800000000000000000e+01
1.700000000000000000e+01
1.000000000000000000e+01
1.100000000000000000e+01
8.000000000000000000e+00
8.000000000000000000e+00
6.000000000000000000e+00
5.000000000000000000e+00
1.300000000000000000e+01
1.000000000000000000e+00
3.000000000000000000e+00
7.000000000000000000e+00
4.000000000000000000e+00
6.000000000000000000e+00
6.000000000000000000e+00
6.000000000000000000e+00
6.000000000000000000e+00
7.000000000000000000e+00
5.000000000000000000e+00
1.000000000000000000e+00
3.000000000000000000e+00
4.000000000000000000e+00
2.000000000000000000e+00
3.000000000000000000e+00
5.000000000000000000e+00
1.100000000000000000e+01
