6.381000000000000000e+03
1.687000000000000000e+03
2.178000000000000000e+03
2.670000000000000000e+03
3.095000000000000000e+03
3.448000000000000000e+03
3.359000000000000000e+03
3.149000000000000000e+03
3.109000000000000000e+03
3.081000000000000000e+03
3.211000000000000000e+03
3.262000000000000000e+03
3.318000000000000000e+03
3.422000000000000000e+03
3.279000000000000000e+03
3.035000000000000000e+03
2.716000000000000000e+03
2.350000000000000000e+03
2.112000000000000000e+03
1.927000000000000000e+03
1.720000000000000000e+03
1.515000000000000000e+03
1.531000000000000000e+03
1.472000000000000000e+03
1.372000000000000000e+03
1.286000000000000000e+03
1.332000000000000000e+03
1.249000000000000000e+03
1.152000000000000000e+03
1.157000000000000000e+03
1.114000000000000000e+03
1.092000000000000000e+03
1.096000000000000000e+03
1.124000000000000000e+03
1.072000000000000000e+03
9.820000000000000000e+02
1.023000000000000000e+03
9.920000000000000000e+02
9.890000000000000000e+02
1.016000000000000000e+03
9.530000000000000000e+02
8.990000000000000000e+02
9.340000000000000000e+02
9.590000000000000000e+02
9.640000000000000000e+02
9.620000000000000000e+02
9.790000000000000000e+02
9.610000000000000000e+02
9.690000000000000000e+02
9.900000000000000000e+02
9.750000000000000000e+02
9.980000000000000000e+02
1.013000000000000000e+03
1.023000000000000000e+03
1.034000000000000000e+03
1.079000000000000000e+03
1.052000000000000000e+03
1.039000000000000000e+03
1.107000000000000000e+03
1.068000000000000000e+03
1.102000000000000000e+03
1.113000000000000000e+03
1.212000000000000000e+03
1.154000000000000000e+03
1.139000000000000000e+03
1.165000000000000000e+03
1.194000000000000000e+03
1.221000000000000000e+03
1.277000000000000000e+03
1.213000000000000000e+03
1.227000000000000000e+03
1.177000000000000000e+03
1.225000000000000000e+03
1.214000000000000000e+03
1.201000000000000000e+03
1.167000000000000000e+03
1.144000000000000000e+03
1.176000000000000000e+03
1.173000000000000000e+03
1.152000000000000000e+03
1.102000000000000000e+03
1.086000000000000000e+03
1.098000000000000000e+03
1.102000000000000000e+03
1.004000000000000000e+03
1.002000000000000000e+03
1.035000000000000000e+03
1.023000000000000000e+03
1.024000000000000000e+03
9.390000000000000000e+02
9.580000000000000000e+02
9.360000000000000000e+02
9.040000000000000000e+02
9.050000000000000000e+02
8.970000000000000000e+02
8.560000000000000000e+02
8.600000000000000000e+02
8.450000000000000000e+02
8.280000000000000000e+02
8.090000000000000000e+02
8.190000000000000000e+02
7.990000000000000000e+02
7.450000000000000000e+02
7.500000000000000000e+02
7.770000000000000000e+02
7.690000000000000000e+02
6.820000000000000000e+02
7.050000000000000000e+02
6.740000000000000000e+02
7.150000000000000000e+02
7.000000000000000000e+02
7.150000000000000000e+02
6.730000000000000000e+02
6.430000000000000000e+02
6.890000000000000000e+02
6.440000000000000000e+02
6.460000000000000000e+02
5.930000000000000000e+02
6.390000000000000000e+02
6.290000000000000000e+02
5.850000000000000000e+02
6.410000000000000000e+02
5.590000000000000000e+02
5.550000000000000000e+02
5.350000000000000000e+02
4.890000000000000000e+02
4.700000000000000000e+02
4.530000000000000000e+02
4.110000000000000000e+02
4.550000000000000000e+02
4.200000000000000000e+02
4.220000000000000000e+02
3.690000000000000000e+02
3.500000000000000000e+02
3.780000000000000000e+02
3.430000000000000000e+02
3.240000000000000000e+02
3.450000000000000000e+02
3.620000000000000000e+02
3.060000000000000000e+02
3.100000000000000000e+02
2.930000000000000000e+02
2.900000000000000000e+02
2.880000000000000000e+02
2.600000000000000000e+02
2.900000000000000000e+02
2.790000000000000000e+02
2.560000000000000000e+02
2.560000000000000000e+02
2.670000000000000000e+02
2.740000000000000000e+02
2.270000000000000000e+02
2.320000000000000000e+02
2.230000000000000000e+02
2.420000000000000000e+02
2.330000000000000000e+02
2.140000000000000000e+02
2.330000000000000000e+02
2.070000000000000000e+02
2.010000000000000000e+02
1.970000000000000000e+02
2.010000000000000000e+02
1.880000000000000000e+02
1.940000000000000000e+02
1.700000000000000000e+02
1.700000000000000000e+02
1.530000000000000000e+02
1.580000000000000000e+02
1.540000000000000000e+02
1.650000000000000000e+02
1.650000000000000000e+02
1.430000000000000000e+02
1.830000000000000000e+02
1.520000000000000000e+02
1.510000000000000000e+02
1.450000000000000000e+02
1.430000000000000000e+02
1.410000000000000000e+02
1.430000000000000000e+02
1.310000000000000000e+02
1.170000000000000000e+02
1.220000000000000000e+02
1.440000000000000000e+02
1.160000000000000000e+02
1.240000000000000000e+02
1.190000000000000000e+02
1.320000000000000000e+02
1.210000000000000000e+02
1.320000000000000000e+02
1.140000000000000000e+02
1.010000000000000000e+02
1.080000000000000000e+02
9.700000000000000000e+01
1.240000000000000000e+02
1.100000000000000000e+02
1.000000000000000000e+02
1.160000000000000000e+02
1.050000000000000000e+02
1.040000000000000000e+02
9.200000000000000000e+01
9.900000000000000000e+01
1.010000000000000000e+02
1.090000000000000000e+02
9.000000000000000000e+01
9.800000000000000000e+01
1.010000000000000000e+02
9.500000000000000000e+01
9.100000000000000000e+01
8.600000000000000000e+01
9.100000000000000000e+01
7.800000000000000000e+01
9.800000000000000000e+01
9.700000000000000000e+01
1.000000000000000000e+02
9.200000000000000000e+01
8.500000000000000000e+01
9.200000000000000000e+01
8.400000000000000000e+01
1.030000000000000000e+02
9.500000000000000000e+01
1.120000000000000000e+02
1.180000000000000000e+02
9.800000000000000000e+01
1.200000000000000000e+02
1.000000000000000000e+02
9.800000000000000000e+01
1.070000000000000000e+02
1.180000000000000000e+02
1.250000000000000000e+02
1.040000000000000000e+02
1.170000000000000000e+02
8.800000000000000000e+01
1.100000000000000000e+02
1.140000000000000000e+02
1.570000000000000000e+02
1.150000000000000000e+02
1.400000000000000000e+02
1.390000000000000000e+02
1.190000000000000000e+02
1.510000000000000000e+02
1.340000000000000000e+02
1.660000000000000000e+02
1.100000000000000000e+02
1.520000000000000000e+02
1.390000000000000000e+02
8.300000000000000000e+01
1.540000000000000000e+02
1.010000000000000000e+02
1.700000000000000000e+02
1.340000000000000000e+02
1.860000000000000000e+02
1.450000000000000000e+02
1.420000000000000000e+02
1.480000000000000000e+02
1.420000000000000000e+02
3.690000000000000000e+02
7.000000000000000000e+01
2.300000000000000000e+01
5.800000000000000000e+01
6.900000000000000000e+01
1.570000000000000000e+02
4.390000000000000000e+02
5.740000000000000000e+02
5.680000000000000000e+02
6.950000000000000000e+02
7.770000000000000000e+02
8.780000000000000000e+02
8.600000000000000000e+02
8.850000000000000000e+02
9.880000000000000000e+02
1.017000000000000000e+03
1.117000000000000000e+03
1.292000000000000000e+03
1.252000000000000000e+03
1.349000000000000000e+03
1.397000000000000000e+03
1.480000000000000000e+03
1.645000000000000000e+03
1.677000000000000000e+03
1.980000000000000000e+03
2.080000000000000000e+03
2.189000000000000000e+03
2.174000000000000000e+03
2.314000000000000000e+03
2.414000000000000000e+03
2.293000000000000000e+03
2.135000000000000000e+03
2.023000000000000000e+03
1.956000000000000000e+03
1.728000000000000000e+03
1.661000000000000000e+03
1.447000000000000000e+03
1.276000000000000000e+03
1.224000000000000000e+03
1.079000000000000000e+03
1.010000000000000000e+03
9.590000000000000000e+02
9.590000000000000000e+02
9.300000000000000000e+02
8.900000000000000000e+02
9.260000000000000000e+02
8.790000000000000000e+02
9.050000000000000000e+02
8.890000000000000000e+02
8.200000000000000000e+02
8.860000000000000000e+02
8.280000000000000000e+02
8.180000000000000000e+02
8.650000000000000000e+02
8.240000000000000000e+02
7.500000000000000000e+02
7.200000000000000000e+02
7.080000000000000000e+02
6.670000000000000000e+02
6.010000000000000000e+02
6.360000000000000000e+02
6.070000000000000000e+02
5.870000000000000000e+02
6.010000000000000000e+02
6.090000000000000000e+02
5.880000000000000000e+02
5.910000000000000000e+02
6.190000000000000000e+02
6.040000000000000000e+02
5.590000000000000000e+02
5.770000000000000000e+02
6.060000000000000000e+02
6.000000000000000000e+02
6.400000000000000000e+02
5.700000000000000000e+02
6.130000000000000000e+02
6.180000000000000000e+02
6.160000000000000000e+02
5.840000000000000000e+02
6.140000000000000000e+02
6.420000000000000000e+02
6.380000000000000000e+02
6.910000000000000000e+02
6.630000000000000000e+02
6.600000000000000000e+02
6.840000000000000000e+02
6.680000000000000000e+02
6.530000000000000000e+02
6.780000000000000000e+02
6.710000000000000000e+02
6.690000000000000000e+02
6.930000000000000000e+02
6.880000000000000000e+02
6.940000000000000000e+02
6.910000000000000000e+02
5.950000000000000000e+02
7.080000000000000000e+02
6.730000000000000000e+02
6.640000000000000000e+02
7.230000000000000000e+02
6.650000000000000000e+02
7.160000000000000000e+02
6.820000000000000000e+02
7.070000000000000000e+02
7.030000000000000000e+02
7.060000000000000000e+02
6.790000000000000000e+02
6.450000000000000000e+02
6.850000000000000000e+02
7.180000000000000000e+02
7.030000000000000000e+02
6.750000000000000000e+02
7.610000000000000000e+02
6.700000000000000000e+02
7.320000000000000000e+02
7.950000000000000000e+02
8.170000000000000000e+02
7.770000000000000000e+02
8.030000000000000000e+02
8.350000000000000000e+02
8.670000000000000000e+02
8.410000000000000000e+02
8.930000000000000000e+02
9.580000000000000000e+02
9.720000000000000000e+02
9.320000000000000000e+02
9.530000000000000000e+02
1.005000000000000000e+03
9.420000000000000000e+02
1.067000000000000000e+03
1.073000000000000000e+03
1.046000000000000000e+03
1.044000000000000000e+03
1.049000000000000000e+03
1.180000000000000000e+03
1.195000000000000000e+03
1.221000000000000000e+03
1.146000000000000000e+03
1.249000000000000000e+03
1.198000000000000000e+03
1.225000000000000000e+03
1.227000000000000000e+03
1.155000000000000000e+03
1.288000000000000000e+03
1.225000000000000000e+03
1.145000000000000000e+03
1.141000000000000000e+03
1.208000000000000000e+03
1.181000000000000000e+03
1.150000000000000000e+03
1.125000000000000000e+03
1.166000000000000000e+03
1.161000000000000000e+03
1.128000000000000000e+03
1.187000000000000000e+03
1.163000000000000000e+03
1.103000000000000000e+03
1.117000000000000000e+03
1.108000000000000000e+03
1.116000000000000000e+03
1.179000000000000000e+03
1.089000000000000000e+03
1.073000000000000000e+03
1.003000000000000000e+03
1.044000000000000000e+03
1.034000000000000000e+03
9.740000000000000000e+02
9.920000000000000000e+02
9.400000000000000000e+02
9.040000000000000000e+02
9.200000000000000000e+02
8.720000000000000000e+02
8.170000000000000000e+02
8.400000000000000000e+02
8.580000000000000000e+02
7.430000000000000000e+02
7.470000000000000000e+02
7.150000000000000000e+02
7.050000000000000000e+02
6.820000000000000000e+02
6.710000000000000000e+02
6.570000000000000000e+02
6.130000000000000000e+02
5.540000000000000000e+02
5.530000000000000000e+02
4.820000000000000000e+02
4.830000000000000000e+02
4.350000000000000000e+02
4.360000000000000000e+02
4.520000000000000000e+02
4.270000000000000000e+02
3.650000000000000000e+02
3.940000000000000000e+02
3.660000000000000000e+02
3.180000000000000000e+02
3.260000000000000000e+02
3.470000000000000000e+02
3.140000000000000000e+02
2.790000000000000000e+02
2.460000000000000000e+02
2.840000000000000000e+02
2.310000000000000000e+02
2.300000000000000000e+02
2.340000000000000000e+02
2.080000000000000000e+02
2.180000000000000000e+02
2.350000000000000000e+02
1.770000000000000000e+02
2.010000000000000000e+02
1.600000000000000000e+02
1.840000000000000000e+02
2.000000000000000000e+02
1.780000000000000000e+02
1.830000000000000000e+02
1.560000000000000000e+02
1.620000000000000000e+02
1.590000000000000000e+02
1.470000000000000000e+02
1.580000000000000000e+02
1.480000000000000000e+02
1.280000000000000000e+02
1.180000000000000000e+02
1.590000000000000000e+02
1.350000000000000000e+02
1.470000000000000000e+02
1.680000000000000000e+02
1.060000000000000000e+02
1.230000000000000000e+02
1.440000000000000000e+02
1.300000000000000000e+02
1.320000000000000000e+02
1.090000000000000000e+02
1.250000000000000000e+02
1.280000000000000000e+02
1.200000000000000000e+02
1.250000000000000000e+02
1.360000000000000000e+02
1.060000000000000000e+02
1.280000000000000000e+02
1.440000000000000000e+02
1.280000000000000000e+02
1.260000000000000000e+02
1.340000000000000000e+02
1.220000000000000000e+02
1.150000000000000000e+02
1.380000000000000000e+02
1.370000000000000000e+02
1.380000000000000000e+02
1.400000000000000000e+02
1.580000000000000000e+02
1.700000000000000000e+02
1.820000000000000000e+02
2.080000000000000000e+02
2.290000000000000000e+02
2.950000000000000000e+02
5.220000000000000000e+02
1.562000000000000000e+03
1.259000000000000000e+03
4.400000000000000000e+02
6.550000000000000000e+02
9.500000000000000000e+02
1.396000000000000000e+03
1.950000000000000000e+03
2.166000000000000000e+03
2.228000000000000000e+03
2.404000000000000000e+03
2.234000000000000000e+03
2.164000000000000000e+03
2.014000000000000000e+03
1.925000000000000000e+03
1.777000000000000000e+03
1.651000000000000000e+03
1.530000000000000000e+03
1.390000000000000000e+03
1.360000000000000000e+03
1.257000000000000000e+03
1.198000000000000000e+03
1.097000000000000000e+03
1.040000000000000000e+03
9.820000000000000000e+02
9.920000000000000000e+02
9.180000000000000000e+02
8.930000000000000000e+02
8.270000000000000000e+02
8.310000000000000000e+02
7.830000000000000000e+02
8.440000000000000000e+02
8.980000000000000000e+02
8.110000000000000000e+02
8.720000000000000000e+02
8.830000000000000000e+02
8.970000000000000000e+02
9.640000000000000000e+02
1.032000000000000000e+03
1.108000000000000000e+03
1.251000000000000000e+03
1.362000000000000000e+03
1.404000000000000000e+03
1.418000000000000000e+03
1.490000000000000000e+03
1.617000000000000000e+03
1.613000000000000000e+03
1.430000000000000000e+03
1.385000000000000000e+03
1.218000000000000000e+03
1.226000000000000000e+03
1.150000000000000000e+03
1.079000000000000000e+03
1.050000000000000000e+03
9.840000000000000000e+02
9.210000000000000000e+02
9.620000000000000000e+02
8.620000000000000000e+02
8.740000000000000000e+02
8.280000000000000000e+02
8.120000000000000000e+02
7.650000000000000000e+02
7.270000000000000000e+02
7.850000000000000000e+02
7.790000000000000000e+02
7.870000000000000000e+02
7.850000000000000000e+02
7.630000000000000000e+02
8.140000000000000000e+02
7.420000000000000000e+02
7.570000000000000000e+02
7.670000000000000000e+02
7.780000000000000000e+02
7.730000000000000000e+02
7.700000000000000000e+02
7.850000000000000000e+02
8.190000000000000000e+02
7.430000000000000000e+02
8.090000000000000000e+02
8.090000000000000000e+02
8.990000000000000000e+02
9.010000000000000000e+02
8.530000000000000000e+02
8.860000000000000000e+02
8.710000000000000000e+02
8.370000000000000000e+02
8.680000000000000000e+02
8.330000000000000000e+02
8.470000000000000000e+02
8.120000000000000000e+02
8.650000000000000000e+02
8.400000000000000000e+02
8.420000000000000000e+02
8.270000000000000000e+02
8.390000000000000000e+02
8.780000000000000000e+02
8.320000000000000000e+02
8.910000000000000000e+02
8.850000000000000000e+02
9.370000000000000000e+02
8.370000000000000000e+02
8.860000000000000000e+02
8.530000000000000000e+02
8.630000000000000000e+02
9.220000000000000000e+02
9.270000000000000000e+02
8.940000000000000000e+02
9.810000000000000000e+02
9.000000000000000000e+02
9.430000000000000000e+02
9.190000000000000000e+02
9.380000000000000000e+02
9.270000000000000000e+02
9.990000000000000000e+02
9.010000000000000000e+02
9.190000000000000000e+02
9.530000000000000000e+02
9.840000000000000000e+02
1.004000000000000000e+03
9.390000000000000000e+02
9.610000000000000000e+02
9.590000000000000000e+02
9.770000000000000000e+02
9.450000000000000000e+02
9.490000000000000000e+02
9.430000000000000000e+02
9.160000000000000000e+02
9.270000000000000000e+02
8.880000000000000000e+02
8.940000000000000000e+02
8.760000000000000000e+02
8.720000000000000000e+02
9.060000000000000000e+02
8.860000000000000000e+02
8.700000000000000000e+02
8.710000000000000000e+02
8.550000000000000000e+02
8.530000000000000000e+02
8.470000000000000000e+02
8.450000000000000000e+02
8.400000000000000000e+02
8.480000000000000000e+02
8.380000000000000000e+02
8.100000000000000000e+02
7.900000000000000000e+02
7.830000000000000000e+02
7.580000000000000000e+02
7.500000000000000000e+02
7.480000000000000000e+02
7.030000000000000000e+02
7.170000000000000000e+02
7.290000000000000000e+02
6.900000000000000000e+02
6.680000000000000000e+02
6.750000000000000000e+02
6.280000000000000000e+02
6.500000000000000000e+02
6.430000000000000000e+02
5.820000000000000000e+02
5.890000000000000000e+02
5.400000000000000000e+02
5.730000000000000000e+02
5.720000000000000000e+02
5.550000000000000000e+02
4.910000000000000000e+02
5.220000000000000000e+02
5.190000000000000000e+02
4.920000000000000000e+02
4.630000000000000000e+02
4.760000000000000000e+02
4.720000000000000000e+02
4.780000000000000000e+02
4.370000000000000000e+02
4.750000000000000000e+02
4.060000000000000000e+02
4.680000000000000000e+02
4.220000000000000000e+02
4.080000000000000000e+02
4.120000000000000000e+02
4.200000000000000000e+02
4.320000000000000000e+02
3.840000000000000000e+02
3.790000000000000000e+02
3.780000000000000000e+02
3.900000000000000000e+02
4.070000000000000000e+02
3.850000000000000000e+02
3.750000000000000000e+02
3.710000000000000000e+02
3.750000000000000000e+02
3.340000000000000000e+02
3.440000000000000000e+02
4.060000000000000000e+02
3.260000000000000000e+02
3.660000000000000000e+02
3.680000000000000000e+02
3.290000000000000000e+02
3.600000000000000000e+02
3.270000000000000000e+02
2.960000000000000000e+02
3.110000000000000000e+02
3.010000000000000000e+02
3.000000000000000000e+02
2.890000000000000000e+02
2.890000000000000000e+02
2.990000000000000000e+02
2.460000000000000000e+02
2.460000000000000000e+02
2.710000000000000000e+02
2.550000000000000000e+02
2.570000000000000000e+02
2.240000000000000000e+02
2.230000000000000000e+02
2.350000000000000000e+02
2.640000000000000000e+02
2.370000000000000000e+02
1.950000000000000000e+02
2.250000000000000000e+02
1.940000000000000000e+02
1.970000000000000000e+02
2.030000000000000000e+02
1.960000000000000000e+02
1.670000000000000000e+02
2.150000000000000000e+02
2.040000000000000000e+02
1.910000000000000000e+02
1.870000000000000000e+02
1.670000000000000000e+02
1.780000000000000000e+02
1.920000000000000000e+02
1.600000000000000000e+02
1.760000000000000000e+02
1.660000000000000000e+02
1.790000000000000000e+02
1.570000000000000000e+02
1.560000000000000000e+02
1.550000000000000000e+02
1.640000000000000000e+02
1.610000000000000000e+02
1.640000000000000000e+02
1.760000000000000000e+02
1.550000000000000000e+02
1.840000000000000000e+02
1.750000000000000000e+02
2.060000000000000000e+02
1.870000000000000000e+02
1.900000000000000000e+02
2.140000000000000000e+02
1.960000000000000000e+02
2.060000000000000000e+02
2.240000000000000000e+02
2.460000000000000000e+02
2.070000000000000000e+02
3.050000000000000000e+02
3.010000000000000000e+02
4.090000000000000000e+02
4.730000000000000000e+02
1.893000000000000000e+03
