2.137000000000000000e+03
3.320000000000000000e+02
4.530000000000000000e+02
6.580000000000000000e+02
1.047000000000000000e+03
1.654000000000000000e+03
2.512000000000000000e+03
3.344000000000000000e+03
4.217000000000000000e+03
4.661000000000000000e+03
4.760000000000000000e+03
4.397000000000000000e+03
3.948000000000000000e+03
3.610000000000000000e+03
3.218000000000000000e+03
3.011000000000000000e+03
2.718000000000000000e+03
2.582000000000000000e+03
2.429000000000000000e+03
2.376000000000000000e+03
2.228000000000000000e+03
2.192000000000000000e+03
2.105000000000000000e+03
2.130000000000000000e+03
2.045000000000000000e+03
1.959000000000000000e+03
1.910000000000000000e+03
1.774000000000000000e+03
1.877000000000000000e+03
1.697000000000000000e+03
1.674000000000000000e+03
1.525000000000000000e+03
1.576000000000000000e+03
1.439000000000000000e+03
1.379000000000000000e+03
1.314000000000000000e+03
1.317000000000000000e+03
1.245000000000000000e+03
1.228000000000000000e+03
1.316000000000000000e+03
1.268000000000000000e+03
1.263000000000000000e+03
1.343000000000000000e+03
1.253000000000000000e+03
1.212000000000000000e+03
1.249000000000000000e+03
1.177000000000000000e+03
1.188000000000000000e+03
1.133000000000000000e+03
1.089000000000000000e+03
1.051000000000000000e+03
1.140000000000000000e+03
1.115000000000000000e+03
1.122000000000000000e+03
1.140000000000000000e+03
1.135000000000000000e+03
1.228000000000000000e+03
1.204000000000000000e+03
1.152000000000000000e+03
1.234000000000000000e+03
1.249000000000000000e+03
1.310000000000000000e+03
1.223000000000000000e+03
1.297000000000000000e+03
1.270000000000000000e+03
1.239000000000000000e+03
1.292000000000000000e+03
1.294000000000000000e+03
1.337000000000000000e+03
1.358000000000000000e+03
1.236000000000000000e+03
1.321000000000000000e+03
1.309000000000000000e+03
1.360000000000000000e+03
1.302000000000000000e+03
1.344000000000000000e+03
1.345000000000000000e+03
1.321000000000000000e+03
1.253000000000000000e+03
1.305000000000000000e+03
1.278000000000000000e+03
1.317000000000000000e+03
1.240000000000000000e+03
1.303000000000000000e+03
1.235000000000000000e+03
1.243000000000000000e+03
1.210000000000000000e+03
1.217000000000000000e+03
1.236000000000000000e+03
1.143000000000000000e+03
1.172000000000000000e+03
1.149000000000000000e+03
1.118000000000000000e+03
1.109000000000000000e+03
1.032000000000000000e+03
1.059000000000000000e+03
1.002000000000000000e+03
1.014000000000000000e+03
9.240000000000000000e+02
9.160000000000000000e+02
8.260000000000000000e+02
8.050000000000000000e+02
7.290000000000000000e+02
7.150000000000000000e+02
7.390000000000000000e+02
6.750000000000000000e+02
6.820000000000000000e+02
5.820000000000000000e+02
5.690000000000000000e+02
5.240000000000000000e+02
5.070000000000000000e+02
4.710000000000000000e+02
4.490000000000000000e+02
4.620000000000000000e+02
4.080000000000000000e+02
3.750000000000000000e+02
3.710000000000000000e+02
3.470000000000000000e+02
3.540000000000000000e+02
3.180000000000000000e+02
2.850000000000000000e+02
2.550000000000000000e+02
2.640000000000000000e+02
2.340000000000000000e+02
2.290000000000000000e+02
1.940000000000000000e+02
1.880000000000000000e+02
1.770000000000000000e+02
1.610000000000000000e+02
1.520000000000000000e+02
1.230000000000000000e+02
1.440000000000000000e+02
1.310000000000000000e+02
1.070000000000000000e+02
1.040000000000000000e+02
9.800000000000000000e+01
9.900000000000000000e+01
8.300000000000000000e+01
7.900000000000000000e+01
8.500000000000000000e+01
5.300000000000000000e+01
5.900000000000000000e+01
5.400000000000000000e+01
6.700000000000000000e+01
5.000000000000000000e+01
4.200000000000000000e+01
5.000000000000000000e+01
3.800000000000000000e+01
4.700000000000000000e+01
4.100000000000000000e+01
4.300000000000000000e+01
4.800000000000000000e+01
4.200000000000000000e+01
3.700000000000000000e+01
3.500000000000000000e+01
3.700000000000000000e+01
4.000000000000000000e+01
4.100000000000000000e+01
3.400000000000000000e+01
2.900000000000000000e+01
4.500000000000000000e+01
4.700000000000000000e+01
3.400000000000000000e+01
4.400000000000000000e+01
3.000000000000000000e+01
4.000000000000000000e+01
5.200000000000000000e+01
4.900000000000000000e+01
3.800000000000000000e+01
4.600000000000000000e+01
4.700000000000000000e+01
6.100000000000000000e+01
4.600000000000000000e+01
4.000000000000000000e+01
4.400000000000000000e+01
5.400000000000000000e+01
5.500000000000000000e+01
5.800000000000000000e+01
4.600000000000000000e+01
5.200000000000000000e+01
5.000000000000000000e+01
5.700000000000000000e+01
5.100000000000000000e+01
6.800000000000000000e+01
5.600000000000000000e+01
4.700000000000000000e+01
7.100000000000000000e+01
4.800000000000000000e+01
5.400000000000000000e+01
7.600000000000000000e+01
7.400000000000000000e+01
8.000000000000000000e+01
7.400000000000000000e+01
7.100000000000000000e+01
6.100000000000000000e+01
7.300000000000000000e+01
9.200000000000000000e+01
9.600000000000000000e+01
8.400000000000000000e+01
9.700000000000000000e+01
9.300000000000000000e+01
1.070000000000000000e+02
9.300000000000000000e+01
1.080000000000000000e+02
1.090000000000000000e+02
1.100000000000000000e+02
1.150000000000000000e+02
1.180000000000000000e+02
1.400000000000000000e+02
1.260000000000000000e+02
1.720000000000000000e+02
1.460000000000000000e+02
1.330000000000000000e+02
1.700000000000000000e+02
1.710000000000000000e+02
1.490000000000000000e+02
1.350000000000000000e+02
1.470000000000000000e+02
1.490000000000000000e+02
1.590000000000000000e+02
1.520000000000000000e+02
1.830000000000000000e+02
1.590000000000000000e+02
2.010000000000000000e+02
1.830000000000000000e+02
1.940000000000000000e+02
1.940000000000000000e+02
2.080000000000000000e+02
2.290000000000000000e+02
2.140000000000000000e+02
2.410000000000000000e+02
2.240000000000000000e+02
2.210000000000000000e+02
2.080000000000000000e+02
1.940000000000000000e+02
1.740000000000000000e+02
1.850000000000000000e+02
1.910000000000000000e+02
1.570000000000000000e+02
1.620000000000000000e+02
1.530000000000000000e+02
1.350000000000000000e+02
1.680000000000000000e+02
1.620000000000000000e+02
1.850000000000000000e+02
1.570000000000000000e+02
1.810000000000000000e+02
1.550000000000000000e+02
1.980000000000000000e+02
1.860000000000000000e+02
2.200000000000000000e+02
1.430000000000000000e+02
1.480000000000000000e+02
1.360000000000000000e+02
1.340000000000000000e+02
6.480000000000000000e+02
8.500000000000000000e+01
6.600000000000000000e+01
9.100000000000000000e+01
1.490000000000000000e+02
2.170000000000000000e+02
5.300000000000000000e+02
9.960000000000000000e+02
1.356000000000000000e+03
1.698000000000000000e+03
2.234000000000000000e+03
2.486000000000000000e+03
2.527000000000000000e+03
2.545000000000000000e+03
2.487000000000000000e+03
2.569000000000000000e+03
2.559000000000000000e+03
2.642000000000000000e+03
2.541000000000000000e+03
2.566000000000000000e+03
2.641000000000000000e+03
2.595000000000000000e+03
2.567000000000000000e+03
2.608000000000000000e+03
2.456000000000000000e+03
2.288000000000000000e+03
2.259000000000000000e+03
2.079000000000000000e+03
1.951000000000000000e+03
1.797000000000000000e+03
1.587000000000000000e+03
1.571000000000000000e+03
1.417000000000000000e+03
1.333000000000000000e+03
1.301000000000000000e+03
1.276000000000000000e+03
1.266000000000000000e+03
1.163000000000000000e+03
1.033000000000000000e+03
9.580000000000000000e+02
8.320000000000000000e+02
7.190000000000000000e+02
6.120000000000000000e+02
5.760000000000000000e+02
5.370000000000000000e+02
5.590000000000000000e+02
5.120000000000000000e+02
4.590000000000000000e+02
4.600000000000000000e+02
3.870000000000000000e+02
3.780000000000000000e+02
4.220000000000000000e+02
3.600000000000000000e+02
3.400000000000000000e+02
3.760000000000000000e+02
3.980000000000000000e+02
3.690000000000000000e+02
3.820000000000000000e+02
3.250000000000000000e+02
3.470000000000000000e+02
3.730000000000000000e+02
3.560000000000000000e+02
3.870000000000000000e+02
3.480000000000000000e+02
3.520000000000000000e+02
3.750000000000000000e+02
3.990000000000000000e+02
3.960000000000000000e+02
4.140000000000000000e+02
3.970000000000000000e+02
4.050000000000000000e+02
3.820000000000000000e+02
3.630000000000000000e+02
4.130000000000000000e+02
3.800000000000000000e+02
3.880000000000000000e+02
3.600000000000000000e+02
4.250000000000000000e+02
3.800000000000000000e+02
4.260000000000000000e+02
4.380000000000000000e+02
4.060000000000000000e+02
4.140000000000000000e+02
4.470000000000000000e+02
4.340000000000000000e+02
4.990000000000000000e+02
4.490000000000000000e+02
5.170000000000000000e+02
4.900000000000000000e+02
5.040000000000000000e+02
4.930000000000000000e+02
5.160000000000000000e+02
5.730000000000000000e+02
6.530000000000000000e+02
6.530000000000000000e+02
6.820000000000000000e+02
6.750000000000000000e+02
7.140000000000000000e+02
7.000000000000000000e+02
7.480000000000000000e+02
7.850000000000000000e+02
9.000000000000000000e+02
8.430000000000000000e+02
8.830000000000000000e+02
8.950000000000000000e+02
9.170000000000000000e+02
9.320000000000000000e+02
1.003000000000000000e+03
9.880000000000000000e+02
9.940000000000000000e+02
1.092000000000000000e+03
9.910000000000000000e+02
1.117000000000000000e+03
1.090000000000000000e+03
1.137000000000000000e+03
1.148000000000000000e+03
1.254000000000000000e+03
1.182000000000000000e+03
1.195000000000000000e+03
1.191000000000000000e+03
1.213000000000000000e+03
1.200000000000000000e+03
1.235000000000000000e+03
1.278000000000000000e+03
1.334000000000000000e+03
1.358000000000000000e+03
1.388000000000000000e+03
1.452000000000000000e+03
1.401000000000000000e+03
1.439000000000000000e+03
1.402000000000000000e+03
1.466000000000000000e+03
1.393000000000000000e+03
1.348000000000000000e+03
1.410000000000000000e+03
1.364000000000000000e+03
1.360000000000000000e+03
1.247000000000000000e+03
1.252000000000000000e+03
1.213000000000000000e+03
1.154000000000000000e+03
1.127000000000000000e+03
1.096000000000000000e+03
1.123000000000000000e+03
1.091000000000000000e+03
1.018000000000000000e+03
9.670000000000000000e+02
9.490000000000000000e+02
9.260000000000000000e+02
8.570000000000000000e+02
8.280000000000000000e+02
8.110000000000000000e+02
8.250000000000000000e+02
7.140000000000000000e+02
6.890000000000000000e+02
6.910000000000000000e+02
6.260000000000000000e+02
6.430000000000000000e+02
6.380000000000000000e+02
6.010000000000000000e+02
5.760000000000000000e+02
5.230000000000000000e+02
5.190000000000000000e+02
5.000000000000000000e+02
5.030000000000000000e+02
4.230000000000000000e+02
4.490000000000000000e+02
4.100000000000000000e+02
4.370000000000000000e+02
3.970000000000000000e+02
3.840000000000000000e+02
3.570000000000000000e+02
3.650000000000000000e+02
3.680000000000000000e+02
3.760000000000000000e+02
3.510000000000000000e+02
3.380000000000000000e+02
3.090000000000000000e+02
3.320000000000000000e+02
3.150000000000000000e+02
3.320000000000000000e+02
3.150000000000000000e+02
2.950000000000000000e+02
3.160000000000000000e+02
3.530000000000000000e+02
2.840000000000000000e+02
3.280000000000000000e+02
3.150000000000000000e+02
3.370000000000000000e+02
3.420000000000000000e+02
3.370000000000000000e+02
3.390000000000000000e+02
3.330000000000000000e+02
3.240000000000000000e+02
3.360000000000000000e+02
3.050000000000000000e+02
3.200000000000000000e+02
3.410000000000000000e+02
3.360000000000000000e+02
3.510000000000000000e+02
3.140000000000000000e+02
2.630000000000000000e+02
3.000000000000000000e+02
2.300000000000000000e+02
2.790000000000000000e+02
2.510000000000000000e+02
2.330000000000000000e+02
2.480000000000000000e+02
1.990000000000000000e+02
2.130000000000000000e+02
2.060000000000000000e+02
2.360000000000000000e+02
2.690000000000000000e+02
2.600000000000000000e+02
2.940000000000000000e+02
2.720000000000000000e+02
3.010000000000000000e+02
3.450000000000000000e+02
3.040000000000000000e+02
3.780000000000000000e+02
3.540000000000000000e+02
3.800000000000000000e+02
3.910000000000000000e+02
4.190000000000000000e+02
4.500000000000000000e+02
4.140000000000000000e+02
4.200000000000000000e+02
4.160000000000000000e+02
4.210000000000000000e+02
3.740000000000000000e+02
3.550000000000000000e+02
3.750000000000000000e+02
3.660000000000000000e+02
3.300000000000000000e+02
3.070000000000000000e+02
2.860000000000000000e+02
2.860000000000000000e+02
2.690000000000000000e+02
2.160000000000000000e+02
1.930000000000000000e+02
1.850000000000000000e+02
1.470000000000000000e+02
1.140000000000000000e+02
1.030000000000000000e+02
8.300000000000000000e+01
7.300000000000000000e+01
5.800000000000000000e+01
3.600000000000000000e+01
3.500000000000000000e+01
3.800000000000000000e+01
2.500000000000000000e+01
3.300000000000000000e+01
2.400000000000000000e+01
2.000000000000000000e+01
2.700000000000000000e+01
3.200000000000000000e+01
5.100000000000000000e+01
5.100000000000000000e+01
3.800000000000000000e+01
5.500000000000000000e+01
7.800000000000000000e+01
1.800000000000000000e+02
4.570000000000000000e+02
9.830000000000000000e+02
1.284000000000000000e+03
1.575000000000000000e+03
2.005000000000000000e+03
2.073000000000000000e+03
1.939000000000000000e+03
1.850000000000000000e+03
1.860000000000000000e+03
1.953000000000000000e+03
2.136000000000000000e+03
2.308000000000000000e+03
2.467000000000000000e+03
2.465000000000000000e+03
2.397000000000000000e+03
2.226000000000000000e+03
2.141000000000000000e+03
2.253000000000000000e+03
2.162000000000000000e+03
1.988000000000000000e+03
1.874000000000000000e+03
1.839000000000000000e+03
1.637000000000000000e+03
1.494000000000000000e+03
1.459000000000000000e+03
1.333000000000000000e+03
1.264000000000000000e+03
1.243000000000000000e+03
1.136000000000000000e+03
1.116000000000000000e+03
1.017000000000000000e+03
9.720000000000000000e+02
9.240000000000000000e+02
9.350000000000000000e+02
8.320000000000000000e+02
7.630000000000000000e+02
7.090000000000000000e+02
6.780000000000000000e+02
6.620000000000000000e+02
6.600000000000000000e+02
6.240000000000000000e+02
5.990000000000000000e+02
5.160000000000000000e+02
5.390000000000000000e+02
4.780000000000000000e+02
4.990000000000000000e+02
4.410000000000000000e+02
4.470000000000000000e+02
4.190000000000000000e+02
3.980000000000000000e+02
3.590000000000000000e+02
3.740000000000000000e+02
3.450000000000000000e+02
3.080000000000000000e+02
3.650000000000000000e+02
3.130000000000000000e+02
3.270000000000000000e+02
3.330000000000000000e+02
2.700000000000000000e+02
3.190000000000000000e+02
3.070000000000000000e+02
3.180000000000000000e+02
2.500000000000000000e+02
2.690000000000000000e+02
2.520000000000000000e+02
2.880000000000000000e+02
2.590000000000000000e+02
2.740000000000000000e+02
2.750000000000000000e+02
2.580000000000000000e+02
2.620000000000000000e+02
2.880000000000000000e+02
2.790000000000000000e+02
2.930000000000000000e+02
2.870000000000000000e+02
2.860000000000000000e+02
2.940000000000000000e+02
2.960000000000000000e+02
3.240000000000000000e+02
2.780000000000000000e+02
2.870000000000000000e+02
3.040000000000000000e+02
2.950000000000000000e+02
2.980000000000000000e+02
2.980000000000000000e+02
3.250000000000000000e+02
2.950000000000000000e+02
3.150000000000000000e+02
3.400000000000000000e+02
3.190000000000000000e+02
3.230000000000000000e+02
3.240000000000000000e+02
3.330000000000000000e+02
3.560000000000000000e+02
3.780000000000000000e+02
3.720000000000000000e+02
3.720000000000000000e+02
3.700000000000000000e+02
3.670000000000000000e+02
4.090000000000000000e+02
4.040000000000000000e+02
4.340000000000000000e+02
4.410000000000000000e+02
4.830000000000000000e+02
5.260000000000000000e+02
5.130000000000000000e+02
5.310000000000000000e+02
5.480000000000000000e+02
5.470000000000000000e+02
6.250000000000000000e+02
5.850000000000000000e+02
6.500000000000000000e+02
6.400000000000000000e+02
7.240000000000000000e+02
6.870000000000000000e+02
7.430000000000000000e+02
6.660000000000000000e+02
7.750000000000000000e+02
7.510000000000000000e+02
7.550000000000000000e+02
8.140000000000000000e+02
8.140000000000000000e+02
8.070000000000000000e+02
8.230000000000000000e+02
8.360000000000000000e+02
8.530000000000000000e+02
8.170000000000000000e+02
8.700000000000000000e+02
9.030000000000000000e+02
8.300000000000000000e+02
8.820000000000000000e+02
9.100000000000000000e+02
9.380000000000000000e+02
9.530000000000000000e+02
9.710000000000000000e+02
9.730000000000000000e+02
1.019000000000000000e+03
1.050000000000000000e+03
9.730000000000000000e+02
1.121000000000000000e+03
1.024000000000000000e+03
1.078000000000000000e+03
1.101000000000000000e+03
1.104000000000000000e+03
1.080000000000000000e+03
1.058000000000000000e+03
1.084000000000000000e+03
1.053000000000000000e+03
1.057000000000000000e+03
1.056000000000000000e+03
1.089000000000000000e+03
1.108000000000000000e+03
1.074000000000000000e+03
1.000000000000000000e+03
1.002000000000000000e+03
1.008000000000000000e+03
9.890000000000000000e+02
9.470000000000000000e+02
8.980000000000000000e+02
8.430000000000000000e+02
8.160000000000000000e+02
8.290000000000000000e+02
7.880000000000000000e+02
7.970000000000000000e+02
7.280000000000000000e+02
6.870000000000000000e+02
6.920000000000000000e+02
6.980000000000000000e+02
6.430000000000000000e+02
6.280000000000000000e+02
6.490000000000000000e+02
5.870000000000000000e+02
6.340000000000000000e+02
5.950000000000000000e+02
5.870000000000000000e+02
5.960000000000000000e+02
5.600000000000000000e+02
5.570000000000000000e+02
5.390000000000000000e+02
5.590000000000000000e+02
5.500000000000000000e+02
5.950000000000000000e+02
5.310000000000000000e+02
5.270000000000000000e+02
5.530000000000000000e+02
5.630000000000000000e+02
5.600000000000000000e+02
5.370000000000000000e+02
5.470000000000000000e+02
5.380000000000000000e+02
5.340000000000000000e+02
5.250000000000000000e+02
5.480000000000000000e+02
5.460000000000000000e+02
5.390000000000000000e+02
5.380000000000000000e+02
5.580000000000000000e+02
5.930000000000000000e+02
6.350000000000000000e+02
6.200000000000000000e+02
6.220000000000000000e+02
6.180000000000000000e+02
5.390000000000000000e+02
5.900000000000000000e+02
5.630000000000000000e+02
5.460000000000000000e+02
5.460000000000000000e+02
5.270000000000000000e+02
5.250000000000000000e+02
5.190000000000000000e+02
4.980000000000000000e+02
5.060000000000000000e+02
4.760000000000000000e+02
4.780000000000000000e+02
4.530000000000000000e+02
4.360000000000000000e+02
4.440000000000000000e+02
4.110000000000000000e+02
3.850000000000000000e+02
4.320000000000000000e+02
4.410000000000000000e+02
4.550000000000000000e+02
4.910000000000000000e+02
5.660000000000000000e+02
5.500000000000000000e+02
6.210000000000000000e+02
6.410000000000000000e+02
6.630000000000000000e+02
7.460000000000000000e+02
8.120000000000000000e+02
7.860000000000000000e+02
8.800000000000000000e+02
8.980000000000000000e+02
9.110000000000000000e+02
8.960000000000000000e+02
8.050000000000000000e+02
8.150000000000000000e+02
7.930000000000000000e+02
7.770000000000000000e+02
6.340000000000000000e+02
5.540000000000000000e+02
5.440000000000000000e+02
5.580000000000000000e+02
4.800000000000000000e+02
5.160000000000000000e+02
4.650000000000000000e+02
4.860000000000000000e+02
4.300000000000000000e+02
3.510000000000000000e+02
3.490000000000000000e+02
1.267000000000000000e+03
