6.159000000000000000e+03
6.650000000000000000e+02
6.970000000000000000e+02
7.800000000000000000e+02
8.890000000000000000e+02
9.260000000000000000e+02
9.700000000000000000e+02
1.035000000000000000e+03
1.110000000000000000e+03
1.116000000000000000e+03
1.272000000000000000e+03
1.240000000000000000e+03
1.318000000000000000e+03
1.356000000000000000e+03
1.446000000000000000e+03
1.535000000000000000e+03
1.541000000000000000e+03
1.510000000000000000e+03
1.636000000000000000e+03
1.673000000000000000e+03
1.681000000000000000e+03
1.755000000000000000e+03
1.751000000000000000e+03
1.840000000000000000e+03
1.882000000000000000e+03
1.860000000000000000e+03
1.938000000000000000e+03
1.887000000000000000e+03
1.928000000000000000e+03
1.928000000000000000e+03
2.005000000000000000e+03
2.035000000000000000e+03
1.925000000000000000e+03
2.070000000000000000e+03
2.020000000000000000e+03
2.037000000000000000e+03
2.045000000000000000e+03
2.040000000000000000e+03
2.062000000000000000e+03
1.971000000000000000e+03
2.028000000000000000e+03
2.021000000000000000e+03
1.996000000000000000e+03
2.036000000000000000e+03
1.979000000000000000e+03
2.078000000000000000e+03
1.932000000000000000e+03
1.948000000000000000e+03
2.003000000000000000e+03
1.978000000000000000e+03
1.879000000000000000e+03
1.827000000000000000e+03
1.849000000000000000e+03
1.773000000000000000e+03
1.812000000000000000e+03
1.814000000000000000e+03
1.778000000000000000e+03
1.809000000000000000e+03
1.769000000000000000e+03
1.641000000000000000e+03
1.785000000000000000e+03
1.652000000000000000e+03
1.661000000000000000e+03
1.688000000000000000e+03
1.530000000000000000e+03
1.619000000000000000e+03
1.467000000000000000e+03
1.505000000000000000e+03
1.533000000000000000e+03
1.415000000000000000e+03
1.307000000000000000e+03
1.405000000000000000e+03
1.324000000000000000e+03
1.364000000000000000e+03
1.354000000000000000e+03
1.325000000000000000e+03
1.320000000000000000e+03
1.195000000000000000e+03
1.231000000000000000e+03
1.179000000000000000e+03
1.206000000000000000e+03
1.081000000000000000e+03
1.134000000000000000e+03
1.165000000000000000e+03
1.057000000000000000e+03
1.012000000000000000e+03
1.043000000000000000e+03
1.021000000000000000e+03
9.750000000000000000e+02
9.380000000000000000e+02
8.920000000000000000e+02
9.110000000000000000e+02
8.840000000000000000e+02
8.210000000000000000e+02
8.280000000000000000e+02
7.710000000000000000e+02
7.810000000000000000e+02
7.630000000000000000e+02
6.850000000000000000e+02
7.290000000000000000e+02
6.780000000000000000e+02
6.540000000000000000e+02
6.140000000000000000e+02
6.010000000000000000e+02
5.940000000000000000e+02
5.620000000000000000e+02
5.940000000000000000e+02
5.220000000000000000e+02
5.090000000000000000e+02
5.190000000000000000e+02
4.670000000000000000e+02
4.340000000000000000e+02
4.290000000000000000e+02
4.230000000000000000e+02
3.990000000000000000e+02
3.910000000000000000e+02
4.680000000000000000e+02
3.570000000000000000e+02
3.630000000000000000e+02
3.630000000000000000e+02
3.740000000000000000e+02
3.430000000000000000e+02
3.270000000000000000e+02
3.050000000000000000e+02
3.350000000000000000e+02
3.350000000000000000e+02
3.380000000000000000e+02
2.940000000000000000e+02
3.210000000000000000e+02
2.920000000000000000e+02
3.080000000000000000e+02
3.030000000000000000e+02
2.810000000000000000e+02
2.900000000000000000e+02
2.710000000000000000e+02
2.630000000000000000e+02
2.150000000000000000e+02
2.470000000000000000e+02
2.650000000000000000e+02
2.680000000000000000e+02
2.450000000000000000e+02
2.370000000000000000e+02
2.440000000000000000e+02
2.590000000000000000e+02
2.600000000000000000e+02
2.210000000000000000e+02
2.180000000000000000e+02
2.370000000000000000e+02
2.150000000000000000e+02
2.310000000000000000e+02
2.310000000000000000e+02
2.280000000000000000e+02
1.940000000000000000e+02
1.950000000000000000e+02
1.970000000000000000e+02
1.820000000000000000e+02
1.860000000000000000e+02
1.990000000000000000e+02
2.160000000000000000e+02
1.680000000000000000e+02
1.950000000000000000e+02
2.020000000000000000e+02
1.830000000000000000e+02
1.730000000000000000e+02
1.950000000000000000e+02
1.670000000000000000e+02
1.760000000000000000e+02
1.560000000000000000e+02
1.620000000000000000e+02
1.840000000000000000e+02
2.020000000000000000e+02
1.780000000000000000e+02
1.740000000000000000e+02
1.630000000000000000e+02
1.860000000000000000e+02
1.930000000000000000e+02
1.550000000000000000e+02
1.700000000000000000e+02
2.070000000000000000e+02
2.140000000000000000e+02
2.100000000000000000e+02
2.060000000000000000e+02
1.870000000000000000e+02
1.950000000000000000e+02
2.110000000000000000e+02
1.910000000000000000e+02
2.060000000000000000e+02
2.260000000000000000e+02
1.910000000000000000e+02
1.960000000000000000e+02
2.200000000000000000e+02
2.020000000000000000e+02
2.300000000000000000e+02
2.240000000000000000e+02
2.140000000000000000e+02
2.210000000000000000e+02
2.010000000000000000e+02
1.900000000000000000e+02
1.820000000000000000e+02
2.120000000000000000e+02
1.830000000000000000e+02
1.940000000000000000e+02
1.710000000000000000e+02
1.700000000000000000e+02
1.470000000000000000e+02
1.680000000000000000e+02
1.630000000000000000e+02
1.640000000000000000e+02
1.730000000000000000e+02
1.460000000000000000e+02
1.700000000000000000e+02
1.390000000000000000e+02
1.520000000000000000e+02
1.720000000000000000e+02
1.730000000000000000e+02
1.620000000000000000e+02
1.740000000000000000e+02
1.790000000000000000e+02
1.640000000000000000e+02
1.600000000000000000e+02
1.440000000000000000e+02
1.610000000000000000e+02
1.560000000000000000e+02
1.530000000000000000e+02
1.660000000000000000e+02
1.300000000000000000e+02
1.350000000000000000e+02
1.140000000000000000e+02
1.370000000000000000e+02
1.560000000000000000e+02
1.270000000000000000e+02
1.170000000000000000e+02
1.090000000000000000e+02
1.180000000000000000e+02
1.030000000000000000e+02
1.000000000000000000e+02
8.900000000000000000e+01
7.400000000000000000e+01
7.000000000000000000e+01
8.900000000000000000e+01
8.500000000000000000e+01
6.600000000000000000e+01
6.600000000000000000e+01
5.200000000000000000e+01
4.700000000000000000e+01
5.000000000000000000e+01
3.900000000000000000e+01
3.500000000000000000e+01
3.700000000000000000e+01
3.200000000000000000e+01
3.600000000000000000e+01
2.900000000000000000e+01
9.000000000000000000e+00
2.500000000000000000e+01
9.000000000000000000e+00
4.200000000000000000e+01
6.300000000000000000e+01
1.800000000000000000e+01
1.800000000000000000e+01
1.500000000000000000e+01
1.600000000000000000e+01
1.300000000000000000e+01
2.000000000000000000e+01
2.300000000000000000e+01
1.800000000000000000e+01
2.300000000000000000e+01
2.500000000000000000e+01
3.700000000000000000e+01
3.100000000000000000e+01
4.300000000000000000e+01
4.200000000000000000e+01
4.500000000000000000e+01
5.900000000000000000e+01
4.500000000000000000e+01
4.200000000000000000e+01
5.300000000000000000e+01
5.400000000000000000e+01
5.200000000000000000e+01
7.900000000000000000e+01
9.300000000000000000e+01
7.700000000000000000e+01
9.500000000000000000e+01
9.400000000000000000e+01
1.070000000000000000e+02
1.090000000000000000e+02
1.140000000000000000e+02
1.390000000000000000e+02
1.230000000000000000e+02
1.310000000000000000e+02
1.500000000000000000e+02
1.740000000000000000e+02
1.710000000000000000e+02
2.000000000000000000e+02
2.220000000000000000e+02
2.190000000000000000e+02
2.360000000000000000e+02
2.520000000000000000e+02
2.570000000000000000e+02
3.270000000000000000e+02
3.280000000000000000e+02
3.250000000000000000e+02
3.550000000000000000e+02
3.800000000000000000e+02
3.650000000000000000e+02
4.300000000000000000e+02
4.160000000000000000e+02
4.730000000000000000e+02
4.880000000000000000e+02
5.000000000000000000e+02
5.090000000000000000e+02
5.520000000000000000e+02
6.290000000000000000e+02
6.040000000000000000e+02
6.760000000000000000e+02
6.400000000000000000e+02
6.970000000000000000e+02
7.560000000000000000e+02
7.740000000000000000e+02
7.920000000000000000e+02
8.570000000000000000e+02
9.100000000000000000e+02
9.420000000000000000e+02
1.022000000000000000e+03
9.980000000000000000e+02
1.032000000000000000e+03
1.084000000000000000e+03
1.145000000000000000e+03
1.196000000000000000e+03
1.218000000000000000e+03
1.249000000000000000e+03
1.352000000000000000e+03
1.300000000000000000e+03
1.419000000000000000e+03
1.403000000000000000e+03
1.468000000000000000e+03
1.618000000000000000e+03
1.579000000000000000e+03
1.617000000000000000e+03
1.677000000000000000e+03
1.780000000000000000e+03
1.799000000000000000e+03
1.966000000000000000e+03
1.947000000000000000e+03
1.977000000000000000e+03
2.027000000000000000e+03
2.117000000000000000e+03
2.139000000000000000e+03
2.137000000000000000e+03
2.226000000000000000e+03
2.221000000000000000e+03
2.260000000000000000e+03
2.335000000000000000e+03
2.267000000000000000e+03
2.317000000000000000e+03
2.434000000000000000e+03
2.376000000000000000e+03
2.463000000000000000e+03
2.497000000000000000e+03
2.454000000000000000e+03
2.454000000000000000e+03
2.481000000000000000e+03
2.461000000000000000e+03
2.546000000000000000e+03
2.544000000000000000e+03
2.564000000000000000e+03
2.482000000000000000e+03
2.484000000000000000e+03
2.437000000000000000e+03
2.467000000000000000e+03
2.337000000000000000e+03
2.356000000000000000e+03
2.220000000000000000e+03
2.330000000000000000e+03
2.177000000000000000e+03
2.242000000000000000e+03
2.216000000000000000e+03
2.112000000000000000e+03
2.082000000000000000e+03
2.015000000000000000e+03
1.921000000000000000e+03
1.854000000000000000e+03
1.839000000000000000e+03
1.771000000000000000e+03
1.694000000000000000e+03
1.731000000000000000e+03
1.596000000000000000e+03
1.575000000000000000e+03
1.540000000000000000e+03
1.521000000000000000e+03
1.437000000000000000e+03
1.325000000000000000e+03
1.351000000000000000e+03
1.257000000000000000e+03
1.164000000000000000e+03
1.147000000000000000e+03
1.079000000000000000e+03
1.076000000000000000e+03
1.011000000000000000e+03
9.640000000000000000e+02
9.330000000000000000e+02
8.680000000000000000e+02
8.530000000000000000e+02
8.190000000000000000e+02
8.100000000000000000e+02
7.390000000000000000e+02
7.250000000000000000e+02
6.390000000000000000e+02
6.410000000000000000e+02
6.200000000000000000e+02
5.800000000000000000e+02
5.690000000000000000e+02
4.970000000000000000e+02
5.140000000000000000e+02
4.900000000000000000e+02
4.850000000000000000e+02
4.740000000000000000e+02
4.700000000000000000e+02
4.150000000000000000e+02
4.080000000000000000e+02
4.080000000000000000e+02
3.650000000000000000e+02
3.650000000000000000e+02
3.630000000000000000e+02
3.370000000000000000e+02
3.540000000000000000e+02
3.580000000000000000e+02
3.020000000000000000e+02
3.120000000000000000e+02
3.080000000000000000e+02
3.380000000000000000e+02
2.850000000000000000e+02
3.160000000000000000e+02
2.940000000000000000e+02
2.590000000000000000e+02
2.290000000000000000e+02
2.460000000000000000e+02
2.700000000000000000e+02
2.480000000000000000e+02
2.260000000000000000e+02
2.590000000000000000e+02
2.540000000000000000e+02
2.490000000000000000e+02
2.670000000000000000e+02
2.660000000000000000e+02
2.600000000000000000e+02
2.610000000000000000e+02
2.290000000000000000e+02
2.250000000000000000e+02
2.340000000000000000e+02
1.900000000000000000e+02
1.860000000000000000e+02
1.740000000000000000e+02
1.960000000000000000e+02
1.760000000000000000e+02
1.730000000000000000e+02
1.740000000000000000e+02
1.700000000000000000e+02
1.700000000000000000e+02
1.620000000000000000e+02
1.670000000000000000e+02
2.010000000000000000e+02
1.650000000000000000e+02
1.740000000000000000e+02
1.710000000000000000e+02
1.740000000000000000e+02
1.690000000000000000e+02
1.650000000000000000e+02
1.770000000000000000e+02
1.750000000000000000e+02
1.890000000000000000e+02
1.790000000000000000e+02
1.800000000000000000e+02
1.790000000000000000e+02
1.460000000000000000e+02
1.850000000000000000e+02
1.530000000000000000e+02
1.490000000000000000e+02
1.100000000000000000e+02
1.370000000000000000e+02
1.280000000000000000e+02
1.040000000000000000e+02
1.320000000000000000e+02
1.290000000000000000e+02
1.320000000000000000e+02
1.480000000000000000e+02
1.010000000000000000e+02
9.700000000000000000e+01
8.900000000000000000e+01
8.200000000000000000e+01
7.100000000000000000e+01
5.400000000000000000e+01
4.900000000000000000e+01
6.000000000000000000e+01
4.700000000000000000e+01
4.300000000000000000e+01
2.200000000000000000e+01
1.900000000000000000e+01
2.100000000000000000e+01
1.600000000000000000e+01
1.400000000000000000e+01
1.200000000000000000e+01
6.000000000000000000e+00
5.000000000000000000e+00
8.000000000000000000e+00
1.000000000000000000e+01
2.000000000000000000e+00
7.000000000000000000e+00
6.000000000000000000e+00
9.000000000000000000e+00
2.000000000000000000e+00
8.000000000000000000e+00
1.700000000000000000e+01
1.324000000000000000e+03
1.860000000000000000e+02
1.930000000000000000e+02
2.340000000000000000e+02
2.620000000000000000e+02
2.980000000000000000e+02
3.020000000000000000e+02
2.980000000000000000e+02
3.310000000000000000e+02
3.480000000000000000e+02
3.950000000000000000e+02
4.720000000000000000e+02
5.300000000000000000e+02
5.390000000000000000e+02
5.660000000000000000e+02
6.620000000000000000e+02
6.190000000000000000e+02
6.840000000000000000e+02
7.160000000000000000e+02
7.990000000000000000e+02
8.280000000000000000e+02
8.630000000000000000e+02
9.370000000000000000e+02
9.760000000000000000e+02
1.063000000000000000e+03
1.076000000000000000e+03
1.082000000000000000e+03
1.182000000000000000e+03
1.151000000000000000e+03
1.293000000000000000e+03
1.296000000000000000e+03
1.425000000000000000e+03
1.341000000000000000e+03
1.399000000000000000e+03
1.541000000000000000e+03
1.524000000000000000e+03
1.599000000000000000e+03
1.624000000000000000e+03
1.730000000000000000e+03
1.605000000000000000e+03
1.748000000000000000e+03
1.779000000000000000e+03
1.771000000000000000e+03
1.808000000000000000e+03
1.770000000000000000e+03
1.898000000000000000e+03
1.899000000000000000e+03
1.887000000000000000e+03
1.872000000000000000e+03
2.036000000000000000e+03
1.937000000000000000e+03
1.927000000000000000e+03
1.960000000000000000e+03
2.013000000000000000e+03
1.996000000000000000e+03
2.013000000000000000e+03
2.043000000000000000e+03
2.058000000000000000e+03
1.927000000000000000e+03
1.915000000000000000e+03
1.894000000000000000e+03
1.935000000000000000e+03
1.882000000000000000e+03
1.826000000000000000e+03
1.811000000000000000e+03
1.830000000000000000e+03
1.716000000000000000e+03
1.735000000000000000e+03
1.721000000000000000e+03
1.650000000000000000e+03
1.580000000000000000e+03
1.601000000000000000e+03
1.551000000000000000e+03
1.573000000000000000e+03
1.475000000000000000e+03
1.382000000000000000e+03
1.422000000000000000e+03
1.407000000000000000e+03
1.344000000000000000e+03
1.227000000000000000e+03
1.253000000000000000e+03
1.213000000000000000e+03
1.217000000000000000e+03
1.084000000000000000e+03
1.115000000000000000e+03
1.026000000000000000e+03
1.026000000000000000e+03
9.230000000000000000e+02
9.040000000000000000e+02
9.120000000000000000e+02
8.850000000000000000e+02
8.530000000000000000e+02
7.460000000000000000e+02
7.850000000000000000e+02
7.410000000000000000e+02
7.120000000000000000e+02
6.920000000000000000e+02
6.700000000000000000e+02
6.270000000000000000e+02
5.820000000000000000e+02
6.100000000000000000e+02
6.120000000000000000e+02
5.500000000000000000e+02
5.580000000000000000e+02
5.410000000000000000e+02
5.450000000000000000e+02
5.440000000000000000e+02
5.310000000000000000e+02
5.420000000000000000e+02
5.310000000000000000e+02
5.360000000000000000e+02
5.210000000000000000e+02
5.230000000000000000e+02
5.440000000000000000e+02
4.910000000000000000e+02
5.200000000000000000e+02
5.070000000000000000e+02
4.780000000000000000e+02
5.170000000000000000e+02
5.090000000000000000e+02
5.150000000000000000e+02
4.820000000000000000e+02
4.580000000000000000e+02
5.320000000000000000e+02
5.360000000000000000e+02
4.980000000000000000e+02
5.270000000000000000e+02
5.380000000000000000e+02
5.650000000000000000e+02
5.310000000000000000e+02
5.500000000000000000e+02
5.770000000000000000e+02
5.940000000000000000e+02
5.490000000000000000e+02
5.380000000000000000e+02
5.620000000000000000e+02
5.900000000000000000e+02
5.890000000000000000e+02
6.000000000000000000e+02
5.870000000000000000e+02
5.920000000000000000e+02
6.750000000000000000e+02
6.260000000000000000e+02
6.640000000000000000e+02
6.810000000000000000e+02
7.220000000000000000e+02
7.430000000000000000e+02
7.120000000000000000e+02
6.960000000000000000e+02
7.000000000000000000e+02
6.880000000000000000e+02
6.640000000000000000e+02
6.890000000000000000e+02
7.210000000000000000e+02
6.580000000000000000e+02
6.710000000000000000e+02
6.590000000000000000e+02
6.450000000000000000e+02
6.680000000000000000e+02
6.360000000000000000e+02
6.110000000000000000e+02
6.130000000000000000e+02
6.400000000000000000e+02
6.280000000000000000e+02
5.880000000000000000e+02
6.330000000000000000e+02
5.960000000000000000e+02
5.350000000000000000e+02
5.830000000000000000e+02
5.840000000000000000e+02
5.770000000000000000e+02
6.050000000000000000e+02
6.330000000000000000e+02
6.080000000000000000e+02
6.000000000000000000e+02
5.630000000000000000e+02
5.820000000000000000e+02
5.520000000000000000e+02
5.870000000000000000e+02
4.940000000000000000e+02
4.890000000000000000e+02
4.900000000000000000e+02
4.470000000000000000e+02
4.600000000000000000e+02
4.130000000000000000e+02
4.670000000000000000e+02
4.590000000000000000e+02
4.610000000000000000e+02
4.190000000000000000e+02
4.050000000000000000e+02
4.230000000000000000e+02
4.370000000000000000e+02
4.110000000000000000e+02
3.930000000000000000e+02
3.720000000000000000e+02
3.750000000000000000e+02
3.880000000000000000e+02
3.290000000000000000e+02
3.560000000000000000e+02
2.920000000000000000e+02
3.240000000000000000e+02
3.040000000000000000e+02
2.600000000000000000e+02
2.760000000000000000e+02
2.410000000000000000e+02
2.360000000000000000e+02
2.370000000000000000e+02
2.030000000000000000e+02
1.640000000000000000e+02
1.740000000000000000e+02
1.730000000000000000e+02
1.670000000000000000e+02
1.490000000000000000e+02
1.590000000000000000e+02
1.610000000000000000e+02
1.420000000000000000e+02
1.530000000000000000e+02
1.600000000000000000e+02
1.310000000000000000e+02
1.440000000000000000e+02
1.470000000000000000e+02
1.670000000000000000e+02
1.290000000000000000e+02
1.580000000000000000e+02
1.400000000000000000e+02
1.660000000000000000e+02
1.600000000000000000e+02
1.760000000000000000e+02
1.490000000000000000e+02
1.680000000000000000e+02
1.480000000000000000e+02
1.870000000000000000e+02
1.670000000000000000e+02
1.740000000000000000e+02
1.810000000000000000e+02
1.810000000000000000e+02
1.880000000000000000e+02
1.870000000000000000e+02
1.530000000000000000e+02
1.510000000000000000e+02
1.410000000000000000e+02
1.380000000000000000e+02
1.210000000000000000e+02
1.010000000000000000e+02
9.200000000000000000e+01
7.700000000000000000e+01
6.900000000000000000e+01
5.100000000000000000e+01
3.100000000000000000e+01
1.900000000000000000e+01
2.600000000000000000e+01
2.100000000000000000e+01
1.200000000000000000e+01
1.300000000000000000e+01
7.000000000000000000e+00
3.200000000000000000e+01
