3.045000000000000000e+03
2.553000000000000000e+03
3.090000000000000000e+03
2.694000000000000000e+03
2.419000000000000000e+03
3.740000000000000000e+03
6.362000000000000000e+03
6.951000000000000000e+03
8.102000000000000000e+03
6.928000000000000000e+03
4.614000000000000000e+03
3.406000000000000000e+03
3.117000000000000000e+03
2.939000000000000000e+03
2.828000000000000000e+03
2.722000000000000000e+03
2.553000000000000000e+03
2.496000000000000000e+03
2.391000000000000000e+03
2.290000000000000000e+03
2.229000000000000000e+03
2.239000000000000000e+03
2.168000000000000000e+03
2.136000000000000000e+03
2.193000000000000000e+03
1.975000000000000000e+03
1.980000000000000000e+03
2.030000000000000000e+03
1.961000000000000000e+03
1.994000000000000000e+03
1.890000000000000000e+03
1.836000000000000000e+03
1.871000000000000000e+03
1.794000000000000000e+03
1.781000000000000000e+03
1.735000000000000000e+03
1.736000000000000000e+03
1.547000000000000000e+03
1.539000000000000000e+03
1.495000000000000000e+03
1.565000000000000000e+03
1.508000000000000000e+03
1.423000000000000000e+03
1.412000000000000000e+03
1.379000000000000000e+03
1.402000000000000000e+03
1.379000000000000000e+03
1.269000000000000000e+03
1.259000000000000000e+03
1.245000000000000000e+03
1.181000000000000000e+03
1.194000000000000000e+03
1.136000000000000000e+03
1.081000000000000000e+03
1.149000000000000000e+03
1.083000000000000000e+03
1.047000000000000000e+03
1.033000000000000000e+03
1.040000000000000000e+03
1.016000000000000000e+03
8.980000000000000000e+02
8.770000000000000000e+02
8.680000000000000000e+02
8.130000000000000000e+02
8.180000000000000000e+02
7.300000000000000000e+02
6.820000000000000000e+02
6.920000000000000000e+02
6.110000000000000000e+02
6.130000000000000000e+02
6.380000000000000000e+02
5.880000000000000000e+02
5.170000000000000000e+02
5.080000000000000000e+02
4.910000000000000000e+02
4.430000000000000000e+02
5.040000000000000000e+02
4.330000000000000000e+02
3.810000000000000000e+02
3.940000000000000000e+02
3.990000000000000000e+02
3.850000000000000000e+02
3.460000000000000000e+02
3.500000000000000000e+02
3.030000000000000000e+02
2.810000000000000000e+02
2.830000000000000000e+02
2.760000000000000000e+02
2.610000000000000000e+02
2.730000000000000000e+02
2.610000000000000000e+02
2.230000000000000000e+02
2.200000000000000000e+02
2.180000000000000000e+02
1.710000000000000000e+02
1.660000000000000000e+02
1.830000000000000000e+02
1.770000000000000000e+02
1.840000000000000000e+02
1.400000000000000000e+02
1.230000000000000000e+02
1.540000000000000000e+02
1.300000000000000000e+02
1.250000000000000000e+02
1.050000000000000000e+02
1.210000000000000000e+02
1.060000000000000000e+02
1.000000000000000000e+02
9.800000000000000000e+01
1.040000000000000000e+02
9.900000000000000000e+01
8.400000000000000000e+01
7.400000000000000000e+01
6.300000000000000000e+01
9.400000000000000000e+01
7.300000000000000000e+01
7.000000000000000000e+01
6.900000000000000000e+01
8.200000000000000000e+01
4.400000000000000000e+01
4.500000000000000000e+01
6.700000000000000000e+01
5.400000000000000000e+01
5.800000000000000000e+01
5.400000000000000000e+01
6.600000000000000000e+01
5.600000000000000000e+01
6.000000000000000000e+01
4.700000000000000000e+01
5.700000000000000000e+01
5.500000000000000000e+01
5.100000000000000000e+01
5.600000000000000000e+01
4.900000000000000000e+01
4.900000000000000000e+01
4.600000000000000000e+01
5.800000000000000000e+01
4.500000000000000000e+01
5.400000000000000000e+01
5.700000000000000000e+01
5.800000000000000000e+01
3.900000000000000000e+01
6.100000000000000000e+01
5.800000000000000000e+01
3.700000000000000000e+01
5.900000000000000000e+01
4.600000000000000000e+01
5.300000000000000000e+01
4.300000000000000000e+01
4.200000000000000000e+01
6.600000000000000000e+01
5.400000000000000000e+01
5.000000000000000000e+01
4.700000000000000000e+01
4.000000000000000000e+01
3.200000000000000000e+01
5.900000000000000000e+01
5.000000000000000000e+01
4.200000000000000000e+01
4.700000000000000000e+01
5.600000000000000000e+01
4.800000000000000000e+01
4.600000000000000000e+01
6.400000000000000000e+01
4.100000000000000000e+01
5.300000000000000000e+01
5.300000000000000000e+01
4.400000000000000000e+01
4.300000000000000000e+01
5.400000000000000000e+01
5.000000000000000000e+01
6.700000000000000000e+01
4.900000000000000000e+01
4.900000000000000000e+01
4.500000000000000000e+01
5.500000000000000000e+01
5.700000000000000000e+01
4.900000000000000000e+01
4.800000000000000000e+01
6.400000000000000000e+01
6.500000000000000000e+01
6.500000000000000000e+01
8.100000000000000000e+01
8.300000000000000000e+01
7.400000000000000000e+01
6.900000000000000000e+01
8.000000000000000000e+01
8.300000000000000000e+01
7.700000000000000000e+01
8.500000000000000000e+01
8.000000000000000000e+01
7.500000000000000000e+01
8.400000000000000000e+01
1.100000000000000000e+02
8.100000000000000000e+01
1.200000000000000000e+02
1.130000000000000000e+02
1.190000000000000000e+02
1.140000000000000000e+02
1.330000000000000000e+02
1.250000000000000000e+02
1.510000000000000000e+02
1.930000000000000000e+02
1.890000000000000000e+02
2.230000000000000000e+02
2.000000000000000000e+02
2.270000000000000000e+02
1.900000000000000000e+02
2.130000000000000000e+02
1.960000000000000000e+02
2.150000000000000000e+02
1.870000000000000000e+02
1.600000000000000000e+02
1.540000000000000000e+02
1.000000000000000000e+02
9.500000000000000000e+01
8.100000000000000000e+01
5.000000000000000000e+01
3.700000000000000000e+01
3.100000000000000000e+01
1.500000000000000000e+01
1.300000000000000000e+01
8.000000000000000000e+00
4.000000000000000000e+00
4.000000000000000000e+00
1.000000000000000000e+00
5.000000000000000000e+00
4.000000000000000000e+00
2.000000000000000000e+00
1.000000000000000000e+00
0.000000000000000000e+00
0.000000000000000000e+00
0.000000000000000000e+00
1.000000000000000000e+00
0.000000000000000000e+00
0.000000000000000000e+00
0.000000000000000000e+00
1.000000000000000000e+00
1.000000000000000000e+00
0.000000000000000000e+00
0.000000000000000000e+00
0.000000000000000000e+00
0.000000000000000000e+00
1.000000000000000000e+00
0.000000000000000000e+00
0.000000000000000000e+00
0.000000000000000000e+00
0.000000000000000000e+00
0.000000000000000000e+00
0.000000000000000000e+00
1.000000000000000000e+00
1.000000000000000000e+00
0.000000000000000000e+00
1.000000000000000000e+00
0.000000000000000000e+00
7.000000000000000000e+00
6.070000000000000000e+02
1.218000000000000000e+03
2.004000000000000000e+03
2.000000000000000000e+03
1.999000000000000000e+03
1.912000000000000000e+03
1.529000000000000000e+03
1.542000000000000000e+03
1.679000000000000000e+03
1.890000000000000000e+03
2.017000000000000000e+03
3.162000000000000000e+03
5.033000000000000000e+03
5.554000000000000000e+03
6.769000000000000000e+03
5.742000000000000000e+03
3.126000000000000000e+03
1.952000000000000000e+03
1.677000000000000000e+03
1.589000000000000000e+03
1.616000000000000000e+03
1.645000000000000000e+03
1.632000000000000000e+03
1.626000000000000000e+03
1.658000000000000000e+03
1.644000000000000000e+03
1.711000000000000000e+03
1.750000000000000000e+03
1.704000000000000000e+03
1.767000000000000000e+03
1.780000000000000000e+03
1.874000000000000000e+03
1.884000000000000000e+03
1.857000000000000000e+03
1.762000000000000000e+03
1.766000000000000000e+03
1.716000000000000000e+03
1.826000000000000000e+03
1.736000000000000000e+03
1.658000000000000000e+03
1.557000000000000000e+03
1.608000000000000000e+03
1.550000000000000000e+03
1.514000000000000000e+03
1.526000000000000000e+03
1.484000000000000000e+03
1.477000000000000000e+03
1.438000000000000000e+03
1.384000000000000000e+03
1.404000000000000000e+03
1.380000000000000000e+03
1.408000000000000000e+03
1.290000000000000000e+03
1.281000000000000000e+03
1.296000000000000000e+03
1.260000000000000000e+03
1.250000000000000000e+03
1.284000000000000000e+03
1.248000000000000000e+03
1.257000000000000000e+03
1.244000000000000000e+03
1.174000000000000000e+03
1.158000000000000000e+03
1.125000000000000000e+03
1.123000000000000000e+03
1.075000000000000000e+03
1.087000000000000000e+03
1.003000000000000000e+03
1.035000000000000000e+03
9.390000000000000000e+02
9.650000000000000000e+02
9.020000000000000000e+02
9.690000000000000000e+02
9.400000000000000000e+02
8.910000000000000000e+02
9.040000000000000000e+02
9.100000000000000000e+02
8.960000000000000000e+02
8.510000000000000000e+02
8.260000000000000000e+02
8.330000000000000000e+02
7.990000000000000000e+02
7.600000000000000000e+02
7.560000000000000000e+02
7.140000000000000000e+02
7.500000000000000000e+02
7.170000000000000000e+02
7.170000000000000000e+02
7.110000000000000000e+02
6.930000000000000000e+02
6.230000000000000000e+02
6.610000000000000000e+02
6.000000000000000000e+02
6.260000000000000000e+02
5.670000000000000000e+02
5.270000000000000000e+02
5.660000000000000000e+02
5.150000000000000000e+02
4.650000000000000000e+02
4.850000000000000000e+02
4.760000000000000000e+02
4.550000000000000000e+02
4.420000000000000000e+02
4.040000000000000000e+02
4.040000000000000000e+02
3.820000000000000000e+02
3.860000000000000000e+02
3.210000000000000000e+02
3.270000000000000000e+02
3.210000000000000000e+02
3.080000000000000000e+02
2.880000000000000000e+02
2.910000000000000000e+02
3.120000000000000000e+02
2.750000000000000000e+02
2.750000000000000000e+02
2.760000000000000000e+02
2.530000000000000000e+02
2.210000000000000000e+02
2.090000000000000000e+02
2.110000000000000000e+02
1.820000000000000000e+02
2.050000000000000000e+02
1.850000000000000000e+02
1.780000000000000000e+02
1.950000000000000000e+02
1.750000000000000000e+02
1.420000000000000000e+02
1.490000000000000000e+02
1.390000000000000000e+02
1.200000000000000000e+02
1.130000000000000000e+02
1.140000000000000000e+02
9.200000000000000000e+01
1.260000000000000000e+02
1.130000000000000000e+02
1.230000000000000000e+02
9.900000000000000000e+01
8.700000000000000000e+01
9.100000000000000000e+01
7.700000000000000000e+01
7.500000000000000000e+01
8.500000000000000000e+01
8.900000000000000000e+01
7.500000000000000000e+01
9.500000000000000000e+01
9.000000000000000000e+01
7.600000000000000000e+01
8.300000000000000000e+01
7.700000000000000000e+01
7.000000000000000000e+01
7.600000000000000000e+01
6.900000000000000000e+01
7.600000000000000000e+01
6.700000000000000000e+01
6.800000000000000000e+01
7.500000000000000000e+01
4.400000000000000000e+01
7.700000000000000000e+01
6.500000000000000000e+01
4.000000000000000000e+01
6.400000000000000000e+01
4.100000000000000000e+01
6.100000000000000000e+01
6.300000000000000000e+01
5.600000000000000000e+01
5.300000000000000000e+01
7.300000000000000000e+01
5.800000000000000000e+01
6.100000000000000000e+01
5.200000000000000000e+01
3.900000000000000000e+01
5.500000000000000000e+01
5.300000000000000000e+01
5.400000000000000000e+01
4.800000000000000000e+01
5.100000000000000000e+01
4.900000000000000000e+01
4.600000000000000000e+01
4.900000000000000000e+01
5.400000000000000000e+01
5.600000000000000000e+01
4.900000000000000000e+01
5.400000000000000000e+01
6.400000000000000000e+01
8.400000000000000000e+01
7.500000000000000000e+01
6.500000000000000000e+01
6.500000000000000000e+01
7.600000000000000000e+01
8.500000000000000000e+01
6.500000000000000000e+01
8.000000000000000000e+01
6.300000000000000000e+01
7.500000000000000000e+01
1.070000000000000000e+02
1.020000000000000000e+02
1.150000000000000000e+02
1.140000000000000000e+02
9.100000000000000000e+01
1.180000000000000000e+02
1.340000000000000000e+02
1.410000000000000000e+02
1.470000000000000000e+02
1.400000000000000000e+02
1.810000000000000000e+02
1.400000000000000000e+02
1.800000000000000000e+02
2.180000000000000000e+02
2.360000000000000000e+02
2.000000000000000000e+02
2.030000000000000000e+02
2.280000000000000000e+02
2.040000000000000000e+02
2.240000000000000000e+02
2.020000000000000000e+02
1.440000000000000000e+02
1.100000000000000000e+02
7.000000000000000000e+01
7.700000000000000000e+01
5.300000000000000000e+01
3.600000000000000000e+01
3.600000000000000000e+01
1.600000000000000000e+01
1.400000000000000000e+01
6.000000000000000000e+00
5.000000000000000000e+00
1.000000000000000000e+00
3.000000000000000000e+00
3.000000000000000000e+00
1.000000000000000000e+00
0.000000000000000000e+00
0.000000000000000000e+00
0.000000000000000000e+00
1.000000000000000000e+00
0.000000000000000000e+00
0.000000000000000000e+00
0.000000000000000000e+00
0.000000000000000000e+00
0.000000000000000000e+00
0.000000000000000000e+00
0.000000000000000000e+00
0.000000000000000000e+00
0.000000000000000000e+00
0.000000000000000000e+00
0.000000000000000000e+00
1.000000000000000000e+00
1.000000000000000000e+00
0.000000000000000000e+00
0.000000000000000000e+00
0.000000000000000000e+00
0.000000000000000000e+00
1.000000000000000000e+00
0.000000000000000000e+00
1.000000000000000000e+00
2.000000000000000000e+00
5.440000000000000000e+02
1.155000000000000000e+03
1.800000000000000000e+03
1.432000000000000000e+03
1.503000000000000000e+03
1.841000000000000000e+03
1.777000000000000000e+03
1.388000000000000000e+03
1.474000000000000000e+03
1.454000000000000000e+03
1.468000000000000000e+03
1.500000000000000000e+03
1.555000000000000000e+03
1.709000000000000000e+03
2.196000000000000000e+03
2.000000000000000000e+03
2.519000000000000000e+03
3.702000000000000000e+03
2.581000000000000000e+03
2.059000000000000000e+03
3.664000000000000000e+03
6.051000000000000000e+03
4.953000000000000000e+03
2.540000000000000000e+03
1.658000000000000000e+03
1.171000000000000000e+03
1.102000000000000000e+03
1.099000000000000000e+03
1.044000000000000000e+03
1.068000000000000000e+03
1.026000000000000000e+03
1.022000000000000000e+03
1.026000000000000000e+03
1.046000000000000000e+03
9.410000000000000000e+02
9.380000000000000000e+02
8.930000000000000000e+02
9.480000000000000000e+02
9.450000000000000000e+02
9.100000000000000000e+02
8.920000000000000000e+02
8.710000000000000000e+02
8.880000000000000000e+02
8.720000000000000000e+02
8.700000000000000000e+02
8.790000000000000000e+02
9.330000000000000000e+02
9.080000000000000000e+02
8.110000000000000000e+02
8.510000000000000000e+02
8.990000000000000000e+02
8.200000000000000000e+02
8.580000000000000000e+02
7.990000000000000000e+02
7.870000000000000000e+02
8.290000000000000000e+02
7.800000000000000000e+02
7.770000000000000000e+02
7.930000000000000000e+02
7.660000000000000000e+02
7.510000000000000000e+02
7.080000000000000000e+02
8.080000000000000000e+02
7.300000000000000000e+02
7.430000000000000000e+02
7.320000000000000000e+02
6.900000000000000000e+02
6.940000000000000000e+02
7.430000000000000000e+02
7.360000000000000000e+02
6.600000000000000000e+02
7.250000000000000000e+02
7.120000000000000000e+02
7.210000000000000000e+02
7.570000000000000000e+02
6.920000000000000000e+02
7.090000000000000000e+02
7.680000000000000000e+02
7.750000000000000000e+02
8.040000000000000000e+02
8.330000000000000000e+02
8.620000000000000000e+02
8.380000000000000000e+02
8.800000000000000000e+02
8.030000000000000000e+02
8.900000000000000000e+02
8.460000000000000000e+02
8.550000000000000000e+02
8.840000000000000000e+02
8.440000000000000000e+02
8.630000000000000000e+02
8.910000000000000000e+02
8.560000000000000000e+02
8.980000000000000000e+02
9.000000000000000000e+02
9.150000000000000000e+02
8.950000000000000000e+02
8.690000000000000000e+02
8.900000000000000000e+02
9.190000000000000000e+02
9.160000000000000000e+02
8.630000000000000000e+02
8.740000000000000000e+02
8.710000000000000000e+02
8.640000000000000000e+02
8.030000000000000000e+02
8.640000000000000000e+02
9.020000000000000000e+02
8.460000000000000000e+02
8.430000000000000000e+02
8.330000000000000000e+02
8.550000000000000000e+02
8.430000000000000000e+02
8.180000000000000000e+02
7.950000000000000000e+02
8.000000000000000000e+02
7.450000000000000000e+02
8.140000000000000000e+02
8.110000000000000000e+02
7.960000000000000000e+02
7.730000000000000000e+02
7.640000000000000000e+02
7.390000000000000000e+02
7.670000000000000000e+02
7.290000000000000000e+02
6.980000000000000000e+02
6.820000000000000000e+02
6.620000000000000000e+02
6.800000000000000000e+02
6.360000000000000000e+02
6.520000000000000000e+02
6.140000000000000000e+02
5.660000000000000000e+02
6.410000000000000000e+02
6.350000000000000000e+02
5.580000000000000000e+02
5.750000000000000000e+02
5.680000000000000000e+02
5.400000000000000000e+02
5.340000000000000000e+02
5.240000000000000000e+02
5.020000000000000000e+02
5.270000000000000000e+02
4.660000000000000000e+02
4.070000000000000000e+02
4.590000000000000000e+02
4.250000000000000000e+02
4.260000000000000000e+02
4.080000000000000000e+02
4.080000000000000000e+02
3.650000000000000000e+02
3.940000000000000000e+02
3.580000000000000000e+02
3.440000000000000000e+02
3.540000000000000000e+02
3.380000000000000000e+02
3.080000000000000000e+02
2.920000000000000000e+02
3.170000000000000000e+02
2.680000000000000000e+02
2.630000000000000000e+02
2.600000000000000000e+02
2.530000000000000000e+02
2.320000000000000000e+02
2.520000000000000000e+02
2.470000000000000000e+02
2.290000000000000000e+02
2.090000000000000000e+02
2.030000000000000000e+02
1.620000000000000000e+02
2.000000000000000000e+02
1.780000000000000000e+02
1.860000000000000000e+02
1.550000000000000000e+02
1.610000000000000000e+02
1.590000000000000000e+02
1.390000000000000000e+02
1.430000000000000000e+02
1.340000000000000000e+02
1.570000000000000000e+02
1.320000000000000000e+02
1.160000000000000000e+02
1.240000000000000000e+02
1.420000000000000000e+02
1.140000000000000000e+02
1.190000000000000000e+02
1.060000000000000000e+02
1.120000000000000000e+02
9.600000000000000000e+01
1.080000000000000000e+02
9.500000000000000000e+01
1.060000000000000000e+02
9.200000000000000000e+01
1.130000000000000000e+02
1.190000000000000000e+02
1.160000000000000000e+02
1.340000000000000000e+02
1.360000000000000000e+02
1.560000000000000000e+02
1.790000000000000000e+02
1.620000000000000000e+02
1.700000000000000000e+02
2.020000000000000000e+02
2.250000000000000000e+02
2.070000000000000000e+02
2.320000000000000000e+02
2.120000000000000000e+02
2.550000000000000000e+02
2.340000000000000000e+02
2.230000000000000000e+02
1.930000000000000000e+02
1.460000000000000000e+02
1.210000000000000000e+02
1.070000000000000000e+02
8.900000000000000000e+01
5.700000000000000000e+01
4.900000000000000000e+01
3.600000000000000000e+01
2.300000000000000000e+01
1.800000000000000000e+01
1.000000000000000000e+01
5.000000000000000000e+00
6.000000000000000000e+00
3.000000000000000000e+00
1.000000000000000000e+00
3.000000000000000000e+00
0.000000000000000000e+00
0.000000000000000000e+00
1.000000000000000000e+00
0.000000000000000000e+00
0.000000000000000000e+00
0.000000000000000000e+00
0.000000000000000000e+00
0.000000000000000000e+00
0.000000000000000000e+00
0.000000000000000000e+00
0.000000000000000000e+00
0.000000000000000000e+00
0.000000000000000000e+00
1.000000000000000000e+00
0.000000000000000000e+00
1.000000000000000000e+00
0.000000000000000000e+00
1.000000000000000000e+00
2.000000000000000000e+00
0.000000000000000000e+00
1.000000000000000000e+00
1.000000000000000000e+00
0.000000000000000000e+00
0.000000000000000000e+00
0.000000000000000000e+00
0.000000000000000000e+00
0.000000000000000000e+00
0.000000000000000000e+00
0.000000000000000000e+00
1.000000000000000000e+00
