4.460000000000000000e+02
2.160000000000000000e+02
5.510000000000000000e+02
1.586000000000000000e+03
3.408000000000000000e+03
5.115000000000000000e+03
5.951000000000000000e+03
4.701000000000000000e+03
3.099000000000000000e+03
2.327000000000000000e+03
2.174000000000000000e+03
1.960000000000000000e+03
2.818000000000000000e+03
5.076000000000000000e+03
3.795000000000000000e+03
1.815000000000000000e+03
1.346000000000000000e+03
1.102000000000000000e+03
1.060000000000000000e+03
1.002000000000000000e+03
9.520000000000000000e+02
9.330000000000000000e+02
9.710000000000000000e+02
9.090000000000000000e+02
9.060000000000000000e+02
8.920000000000000000e+02
8.950000000000000000e+02
8.280000000000000000e+02
8.310000000000000000e+02
7.850000000000000000e+02
7.690000000000000000e+02
7.580000000000000000e+02
7.240000000000000000e+02
7.380000000000000000e+02
6.930000000000000000e+02
6.710000000000000000e+02
6.540000000000000000e+02
6.710000000000000000e+02
6.320000000000000000e+02
6.750000000000000000e+02
6.290000000000000000e+02
6.500000000000000000e+02
5.910000000000000000e+02
6.620000000000000000e+02
6.210000000000000000e+02
6.030000000000000000e+02
6.290000000000000000e+02
6.130000000000000000e+02
6.180000000000000000e+02
6.190000000000000000e+02
6.220000000000000000e+02
6.190000000000000000e+02
6.580000000000000000e+02
6.550000000000000000e+02
6.370000000000000000e+02
5.860000000000000000e+02
6.360000000000000000e+02
6.720000000000000000e+02
6.490000000000000000e+02
6.700000000000000000e+02
6.660000000000000000e+02
6.710000000000000000e+02
6.960000000000000000e+02
7.000000000000000000e+02
7.360000000000000000e+02
7.020000000000000000e+02
7.280000000000000000e+02
7.520000000000000000e+02
7.300000000000000000e+02
7.600000000000000000e+02
8.240000000000000000e+02
8.230000000000000000e+02
7.570000000000000000e+02
7.430000000000000000e+02
7.590000000000000000e+02
7.810000000000000000e+02
8.520000000000000000e+02
7.850000000000000000e+02
7.760000000000000000e+02
8.040000000000000000e+02
8.180000000000000000e+02
8.020000000000000000e+02
9.140000000000000000e+02
8.570000000000000000e+02
8.790000000000000000e+02
9.260000000000000000e+02
9.030000000000000000e+02
9.490000000000000000e+02
9.970000000000000000e+02
9.570000000000000000e+02
9.070000000000000000e+02
9.470000000000000000e+02
9.670000000000000000e+02
9.270000000000000000e+02
1.013000000000000000e+03
1.101000000000000000e+03
1.035000000000000000e+03
1.066000000000000000e+03
1.102000000000000000e+03
1.143000000000000000e+03
1.275000000000000000e+03
1.255000000000000000e+03
1.350000000000000000e+03
1.327000000000000000e+03
1.311000000000000000e+03
1.319000000000000000e+03
1.341000000000000000e+03
1.335000000000000000e+03
1.324000000000000000e+03
1.319000000000000000e+03
1.343000000000000000e+03
1.209000000000000000e+03
1.260000000000000000e+03
1.258000000000000000e+03
1.191000000000000000e+03
1.140000000000000000e+03
1.220000000000000000e+03
1.254000000000000000e+03
1.199000000000000000e+03
1.186000000000000000e+03
1.193000000000000000e+03
1.038000000000000000e+03
9.860000000000000000e+02
9.530000000000000000e+02
8.600000000000000000e+02
8.590000000000000000e+02
7.600000000000000000e+02
7.250000000000000000e+02
6.670000000000000000e+02
6.990000000000000000e+02
6.090000000000000000e+02
5.850000000000000000e+02
5.700000000000000000e+02
5.270000000000000000e+02
4.790000000000000000e+02
4.700000000000000000e+02
4.740000000000000000e+02
5.200000000000000000e+02
4.360000000000000000e+02
5.110000000000000000e+02
5.300000000000000000e+02
5.350000000000000000e+02
4.950000000000000000e+02
5.090000000000000000e+02
5.140000000000000000e+02
5.230000000000000000e+02
5.020000000000000000e+02
4.900000000000000000e+02
4.640000000000000000e+02
4.760000000000000000e+02
5.260000000000000000e+02
5.050000000000000000e+02
4.640000000000000000e+02
4.880000000000000000e+02
4.890000000000000000e+02
4.930000000000000000e+02
5.110000000000000000e+02
5.020000000000000000e+02
5.130000000000000000e+02
5.270000000000000000e+02
5.120000000000000000e+02
5.260000000000000000e+02
5.260000000000000000e+02
5.630000000000000000e+02
5.610000000000000000e+02
5.740000000000000000e+02
5.810000000000000000e+02
5.450000000000000000e+02
5.260000000000000000e+02
5.620000000000000000e+02
5.240000000000000000e+02
5.120000000000000000e+02
4.650000000000000000e+02
4.850000000000000000e+02
4.410000000000000000e+02
4.180000000000000000e+02
4.300000000000000000e+02
3.880000000000000000e+02
4.150000000000000000e+02
4.270000000000000000e+02
4.530000000000000000e+02
3.920000000000000000e+02
3.470000000000000000e+02
3.510000000000000000e+02
3.180000000000000000e+02
3.180000000000000000e+02
3.170000000000000000e+02
2.510000000000000000e+02
2.360000000000000000e+02
2.250000000000000000e+02
2.020000000000000000e+02
1.960000000000000000e+02
2.100000000000000000e+02
1.850000000000000000e+02
1.940000000000000000e+02
1.650000000000000000e+02
1.800000000000000000e+02
1.900000000000000000e+02
1.590000000000000000e+02
1.710000000000000000e+02
1.990000000000000000e+02
1.870000000000000000e+02
1.640000000000000000e+02
1.790000000000000000e+02
2.020000000000000000e+02
1.730000000000000000e+02
1.640000000000000000e+02
1.590000000000000000e+02
1.840000000000000000e+02
1.660000000000000000e+02
1.800000000000000000e+02
2.060000000000000000e+02
1.650000000000000000e+02
1.820000000000000000e+02
1.590000000000000000e+02
1.730000000000000000e+02
1.720000000000000000e+02
1.700000000000000000e+02
1.800000000000000000e+02
1.960000000000000000e+02
1.990000000000000000e+02
1.780000000000000000e+02
1.860000000000000000e+02
1.720000000000000000e+02
1.750000000000000000e+02
1.560000000000000000e+02
2.060000000000000000e+02
1.630000000000000000e+02
1.700000000000000000e+02
1.830000000000000000e+02
1.630000000000000000e+02
1.480000000000000000e+02
1.510000000000000000e+02
1.720000000000000000e+02
1.480000000000000000e+02
1.680000000000000000e+02
2.000000000000000000e+02
1.550000000000000000e+02
1.970000000000000000e+02
1.990000000000000000e+02
1.760000000000000000e+02
1.790000000000000000e+02
2.030000000000000000e+02
1.530000000000000000e+02
1.650000000000000000e+02
2.130000000000000000e+02
1.830000000000000000e+02
1.740000000000000000e+02
1.700000000000000000e+02
1.600000000000000000e+02
1.950000000000000000e+02
1.770000000000000000e+02
2.050000000000000000e+02
2.470000000000000000e+02
2.410000000000000000e+02
8.470000000000000000e+02
4.010000000000000000e+02
4.800000000000000000e+02
1.287000000000000000e+03
2.082000000000000000e+03
2.156000000000000000e+03
1.588000000000000000e+03
1.196000000000000000e+03
1.355000000000000000e+03
2.170000000000000000e+03
4.067000000000000000e+03
6.970000000000000000e+03
5.925000000000000000e+03
3.966000000000000000e+03
3.295000000000000000e+03
2.296000000000000000e+03
1.528000000000000000e+03
1.176000000000000000e+03
1.004000000000000000e+03
9.570000000000000000e+02
9.430000000000000000e+02
1.061000000000000000e+03
1.100000000000000000e+03
1.135000000000000000e+03
1.086000000000000000e+03
1.088000000000000000e+03
1.021000000000000000e+03
9.920000000000000000e+02
9.610000000000000000e+02
8.860000000000000000e+02
8.580000000000000000e+02
8.070000000000000000e+02
8.440000000000000000e+02
7.710000000000000000e+02
7.330000000000000000e+02
7.640000000000000000e+02
8.310000000000000000e+02
7.880000000000000000e+02
7.700000000000000000e+02
7.700000000000000000e+02
8.090000000000000000e+02
7.780000000000000000e+02
7.540000000000000000e+02
7.810000000000000000e+02
8.020000000000000000e+02
7.300000000000000000e+02
7.110000000000000000e+02
7.100000000000000000e+02
7.850000000000000000e+02
7.250000000000000000e+02
6.970000000000000000e+02
6.650000000000000000e+02
6.940000000000000000e+02
6.580000000000000000e+02
6.510000000000000000e+02
6.280000000000000000e+02
5.790000000000000000e+02
6.040000000000000000e+02
6.060000000000000000e+02
6.380000000000000000e+02
6.110000000000000000e+02
5.970000000000000000e+02
6.300000000000000000e+02
5.860000000000000000e+02
6.770000000000000000e+02
5.890000000000000000e+02
6.370000000000000000e+02
6.630000000000000000e+02
7.000000000000000000e+02
6.800000000000000000e+02
7.110000000000000000e+02
7.650000000000000000e+02
7.380000000000000000e+02
7.680000000000000000e+02
7.650000000000000000e+02
8.390000000000000000e+02
7.600000000000000000e+02
6.850000000000000000e+02
7.970000000000000000e+02
7.950000000000000000e+02
7.630000000000000000e+02
8.510000000000000000e+02
8.280000000000000000e+02
8.170000000000000000e+02
8.750000000000000000e+02
8.830000000000000000e+02
7.530000000000000000e+02
7.590000000000000000e+02
7.460000000000000000e+02
8.000000000000000000e+02
7.610000000000000000e+02
7.350000000000000000e+02
7.430000000000000000e+02
7.640000000000000000e+02
7.320000000000000000e+02
7.620000000000000000e+02
7.560000000000000000e+02
7.390000000000000000e+02
8.390000000000000000e+02
8.380000000000000000e+02
8.130000000000000000e+02
8.950000000000000000e+02
8.300000000000000000e+02
8.830000000000000000e+02
9.620000000000000000e+02
9.180000000000000000e+02
1.011000000000000000e+03
9.660000000000000000e+02
9.680000000000000000e+02
1.070000000000000000e+03
1.007000000000000000e+03
1.128000000000000000e+03
1.162000000000000000e+03
1.256000000000000000e+03
1.347000000000000000e+03
1.331000000000000000e+03
1.411000000000000000e+03
1.450000000000000000e+03
1.507000000000000000e+03
1.427000000000000000e+03
1.419000000000000000e+03
1.296000000000000000e+03
1.354000000000000000e+03
1.288000000000000000e+03
1.282000000000000000e+03
1.280000000000000000e+03
1.177000000000000000e+03
1.186000000000000000e+03
1.193000000000000000e+03
1.129000000000000000e+03
1.097000000000000000e+03
1.039000000000000000e+03
1.058000000000000000e+03
9.940000000000000000e+02
9.090000000000000000e+02
9.120000000000000000e+02
9.010000000000000000e+02
8.970000000000000000e+02
8.050000000000000000e+02
7.470000000000000000e+02
7.650000000000000000e+02
7.850000000000000000e+02
7.410000000000000000e+02
7.200000000000000000e+02
7.020000000000000000e+02
6.720000000000000000e+02
6.510000000000000000e+02
5.880000000000000000e+02
6.040000000000000000e+02
5.470000000000000000e+02
5.820000000000000000e+02
5.580000000000000000e+02
5.560000000000000000e+02
4.980000000000000000e+02
5.550000000000000000e+02
5.010000000000000000e+02
5.440000000000000000e+02
4.880000000000000000e+02
5.170000000000000000e+02
5.320000000000000000e+02
4.880000000000000000e+02
5.350000000000000000e+02
5.590000000000000000e+02
5.230000000000000000e+02
5.040000000000000000e+02
5.310000000000000000e+02
5.340000000000000000e+02
5.330000000000000000e+02
5.870000000000000000e+02
5.380000000000000000e+02
5.530000000000000000e+02
5.620000000000000000e+02
5.110000000000000000e+02
5.020000000000000000e+02
4.740000000000000000e+02
4.230000000000000000e+02
4.790000000000000000e+02
4.040000000000000000e+02
4.030000000000000000e+02
3.880000000000000000e+02
4.290000000000000000e+02
3.540000000000000000e+02
3.250000000000000000e+02
3.180000000000000000e+02
3.050000000000000000e+02
2.690000000000000000e+02
2.880000000000000000e+02
2.090000000000000000e+02
2.650000000000000000e+02
2.590000000000000000e+02
2.230000000000000000e+02
1.890000000000000000e+02
1.970000000000000000e+02
2.200000000000000000e+02
2.110000000000000000e+02
1.910000000000000000e+02
1.960000000000000000e+02
2.240000000000000000e+02
1.980000000000000000e+02
2.070000000000000000e+02
1.780000000000000000e+02
2.040000000000000000e+02
2.100000000000000000e+02
2.080000000000000000e+02
1.820000000000000000e+02
1.810000000000000000e+02
2.100000000000000000e+02
2.160000000000000000e+02
1.900000000000000000e+02
2.070000000000000000e+02
1.780000000000000000e+02
1.950000000000000000e+02
1.810000000000000000e+02
1.690000000000000000e+02
2.000000000000000000e+02
1.750000000000000000e+02
1.840000000000000000e+02
1.980000000000000000e+02
1.840000000000000000e+02
1.950000000000000000e+02
1.910000000000000000e+02
1.850000000000000000e+02
1.820000000000000000e+02
1.680000000000000000e+02
1.800000000000000000e+02
1.290000000000000000e+02
1.480000000000000000e+02
1.470000000000000000e+02
1.610000000000000000e+02
1.530000000000000000e+02
1.280000000000000000e+02
1.600000000000000000e+02
1.510000000000000000e+02
1.470000000000000000e+02
1.500000000000000000e+02
1.600000000000000000e+02
1.730000000000000000e+02
1.370000000000000000e+02
1.590000000000000000e+02
1.870000000000000000e+02
1.750000000000000000e+02
1.640000000000000000e+02
2.020000000000000000e+02
2.090000000000000000e+02
1.960000000000000000e+02
1.940000000000000000e+02
2.660000000000000000e+02
2.450000000000000000e+02
2.450000000000000000e+02
2.500000000000000000e+02
2.380000000000000000e+02
2.540000000000000000e+02
1.850000000000000000e+02
9.200000000000000000e+01
5.300000000000000000e+01
4.100000000000000000e+01
8.100000000000000000e+01
2.120000000000000000e+02
6.200000000000000000e+01
9.500000000000000000e+01
2.050000000000000000e+02
6.810000000000000000e+02
1.930000000000000000e+03
4.605000000000000000e+03
3.373000000000000000e+03
1.466000000000000000e+03
1.195000000000000000e+03
1.002000000000000000e+03
1.057000000000000000e+03
1.125000000000000000e+03
1.161000000000000000e+03
1.210000000000000000e+03
1.057000000000000000e+03
1.064000000000000000e+03
9.290000000000000000e+02
1.055000000000000000e+03
1.411000000000000000e+03
1.500000000000000000e+03
1.483000000000000000e+03
1.449000000000000000e+03
1.621000000000000000e+03
1.811000000000000000e+03
2.000000000000000000e+03
2.268000000000000000e+03
2.205000000000000000e+03
2.027000000000000000e+03
1.364000000000000000e+03
9.380000000000000000e+02
7.570000000000000000e+02
7.350000000000000000e+02
6.630000000000000000e+02
6.240000000000000000e+02
6.770000000000000000e+02
5.690000000000000000e+02
6.670000000000000000e+02
6.630000000000000000e+02
6.760000000000000000e+02
6.910000000000000000e+02
7.340000000000000000e+02
7.160000000000000000e+02
7.130000000000000000e+02
7.210000000000000000e+02
7.360000000000000000e+02
7.220000000000000000e+02
7.590000000000000000e+02
8.000000000000000000e+02
8.080000000000000000e+02
8.180000000000000000e+02
7.830000000000000000e+02
7.830000000000000000e+02
7.670000000000000000e+02
8.380000000000000000e+02
7.970000000000000000e+02
7.640000000000000000e+02
7.850000000000000000e+02
8.160000000000000000e+02
8.240000000000000000e+02
7.560000000000000000e+02
8.090000000000000000e+02
7.960000000000000000e+02
7.690000000000000000e+02
8.230000000000000000e+02
8.000000000000000000e+02
7.930000000000000000e+02
8.300000000000000000e+02
8.070000000000000000e+02
7.890000000000000000e+02
8.490000000000000000e+02
7.960000000000000000e+02
8.820000000000000000e+02
9.230000000000000000e+02
9.490000000000000000e+02
8.750000000000000000e+02
8.910000000000000000e+02
9.300000000000000000e+02
9.270000000000000000e+02
9.770000000000000000e+02
9.580000000000000000e+02
1.016000000000000000e+03
1.064000000000000000e+03
1.095000000000000000e+03
1.032000000000000000e+03
1.059000000000000000e+03
1.070000000000000000e+03
1.085000000000000000e+03
1.022000000000000000e+03
1.112000000000000000e+03
1.113000000000000000e+03
1.070000000000000000e+03
1.120000000000000000e+03
1.099000000000000000e+03
1.101000000000000000e+03
1.081000000000000000e+03
1.158000000000000000e+03
1.186000000000000000e+03
1.246000000000000000e+03
1.263000000000000000e+03
1.319000000000000000e+03
1.337000000000000000e+03
1.390000000000000000e+03
1.425000000000000000e+03
1.438000000000000000e+03
1.427000000000000000e+03
1.451000000000000000e+03
1.513000000000000000e+03
1.409000000000000000e+03
1.427000000000000000e+03
1.399000000000000000e+03
1.395000000000000000e+03
1.350000000000000000e+03
1.407000000000000000e+03
1.366000000000000000e+03
1.333000000000000000e+03
1.371000000000000000e+03
1.398000000000000000e+03
1.349000000000000000e+03
1.218000000000000000e+03
1.100000000000000000e+03
1.067000000000000000e+03
9.900000000000000000e+02
9.920000000000000000e+02
9.220000000000000000e+02
8.000000000000000000e+02
7.870000000000000000e+02
7.410000000000000000e+02
7.270000000000000000e+02
6.860000000000000000e+02
6.890000000000000000e+02
6.680000000000000000e+02
6.470000000000000000e+02
5.590000000000000000e+02
5.370000000000000000e+02
5.430000000000000000e+02
5.470000000000000000e+02
5.320000000000000000e+02
5.150000000000000000e+02
5.200000000000000000e+02
5.480000000000000000e+02
5.490000000000000000e+02
5.550000000000000000e+02
5.140000000000000000e+02
5.250000000000000000e+02
5.800000000000000000e+02
5.660000000000000000e+02
6.120000000000000000e+02
6.040000000000000000e+02
6.130000000000000000e+02
6.210000000000000000e+02
5.950000000000000000e+02
6.290000000000000000e+02
5.980000000000000000e+02
6.070000000000000000e+02
5.740000000000000000e+02
6.130000000000000000e+02
6.010000000000000000e+02
6.070000000000000000e+02
6.140000000000000000e+02
6.360000000000000000e+02
6.030000000000000000e+02
5.960000000000000000e+02
6.170000000000000000e+02
6.200000000000000000e+02
6.310000000000000000e+02
5.970000000000000000e+02
6.320000000000000000e+02
5.390000000000000000e+02
4.830000000000000000e+02
4.970000000000000000e+02
4.620000000000000000e+02
4.750000000000000000e+02
4.250000000000000000e+02
4.870000000000000000e+02
4.350000000000000000e+02
4.610000000000000000e+02
4.530000000000000000e+02
4.380000000000000000e+02
4.200000000000000000e+02
4.650000000000000000e+02
4.050000000000000000e+02
4.510000000000000000e+02
4.440000000000000000e+02
4.150000000000000000e+02
3.790000000000000000e+02
3.970000000000000000e+02
3.730000000000000000e+02
3.420000000000000000e+02
3.450000000000000000e+02
2.750000000000000000e+02
2.490000000000000000e+02
2.860000000000000000e+02
2.480000000000000000e+02
2.660000000000000000e+02
2.520000000000000000e+02
2.200000000000000000e+02
2.450000000000000000e+02
2.040000000000000000e+02
2.180000000000000000e+02
1.910000000000000000e+02
2.390000000000000000e+02
2.310000000000000000e+02
2.390000000000000000e+02
2.130000000000000000e+02
2.140000000000000000e+02
2.310000000000000000e+02
2.000000000000000000e+02
2.110000000000000000e+02
1.750000000000000000e+02
2.230000000000000000e+02
1.960000000000000000e+02
1.940000000000000000e+02
2.260000000000000000e+02
1.560000000000000000e+02
2.120000000000000000e+02
2.030000000000000000e+02
1.830000000000000000e+02
1.980000000000000000e+02
1.760000000000000000e+02
1.830000000000000000e+02
1.630000000000000000e+02
2.040000000000000000e+02
1.890000000000000000e+02
1.930000000000000000e+02
1.900000000000000000e+02
1.870000000000000000e+02
1.760000000000000000e+02
1.770000000000000000e+02
1.510000000000000000e+02
1.500000000000000000e+02
1.620000000000000000e+02
1.670000000000000000e+02
1.580000000000000000e+02
1.630000000000000000e+02
1.530000000000000000e+02
1.740000000000000000e+02
1.780000000000000000e+02
1.860000000000000000e+02
2.180000000000000000e+02
1.820000000000000000e+02
1.800000000000000000e+02
2.420000000000000000e+02
2.160000000000000000e+02
2.260000000000000000e+02
2.210000000000000000e+02
2.110000000000000000e+02
2.210000000000000000e+02
2.180000000000000000e+02
1.820000000000000000e+02
1.700000000000000000e+02
1.800000000000000000e+02
2.630000000000000000e+02
3.320000000000000000e+02
3.790000000000000000e+02
1.554000000000000000e+03
