3.040000000000000000e+02
2.700000000000000000e+01
4.200000000000000000e+01
7.800000000000000000e+01
8.600000000000000000e+01
1.450000000000000000e+02
1.840000000000000000e+02
3.160000000000000000e+02
5.210000000000000000e+02
7.050000000000000000e+02
1.121000000000000000e+03
1.846000000000000000e+03
2.784000000000000000e+03
3.454000000000000000e+03
3.727000000000000000e+03
3.784000000000000000e+03
3.596000000000000000e+03
3.496000000000000000e+03
3.312000000000000000e+03
3.256000000000000000e+03
3.156000000000000000e+03
2.977000000000000000e+03
2.817000000000000000e+03
2.737000000000000000e+03
2.719000000000000000e+03
2.711000000000000000e+03
2.530000000000000000e+03
2.340000000000000000e+03
2.343000000000000000e+03
2.234000000000000000e+03
2.155000000000000000e+03
2.104000000000000000e+03
2.173000000000000000e+03
2.065000000000000000e+03
2.090000000000000000e+03
2.012000000000000000e+03
1.867000000000000000e+03
1.792000000000000000e+03
1.714000000000000000e+03
1.736000000000000000e+03
1.660000000000000000e+03
1.685000000000000000e+03
1.661000000000000000e+03
1.716000000000000000e+03
1.693000000000000000e+03
1.608000000000000000e+03
1.537000000000000000e+03
1.488000000000000000e+03
1.434000000000000000e+03
1.395000000000000000e+03
1.440000000000000000e+03
1.458000000000000000e+03
1.385000000000000000e+03
1.498000000000000000e+03
1.341000000000000000e+03
1.362000000000000000e+03
1.328000000000000000e+03
1.325000000000000000e+03
1.275000000000000000e+03
1.332000000000000000e+03
1.331000000000000000e+03
1.267000000000000000e+03
1.197000000000000000e+03
1.147000000000000000e+03
1.136000000000000000e+03
1.102000000000000000e+03
1.080000000000000000e+03
1.060000000000000000e+03
1.018000000000000000e+03
9.230000000000000000e+02
8.190000000000000000e+02
8.540000000000000000e+02
8.320000000000000000e+02
7.210000000000000000e+02
5.920000000000000000e+02
6.230000000000000000e+02
5.780000000000000000e+02
5.590000000000000000e+02
5.010000000000000000e+02
4.870000000000000000e+02
4.640000000000000000e+02
4.990000000000000000e+02
4.740000000000000000e+02
4.860000000000000000e+02
4.640000000000000000e+02
4.070000000000000000e+02
3.840000000000000000e+02
3.930000000000000000e+02
3.740000000000000000e+02
3.450000000000000000e+02
3.490000000000000000e+02
3.260000000000000000e+02
2.920000000000000000e+02
2.970000000000000000e+02
2.750000000000000000e+02
2.710000000000000000e+02
2.620000000000000000e+02
3.170000000000000000e+02
2.830000000000000000e+02
2.440000000000000000e+02
2.600000000000000000e+02
2.360000000000000000e+02
2.450000000000000000e+02
2.540000000000000000e+02
2.310000000000000000e+02
2.670000000000000000e+02
2.820000000000000000e+02
2.530000000000000000e+02
2.840000000000000000e+02
2.730000000000000000e+02
2.600000000000000000e+02
2.640000000000000000e+02
2.700000000000000000e+02
2.880000000000000000e+02
2.570000000000000000e+02
2.570000000000000000e+02
2.480000000000000000e+02
2.710000000000000000e+02
2.830000000000000000e+02
2.640000000000000000e+02
2.460000000000000000e+02
2.360000000000000000e+02
2.610000000000000000e+02
2.560000000000000000e+02
2.730000000000000000e+02
2.880000000000000000e+02
2.880000000000000000e+02
2.980000000000000000e+02
2.990000000000000000e+02
3.290000000000000000e+02
3.320000000000000000e+02
3.520000000000000000e+02
3.440000000000000000e+02
3.740000000000000000e+02
3.600000000000000000e+02
3.220000000000000000e+02
3.460000000000000000e+02
3.550000000000000000e+02
3.570000000000000000e+02
3.620000000000000000e+02
3.090000000000000000e+02
3.360000000000000000e+02
3.450000000000000000e+02
3.300000000000000000e+02
3.430000000000000000e+02
3.000000000000000000e+02
3.270000000000000000e+02
3.530000000000000000e+02
3.160000000000000000e+02
3.060000000000000000e+02
3.330000000000000000e+02
3.330000000000000000e+02
3.260000000000000000e+02
3.290000000000000000e+02
3.400000000000000000e+02
3.360000000000000000e+02
3.440000000000000000e+02
3.000000000000000000e+02
2.870000000000000000e+02
2.960000000000000000e+02
3.210000000000000000e+02
2.830000000000000000e+02
2.950000000000000000e+02
3.170000000000000000e+02
3.190000000000000000e+02
2.690000000000000000e+02
2.760000000000000000e+02
2.500000000000000000e+02
2.710000000000000000e+02
2.410000000000000000e+02
2.450000000000000000e+02
2.440000000000000000e+02
2.200000000000000000e+02
1.960000000000000000e+02
2.210000000000000000e+02
1.880000000000000000e+02
1.990000000000000000e+02
1.990000000000000000e+02
2.030000000000000000e+02
1.890000000000000000e+02
1.720000000000000000e+02
1.900000000000000000e+02
1.580000000000000000e+02
1.860000000000000000e+02
1.900000000000000000e+02
2.040000000000000000e+02
1.610000000000000000e+02
2.100000000000000000e+02
1.580000000000000000e+02
1.940000000000000000e+02
1.730000000000000000e+02
1.880000000000000000e+02
2.050000000000000000e+02
1.820000000000000000e+02
1.900000000000000000e+02
1.770000000000000000e+02
1.920000000000000000e+02
1.930000000000000000e+02
1.940000000000000000e+02
2.240000000000000000e+02
2.090000000000000000e+02
2.100000000000000000e+02
1.980000000000000000e+02
2.010000000000000000e+02
2.030000000000000000e+02
2.080000000000000000e+02
2.090000000000000000e+02
2.010000000000000000e+02
2.070000000000000000e+02
2.210000000000000000e+02
2.320000000000000000e+02
2.130000000000000000e+02
2.040000000000000000e+02
2.090000000000000000e+02
2.230000000000000000e+02
2.570000000000000000e+02
2.330000000000000000e+02
2.680000000000000000e+02
2.440000000000000000e+02
2.620000000000000000e+02
2.640000000000000000e+02
2.690000000000000000e+02
2.740000000000000000e+02
2.880000000000000000e+02
2.990000000000000000e+02
2.870000000000000000e+02
3.150000000000000000e+02
3.420000000000000000e+02
3.300000000000000000e+02
3.410000000000000000e+02
3.380000000000000000e+02
3.390000000000000000e+02
3.800000000000000000e+02
4.040000000000000000e+02
4.630000000000000000e+02
4.600000000000000000e+02
4.850000000000000000e+02
4.410000000000000000e+02
4.000000000000000000e+02
4.040000000000000000e+02
3.310000000000000000e+02
3.880000000000000000e+02
3.940000000000000000e+02
4.390000000000000000e+02
4.570000000000000000e+02
4.520000000000000000e+02
5.310000000000000000e+02
5.360000000000000000e+02
6.110000000000000000e+02
6.850000000000000000e+02
8.080000000000000000e+02
9.040000000000000000e+02
9.340000000000000000e+02
1.081000000000000000e+03
1.079000000000000000e+03
5.924000000000000000e+03
7.000000000000000000e+00
6.000000000000000000e+00
4.000000000000000000e+00
2.000000000000000000e+00
2.000000000000000000e+00
1.200000000000000000e+01
2.600000000000000000e+01
6.200000000000000000e+01
1.330000000000000000e+02
2.400000000000000000e+02
6.360000000000000000e+02
1.267000000000000000e+03
2.133000000000000000e+03
2.652000000000000000e+03
3.025000000000000000e+03
2.943000000000000000e+03
3.023000000000000000e+03
3.112000000000000000e+03
3.165000000000000000e+03
3.067000000000000000e+03
3.011000000000000000e+03
3.098000000000000000e+03
2.723000000000000000e+03
2.651000000000000000e+03
2.680000000000000000e+03
2.519000000000000000e+03
2.587000000000000000e+03
2.452000000000000000e+03
2.357000000000000000e+03
2.153000000000000000e+03
2.198000000000000000e+03
2.175000000000000000e+03
2.214000000000000000e+03
2.095000000000000000e+03
1.905000000000000000e+03
1.845000000000000000e+03
1.852000000000000000e+03
1.756000000000000000e+03
1.643000000000000000e+03
1.503000000000000000e+03
1.526000000000000000e+03
1.509000000000000000e+03
1.535000000000000000e+03
1.452000000000000000e+03
1.391000000000000000e+03
1.299000000000000000e+03
1.284000000000000000e+03
1.289000000000000000e+03
1.278000000000000000e+03
1.189000000000000000e+03
1.072000000000000000e+03
1.023000000000000000e+03
1.045000000000000000e+03
1.058000000000000000e+03
1.039000000000000000e+03
1.007000000000000000e+03
1.037000000000000000e+03
1.021000000000000000e+03
9.410000000000000000e+02
1.045000000000000000e+03
1.058000000000000000e+03
1.068000000000000000e+03
1.113000000000000000e+03
1.239000000000000000e+03
1.373000000000000000e+03
1.328000000000000000e+03
1.356000000000000000e+03
1.349000000000000000e+03
1.317000000000000000e+03
1.281000000000000000e+03
1.161000000000000000e+03
1.011000000000000000e+03
9.990000000000000000e+02
8.950000000000000000e+02
8.470000000000000000e+02
8.320000000000000000e+02
7.610000000000000000e+02
7.490000000000000000e+02
7.510000000000000000e+02
7.610000000000000000e+02
7.270000000000000000e+02
7.000000000000000000e+02
6.260000000000000000e+02
6.400000000000000000e+02
5.820000000000000000e+02
5.640000000000000000e+02
5.760000000000000000e+02
5.190000000000000000e+02
5.080000000000000000e+02
5.270000000000000000e+02
5.480000000000000000e+02
5.430000000000000000e+02
5.150000000000000000e+02
5.130000000000000000e+02
5.560000000000000000e+02
5.340000000000000000e+02
5.030000000000000000e+02
5.160000000000000000e+02
5.010000000000000000e+02
5.250000000000000000e+02
5.190000000000000000e+02
5.040000000000000000e+02
5.230000000000000000e+02
5.130000000000000000e+02
4.980000000000000000e+02
4.790000000000000000e+02
5.070000000000000000e+02
4.820000000000000000e+02
4.800000000000000000e+02
5.210000000000000000e+02
5.250000000000000000e+02
5.630000000000000000e+02
5.490000000000000000e+02
5.860000000000000000e+02
5.530000000000000000e+02
5.970000000000000000e+02
5.830000000000000000e+02
5.710000000000000000e+02
5.830000000000000000e+02
5.050000000000000000e+02
5.160000000000000000e+02
4.680000000000000000e+02
4.780000000000000000e+02
5.090000000000000000e+02
4.580000000000000000e+02
4.800000000000000000e+02
4.430000000000000000e+02
4.360000000000000000e+02
4.100000000000000000e+02
4.560000000000000000e+02
3.990000000000000000e+02
4.080000000000000000e+02
3.530000000000000000e+02
3.520000000000000000e+02
3.240000000000000000e+02
3.780000000000000000e+02
3.300000000000000000e+02
3.310000000000000000e+02
3.280000000000000000e+02
2.940000000000000000e+02
3.100000000000000000e+02
2.860000000000000000e+02
2.730000000000000000e+02
3.090000000000000000e+02
2.800000000000000000e+02
2.850000000000000000e+02
3.110000000000000000e+02
2.870000000000000000e+02
2.650000000000000000e+02
2.740000000000000000e+02
2.620000000000000000e+02
3.000000000000000000e+02
2.450000000000000000e+02
2.530000000000000000e+02
2.210000000000000000e+02
2.460000000000000000e+02
2.400000000000000000e+02
2.310000000000000000e+02
2.260000000000000000e+02
2.330000000000000000e+02
2.380000000000000000e+02
2.380000000000000000e+02
2.690000000000000000e+02
2.270000000000000000e+02
2.200000000000000000e+02
2.670000000000000000e+02
2.440000000000000000e+02
2.410000000000000000e+02
2.500000000000000000e+02
2.470000000000000000e+02
2.590000000000000000e+02
2.690000000000000000e+02
2.440000000000000000e+02
2.650000000000000000e+02
2.760000000000000000e+02
2.460000000000000000e+02
2.490000000000000000e+02
2.440000000000000000e+02
2.540000000000000000e+02
2.480000000000000000e+02
2.270000000000000000e+02
2.240000000000000000e+02
2.420000000000000000e+02
2.280000000000000000e+02
2.500000000000000000e+02
2.280000000000000000e+02
2.410000000000000000e+02
2.500000000000000000e+02
2.570000000000000000e+02
2.570000000000000000e+02
2.350000000000000000e+02
2.780000000000000000e+02
2.990000000000000000e+02
2.640000000000000000e+02
3.080000000000000000e+02
3.080000000000000000e+02
3.490000000000000000e+02
3.510000000000000000e+02
3.820000000000000000e+02
4.100000000000000000e+02
3.810000000000000000e+02
4.370000000000000000e+02
4.580000000000000000e+02
4.730000000000000000e+02
5.060000000000000000e+02
5.070000000000000000e+02
4.900000000000000000e+02
5.030000000000000000e+02
5.220000000000000000e+02
4.950000000000000000e+02
5.000000000000000000e+02
5.220000000000000000e+02
5.610000000000000000e+02
5.360000000000000000e+02
5.040000000000000000e+02
5.390000000000000000e+02
5.100000000000000000e+02
5.430000000000000000e+02
6.110000000000000000e+02
5.880000000000000000e+02
6.150000000000000000e+02
6.890000000000000000e+02
6.350000000000000000e+02
7.720000000000000000e+02
7.750000000000000000e+02
8.360000000000000000e+02
7.680000000000000000e+02
8.370000000000000000e+02
7.500000000000000000e+02
6.660000000000000000e+02
6.050000000000000000e+02
5.570000000000000000e+02
4.750000000000000000e+02
4.370000000000000000e+02
3.830000000000000000e+02
3.510000000000000000e+02
3.220000000000000000e+02
3.030000000000000000e+02
2.630000000000000000e+02
2.240000000000000000e+02
2.470000000000000000e+02
2.190000000000000000e+02
2.090000000000000000e+02
2.090000000000000000e+02
2.060000000000000000e+02
1.900000000000000000e+02
1.990000000000000000e+02
2.160000000000000000e+02
2.020000000000000000e+02
1.890000000000000000e+02
1.780000000000000000e+02
2.030000000000000000e+02
1.950000000000000000e+02
2.530000000000000000e+02
2.810000000000000000e+02
6.970000000000000000e+02
0.000000000000000000e+00
1.000000000000000000e+00
2.000000000000000000e+00
2.000000000000000000e+00
6.000000000000000000e+00
5.000000000000000000e+00
2.300000000000000000e+01
2.600000000000000000e+01
6.800000000000000000e+01
1.260000000000000000e+02
3.230000000000000000e+02
6.000000000000000000e+02
1.137000000000000000e+03
1.701000000000000000e+03
2.143000000000000000e+03
2.232000000000000000e+03
2.374000000000000000e+03
2.580000000000000000e+03
2.601000000000000000e+03
2.683000000000000000e+03
2.784000000000000000e+03
3.052000000000000000e+03
3.135000000000000000e+03
3.047000000000000000e+03
2.979000000000000000e+03
2.836000000000000000e+03
2.918000000000000000e+03
2.693000000000000000e+03
2.695000000000000000e+03
2.647000000000000000e+03
2.534000000000000000e+03
2.605000000000000000e+03
2.538000000000000000e+03
2.466000000000000000e+03
2.244000000000000000e+03
1.982000000000000000e+03
1.864000000000000000e+03
1.811000000000000000e+03
1.627000000000000000e+03
1.573000000000000000e+03
1.550000000000000000e+03
1.439000000000000000e+03
1.376000000000000000e+03
1.296000000000000000e+03
1.178000000000000000e+03
1.176000000000000000e+03
1.140000000000000000e+03
1.031000000000000000e+03
1.021000000000000000e+03
1.000000000000000000e+03
8.870000000000000000e+02
9.610000000000000000e+02
8.790000000000000000e+02
8.940000000000000000e+02
8.740000000000000000e+02
8.780000000000000000e+02
8.530000000000000000e+02
8.460000000000000000e+02
8.120000000000000000e+02
8.280000000000000000e+02
8.610000000000000000e+02
9.040000000000000000e+02
9.740000000000000000e+02
9.210000000000000000e+02
9.130000000000000000e+02
9.460000000000000000e+02
9.980000000000000000e+02
1.004000000000000000e+03
9.640000000000000000e+02
1.018000000000000000e+03
9.900000000000000000e+02
1.027000000000000000e+03
1.084000000000000000e+03
9.530000000000000000e+02
1.006000000000000000e+03
9.710000000000000000e+02
9.280000000000000000e+02
9.410000000000000000e+02
9.010000000000000000e+02
8.710000000000000000e+02
8.700000000000000000e+02
8.180000000000000000e+02
8.260000000000000000e+02
7.790000000000000000e+02
7.260000000000000000e+02
6.860000000000000000e+02
6.880000000000000000e+02
6.770000000000000000e+02
6.670000000000000000e+02
6.400000000000000000e+02
7.070000000000000000e+02
7.450000000000000000e+02
6.860000000000000000e+02
7.660000000000000000e+02
7.710000000000000000e+02
8.220000000000000000e+02
7.490000000000000000e+02
7.800000000000000000e+02
7.400000000000000000e+02
7.090000000000000000e+02
6.960000000000000000e+02
6.560000000000000000e+02
6.050000000000000000e+02
6.410000000000000000e+02
6.130000000000000000e+02
5.780000000000000000e+02
6.550000000000000000e+02
6.140000000000000000e+02
5.860000000000000000e+02
5.370000000000000000e+02
5.490000000000000000e+02
5.070000000000000000e+02
4.730000000000000000e+02
4.960000000000000000e+02
4.500000000000000000e+02
4.190000000000000000e+02
4.240000000000000000e+02
4.430000000000000000e+02
4.380000000000000000e+02
4.630000000000000000e+02
4.660000000000000000e+02
4.480000000000000000e+02
4.260000000000000000e+02
4.970000000000000000e+02
4.410000000000000000e+02
4.370000000000000000e+02
4.560000000000000000e+02
4.080000000000000000e+02
4.050000000000000000e+02
3.840000000000000000e+02
4.110000000000000000e+02
3.910000000000000000e+02
3.740000000000000000e+02
3.910000000000000000e+02
3.540000000000000000e+02
3.530000000000000000e+02
3.500000000000000000e+02
3.720000000000000000e+02
3.810000000000000000e+02
4.050000000000000000e+02
3.820000000000000000e+02
3.700000000000000000e+02
3.830000000000000000e+02
3.740000000000000000e+02
3.590000000000000000e+02
3.980000000000000000e+02
3.850000000000000000e+02
3.550000000000000000e+02
3.730000000000000000e+02
3.330000000000000000e+02
3.540000000000000000e+02
3.720000000000000000e+02
3.460000000000000000e+02
3.760000000000000000e+02
3.370000000000000000e+02
3.510000000000000000e+02
3.340000000000000000e+02
3.260000000000000000e+02
3.630000000000000000e+02
3.630000000000000000e+02
3.210000000000000000e+02
3.020000000000000000e+02
3.130000000000000000e+02
3.030000000000000000e+02
3.070000000000000000e+02
3.250000000000000000e+02
3.260000000000000000e+02
3.350000000000000000e+02
3.250000000000000000e+02
3.680000000000000000e+02
3.380000000000000000e+02
3.580000000000000000e+02
3.480000000000000000e+02
3.840000000000000000e+02
3.580000000000000000e+02
3.830000000000000000e+02
3.520000000000000000e+02
3.610000000000000000e+02
3.590000000000000000e+02
3.740000000000000000e+02
3.380000000000000000e+02
3.160000000000000000e+02
3.220000000000000000e+02
3.030000000000000000e+02
3.620000000000000000e+02
3.360000000000000000e+02
3.590000000000000000e+02
3.710000000000000000e+02
3.120000000000000000e+02
3.500000000000000000e+02
3.680000000000000000e+02
3.840000000000000000e+02
3.320000000000000000e+02
3.820000000000000000e+02
3.990000000000000000e+02
4.250000000000000000e+02
4.160000000000000000e+02
3.910000000000000000e+02
3.920000000000000000e+02
4.240000000000000000e+02
4.220000000000000000e+02
4.130000000000000000e+02
4.320000000000000000e+02
4.650000000000000000e+02
4.670000000000000000e+02
5.280000000000000000e+02
5.240000000000000000e+02
5.800000000000000000e+02
6.150000000000000000e+02
6.550000000000000000e+02
6.420000000000000000e+02
6.010000000000000000e+02
6.450000000000000000e+02
6.530000000000000000e+02
6.630000000000000000e+02
6.770000000000000000e+02
7.230000000000000000e+02
7.160000000000000000e+02
6.850000000000000000e+02
6.870000000000000000e+02
6.460000000000000000e+02
6.670000000000000000e+02
6.140000000000000000e+02
5.630000000000000000e+02
5.470000000000000000e+02
4.840000000000000000e+02
4.550000000000000000e+02
3.750000000000000000e+02
3.260000000000000000e+02
2.940000000000000000e+02
2.880000000000000000e+02
2.550000000000000000e+02
2.790000000000000000e+02
2.490000000000000000e+02
2.200000000000000000e+02
2.420000000000000000e+02
2.290000000000000000e+02
1.850000000000000000e+02
1.910000000000000000e+02
1.730000000000000000e+02
1.960000000000000000e+02
1.600000000000000000e+02
1.750000000000000000e+02
1.610000000000000000e+02
1.370000000000000000e+02
1.460000000000000000e+02
1.350000000000000000e+02
1.340000000000000000e+02
1.540000000000000000e+02
1.480000000000000000e+02
1.580000000000000000e+02
1.990000000000000000e+02
2.170000000000000000e+02
1.600000000000000000e+02
2.550000000000000000e+02
1.932000000000000000e+03
