6.510000000000000000e+03
8.128000000000000000e+03
4.989000000000000000e+03
2.792000000000000000e+03
2.141000000000000000e+03
1.845000000000000000e+03
1.722000000000000000e+03
1.692000000000000000e+03
1.541000000000000000e+03
1.644000000000000000e+03
1.625000000000000000e+03
1.728000000000000000e+03
1.792000000000000000e+03
1.812000000000000000e+03
1.812000000000000000e+03
1.730000000000000000e+03
1.599000000000000000e+03
1.507000000000000000e+03
1.440000000000000000e+03
1.337000000000000000e+03
1.344000000000000000e+03
1.285000000000000000e+03
1.280000000000000000e+03
1.162000000000000000e+03
1.147000000000000000e+03
1.039000000000000000e+03
1.000000000000000000e+03
1.090000000000000000e+03
1.017000000000000000e+03
9.990000000000000000e+02
9.980000000000000000e+02
1.007000000000000000e+03
9.510000000000000000e+02
9.580000000000000000e+02
9.850000000000000000e+02
9.650000000000000000e+02
9.700000000000000000e+02
8.800000000000000000e+02
9.150000000000000000e+02
9.450000000000000000e+02
8.610000000000000000e+02
8.660000000000000000e+02
8.260000000000000000e+02
8.290000000000000000e+02
8.250000000000000000e+02
6.980000000000000000e+02
7.290000000000000000e+02
7.240000000000000000e+02
6.610000000000000000e+02
6.650000000000000000e+02
6.680000000000000000e+02
6.360000000000000000e+02
5.580000000000000000e+02
5.600000000000000000e+02
5.770000000000000000e+02
5.530000000000000000e+02
5.400000000000000000e+02
5.480000000000000000e+02
4.920000000000000000e+02
4.980000000000000000e+02
5.140000000000000000e+02
4.790000000000000000e+02
5.140000000000000000e+02
5.160000000000000000e+02
5.040000000000000000e+02
4.980000000000000000e+02
4.970000000000000000e+02
4.850000000000000000e+02
4.750000000000000000e+02
4.400000000000000000e+02
5.150000000000000000e+02
4.420000000000000000e+02
4.680000000000000000e+02
4.600000000000000000e+02
4.620000000000000000e+02
4.620000000000000000e+02
4.130000000000000000e+02
4.250000000000000000e+02
4.440000000000000000e+02
4.020000000000000000e+02
4.430000000000000000e+02
4.060000000000000000e+02
4.060000000000000000e+02
4.020000000000000000e+02
4.020000000000000000e+02
4.380000000000000000e+02
4.140000000000000000e+02
3.900000000000000000e+02
3.900000000000000000e+02
4.190000000000000000e+02
4.490000000000000000e+02
3.970000000000000000e+02
3.910000000000000000e+02
3.900000000000000000e+02
3.850000000000000000e+02
3.940000000000000000e+02
4.020000000000000000e+02
4.020000000000000000e+02
4.240000000000000000e+02
4.050000000000000000e+02
4.350000000000000000e+02
4.840000000000000000e+02
4.800000000000000000e+02
5.110000000000000000e+02
6.280000000000000000e+02
6.340000000000000000e+02
7.320000000000000000e+02
7.270000000000000000e+02
8.240000000000000000e+02
8.250000000000000000e+02
9.760000000000000000e+02
9.960000000000000000e+02
1.068000000000000000e+03
1.139000000000000000e+03
1.202000000000000000e+03
1.134000000000000000e+03
1.194000000000000000e+03
1.134000000000000000e+03
1.030000000000000000e+03
1.021000000000000000e+03
9.870000000000000000e+02
9.640000000000000000e+02
9.840000000000000000e+02
9.230000000000000000e+02
9.490000000000000000e+02
8.460000000000000000e+02
8.200000000000000000e+02
8.110000000000000000e+02
8.510000000000000000e+02
7.930000000000000000e+02
8.050000000000000000e+02
8.070000000000000000e+02
7.620000000000000000e+02
8.510000000000000000e+02
8.130000000000000000e+02
8.980000000000000000e+02
8.570000000000000000e+02
9.520000000000000000e+02
9.500000000000000000e+02
8.580000000000000000e+02
8.420000000000000000e+02
8.330000000000000000e+02
7.590000000000000000e+02
6.870000000000000000e+02
6.890000000000000000e+02
6.070000000000000000e+02
6.430000000000000000e+02
6.540000000000000000e+02
6.760000000000000000e+02
6.390000000000000000e+02
6.400000000000000000e+02
6.150000000000000000e+02
6.570000000000000000e+02
6.380000000000000000e+02
6.610000000000000000e+02
7.270000000000000000e+02
7.580000000000000000e+02
7.700000000000000000e+02
7.600000000000000000e+02
7.410000000000000000e+02
7.490000000000000000e+02
6.990000000000000000e+02
6.760000000000000000e+02
5.610000000000000000e+02
4.730000000000000000e+02
3.960000000000000000e+02
3.270000000000000000e+02
2.820000000000000000e+02
2.250000000000000000e+02
2.330000000000000000e+02
2.210000000000000000e+02
1.870000000000000000e+02
2.020000000000000000e+02
2.020000000000000000e+02
1.940000000000000000e+02
1.520000000000000000e+02
1.790000000000000000e+02
1.600000000000000000e+02
1.550000000000000000e+02
1.500000000000000000e+02
1.280000000000000000e+02
1.430000000000000000e+02
1.420000000000000000e+02
1.380000000000000000e+02
1.350000000000000000e+02
1.580000000000000000e+02
1.490000000000000000e+02
1.520000000000000000e+02
1.540000000000000000e+02
1.500000000000000000e+02
2.100000000000000000e+02
2.380000000000000000e+02
3.160000000000000000e+02
5.660000000000000000e+02
7.340000000000000000e+02
7.870000000000000000e+02
7.680000000000000000e+02
7.480000000000000000e+02
7.840000000000000000e+02
7.660000000000000000e+02
9.460000000000000000e+02
1.020000000000000000e+03
1.214000000000000000e+03
1.263000000000000000e+03
1.346000000000000000e+03
1.307000000000000000e+03
1.397000000000000000e+03
1.480000000000000000e+03
1.183000000000000000e+03
5.890000000000000000e+02
2.890000000000000000e+02
2.300000000000000000e+02
2.200000000000000000e+02
2.350000000000000000e+02
2.080000000000000000e+02
2.670000000000000000e+02
2.150000000000000000e+02
2.160000000000000000e+02
1.880000000000000000e+02
1.500000000000000000e+02
1.600000000000000000e+02
1.650000000000000000e+02
1.330000000000000000e+02
1.410000000000000000e+02
1.340000000000000000e+02
1.460000000000000000e+02
1.690000000000000000e+02
2.620000000000000000e+02
2.160000000000000000e+02
1.360000000000000000e+02
2.370000000000000000e+02
1.340000000000000000e+02
1.070000000000000000e+02
7.000000000000000000e+01
6.400000000000000000e+01
4.000000000000000000e+01
3.300000000000000000e+01
3.400000000000000000e+01
2.100000000000000000e+01
1.800000000000000000e+01
1.900000000000000000e+01
2.300000000000000000e+01
1.300000000000000000e+01
2.100000000000000000e+01
1.600000000000000000e+01
2.300000000000000000e+01
2.100000000000000000e+01
2.500000000000000000e+01
3.400000000000000000e+01
2.800000000000000000e+01
4.400000000000000000e+01
5.600000000000000000e+01
5.300000000000000000e+01
1.060000000000000000e+02
6.400000000000000000e+01
4.300000000000000000e+02
3.691000000000000000e+03
7.349000000000000000e+03
4.499000000000000000e+03
2.469000000000000000e+03
1.896000000000000000e+03
1.590000000000000000e+03
1.437000000000000000e+03
1.480000000000000000e+03
1.343000000000000000e+03
1.366000000000000000e+03
1.368000000000000000e+03
1.495000000000000000e+03
1.479000000000000000e+03
1.557000000000000000e+03
1.438000000000000000e+03
1.394000000000000000e+03
1.215000000000000000e+03
1.183000000000000000e+03
1.083000000000000000e+03
9.950000000000000000e+02
9.700000000000000000e+02
9.610000000000000000e+02
8.590000000000000000e+02
8.130000000000000000e+02
7.620000000000000000e+02
7.150000000000000000e+02
7.040000000000000000e+02
7.110000000000000000e+02
6.490000000000000000e+02
6.400000000000000000e+02
6.580000000000000000e+02
6.030000000000000000e+02
5.840000000000000000e+02
5.480000000000000000e+02
6.090000000000000000e+02
5.930000000000000000e+02
5.430000000000000000e+02
5.960000000000000000e+02
5.850000000000000000e+02
5.500000000000000000e+02
5.720000000000000000e+02
5.920000000000000000e+02
5.210000000000000000e+02
5.630000000000000000e+02
5.720000000000000000e+02
5.700000000000000000e+02
5.720000000000000000e+02
5.510000000000000000e+02
5.270000000000000000e+02
5.750000000000000000e+02
6.050000000000000000e+02
5.430000000000000000e+02
5.870000000000000000e+02
5.430000000000000000e+02
5.720000000000000000e+02
5.650000000000000000e+02
5.910000000000000000e+02
5.820000000000000000e+02
5.680000000000000000e+02
5.940000000000000000e+02
6.280000000000000000e+02
6.070000000000000000e+02
5.810000000000000000e+02
6.100000000000000000e+02
6.310000000000000000e+02
5.870000000000000000e+02
6.020000000000000000e+02
5.580000000000000000e+02
5.770000000000000000e+02
5.690000000000000000e+02
5.630000000000000000e+02
6.030000000000000000e+02
6.290000000000000000e+02
5.860000000000000000e+02
5.950000000000000000e+02
6.330000000000000000e+02
6.090000000000000000e+02
6.260000000000000000e+02
6.140000000000000000e+02
6.150000000000000000e+02
6.240000000000000000e+02
6.330000000000000000e+02
6.760000000000000000e+02
6.840000000000000000e+02
6.040000000000000000e+02
6.830000000000000000e+02
6.800000000000000000e+02
6.110000000000000000e+02
7.310000000000000000e+02
6.850000000000000000e+02
6.610000000000000000e+02
7.310000000000000000e+02
7.100000000000000000e+02
7.260000000000000000e+02
6.950000000000000000e+02
7.030000000000000000e+02
7.410000000000000000e+02
7.410000000000000000e+02
7.310000000000000000e+02
7.760000000000000000e+02
8.020000000000000000e+02
7.830000000000000000e+02
7.770000000000000000e+02
7.850000000000000000e+02
8.580000000000000000e+02
8.550000000000000000e+02
8.130000000000000000e+02
8.250000000000000000e+02
8.790000000000000000e+02
9.800000000000000000e+02
1.080000000000000000e+03
1.028000000000000000e+03
1.131000000000000000e+03
1.202000000000000000e+03
1.244000000000000000e+03
1.291000000000000000e+03
1.308000000000000000e+03
1.360000000000000000e+03
1.398000000000000000e+03
1.467000000000000000e+03
1.447000000000000000e+03
1.349000000000000000e+03
1.269000000000000000e+03
1.118000000000000000e+03
1.108000000000000000e+03
1.043000000000000000e+03
9.570000000000000000e+02
9.190000000000000000e+02
1.005000000000000000e+03
9.370000000000000000e+02
9.780000000000000000e+02
1.008000000000000000e+03
9.840000000000000000e+02
9.870000000000000000e+02
1.048000000000000000e+03
9.910000000000000000e+02
1.035000000000000000e+03
1.089000000000000000e+03
1.060000000000000000e+03
1.075000000000000000e+03
1.057000000000000000e+03
1.018000000000000000e+03
9.460000000000000000e+02
8.750000000000000000e+02
8.230000000000000000e+02
7.720000000000000000e+02
6.540000000000000000e+02
7.350000000000000000e+02
6.850000000000000000e+02
6.820000000000000000e+02
7.550000000000000000e+02
8.320000000000000000e+02
8.660000000000000000e+02
8.750000000000000000e+02
9.020000000000000000e+02
8.380000000000000000e+02
8.820000000000000000e+02
8.710000000000000000e+02
8.710000000000000000e+02
7.750000000000000000e+02
8.030000000000000000e+02
6.450000000000000000e+02
5.920000000000000000e+02
5.070000000000000000e+02
4.300000000000000000e+02
4.080000000000000000e+02
3.260000000000000000e+02
2.830000000000000000e+02
2.800000000000000000e+02
2.330000000000000000e+02
2.140000000000000000e+02
1.960000000000000000e+02
1.990000000000000000e+02
1.780000000000000000e+02
1.550000000000000000e+02
1.850000000000000000e+02
1.510000000000000000e+02
1.520000000000000000e+02
1.710000000000000000e+02
1.710000000000000000e+02
1.670000000000000000e+02
1.690000000000000000e+02
1.430000000000000000e+02
1.650000000000000000e+02
1.860000000000000000e+02
1.840000000000000000e+02
1.960000000000000000e+02
2.140000000000000000e+02
3.460000000000000000e+02
6.170000000000000000e+02
8.540000000000000000e+02
9.160000000000000000e+02
8.260000000000000000e+02
8.490000000000000000e+02
8.460000000000000000e+02
9.730000000000000000e+02
9.190000000000000000e+02
9.940000000000000000e+02
1.002000000000000000e+03
1.107000000000000000e+03
1.498000000000000000e+03
1.718000000000000000e+03
1.946000000000000000e+03
1.308000000000000000e+03
6.120000000000000000e+02
3.340000000000000000e+02
2.260000000000000000e+02
2.030000000000000000e+02
2.370000000000000000e+02
2.340000000000000000e+02
2.580000000000000000e+02
2.350000000000000000e+02
1.850000000000000000e+02
1.920000000000000000e+02
1.670000000000000000e+02
1.760000000000000000e+02
1.730000000000000000e+02
1.630000000000000000e+02
1.550000000000000000e+02
1.670000000000000000e+02
2.150000000000000000e+02
3.150000000000000000e+02
3.840000000000000000e+02
2.220000000000000000e+02
1.540000000000000000e+02
1.000000000000000000e+02
7.400000000000000000e+01
5.800000000000000000e+01
4.100000000000000000e+01
4.500000000000000000e+01
3.600000000000000000e+01
2.100000000000000000e+01
1.400000000000000000e+01
1.600000000000000000e+01
1.600000000000000000e+01
1.400000000000000000e+01
1.000000000000000000e+01
9.000000000000000000e+00
1.800000000000000000e+01
1.700000000000000000e+01
8.000000000000000000e+00
1.200000000000000000e+01
9.000000000000000000e+00
1.200000000000000000e+01
1.700000000000000000e+01
1.500000000000000000e+01
1.500000000000000000e+01
1.400000000000000000e+01
2.100000000000000000e+01
2.100000000000000000e+01
3.800000000000000000e+01
3.900000000000000000e+01
5.400000000000000000e+01
1.170000000000000000e+02
1.360000000000000000e+02
3.730000000000000000e+02
3.630000000000000000e+03
7.092000000000000000e+03
4.206000000000000000e+03
2.235000000000000000e+03
1.667000000000000000e+03
1.371000000000000000e+03
1.260000000000000000e+03
1.271000000000000000e+03
1.178000000000000000e+03
1.214000000000000000e+03
1.204000000000000000e+03
1.310000000000000000e+03
1.349000000000000000e+03
1.399000000000000000e+03
1.324000000000000000e+03
1.191000000000000000e+03
1.097000000000000000e+03
1.036000000000000000e+03
9.580000000000000000e+02
8.640000000000000000e+02
8.750000000000000000e+02
8.140000000000000000e+02
7.700000000000000000e+02
7.490000000000000000e+02
6.950000000000000000e+02
7.330000000000000000e+02
6.850000000000000000e+02
7.780000000000000000e+02
7.420000000000000000e+02
6.850000000000000000e+02
6.960000000000000000e+02
7.240000000000000000e+02
6.870000000000000000e+02
6.660000000000000000e+02
7.000000000000000000e+02
6.680000000000000000e+02
6.670000000000000000e+02
6.310000000000000000e+02
6.020000000000000000e+02
5.900000000000000000e+02
6.140000000000000000e+02
6.170000000000000000e+02
5.970000000000000000e+02
6.180000000000000000e+02
6.480000000000000000e+02
5.800000000000000000e+02
5.990000000000000000e+02
5.670000000000000000e+02
5.960000000000000000e+02
5.680000000000000000e+02
5.880000000000000000e+02
5.900000000000000000e+02
6.040000000000000000e+02
6.320000000000000000e+02
6.540000000000000000e+02
6.350000000000000000e+02
6.360000000000000000e+02
6.120000000000000000e+02
6.430000000000000000e+02
6.110000000000000000e+02
6.390000000000000000e+02
6.820000000000000000e+02
6.400000000000000000e+02
6.370000000000000000e+02
6.700000000000000000e+02
6.280000000000000000e+02
7.020000000000000000e+02
6.740000000000000000e+02
6.580000000000000000e+02
6.760000000000000000e+02
6.550000000000000000e+02
6.520000000000000000e+02
6.520000000000000000e+02
6.870000000000000000e+02
6.680000000000000000e+02
7.000000000000000000e+02
6.790000000000000000e+02
7.150000000000000000e+02
7.040000000000000000e+02
7.260000000000000000e+02
7.110000000000000000e+02
7.560000000000000000e+02
7.380000000000000000e+02
7.130000000000000000e+02
7.640000000000000000e+02
7.250000000000000000e+02
7.490000000000000000e+02
7.000000000000000000e+02
7.620000000000000000e+02
7.460000000000000000e+02
7.250000000000000000e+02
7.000000000000000000e+02
7.280000000000000000e+02
7.240000000000000000e+02
7.750000000000000000e+02
8.240000000000000000e+02
7.930000000000000000e+02
8.150000000000000000e+02
9.340000000000000000e+02
9.030000000000000000e+02
9.650000000000000000e+02
9.510000000000000000e+02
1.028000000000000000e+03
1.090000000000000000e+03
1.152000000000000000e+03
1.141000000000000000e+03
1.140000000000000000e+03
1.142000000000000000e+03
1.196000000000000000e+03
1.252000000000000000e+03
1.207000000000000000e+03
1.279000000000000000e+03
1.278000000000000000e+03
1.301000000000000000e+03
1.282000000000000000e+03
1.280000000000000000e+03
1.229000000000000000e+03
1.229000000000000000e+03
1.181000000000000000e+03
1.160000000000000000e+03
1.181000000000000000e+03
1.160000000000000000e+03
1.182000000000000000e+03
1.159000000000000000e+03
1.159000000000000000e+03
1.134000000000000000e+03
1.134000000000000000e+03
1.112000000000000000e+03
1.165000000000000000e+03
1.122000000000000000e+03
1.066000000000000000e+03
1.107000000000000000e+03
1.040000000000000000e+03
9.940000000000000000e+02
1.030000000000000000e+03
1.053000000000000000e+03
9.870000000000000000e+02
9.740000000000000000e+02
9.810000000000000000e+02
9.320000000000000000e+02
9.520000000000000000e+02
9.230000000000000000e+02
8.410000000000000000e+02
9.030000000000000000e+02
8.880000000000000000e+02
7.560000000000000000e+02
8.710000000000000000e+02
8.460000000000000000e+02
8.620000000000000000e+02
8.390000000000000000e+02
8.630000000000000000e+02
8.090000000000000000e+02
7.590000000000000000e+02
7.550000000000000000e+02
6.490000000000000000e+02
6.000000000000000000e+02
5.900000000000000000e+02
5.650000000000000000e+02
4.960000000000000000e+02
4.240000000000000000e+02
3.920000000000000000e+02
3.260000000000000000e+02
3.150000000000000000e+02
2.750000000000000000e+02
2.390000000000000000e+02
2.570000000000000000e+02
2.070000000000000000e+02
2.260000000000000000e+02
2.190000000000000000e+02
2.020000000000000000e+02
1.990000000000000000e+02
1.630000000000000000e+02
1.730000000000000000e+02
1.490000000000000000e+02
1.410000000000000000e+02
1.540000000000000000e+02
1.540000000000000000e+02
1.590000000000000000e+02
1.620000000000000000e+02
1.720000000000000000e+02
1.650000000000000000e+02
1.500000000000000000e+02
1.580000000000000000e+02
1.650000000000000000e+02
1.800000000000000000e+02
1.900000000000000000e+02
1.980000000000000000e+02
2.340000000000000000e+02
3.970000000000000000e+02
5.640000000000000000e+02
7.000000000000000000e+02
7.930000000000000000e+02
7.600000000000000000e+02
7.400000000000000000e+02
7.880000000000000000e+02
7.930000000000000000e+02
8.450000000000000000e+02
8.540000000000000000e+02
1.018000000000000000e+03
1.068000000000000000e+03
1.220000000000000000e+03
1.562000000000000000e+03
1.835000000000000000e+03
1.676000000000000000e+03
1.209000000000000000e+03
5.380000000000000000e+02
2.870000000000000000e+02
2.130000000000000000e+02
2.050000000000000000e+02
2.320000000000000000e+02
2.560000000000000000e+02
2.510000000000000000e+02
2.010000000000000000e+02
1.910000000000000000e+02
1.920000000000000000e+02
1.780000000000000000e+02
1.610000000000000000e+02
1.700000000000000000e+02
1.470000000000000000e+02
1.490000000000000000e+02
1.730000000000000000e+02
2.080000000000000000e+02
2.880000000000000000e+02
3.870000000000000000e+02
2.080000000000000000e+02
1.640000000000000000e+02
9.700000000000000000e+01
7.700000000000000000e+01
5.600000000000000000e+01
3.400000000000000000e+01
3.900000000000000000e+01
3.800000000000000000e+01
1.500000000000000000e+01
1.900000000000000000e+01
1.700000000000000000e+01
1.500000000000000000e+01
9.000000000000000000e+00
1.300000000000000000e+01
1.400000000000000000e+01
1.600000000000000000e+01
7.000000000000000000e+00
1.400000000000000000e+01
1.300000000000000000e+01
1.500000000000000000e+01
1.400000000000000000e+01
1.800000000000000000e+01
1.300000000000000000e+01
2.400000000000000000e+01
2.100000000000000000e+01
3.300000000000000000e+01
4.300000000000000000e+01
5.400000000000000000e+01
7.300000000000000000e+01
7.600000000000000000e+01
1.260000000000000000e+02
3.550000000000000000e+02
