0.000000000000000000e+00
0.000000000000000000e+00
0.000000000000000000e+00
0.000000000000000000e+00
2.000000000000000000e+00
1.000000000000000000e+00
4.000000000000000000e+00
2.000000000000000000e+00
1.400000000000000000e+01
2.300000000000000000e+01
4.700000000000000000e+01
8.700000000000000000e+01
1.430000000000000000e+02
1.910000000000000000e+02
2.770000000000000000e+02
3.530000000000000000e+02
4.320000000000000000e+02
4.870000000000000000e+02
6.220000000000000000e+02
7.330000000000000000e+02
7.800000000000000000e+02
9.650000000000000000e+02
9.530000000000000000e+02
1.024000000000000000e+03
1.054000000000000000e+03
1.106000000000000000e+03
1.172000000000000000e+03
1.179000000000000000e+03
1.269000000000000000e+03
1.316000000000000000e+03
1.348000000000000000e+03
1.359000000000000000e+03
1.500000000000000000e+03
1.434000000000000000e+03
1.465000000000000000e+03
1.435000000000000000e+03
1.389000000000000000e+03
1.419000000000000000e+03
1.339000000000000000e+03
1.264000000000000000e+03
1.240000000000000000e+03
1.169000000000000000e+03
1.253000000000000000e+03
1.193000000000000000e+03
1.198000000000000000e+03
1.114000000000000000e+03
1.168000000000000000e+03
1.208000000000000000e+03
1.148000000000000000e+03
1.147000000000000000e+03
1.171000000000000000e+03
1.127000000000000000e+03
1.130000000000000000e+03
1.091000000000000000e+03
1.117000000000000000e+03
1.163000000000000000e+03
1.149000000000000000e+03
1.143000000000000000e+03
1.133000000000000000e+03
1.115000000000000000e+03
1.235000000000000000e+03
1.226000000000000000e+03
1.196000000000000000e+03
1.147000000000000000e+03
1.096000000000000000e+03
1.011000000000000000e+03
9.980000000000000000e+02
9.720000000000000000e+02
9.780000000000000000e+02
9.290000000000000000e+02
9.330000000000000000e+02
8.970000000000000000e+02
8.090000000000000000e+02
8.280000000000000000e+02
7.870000000000000000e+02
8.180000000000000000e+02
7.920000000000000000e+02
8.090000000000000000e+02
8.150000000000000000e+02
8.200000000000000000e+02
8.550000000000000000e+02
7.750000000000000000e+02
7.940000000000000000e+02
7.690000000000000000e+02
7.470000000000000000e+02
7.350000000000000000e+02
7.740000000000000000e+02
7.280000000000000000e+02
7.200000000000000000e+02
7.170000000000000000e+02
7.320000000000000000e+02
7.460000000000000000e+02
6.540000000000000000e+02
7.180000000000000000e+02
7.160000000000000000e+02
6.900000000000000000e+02
6.500000000000000000e+02
7.100000000000000000e+02
6.450000000000000000e+02
6.620000000000000000e+02
7.220000000000000000e+02
6.130000000000000000e+02
6.530000000000000000e+02
6.790000000000000000e+02
6.500000000000000000e+02
5.940000000000000000e+02
6.160000000000000000e+02
6.220000000000000000e+02
6.360000000000000000e+02
5.870000000000000000e+02
5.960000000000000000e+02
5.860000000000000000e+02
5.820000000000000000e+02
5.740000000000000000e+02
5.940000000000000000e+02
6.670000000000000000e+02
6.310000000000000000e+02
6.480000000000000000e+02
6.450000000000000000e+02
6.000000000000000000e+02
5.560000000000000000e+02
6.280000000000000000e+02
5.410000000000000000e+02
5.430000000000000000e+02
5.230000000000000000e+02
5.600000000000000000e+02
5.730000000000000000e+02
5.770000000000000000e+02
5.660000000000000000e+02
5.650000000000000000e+02
6.250000000000000000e+02
5.290000000000000000e+02
5.360000000000000000e+02
6.030000000000000000e+02
5.270000000000000000e+02
4.090000000000000000e+02
5.150000000000000000e+02
4.620000000000000000e+02
4.510000000000000000e+02
3.960000000000000000e+02
3.970000000000000000e+02
3.480000000000000000e+02
3.620000000000000000e+02
3.690000000000000000e+02
4.050000000000000000e+02
3.730000000000000000e+02
3.880000000000000000e+02
4.260000000000000000e+02
3.860000000000000000e+02
3.900000000000000000e+02
4.460000000000000000e+02
4.450000000000000000e+02
4.460000000000000000e+02
4.320000000000000000e+02
4.530000000000000000e+02
4.460000000000000000e+02
4.650000000000000000e+02
4.620000000000000000e+02
4.340000000000000000e+02
4.370000000000000000e+02
4.750000000000000000e+02
4.910000000000000000e+02
5.150000000000000000e+02
4.550000000000000000e+02
5.120000000000000000e+02
4.780000000000000000e+02
4.910000000000000000e+02
4.890000000000000000e+02
4.810000000000000000e+02
4.940000000000000000e+02
5.150000000000000000e+02
5.600000000000000000e+02
5.770000000000000000e+02
5.870000000000000000e+02
6.060000000000000000e+02
5.930000000000000000e+02
6.150000000000000000e+02
6.000000000000000000e+02
6.100000000000000000e+02
5.880000000000000000e+02
5.980000000000000000e+02
5.950000000000000000e+02
6.300000000000000000e+02
5.840000000000000000e+02
5.610000000000000000e+02
6.590000000000000000e+02
6.130000000000000000e+02
6.210000000000000000e+02
5.730000000000000000e+02
6.270000000000000000e+02
6.060000000000000000e+02
6.490000000000000000e+02
6.420000000000000000e+02
6.570000000000000000e+02
7.030000000000000000e+02
7.000000000000000000e+02
6.560000000000000000e+02
6.700000000000000000e+02
6.500000000000000000e+02
6.910000000000000000e+02
6.540000000000000000e+02
7.360000000000000000e+02
6.660000000000000000e+02
7.180000000000000000e+02
7.790000000000000000e+02
6.220000000000000000e+02
6.440000000000000000e+02
5.900000000000000000e+02
5.790000000000000000e+02
5.860000000000000000e+02
6.040000000000000000e+02
5.490000000000000000e+02
6.280000000000000000e+02
6.000000000000000000e+02
5.620000000000000000e+02
6.250000000000000000e+02
6.170000000000000000e+02
6.220000000000000000e+02
6.690000000000000000e+02
7.130000000000000000e+02
5.740000000000000000e+02
5.420000000000000000e+02
5.110000000000000000e+02
4.390000000000000000e+02
4.800000000000000000e+02
4.410000000000000000e+02
4.740000000000000000e+02
4.290000000000000000e+02
4.260000000000000000e+02
4.430000000000000000e+02
3.520000000000000000e+02
3.300000000000000000e+02
2.770000000000000000e+02
2.510000000000000000e+02
2.450000000000000000e+02
2.590000000000000000e+02
2.500000000000000000e+02
2.540000000000000000e+02
2.170000000000000000e+02
2.420000000000000000e+02
2.320000000000000000e+02
2.290000000000000000e+02
1.720000000000000000e+02
2.190000000000000000e+02
1.750000000000000000e+02
1.840000000000000000e+02
1.850000000000000000e+02
1.710000000000000000e+02
1.640000000000000000e+02
1.660000000000000000e+02
1.670000000000000000e+02
2.000000000000000000e+02
2.330000000000000000e+02
3.330000000000000000e+02
5.650000000000000000e+02
2.169000000000000000e+03
0.000000000000000000e+00
0.000000000000000000e+00
0.000000000000000000e+00
0.000000000000000000e+00
1.000000000000000000e+00
0.000000000000000000e+00
0.000000000000000000e+00
2.000000000000000000e+00
1.000000000000000000e+01
1.500000000000000000e+01
4.100000000000000000e+01
7.500000000000000000e+01
1.330000000000000000e+02
1.620000000000000000e+02
2.590000000000000000e+02
3.190000000000000000e+02
3.910000000000000000e+02
4.310000000000000000e+02
5.370000000000000000e+02
6.130000000000000000e+02
6.230000000000000000e+02
6.800000000000000000e+02
7.140000000000000000e+02
8.270000000000000000e+02
8.850000000000000000e+02
9.250000000000000000e+02
9.960000000000000000e+02
1.006000000000000000e+03
1.152000000000000000e+03
1.229000000000000000e+03
1.215000000000000000e+03
1.271000000000000000e+03
1.339000000000000000e+03
1.349000000000000000e+03
1.497000000000000000e+03
1.439000000000000000e+03
1.418000000000000000e+03
1.316000000000000000e+03
1.279000000000000000e+03
1.280000000000000000e+03
1.241000000000000000e+03
1.250000000000000000e+03
1.204000000000000000e+03
1.151000000000000000e+03
1.139000000000000000e+03
1.132000000000000000e+03
1.094000000000000000e+03
1.008000000000000000e+03
1.064000000000000000e+03
9.810000000000000000e+02
1.002000000000000000e+03
1.009000000000000000e+03
9.720000000000000000e+02
9.910000000000000000e+02
9.990000000000000000e+02
1.000000000000000000e+03
9.900000000000000000e+02
9.690000000000000000e+02
1.019000000000000000e+03
1.016000000000000000e+03
1.010000000000000000e+03
1.014000000000000000e+03
1.008000000000000000e+03
1.009000000000000000e+03
1.027000000000000000e+03
9.820000000000000000e+02
9.400000000000000000e+02
9.230000000000000000e+02
8.280000000000000000e+02
7.500000000000000000e+02
7.510000000000000000e+02
7.090000000000000000e+02
7.180000000000000000e+02
6.850000000000000000e+02
6.690000000000000000e+02
6.490000000000000000e+02
6.040000000000000000e+02
7.070000000000000000e+02
6.250000000000000000e+02
5.710000000000000000e+02
6.300000000000000000e+02
6.320000000000000000e+02
6.210000000000000000e+02
5.850000000000000000e+02
5.970000000000000000e+02
6.230000000000000000e+02
6.470000000000000000e+02
5.820000000000000000e+02
5.790000000000000000e+02
6.240000000000000000e+02
6.010000000000000000e+02
5.460000000000000000e+02
5.170000000000000000e+02
4.830000000000000000e+02
4.910000000000000000e+02
4.760000000000000000e+02
4.760000000000000000e+02
4.780000000000000000e+02
4.900000000000000000e+02
4.430000000000000000e+02
4.710000000000000000e+02
4.520000000000000000e+02
4.730000000000000000e+02
4.510000000000000000e+02
4.200000000000000000e+02
4.050000000000000000e+02
4.070000000000000000e+02
4.020000000000000000e+02
3.740000000000000000e+02
4.410000000000000000e+02
4.420000000000000000e+02
3.930000000000000000e+02
3.820000000000000000e+02
3.910000000000000000e+02
4.010000000000000000e+02
4.150000000000000000e+02
3.730000000000000000e+02
3.980000000000000000e+02
3.510000000000000000e+02
3.710000000000000000e+02
4.170000000000000000e+02
3.890000000000000000e+02
3.920000000000000000e+02
4.180000000000000000e+02
4.200000000000000000e+02
4.080000000000000000e+02
4.530000000000000000e+02
4.090000000000000000e+02
4.430000000000000000e+02
4.690000000000000000e+02
4.450000000000000000e+02
4.810000000000000000e+02
4.580000000000000000e+02
4.690000000000000000e+02
4.370000000000000000e+02
4.920000000000000000e+02
5.240000000000000000e+02
5.640000000000000000e+02
5.250000000000000000e+02
5.580000000000000000e+02
5.140000000000000000e+02
5.420000000000000000e+02
5.590000000000000000e+02
6.200000000000000000e+02
6.700000000000000000e+02
6.460000000000000000e+02
7.520000000000000000e+02
7.480000000000000000e+02
7.090000000000000000e+02
7.710000000000000000e+02
8.570000000000000000e+02
8.700000000000000000e+02
8.700000000000000000e+02
8.490000000000000000e+02
8.410000000000000000e+02
7.080000000000000000e+02
7.230000000000000000e+02
6.510000000000000000e+02
7.070000000000000000e+02
6.720000000000000000e+02
6.670000000000000000e+02
6.680000000000000000e+02
7.080000000000000000e+02
6.810000000000000000e+02
6.810000000000000000e+02
7.250000000000000000e+02
6.980000000000000000e+02
6.380000000000000000e+02
5.910000000000000000e+02
5.370000000000000000e+02
5.010000000000000000e+02
5.920000000000000000e+02
5.560000000000000000e+02
6.390000000000000000e+02
6.860000000000000000e+02
7.240000000000000000e+02
6.700000000000000000e+02
6.100000000000000000e+02
6.290000000000000000e+02
6.520000000000000000e+02
6.200000000000000000e+02
6.170000000000000000e+02
6.940000000000000000e+02
7.230000000000000000e+02
7.040000000000000000e+02
7.120000000000000000e+02
6.830000000000000000e+02
6.590000000000000000e+02
7.540000000000000000e+02
7.570000000000000000e+02
8.400000000000000000e+02
7.400000000000000000e+02
7.540000000000000000e+02
6.900000000000000000e+02
6.160000000000000000e+02
6.530000000000000000e+02
5.640000000000000000e+02
6.150000000000000000e+02
5.660000000000000000e+02
6.780000000000000000e+02
7.370000000000000000e+02
7.210000000000000000e+02
7.530000000000000000e+02
7.770000000000000000e+02
8.550000000000000000e+02
7.700000000000000000e+02
6.660000000000000000e+02
7.170000000000000000e+02
6.370000000000000000e+02
5.970000000000000000e+02
6.410000000000000000e+02
6.110000000000000000e+02
6.420000000000000000e+02
6.230000000000000000e+02
6.660000000000000000e+02
7.230000000000000000e+02
6.960000000000000000e+02
8.270000000000000000e+02
8.070000000000000000e+02
7.480000000000000000e+02
7.400000000000000000e+02
6.870000000000000000e+02
6.890000000000000000e+02
6.330000000000000000e+02
6.120000000000000000e+02
6.570000000000000000e+02
6.530000000000000000e+02
6.840000000000000000e+02
7.010000000000000000e+02
7.070000000000000000e+02
6.410000000000000000e+02
6.160000000000000000e+02
5.390000000000000000e+02
5.380000000000000000e+02
5.290000000000000000e+02
4.690000000000000000e+02
4.300000000000000000e+02
4.640000000000000000e+02
4.060000000000000000e+02
3.970000000000000000e+02
4.270000000000000000e+02
4.020000000000000000e+02
3.500000000000000000e+02
4.010000000000000000e+02
3.670000000000000000e+02
3.530000000000000000e+02
2.750000000000000000e+02
2.720000000000000000e+02
2.610000000000000000e+02
2.870000000000000000e+02
2.920000000000000000e+02
2.950000000000000000e+02
2.560000000000000000e+02
3.680000000000000000e+02
7.380000000000000000e+02
2.203000000000000000e+03
0.000000000000000000e+00
0.000000000000000000e+00
0.000000000000000000e+00
0.000000000000000000e+00
2.000000000000000000e+00
2.000000000000000000e+00
0.000000000000000000e+00
6.000000000000000000e+00
6.000000000000000000e+00
1.400000000000000000e+01
4.100000000000000000e+01
7.200000000000000000e+01
1.270000000000000000e+02
1.460000000000000000e+02
2.470000000000000000e+02
3.050000000000000000e+02
3.790000000000000000e+02
4.160000000000000000e+02
5.150000000000000000e+02
5.860000000000000000e+02
5.760000000000000000e+02
6.340000000000000000e+02
6.240000000000000000e+02
7.440000000000000000e+02
7.400000000000000000e+02
8.090000000000000000e+02
8.660000000000000000e+02
9.070000000000000000e+02
9.820000000000000000e+02
1.123000000000000000e+03
1.095000000000000000e+03
1.134000000000000000e+03
1.207000000000000000e+03
1.215000000000000000e+03
1.282000000000000000e+03
1.340000000000000000e+03
1.281000000000000000e+03
1.296000000000000000e+03
1.256000000000000000e+03
1.191000000000000000e+03
1.264000000000000000e+03
1.211000000000000000e+03
1.179000000000000000e+03
1.213000000000000000e+03
1.215000000000000000e+03
1.206000000000000000e+03
1.146000000000000000e+03
1.169000000000000000e+03
1.138000000000000000e+03
1.067000000000000000e+03
1.112000000000000000e+03
1.021000000000000000e+03
1.073000000000000000e+03
9.730000000000000000e+02
1.003000000000000000e+03
9.920000000000000000e+02
9.140000000000000000e+02
9.270000000000000000e+02
8.980000000000000000e+02
9.300000000000000000e+02
8.690000000000000000e+02
9.200000000000000000e+02
8.610000000000000000e+02
8.270000000000000000e+02
8.120000000000000000e+02
8.310000000000000000e+02
7.780000000000000000e+02
7.140000000000000000e+02
7.870000000000000000e+02
7.400000000000000000e+02
6.720000000000000000e+02
6.560000000000000000e+02
6.190000000000000000e+02
6.160000000000000000e+02
5.890000000000000000e+02
6.000000000000000000e+02
5.810000000000000000e+02
5.680000000000000000e+02
5.800000000000000000e+02
5.430000000000000000e+02
5.350000000000000000e+02
5.310000000000000000e+02
5.200000000000000000e+02
4.930000000000000000e+02
4.700000000000000000e+02
4.780000000000000000e+02
4.870000000000000000e+02
4.310000000000000000e+02
4.260000000000000000e+02
4.160000000000000000e+02
3.980000000000000000e+02
4.030000000000000000e+02
3.810000000000000000e+02
3.910000000000000000e+02
3.530000000000000000e+02
3.280000000000000000e+02
3.230000000000000000e+02
3.270000000000000000e+02
2.870000000000000000e+02
3.020000000000000000e+02
2.920000000000000000e+02
2.840000000000000000e+02
2.550000000000000000e+02
2.510000000000000000e+02
2.780000000000000000e+02
2.480000000000000000e+02
2.520000000000000000e+02
2.830000000000000000e+02
2.560000000000000000e+02
2.700000000000000000e+02
2.450000000000000000e+02
2.560000000000000000e+02
2.610000000000000000e+02
2.260000000000000000e+02
2.300000000000000000e+02
2.370000000000000000e+02
2.590000000000000000e+02
2.390000000000000000e+02
2.380000000000000000e+02
2.340000000000000000e+02
2.500000000000000000e+02
3.300000000000000000e+02
3.420000000000000000e+02
3.150000000000000000e+02
2.960000000000000000e+02
3.270000000000000000e+02
3.120000000000000000e+02
3.650000000000000000e+02
3.400000000000000000e+02
3.080000000000000000e+02
3.070000000000000000e+02
3.230000000000000000e+02
3.080000000000000000e+02
3.150000000000000000e+02
3.340000000000000000e+02
3.920000000000000000e+02
3.720000000000000000e+02
4.550000000000000000e+02
4.200000000000000000e+02
3.940000000000000000e+02
4.580000000000000000e+02
4.630000000000000000e+02
4.740000000000000000e+02
4.830000000000000000e+02
4.530000000000000000e+02
4.640000000000000000e+02
4.550000000000000000e+02
4.500000000000000000e+02
4.620000000000000000e+02
4.870000000000000000e+02
4.950000000000000000e+02
5.200000000000000000e+02
5.240000000000000000e+02
5.130000000000000000e+02
5.830000000000000000e+02
5.800000000000000000e+02
6.270000000000000000e+02
6.280000000000000000e+02
5.990000000000000000e+02
5.930000000000000000e+02
5.920000000000000000e+02
6.750000000000000000e+02
7.170000000000000000e+02
6.540000000000000000e+02
6.560000000000000000e+02
7.100000000000000000e+02
7.280000000000000000e+02
6.560000000000000000e+02
6.160000000000000000e+02
6.150000000000000000e+02
6.320000000000000000e+02
5.360000000000000000e+02
5.630000000000000000e+02
5.810000000000000000e+02
5.960000000000000000e+02
6.390000000000000000e+02
6.040000000000000000e+02
6.360000000000000000e+02
6.130000000000000000e+02
6.190000000000000000e+02
6.470000000000000000e+02
7.440000000000000000e+02
6.980000000000000000e+02
7.240000000000000000e+02
7.170000000000000000e+02
7.910000000000000000e+02
7.900000000000000000e+02
7.290000000000000000e+02
7.490000000000000000e+02
7.390000000000000000e+02
7.510000000000000000e+02
7.080000000000000000e+02
7.890000000000000000e+02
7.450000000000000000e+02
7.500000000000000000e+02
7.200000000000000000e+02
7.640000000000000000e+02
7.510000000000000000e+02
7.440000000000000000e+02
7.480000000000000000e+02
7.940000000000000000e+02
8.010000000000000000e+02
8.750000000000000000e+02
8.760000000000000000e+02
9.610000000000000000e+02
9.560000000000000000e+02
9.590000000000000000e+02
1.007000000000000000e+03
9.220000000000000000e+02
9.800000000000000000e+02
9.190000000000000000e+02
9.780000000000000000e+02
9.410000000000000000e+02
9.830000000000000000e+02
1.095000000000000000e+03
1.145000000000000000e+03
1.142000000000000000e+03
1.169000000000000000e+03
1.245000000000000000e+03
1.152000000000000000e+03
9.750000000000000000e+02
8.940000000000000000e+02
8.940000000000000000e+02
8.550000000000000000e+02
8.710000000000000000e+02
8.300000000000000000e+02
8.780000000000000000e+02
9.010000000000000000e+02
8.710000000000000000e+02
8.310000000000000000e+02
6.720000000000000000e+02
6.800000000000000000e+02
5.890000000000000000e+02
5.660000000000000000e+02
5.640000000000000000e+02
5.570000000000000000e+02
6.090000000000000000e+02
5.700000000000000000e+02
6.020000000000000000e+02
5.820000000000000000e+02
5.500000000000000000e+02
5.450000000000000000e+02
5.250000000000000000e+02
5.600000000000000000e+02
5.020000000000000000e+02
5.440000000000000000e+02
5.470000000000000000e+02
5.720000000000000000e+02
5.940000000000000000e+02
7.430000000000000000e+02
1.032000000000000000e+03
1.197000000000000000e+03
1.330000000000000000e+03
1.182000000000000000e+03
1.127000000000000000e+03
2.521000000000000000e+03
