8.150000000000000000e+02
1.050000000000000000e+02
1.610000000000000000e+02
1.250000000000000000e+02
2.030000000000000000e+02
2.140000000000000000e+02
2.650000000000000000e+02
2.800000000000000000e+02
3.020000000000000000e+02
3.870000000000000000e+02
3.400000000000000000e+02
3.740000000000000000e+02
4.240000000000000000e+02
3.890000000000000000e+02
3.810000000000000000e+02
3.830000000000000000e+02
3.870000000000000000e+02
4.010000000000000000e+02
4.250000000000000000e+02
4.600000000000000000e+02
4.360000000000000000e+02
4.330000000000000000e+02
4.510000000000000000e+02
4.500000000000000000e+02
4.250000000000000000e+02
4.600000000000000000e+02
4.590000000000000000e+02
4.780000000000000000e+02
4.450000000000000000e+02
4.030000000000000000e+02
4.230000000000000000e+02
4.440000000000000000e+02
4.310000000000000000e+02
4.290000000000000000e+02
4.210000000000000000e+02
4.470000000000000000e+02
4.270000000000000000e+02
4.650000000000000000e+02
5.160000000000000000e+02
5.030000000000000000e+02
4.890000000000000000e+02
5.150000000000000000e+02
5.300000000000000000e+02
5.470000000000000000e+02
5.910000000000000000e+02
5.680000000000000000e+02
5.780000000000000000e+02
5.760000000000000000e+02
5.750000000000000000e+02
6.460000000000000000e+02
6.610000000000000000e+02
6.460000000000000000e+02
6.860000000000000000e+02
7.300000000000000000e+02
7.150000000000000000e+02
7.310000000000000000e+02
7.370000000000000000e+02
8.150000000000000000e+02
8.040000000000000000e+02
8.150000000000000000e+02
9.150000000000000000e+02
8.610000000000000000e+02
8.970000000000000000e+02
9.110000000000000000e+02
9.700000000000000000e+02
9.910000000000000000e+02
1.022000000000000000e+03
1.031000000000000000e+03
1.144000000000000000e+03
1.093000000000000000e+03
1.030000000000000000e+03
1.061000000000000000e+03
1.068000000000000000e+03
1.084000000000000000e+03
1.117000000000000000e+03
1.117000000000000000e+03
1.114000000000000000e+03
1.065000000000000000e+03
1.115000000000000000e+03
1.077000000000000000e+03
1.190000000000000000e+03
1.105000000000000000e+03
1.179000000000000000e+03
1.166000000000000000e+03
1.202000000000000000e+03
1.201000000000000000e+03
1.263000000000000000e+03
1.243000000000000000e+03
1.242000000000000000e+03
1.367000000000000000e+03
1.298000000000000000e+03
1.355000000000000000e+03
1.303000000000000000e+03
1.314000000000000000e+03
1.391000000000000000e+03
1.365000000000000000e+03
1.433000000000000000e+03
1.418000000000000000e+03
1.463000000000000000e+03
1.387000000000000000e+03
1.456000000000000000e+03
1.433000000000000000e+03
1.463000000000000000e+03
1.420000000000000000e+03
1.437000000000000000e+03
1.430000000000000000e+03
1.471000000000000000e+03
1.497000000000000000e+03
1.458000000000000000e+03
1.492000000000000000e+03
1.360000000000000000e+03
1.404000000000000000e+03
1.443000000000000000e+03
1.485000000000000000e+03
1.392000000000000000e+03
1.459000000000000000e+03
1.483000000000000000e+03
1.471000000000000000e+03
1.436000000000000000e+03
1.468000000000000000e+03
1.493000000000000000e+03
1.487000000000000000e+03
1.456000000000000000e+03
1.360000000000000000e+03
1.377000000000000000e+03
1.430000000000000000e+03
1.352000000000000000e+03
1.391000000000000000e+03
1.419000000000000000e+03
1.385000000000000000e+03
1.300000000000000000e+03
1.358000000000000000e+03
1.287000000000000000e+03
1.318000000000000000e+03
1.357000000000000000e+03
1.326000000000000000e+03
1.213000000000000000e+03
1.277000000000000000e+03
1.250000000000000000e+03
1.183000000000000000e+03
1.174000000000000000e+03
1.173000000000000000e+03
1.130000000000000000e+03
1.134000000000000000e+03
1.157000000000000000e+03
1.056000000000000000e+03
1.046000000000000000e+03
1.062000000000000000e+03
1.020000000000000000e+03
1.032000000000000000e+03
1.021000000000000000e+03
9.650000000000000000e+02
9.990000000000000000e+02
1.012000000000000000e+03
9.380000000000000000e+02
9.610000000000000000e+02
9.490000000000000000e+02
8.980000000000000000e+02
8.490000000000000000e+02
8.160000000000000000e+02
7.260000000000000000e+02
8.110000000000000000e+02
7.860000000000000000e+02
7.640000000000000000e+02
8.120000000000000000e+02
7.170000000000000000e+02
6.990000000000000000e+02
6.900000000000000000e+02
6.400000000000000000e+02
6.460000000000000000e+02
6.570000000000000000e+02
6.120000000000000000e+02
5.870000000000000000e+02
5.440000000000000000e+02
5.300000000000000000e+02
5.180000000000000000e+02
5.110000000000000000e+02
4.860000000000000000e+02
4.770000000000000000e+02
4.690000000000000000e+02
4.120000000000000000e+02
3.900000000000000000e+02
4.320000000000000000e+02
3.720000000000000000e+02
3.560000000000000000e+02
3.210000000000000000e+02
3.300000000000000000e+02
3.670000000000000000e+02
3.480000000000000000e+02
3.400000000000000000e+02
2.920000000000000000e+02
2.760000000000000000e+02
2.400000000000000000e+02
2.640000000000000000e+02
2.400000000000000000e+02
2.840000000000000000e+02
2.280000000000000000e+02
2.160000000000000000e+02
2.280000000000000000e+02
2.000000000000000000e+02
2.080000000000000000e+02
1.680000000000000000e+02
2.030000000000000000e+02
1.480000000000000000e+02
1.770000000000000000e+02
1.610000000000000000e+02
1.410000000000000000e+02
1.280000000000000000e+02
1.440000000000000000e+02
1.530000000000000000e+02
1.420000000000000000e+02
1.430000000000000000e+02
1.190000000000000000e+02
7.700000000000000000e+01
1.170000000000000000e+02
8.600000000000000000e+01
1.110000000000000000e+02
5.700000000000000000e+01
9.400000000000000000e+01
6.300000000000000000e+01
7.200000000000000000e+01
7.500000000000000000e+01
4.600000000000000000e+01
6.600000000000000000e+01
3.200000000000000000e+01
5.300000000000000000e+01
4.600000000000000000e+01
4.900000000000000000e+01
3.200000000000000000e+01
2.700000000000000000e+01
4.400000000000000000e+01
1.800000000000000000e+01
2.900000000000000000e+01
1.900000000000000000e+01
2.100000000000000000e+01
1.300000000000000000e+01
1.800000000000000000e+01
2.100000000000000000e+01
1.000000000000000000e+01
1.500000000000000000e+01
8.000000000000000000e+00
9.000000000000000000e+00
1.100000000000000000e+01
9.000000000000000000e+00
1.000000000000000000e+01
4.000000000000000000e+00
9.000000000000000000e+00
5.000000000000000000e+00
9.000000000000000000e+00
2.000000000000000000e+00
7.000000000000000000e+00
1.000000000000000000e+01
2.000000000000000000e+00
7.000000000000000000e+00
2.000000000000000000e+00
7.500000000000000000e+01
1.642000000000000000e+03
3.940000000000000000e+02
4.120000000000000000e+02
3.830000000000000000e+02
3.960000000000000000e+02
4.530000000000000000e+02
4.860000000000000000e+02
4.800000000000000000e+02
5.540000000000000000e+02
4.840000000000000000e+02
5.140000000000000000e+02
4.850000000000000000e+02
4.770000000000000000e+02
4.840000000000000000e+02
4.040000000000000000e+02
4.680000000000000000e+02
4.730000000000000000e+02
4.620000000000000000e+02
4.520000000000000000e+02
4.230000000000000000e+02
4.520000000000000000e+02
4.570000000000000000e+02
4.700000000000000000e+02
5.140000000000000000e+02
4.980000000000000000e+02
4.990000000000000000e+02
5.510000000000000000e+02
5.520000000000000000e+02
5.990000000000000000e+02
5.690000000000000000e+02
5.600000000000000000e+02
5.650000000000000000e+02
5.840000000000000000e+02
5.740000000000000000e+02
5.840000000000000000e+02
6.140000000000000000e+02
6.210000000000000000e+02
6.390000000000000000e+02
6.130000000000000000e+02
6.520000000000000000e+02
6.700000000000000000e+02
6.610000000000000000e+02
7.240000000000000000e+02
7.310000000000000000e+02
6.880000000000000000e+02
7.260000000000000000e+02
7.000000000000000000e+02
7.210000000000000000e+02
7.040000000000000000e+02
6.950000000000000000e+02
6.750000000000000000e+02
6.540000000000000000e+02
6.680000000000000000e+02
6.460000000000000000e+02
5.990000000000000000e+02
6.170000000000000000e+02
6.010000000000000000e+02
5.890000000000000000e+02
6.000000000000000000e+02
5.530000000000000000e+02
5.710000000000000000e+02
6.010000000000000000e+02
5.730000000000000000e+02
5.460000000000000000e+02
5.590000000000000000e+02
5.680000000000000000e+02
5.170000000000000000e+02
5.610000000000000000e+02
5.630000000000000000e+02
5.650000000000000000e+02
4.970000000000000000e+02
5.620000000000000000e+02
5.590000000000000000e+02
5.030000000000000000e+02
5.410000000000000000e+02
5.330000000000000000e+02
5.000000000000000000e+02
4.850000000000000000e+02
4.820000000000000000e+02
4.500000000000000000e+02
4.250000000000000000e+02
4.680000000000000000e+02
4.390000000000000000e+02
4.690000000000000000e+02
4.160000000000000000e+02
4.410000000000000000e+02
4.460000000000000000e+02
4.450000000000000000e+02
4.160000000000000000e+02
4.080000000000000000e+02
4.280000000000000000e+02
4.130000000000000000e+02
3.880000000000000000e+02
3.760000000000000000e+02
3.970000000000000000e+02
4.430000000000000000e+02
3.790000000000000000e+02
3.540000000000000000e+02
3.870000000000000000e+02
3.680000000000000000e+02
3.430000000000000000e+02
3.550000000000000000e+02
3.290000000000000000e+02
3.300000000000000000e+02
3.350000000000000000e+02
3.380000000000000000e+02
3.490000000000000000e+02
3.430000000000000000e+02
3.420000000000000000e+02
3.310000000000000000e+02
3.310000000000000000e+02
3.470000000000000000e+02
3.180000000000000000e+02
2.970000000000000000e+02
3.450000000000000000e+02
3.310000000000000000e+02
3.020000000000000000e+02
3.350000000000000000e+02
3.060000000000000000e+02
3.500000000000000000e+02
3.160000000000000000e+02
3.100000000000000000e+02
2.930000000000000000e+02
3.060000000000000000e+02
3.020000000000000000e+02
3.100000000000000000e+02
3.300000000000000000e+02
3.190000000000000000e+02
3.320000000000000000e+02
3.400000000000000000e+02
3.500000000000000000e+02
3.680000000000000000e+02
3.470000000000000000e+02
3.340000000000000000e+02
3.320000000000000000e+02
3.470000000000000000e+02
3.160000000000000000e+02
3.570000000000000000e+02
3.360000000000000000e+02
3.510000000000000000e+02
3.620000000000000000e+02
3.410000000000000000e+02
3.640000000000000000e+02
4.260000000000000000e+02
3.640000000000000000e+02
3.940000000000000000e+02
3.990000000000000000e+02
4.350000000000000000e+02
4.600000000000000000e+02
4.320000000000000000e+02
4.270000000000000000e+02
4.770000000000000000e+02
4.940000000000000000e+02
5.160000000000000000e+02
4.880000000000000000e+02
5.390000000000000000e+02
5.700000000000000000e+02
5.860000000000000000e+02
6.070000000000000000e+02
6.280000000000000000e+02
6.830000000000000000e+02
7.290000000000000000e+02
6.700000000000000000e+02
7.690000000000000000e+02
7.750000000000000000e+02
8.010000000000000000e+02
8.680000000000000000e+02
9.000000000000000000e+02
9.080000000000000000e+02
9.730000000000000000e+02
9.710000000000000000e+02
9.870000000000000000e+02
1.006000000000000000e+03
1.135000000000000000e+03
1.146000000000000000e+03
1.204000000000000000e+03
1.139000000000000000e+03
1.229000000000000000e+03
1.271000000000000000e+03
1.245000000000000000e+03
1.359000000000000000e+03
1.497000000000000000e+03
1.398000000000000000e+03
1.476000000000000000e+03
1.491000000000000000e+03
1.521000000000000000e+03
1.619000000000000000e+03
1.633000000000000000e+03
1.693000000000000000e+03
1.712000000000000000e+03
1.631000000000000000e+03
1.651000000000000000e+03
1.628000000000000000e+03
1.733000000000000000e+03
1.661000000000000000e+03
1.775000000000000000e+03
1.764000000000000000e+03
1.742000000000000000e+03
1.754000000000000000e+03
1.727000000000000000e+03
1.726000000000000000e+03
1.703000000000000000e+03
1.717000000000000000e+03
1.714000000000000000e+03
1.616000000000000000e+03
1.627000000000000000e+03
1.631000000000000000e+03
1.544000000000000000e+03
1.519000000000000000e+03
1.503000000000000000e+03
1.401000000000000000e+03
1.367000000000000000e+03
1.376000000000000000e+03
1.269000000000000000e+03
1.294000000000000000e+03
1.207000000000000000e+03
1.192000000000000000e+03
1.094000000000000000e+03
1.105000000000000000e+03
1.027000000000000000e+03
9.880000000000000000e+02
9.200000000000000000e+02
8.520000000000000000e+02
7.910000000000000000e+02
7.730000000000000000e+02
7.810000000000000000e+02
7.190000000000000000e+02
6.810000000000000000e+02
6.480000000000000000e+02
6.550000000000000000e+02
6.290000000000000000e+02
5.750000000000000000e+02
5.500000000000000000e+02
5.300000000000000000e+02
4.730000000000000000e+02
4.660000000000000000e+02
4.470000000000000000e+02
4.110000000000000000e+02
3.800000000000000000e+02
3.470000000000000000e+02
3.100000000000000000e+02
3.030000000000000000e+02
3.070000000000000000e+02
2.980000000000000000e+02
2.720000000000000000e+02
2.470000000000000000e+02
2.330000000000000000e+02
2.210000000000000000e+02
2.260000000000000000e+02
2.180000000000000000e+02
2.240000000000000000e+02
2.020000000000000000e+02
1.810000000000000000e+02
1.680000000000000000e+02
1.670000000000000000e+02
9.840000000000000000e+02
1.830000000000000000e+02
9.600000000000000000e+01
4.900000000000000000e+01
1.000000000000000000e+02
6.600000000000000000e+01
9.100000000000000000e+01
2.130000000000000000e+02
1.680000000000000000e+02
2.360000000000000000e+02
2.090000000000000000e+02
2.300000000000000000e+02
2.580000000000000000e+02
2.520000000000000000e+02
3.230000000000000000e+02
3.150000000000000000e+02
3.150000000000000000e+02
3.400000000000000000e+02
3.820000000000000000e+02
4.260000000000000000e+02
4.680000000000000000e+02
4.150000000000000000e+02
4.080000000000000000e+02
4.720000000000000000e+02
4.310000000000000000e+02
4.800000000000000000e+02
4.070000000000000000e+02
5.370000000000000000e+02
4.460000000000000000e+02
4.070000000000000000e+02
4.340000000000000000e+02
4.900000000000000000e+02
4.820000000000000000e+02
4.630000000000000000e+02
4.740000000000000000e+02
5.190000000000000000e+02
5.060000000000000000e+02
5.030000000000000000e+02
5.610000000000000000e+02
5.630000000000000000e+02
5.750000000000000000e+02
6.010000000000000000e+02
6.150000000000000000e+02
6.040000000000000000e+02
6.190000000000000000e+02
6.090000000000000000e+02
5.690000000000000000e+02
5.720000000000000000e+02
6.360000000000000000e+02
5.720000000000000000e+02
5.820000000000000000e+02
6.380000000000000000e+02
6.130000000000000000e+02
6.370000000000000000e+02
6.420000000000000000e+02
7.040000000000000000e+02
6.680000000000000000e+02
6.610000000000000000e+02
6.760000000000000000e+02
7.170000000000000000e+02
6.560000000000000000e+02
7.090000000000000000e+02
6.830000000000000000e+02
6.390000000000000000e+02
6.220000000000000000e+02
6.010000000000000000e+02
6.260000000000000000e+02
6.160000000000000000e+02
5.580000000000000000e+02
5.500000000000000000e+02
5.550000000000000000e+02
5.680000000000000000e+02
5.590000000000000000e+02
6.050000000000000000e+02
5.730000000000000000e+02
5.740000000000000000e+02
5.660000000000000000e+02
5.560000000000000000e+02
5.510000000000000000e+02
5.460000000000000000e+02
5.170000000000000000e+02
5.670000000000000000e+02
5.310000000000000000e+02
5.180000000000000000e+02
5.270000000000000000e+02
5.610000000000000000e+02
5.030000000000000000e+02
5.280000000000000000e+02
5.120000000000000000e+02
5.100000000000000000e+02
4.430000000000000000e+02
4.870000000000000000e+02
4.580000000000000000e+02
4.440000000000000000e+02
4.740000000000000000e+02
3.970000000000000000e+02
4.150000000000000000e+02
4.320000000000000000e+02
3.840000000000000000e+02
4.150000000000000000e+02
4.190000000000000000e+02
4.370000000000000000e+02
4.130000000000000000e+02
4.090000000000000000e+02
3.820000000000000000e+02
4.120000000000000000e+02
4.260000000000000000e+02
4.140000000000000000e+02
4.240000000000000000e+02
4.270000000000000000e+02
3.930000000000000000e+02
4.150000000000000000e+02
4.060000000000000000e+02
4.070000000000000000e+02
3.850000000000000000e+02
3.670000000000000000e+02
4.150000000000000000e+02
4.230000000000000000e+02
3.380000000000000000e+02
4.140000000000000000e+02
4.140000000000000000e+02
4.050000000000000000e+02
4.210000000000000000e+02
4.050000000000000000e+02
4.670000000000000000e+02
4.380000000000000000e+02
4.150000000000000000e+02
4.670000000000000000e+02
4.460000000000000000e+02
5.090000000000000000e+02
4.960000000000000000e+02
5.180000000000000000e+02
5.340000000000000000e+02
5.610000000000000000e+02
5.780000000000000000e+02
5.720000000000000000e+02
6.090000000000000000e+02
6.230000000000000000e+02
5.820000000000000000e+02
6.420000000000000000e+02
6.350000000000000000e+02
6.220000000000000000e+02
7.240000000000000000e+02
7.110000000000000000e+02
7.550000000000000000e+02
7.130000000000000000e+02
7.560000000000000000e+02
7.730000000000000000e+02
7.920000000000000000e+02
8.180000000000000000e+02
8.130000000000000000e+02
8.490000000000000000e+02
8.900000000000000000e+02
8.830000000000000000e+02
8.990000000000000000e+02
9.690000000000000000e+02
1.011000000000000000e+03
1.050000000000000000e+03
1.039000000000000000e+03
1.043000000000000000e+03
1.067000000000000000e+03
1.123000000000000000e+03
1.106000000000000000e+03
1.195000000000000000e+03
1.123000000000000000e+03
1.202000000000000000e+03
1.159000000000000000e+03
1.211000000000000000e+03
1.222000000000000000e+03
1.155000000000000000e+03
1.222000000000000000e+03
1.242000000000000000e+03
1.190000000000000000e+03
1.233000000000000000e+03
1.295000000000000000e+03
1.320000000000000000e+03
1.355000000000000000e+03
1.285000000000000000e+03
1.286000000000000000e+03
1.313000000000000000e+03
1.219000000000000000e+03
1.201000000000000000e+03
1.280000000000000000e+03
1.273000000000000000e+03
1.267000000000000000e+03
1.170000000000000000e+03
1.234000000000000000e+03
1.215000000000000000e+03
1.260000000000000000e+03
1.204000000000000000e+03
1.165000000000000000e+03
1.218000000000000000e+03
1.169000000000000000e+03
1.200000000000000000e+03
1.162000000000000000e+03
1.125000000000000000e+03
1.093000000000000000e+03
1.027000000000000000e+03
1.103000000000000000e+03
1.031000000000000000e+03
1.089000000000000000e+03
1.055000000000000000e+03
1.018000000000000000e+03
1.000000000000000000e+03
9.610000000000000000e+02
9.760000000000000000e+02
9.510000000000000000e+02
9.820000000000000000e+02
9.370000000000000000e+02
9.330000000000000000e+02
9.160000000000000000e+02
8.920000000000000000e+02
8.650000000000000000e+02
7.790000000000000000e+02
8.360000000000000000e+02
8.300000000000000000e+02
7.670000000000000000e+02
8.150000000000000000e+02
7.490000000000000000e+02
7.220000000000000000e+02
7.150000000000000000e+02
7.260000000000000000e+02
7.150000000000000000e+02
6.930000000000000000e+02
6.970000000000000000e+02
7.130000000000000000e+02
7.170000000000000000e+02
6.440000000000000000e+02
6.730000000000000000e+02
6.510000000000000000e+02
6.680000000000000000e+02
6.340000000000000000e+02
5.850000000000000000e+02
5.790000000000000000e+02
6.070000000000000000e+02
5.940000000000000000e+02
5.940000000000000000e+02
6.220000000000000000e+02
5.640000000000000000e+02
6.030000000000000000e+02
5.470000000000000000e+02
5.550000000000000000e+02
5.400000000000000000e+02
5.360000000000000000e+02
4.860000000000000000e+02
5.170000000000000000e+02
4.990000000000000000e+02
5.250000000000000000e+02
4.830000000000000000e+02
4.980000000000000000e+02
5.020000000000000000e+02
5.150000000000000000e+02
5.060000000000000000e+02
4.640000000000000000e+02
4.920000000000000000e+02
4.340000000000000000e+02
4.179000000000000000e+03
