5.120000000000000000e+02
4.210000000000000000e+02
6.450000000000000000e+02
8.240000000000000000e+02
9.350000000000000000e+02
1.346000000000000000e+03
1.430000000000000000e+03
1.484000000000000000e+03
1.774000000000000000e+03
1.852000000000000000e+03
1.931000000000000000e+03
1.995000000000000000e+03
1.911000000000000000e+03
1.753000000000000000e+03
1.734000000000000000e+03
1.501000000000000000e+03
1.545000000000000000e+03
1.728000000000000000e+03
1.862000000000000000e+03
1.905000000000000000e+03
1.720000000000000000e+03
1.764000000000000000e+03
1.611000000000000000e+03
1.506000000000000000e+03
1.509000000000000000e+03
1.421000000000000000e+03
1.368000000000000000e+03
1.337000000000000000e+03
1.316000000000000000e+03
1.296000000000000000e+03
1.389000000000000000e+03
1.382000000000000000e+03
1.468000000000000000e+03
1.568000000000000000e+03
1.585000000000000000e+03
1.486000000000000000e+03
1.496000000000000000e+03
1.521000000000000000e+03
1.460000000000000000e+03
1.395000000000000000e+03
1.278000000000000000e+03
1.243000000000000000e+03
1.259000000000000000e+03
1.269000000000000000e+03
1.189000000000000000e+03
1.095000000000000000e+03
1.053000000000000000e+03
1.179000000000000000e+03
1.270000000000000000e+03
1.162000000000000000e+03
1.074000000000000000e+03
1.030000000000000000e+03
8.920000000000000000e+02
7.940000000000000000e+02
7.780000000000000000e+02
8.460000000000000000e+02
8.020000000000000000e+02
8.470000000000000000e+02
8.150000000000000000e+02
8.450000000000000000e+02
8.420000000000000000e+02
9.190000000000000000e+02
8.550000000000000000e+02
8.510000000000000000e+02
8.710000000000000000e+02
8.270000000000000000e+02
9.110000000000000000e+02
8.160000000000000000e+02
8.560000000000000000e+02
8.320000000000000000e+02
9.390000000000000000e+02
9.180000000000000000e+02
9.520000000000000000e+02
8.610000000000000000e+02
8.940000000000000000e+02
9.290000000000000000e+02
9.420000000000000000e+02
9.370000000000000000e+02
1.000000000000000000e+03
9.590000000000000000e+02
1.006000000000000000e+03
9.990000000000000000e+02
9.530000000000000000e+02
9.810000000000000000e+02
9.410000000000000000e+02
9.780000000000000000e+02
9.760000000000000000e+02
1.013000000000000000e+03
9.530000000000000000e+02
1.035000000000000000e+03
9.680000000000000000e+02
9.770000000000000000e+02
1.014000000000000000e+03
1.045000000000000000e+03
1.011000000000000000e+03
9.710000000000000000e+02
9.430000000000000000e+02
1.010000000000000000e+03
9.650000000000000000e+02
1.029000000000000000e+03
1.013000000000000000e+03
9.460000000000000000e+02
9.430000000000000000e+02
9.990000000000000000e+02
9.720000000000000000e+02
9.920000000000000000e+02
1.075000000000000000e+03
1.096000000000000000e+03
1.122000000000000000e+03
1.120000000000000000e+03
1.115000000000000000e+03
1.120000000000000000e+03
1.195000000000000000e+03
1.253000000000000000e+03
1.352000000000000000e+03
1.316000000000000000e+03
1.312000000000000000e+03
1.368000000000000000e+03
1.382000000000000000e+03
1.373000000000000000e+03
1.321000000000000000e+03
1.400000000000000000e+03
1.375000000000000000e+03
1.368000000000000000e+03
1.295000000000000000e+03
1.315000000000000000e+03
1.056000000000000000e+03
9.540000000000000000e+02
7.200000000000000000e+02
7.170000000000000000e+02
6.450000000000000000e+02
6.640000000000000000e+02
6.210000000000000000e+02
5.700000000000000000e+02
5.300000000000000000e+02
5.140000000000000000e+02
5.610000000000000000e+02
5.540000000000000000e+02
4.850000000000000000e+02
4.640000000000000000e+02
4.260000000000000000e+02
3.950000000000000000e+02
3.640000000000000000e+02
3.030000000000000000e+02
3.460000000000000000e+02
3.050000000000000000e+02
3.040000000000000000e+02
2.820000000000000000e+02
3.170000000000000000e+02
3.120000000000000000e+02
2.870000000000000000e+02
2.810000000000000000e+02
2.630000000000000000e+02
2.480000000000000000e+02
2.660000000000000000e+02
2.280000000000000000e+02
2.260000000000000000e+02
2.440000000000000000e+02
2.250000000000000000e+02
2.180000000000000000e+02
1.990000000000000000e+02
1.880000000000000000e+02
2.060000000000000000e+02
1.870000000000000000e+02
1.370000000000000000e+02
1.640000000000000000e+02
1.280000000000000000e+02
1.110000000000000000e+02
1.080000000000000000e+02
8.300000000000000000e+01
9.900000000000000000e+01
7.900000000000000000e+01
6.100000000000000000e+01
6.800000000000000000e+01
6.600000000000000000e+01
5.500000000000000000e+01
5.800000000000000000e+01
4.600000000000000000e+01
4.600000000000000000e+01
4.400000000000000000e+01
4.900000000000000000e+01
4.300000000000000000e+01
4.000000000000000000e+01
4.100000000000000000e+01
5.100000000000000000e+01
4.400000000000000000e+01
2.700000000000000000e+01
2.400000000000000000e+01
3.300000000000000000e+01
3.700000000000000000e+01
3.800000000000000000e+01
3.100000000000000000e+01
3.600000000000000000e+01
2.900000000000000000e+01
2.400000000000000000e+01
2.200000000000000000e+01
2.500000000000000000e+01
3.300000000000000000e+01
2.600000000000000000e+01
2.300000000000000000e+01
2.500000000000000000e+01
1.400000000000000000e+01
1.100000000000000000e+01
2.200000000000000000e+01
1.900000000000000000e+01
8.000000000000000000e+00
1.200000000000000000e+01
4.000000000000000000e+00
1.000000000000000000e+00
1.000000000000000000e+00
4.000000000000000000e+00
4.000000000000000000e+00
4.000000000000000000e+00
4.000000000000000000e+00
4.000000000000000000e+00
1.000000000000000000e+00
5.000000000000000000e+00
4.000000000000000000e+00
2.000000000000000000e+00
3.000000000000000000e+00
2.000000000000000000e+00
2.000000000000000000e+00
1.000000000000000000e+00
2.000000000000000000e+00
5.000000000000000000e+00
0.000000000000000000e+00
0.000000000000000000e+00
2.000000000000000000e+00
3.000000000000000000e+00
3.000000000000000000e+00
3.000000000000000000e+00
2.000000000000000000e+00
1.000000000000000000e+00
1.000000000000000000e+00
6.000000000000000000e+00
2.000000000000000000e+00
0.000000000000000000e+00
0.000000000000000000e+00
1.000000000000000000e+00
3.000000000000000000e+00
1.000000000000000000e+00
5.000000000000000000e+00
2.000000000000000000e+00
1.000000000000000000e+00
1.000000000000000000e+00
2.000000000000000000e+00
4.000000000000000000e+00
4.000000000000000000e+00
2.000000000000000000e+00
1.000000000000000000e+00
5.000000000000000000e+00
4.000000000000000000e+00
3.000000000000000000e+00
3.000000000000000000e+00
1.000000000000000000e+00
1.000000000000000000e+01
1.900000000000000000e+01
2.400000000000000000e+01
3.100000000000000000e+01
7.600000000000000000e+01
2.860000000000000000e+02
5.920000000000000000e+02
6.490000000000000000e+02
1.018000000000000000e+03
1.154000000000000000e+03
1.164000000000000000e+03
1.326000000000000000e+03
1.338000000000000000e+03
1.451000000000000000e+03
1.670000000000000000e+03
1.857000000000000000e+03
1.674000000000000000e+03
1.536000000000000000e+03
1.367000000000000000e+03
1.232000000000000000e+03
1.125000000000000000e+03
1.077000000000000000e+03
1.202000000000000000e+03
1.212000000000000000e+03
1.436000000000000000e+03
1.332000000000000000e+03
1.172000000000000000e+03
1.219000000000000000e+03
1.080000000000000000e+03
1.127000000000000000e+03
1.357000000000000000e+03
1.361000000000000000e+03
1.218000000000000000e+03
1.341000000000000000e+03
1.464000000000000000e+03
1.320000000000000000e+03
1.207000000000000000e+03
1.165000000000000000e+03
1.202000000000000000e+03
1.190000000000000000e+03
1.144000000000000000e+03
1.134000000000000000e+03
1.193000000000000000e+03
1.199000000000000000e+03
1.107000000000000000e+03
1.081000000000000000e+03
1.116000000000000000e+03
1.075000000000000000e+03
1.213000000000000000e+03
1.295000000000000000e+03
1.343000000000000000e+03
1.381000000000000000e+03
1.234000000000000000e+03
1.196000000000000000e+03
1.258000000000000000e+03
1.172000000000000000e+03
1.188000000000000000e+03
1.189000000000000000e+03
1.162000000000000000e+03
1.165000000000000000e+03
1.242000000000000000e+03
1.227000000000000000e+03
1.289000000000000000e+03
1.296000000000000000e+03
1.316000000000000000e+03
1.278000000000000000e+03
1.240000000000000000e+03
1.290000000000000000e+03
1.290000000000000000e+03
1.225000000000000000e+03
1.253000000000000000e+03
1.285000000000000000e+03
1.277000000000000000e+03
1.266000000000000000e+03
1.367000000000000000e+03
1.472000000000000000e+03
1.357000000000000000e+03
1.242000000000000000e+03
1.228000000000000000e+03
1.224000000000000000e+03
1.227000000000000000e+03
1.156000000000000000e+03
1.245000000000000000e+03
1.206000000000000000e+03
1.147000000000000000e+03
1.111000000000000000e+03
1.071000000000000000e+03
1.054000000000000000e+03
1.032000000000000000e+03
1.052000000000000000e+03
1.094000000000000000e+03
1.108000000000000000e+03
1.013000000000000000e+03
1.005000000000000000e+03
1.042000000000000000e+03
1.040000000000000000e+03
1.022000000000000000e+03
1.047000000000000000e+03
1.102000000000000000e+03
1.204000000000000000e+03
1.233000000000000000e+03
1.264000000000000000e+03
1.316000000000000000e+03
1.408000000000000000e+03
1.535000000000000000e+03
1.435000000000000000e+03
1.540000000000000000e+03
1.630000000000000000e+03
1.487000000000000000e+03
1.397000000000000000e+03
1.342000000000000000e+03
1.300000000000000000e+03
1.440000000000000000e+03
1.560000000000000000e+03
1.565000000000000000e+03
1.562000000000000000e+03
1.326000000000000000e+03
1.216000000000000000e+03
1.175000000000000000e+03
1.015000000000000000e+03
8.750000000000000000e+02
8.310000000000000000e+02
7.730000000000000000e+02
7.720000000000000000e+02
7.170000000000000000e+02
7.300000000000000000e+02
6.460000000000000000e+02
6.980000000000000000e+02
6.730000000000000000e+02
6.060000000000000000e+02
5.200000000000000000e+02
5.080000000000000000e+02
4.730000000000000000e+02
5.100000000000000000e+02
4.990000000000000000e+02
5.000000000000000000e+02
4.500000000000000000e+02
4.640000000000000000e+02
4.880000000000000000e+02
4.190000000000000000e+02
4.620000000000000000e+02
4.980000000000000000e+02
4.270000000000000000e+02
4.200000000000000000e+02
4.710000000000000000e+02
3.780000000000000000e+02
4.950000000000000000e+02
4.170000000000000000e+02
4.180000000000000000e+02
3.780000000000000000e+02
3.900000000000000000e+02
3.830000000000000000e+02
3.920000000000000000e+02
3.580000000000000000e+02
3.620000000000000000e+02
3.220000000000000000e+02
3.110000000000000000e+02
3.020000000000000000e+02
2.610000000000000000e+02
2.340000000000000000e+02
1.890000000000000000e+02
2.020000000000000000e+02
2.080000000000000000e+02
1.880000000000000000e+02
1.820000000000000000e+02
1.450000000000000000e+02
1.450000000000000000e+02
1.240000000000000000e+02
1.200000000000000000e+02
1.370000000000000000e+02
1.470000000000000000e+02
1.190000000000000000e+02
9.200000000000000000e+01
8.800000000000000000e+01
7.400000000000000000e+01
7.800000000000000000e+01
8.300000000000000000e+01
7.500000000000000000e+01
7.600000000000000000e+01
5.700000000000000000e+01
6.400000000000000000e+01
5.600000000000000000e+01
4.800000000000000000e+01
6.100000000000000000e+01
5.300000000000000000e+01
4.100000000000000000e+01
3.200000000000000000e+01
3.900000000000000000e+01
3.500000000000000000e+01
4.300000000000000000e+01
3.500000000000000000e+01
3.900000000000000000e+01
3.400000000000000000e+01
3.800000000000000000e+01
3.100000000000000000e+01
2.400000000000000000e+01
3.000000000000000000e+01
2.900000000000000000e+01
2.000000000000000000e+01
2.600000000000000000e+01
2.400000000000000000e+01
1.100000000000000000e+01
1.300000000000000000e+01
1.900000000000000000e+01
2.200000000000000000e+01
2.400000000000000000e+01
1.800000000000000000e+01
3.100000000000000000e+01
1.700000000000000000e+01
1.500000000000000000e+01
1.700000000000000000e+01
3.100000000000000000e+01
2.600000000000000000e+01
3.100000000000000000e+01
1.800000000000000000e+01
2.300000000000000000e+01
2.500000000000000000e+01
1.700000000000000000e+01
6.000000000000000000e+00
2.000000000000000000e+00
6.000000000000000000e+00
8.000000000000000000e+00
5.000000000000000000e+00
4.000000000000000000e+00
2.000000000000000000e+00
3.000000000000000000e+00
2.000000000000000000e+00
2.000000000000000000e+00
3.000000000000000000e+00
4.000000000000000000e+00
4.000000000000000000e+00
3.000000000000000000e+00
4.000000000000000000e+00
4.000000000000000000e+00
1.000000000000000000e+00
2.000000000000000000e+00
5.000000000000000000e+00
2.000000000000000000e+00
3.000000000000000000e+00
3.000000000000000000e+00
2.000000000000000000e+00
2.000000000000000000e+00
0.000000000000000000e+00
2.000000000000000000e+00
1.000000000000000000e+00
5.000000000000000000e+00
3.000000000000000000e+00
5.000000000000000000e+00
0.000000000000000000e+00
2.000000000000000000e+00
4.000000000000000000e+00
1.000000000000000000e+00
5.000000000000000000e+00
5.000000000000000000e+00
5.000000000000000000e+00
5.000000000000000000e+00
1.800000000000000000e+01
3.700000000000000000e+01
2.400000000000000000e+01
4.500000000000000000e+01
1.270000000000000000e+02
3.690000000000000000e+02
6.360000000000000000e+02
6.430000000000000000e+02
1.060000000000000000e+03
1.144000000000000000e+03
1.114000000000000000e+03
1.271000000000000000e+03
1.362000000000000000e+03
1.536000000000000000e+03
1.680000000000000000e+03
1.613000000000000000e+03
1.471000000000000000e+03
1.341000000000000000e+03
1.250000000000000000e+03
1.044000000000000000e+03
9.660000000000000000e+02
9.980000000000000000e+02
1.019000000000000000e+03
1.021000000000000000e+03
1.007000000000000000e+03
9.770000000000000000e+02
9.090000000000000000e+02
8.600000000000000000e+02
8.990000000000000000e+02
9.250000000000000000e+02
8.290000000000000000e+02
8.880000000000000000e+02
9.170000000000000000e+02
9.130000000000000000e+02
8.730000000000000000e+02
9.350000000000000000e+02
9.020000000000000000e+02
9.110000000000000000e+02
8.800000000000000000e+02
9.890000000000000000e+02
9.300000000000000000e+02
9.360000000000000000e+02
9.910000000000000000e+02
1.071000000000000000e+03
1.015000000000000000e+03
1.057000000000000000e+03
1.095000000000000000e+03
1.173000000000000000e+03
1.104000000000000000e+03
1.136000000000000000e+03
1.202000000000000000e+03
1.117000000000000000e+03
1.162000000000000000e+03
1.082000000000000000e+03
1.097000000000000000e+03
1.104000000000000000e+03
1.128000000000000000e+03
1.115000000000000000e+03
1.085000000000000000e+03
1.104000000000000000e+03
1.131000000000000000e+03
1.164000000000000000e+03
1.179000000000000000e+03
1.232000000000000000e+03
1.311000000000000000e+03
1.297000000000000000e+03
1.323000000000000000e+03
1.331000000000000000e+03
1.291000000000000000e+03
1.355000000000000000e+03
1.332000000000000000e+03
1.393000000000000000e+03
1.323000000000000000e+03
1.378000000000000000e+03
1.415000000000000000e+03
1.371000000000000000e+03
1.385000000000000000e+03
1.284000000000000000e+03
1.368000000000000000e+03
1.432000000000000000e+03
1.424000000000000000e+03
1.372000000000000000e+03
1.388000000000000000e+03
1.383000000000000000e+03
1.386000000000000000e+03
1.419000000000000000e+03
1.477000000000000000e+03
1.424000000000000000e+03
1.391000000000000000e+03
1.401000000000000000e+03
1.346000000000000000e+03
1.403000000000000000e+03
1.262000000000000000e+03
1.400000000000000000e+03
1.404000000000000000e+03
1.483000000000000000e+03
1.443000000000000000e+03
1.444000000000000000e+03
1.496000000000000000e+03
1.526000000000000000e+03
1.500000000000000000e+03
1.548000000000000000e+03
1.524000000000000000e+03
1.572000000000000000e+03
1.594000000000000000e+03
1.633000000000000000e+03
1.631000000000000000e+03
1.531000000000000000e+03
1.480000000000000000e+03
1.493000000000000000e+03
1.440000000000000000e+03
1.462000000000000000e+03
1.188000000000000000e+03
9.850000000000000000e+02
9.740000000000000000e+02
9.850000000000000000e+02
8.810000000000000000e+02
8.300000000000000000e+02
8.280000000000000000e+02
8.160000000000000000e+02
7.750000000000000000e+02
7.600000000000000000e+02
7.140000000000000000e+02
6.860000000000000000e+02
7.140000000000000000e+02
5.830000000000000000e+02
5.570000000000000000e+02
5.800000000000000000e+02
5.170000000000000000e+02
4.970000000000000000e+02
4.460000000000000000e+02
4.080000000000000000e+02
3.980000000000000000e+02
4.120000000000000000e+02
4.220000000000000000e+02
4.060000000000000000e+02
4.000000000000000000e+02
3.910000000000000000e+02
4.200000000000000000e+02
4.070000000000000000e+02
3.860000000000000000e+02
3.820000000000000000e+02
3.640000000000000000e+02
3.520000000000000000e+02
3.450000000000000000e+02
3.620000000000000000e+02
3.620000000000000000e+02
3.570000000000000000e+02
3.370000000000000000e+02
3.400000000000000000e+02
3.230000000000000000e+02
3.080000000000000000e+02
3.060000000000000000e+02
2.780000000000000000e+02
2.560000000000000000e+02
2.160000000000000000e+02
2.510000000000000000e+02
2.180000000000000000e+02
2.310000000000000000e+02
2.270000000000000000e+02
2.000000000000000000e+02
1.870000000000000000e+02
1.830000000000000000e+02
2.050000000000000000e+02
2.000000000000000000e+02
1.670000000000000000e+02
1.870000000000000000e+02
1.740000000000000000e+02
1.740000000000000000e+02
1.710000000000000000e+02
1.580000000000000000e+02
1.520000000000000000e+02
1.680000000000000000e+02
1.590000000000000000e+02
1.630000000000000000e+02
1.620000000000000000e+02
1.660000000000000000e+02
1.570000000000000000e+02
1.510000000000000000e+02
1.600000000000000000e+02
1.610000000000000000e+02
1.640000000000000000e+02
1.650000000000000000e+02
1.620000000000000000e+02
1.460000000000000000e+02
1.560000000000000000e+02
1.660000000000000000e+02
1.460000000000000000e+02
1.480000000000000000e+02
1.570000000000000000e+02
1.600000000000000000e+02
1.500000000000000000e+02
1.790000000000000000e+02
1.490000000000000000e+02
1.490000000000000000e+02
1.410000000000000000e+02
1.320000000000000000e+02
1.470000000000000000e+02
1.370000000000000000e+02
1.230000000000000000e+02
1.360000000000000000e+02
1.430000000000000000e+02
1.400000000000000000e+02
1.340000000000000000e+02
1.290000000000000000e+02
1.070000000000000000e+02
1.180000000000000000e+02
1.260000000000000000e+02
9.700000000000000000e+01
1.030000000000000000e+02
1.150000000000000000e+02
1.050000000000000000e+02
9.700000000000000000e+01
9.100000000000000000e+01
1.010000000000000000e+02
8.300000000000000000e+01
7.500000000000000000e+01
7.900000000000000000e+01
9.800000000000000000e+01
8.700000000000000000e+01
9.500000000000000000e+01
8.000000000000000000e+01
9.000000000000000000e+01
7.100000000000000000e+01
9.200000000000000000e+01
7.800000000000000000e+01
7.800000000000000000e+01
6.300000000000000000e+01
7.100000000000000000e+01
8.300000000000000000e+01
5.100000000000000000e+01
6.500000000000000000e+01
8.100000000000000000e+01
7.300000000000000000e+01
7.100000000000000000e+01
7.400000000000000000e+01
7.800000000000000000e+01
6.400000000000000000e+01
5.200000000000000000e+01
4.900000000000000000e+01
6.200000000000000000e+01
7.100000000000000000e+01
5.700000000000000000e+01
4.500000000000000000e+01
5.400000000000000000e+01
4.700000000000000000e+01
5.400000000000000000e+01
4.900000000000000000e+01
5.100000000000000000e+01
4.200000000000000000e+01
4.100000000000000000e+01
3.700000000000000000e+01
2.500000000000000000e+01
3.000000000000000000e+01
2.400000000000000000e+01
3.000000000000000000e+01
9.800000000000000000e+01
