9.500000000000000000e+01
1.600000000000000000e+01
2.100000000000000000e+01
3.400000000000000000e+01
3.900000000000000000e+01
4.400000000000000000e+01
4.900000000000000000e+01
7.000000000000000000e+01
9.200000000000000000e+01
1.180000000000000000e+02
1.520000000000000000e+02
2.160000000000000000e+02
2.610000000000000000e+02
3.830000000000000000e+02
4.350000000000000000e+02
5.770000000000000000e+02
7.190000000000000000e+02
8.730000000000000000e+02
9.920000000000000000e+02
1.139000000000000000e+03
1.243000000000000000e+03
1.377000000000000000e+03
1.466000000000000000e+03
1.380000000000000000e+03
1.385000000000000000e+03
1.397000000000000000e+03
1.297000000000000000e+03
1.090000000000000000e+03
1.004000000000000000e+03
9.040000000000000000e+02
8.750000000000000000e+02
6.340000000000000000e+02
6.500000000000000000e+02
6.000000000000000000e+02
5.740000000000000000e+02
5.820000000000000000e+02
4.690000000000000000e+02
4.680000000000000000e+02
4.330000000000000000e+02
4.090000000000000000e+02
3.550000000000000000e+02
3.190000000000000000e+02
3.190000000000000000e+02
3.440000000000000000e+02
2.830000000000000000e+02
3.030000000000000000e+02
3.150000000000000000e+02
3.560000000000000000e+02
4.300000000000000000e+02
4.200000000000000000e+02
4.660000000000000000e+02
4.860000000000000000e+02
5.520000000000000000e+02
5.850000000000000000e+02
6.450000000000000000e+02
6.830000000000000000e+02
7.130000000000000000e+02
6.830000000000000000e+02
8.410000000000000000e+02
7.680000000000000000e+02
9.530000000000000000e+02
1.001000000000000000e+03
1.092000000000000000e+03
1.354000000000000000e+03
1.888000000000000000e+03
1.854000000000000000e+03
2.217000000000000000e+03
2.166000000000000000e+03
2.413000000000000000e+03
2.087000000000000000e+03
1.657000000000000000e+03
1.345000000000000000e+03
1.419000000000000000e+03
1.272000000000000000e+03
9.220000000000000000e+02
8.750000000000000000e+02
6.540000000000000000e+02
5.830000000000000000e+02
5.330000000000000000e+02
5.080000000000000000e+02
4.870000000000000000e+02
4.550000000000000000e+02
5.180000000000000000e+02
5.360000000000000000e+02
5.180000000000000000e+02
4.740000000000000000e+02
4.300000000000000000e+02
3.700000000000000000e+02
4.060000000000000000e+02
4.120000000000000000e+02
4.070000000000000000e+02
4.080000000000000000e+02
4.350000000000000000e+02
4.700000000000000000e+02
5.200000000000000000e+02
5.960000000000000000e+02
6.260000000000000000e+02
5.890000000000000000e+02
5.940000000000000000e+02
4.990000000000000000e+02
4.390000000000000000e+02
4.210000000000000000e+02
4.050000000000000000e+02
3.700000000000000000e+02
3.990000000000000000e+02
3.910000000000000000e+02
4.330000000000000000e+02
3.630000000000000000e+02
4.220000000000000000e+02
4.160000000000000000e+02
4.030000000000000000e+02
4.200000000000000000e+02
3.380000000000000000e+02
3.610000000000000000e+02
4.120000000000000000e+02
4.210000000000000000e+02
4.010000000000000000e+02
4.010000000000000000e+02
4.190000000000000000e+02
3.980000000000000000e+02
4.180000000000000000e+02
4.280000000000000000e+02
4.440000000000000000e+02
4.730000000000000000e+02
4.850000000000000000e+02
5.110000000000000000e+02
4.970000000000000000e+02
5.300000000000000000e+02
4.990000000000000000e+02
4.700000000000000000e+02
4.310000000000000000e+02
5.360000000000000000e+02
4.860000000000000000e+02
5.150000000000000000e+02
5.080000000000000000e+02
4.380000000000000000e+02
4.570000000000000000e+02
4.710000000000000000e+02
4.850000000000000000e+02
5.170000000000000000e+02
4.660000000000000000e+02
5.860000000000000000e+02
4.810000000000000000e+02
6.260000000000000000e+02
7.310000000000000000e+02
5.960000000000000000e+02
6.270000000000000000e+02
6.820000000000000000e+02
6.720000000000000000e+02
6.220000000000000000e+02
5.910000000000000000e+02
6.340000000000000000e+02
6.390000000000000000e+02
5.930000000000000000e+02
6.430000000000000000e+02
6.370000000000000000e+02
6.260000000000000000e+02
7.130000000000000000e+02
6.110000000000000000e+02
5.570000000000000000e+02
6.190000000000000000e+02
5.890000000000000000e+02
5.890000000000000000e+02
6.580000000000000000e+02
6.190000000000000000e+02
5.880000000000000000e+02
6.420000000000000000e+02
6.510000000000000000e+02
6.990000000000000000e+02
8.090000000000000000e+02
8.740000000000000000e+02
1.028000000000000000e+03
9.030000000000000000e+02
1.138000000000000000e+03
1.321000000000000000e+03
1.386000000000000000e+03
1.760000000000000000e+03
1.408000000000000000e+03
1.306000000000000000e+03
8.410000000000000000e+02
9.520000000000000000e+02
1.012000000000000000e+03
8.780000000000000000e+02
9.480000000000000000e+02
9.440000000000000000e+02
8.940000000000000000e+02
8.440000000000000000e+02
9.250000000000000000e+02
8.220000000000000000e+02
7.810000000000000000e+02
6.680000000000000000e+02
6.790000000000000000e+02
6.100000000000000000e+02
5.920000000000000000e+02
6.950000000000000000e+02
6.880000000000000000e+02
6.430000000000000000e+02
7.370000000000000000e+02
7.140000000000000000e+02
6.800000000000000000e+02
7.840000000000000000e+02
6.220000000000000000e+02
6.780000000000000000e+02
7.810000000000000000e+02
6.190000000000000000e+02
6.940000000000000000e+02
7.080000000000000000e+02
6.790000000000000000e+02
6.100000000000000000e+02
7.270000000000000000e+02
5.180000000000000000e+02
9.050000000000000000e+02
5.120000000000000000e+02
9.810000000000000000e+02
6.660000000000000000e+02
8.570000000000000000e+02
7.690000000000000000e+02
8.500000000000000000e+02
6.020000000000000000e+02
8.500000000000000000e+02
4.730000000000000000e+02
9.420000000000000000e+02
4.280000000000000000e+02
7.370000000000000000e+02
7.870000000000000000e+02
7.770000000000000000e+02
4.450000000000000000e+02
9.690000000000000000e+02
5.220000000000000000e+02
1.119000000000000000e+03
7.020000000000000000e+02
9.860000000000000000e+02
7.620000000000000000e+02
8.900000000000000000e+02
8.540000000000000000e+02
7.220000000000000000e+02
1.780000000000000000e+02
1.067000000000000000e+03
3.000000000000000000e+00
8.460000000000000000e+02
2.000000000000000000e+00
8.290000000000000000e+02
5.350000000000000000e+02
8.200000000000000000e+02
1.900000000000000000e+01
6.090000000000000000e+02
4.000000000000000000e+00
3.620000000000000000e+02
2.000000000000000000e+00
3.530000000000000000e+02
2.740000000000000000e+02
0.000000000000000000e+00
0.000000000000000000e+00
0.000000000000000000e+00
0.000000000000000000e+00
0.000000000000000000e+00
1.000000000000000000e+01
7.000000000000000000e+00
2.000000000000000000e+00
6.000000000000000000e+00
6.000000000000000000e+00
1.000000000000000000e+01
1.400000000000000000e+01
1.200000000000000000e+01
3.100000000000000000e+01
5.600000000000000000e+01
9.700000000000000000e+01
1.580000000000000000e+02
2.270000000000000000e+02
3.820000000000000000e+02
6.360000000000000000e+02
9.030000000000000000e+02
1.039000000000000000e+03
1.263000000000000000e+03
1.383000000000000000e+03
1.584000000000000000e+03
1.477000000000000000e+03
1.428000000000000000e+03
1.349000000000000000e+03
1.299000000000000000e+03
1.119000000000000000e+03
9.780000000000000000e+02
8.390000000000000000e+02
7.680000000000000000e+02
7.480000000000000000e+02
6.330000000000000000e+02
6.520000000000000000e+02
5.420000000000000000e+02
5.350000000000000000e+02
5.230000000000000000e+02
4.860000000000000000e+02
4.500000000000000000e+02
4.630000000000000000e+02
4.160000000000000000e+02
3.630000000000000000e+02
3.520000000000000000e+02
3.650000000000000000e+02
3.500000000000000000e+02
3.140000000000000000e+02
2.680000000000000000e+02
3.130000000000000000e+02
3.120000000000000000e+02
3.290000000000000000e+02
3.570000000000000000e+02
3.380000000000000000e+02
4.270000000000000000e+02
4.610000000000000000e+02
5.810000000000000000e+02
5.720000000000000000e+02
5.800000000000000000e+02
6.120000000000000000e+02
6.150000000000000000e+02
8.070000000000000000e+02
8.320000000000000000e+02
9.700000000000000000e+02
6.460000000000000000e+02
6.340000000000000000e+02
7.280000000000000000e+02
5.070000000000000000e+02
5.930000000000000000e+02
5.690000000000000000e+02
5.320000000000000000e+02
4.500000000000000000e+02
4.270000000000000000e+02
4.120000000000000000e+02
4.350000000000000000e+02
4.170000000000000000e+02
4.190000000000000000e+02
3.800000000000000000e+02
3.760000000000000000e+02
4.150000000000000000e+02
4.890000000000000000e+02
4.180000000000000000e+02
4.450000000000000000e+02
3.650000000000000000e+02
4.160000000000000000e+02
3.650000000000000000e+02
3.800000000000000000e+02
3.710000000000000000e+02
3.550000000000000000e+02
3.320000000000000000e+02
3.550000000000000000e+02
3.140000000000000000e+02
3.280000000000000000e+02
2.770000000000000000e+02
3.060000000000000000e+02
3.090000000000000000e+02
3.020000000000000000e+02
2.910000000000000000e+02
2.380000000000000000e+02
3.030000000000000000e+02
2.880000000000000000e+02
2.840000000000000000e+02
2.620000000000000000e+02
2.430000000000000000e+02
2.820000000000000000e+02
2.500000000000000000e+02
3.050000000000000000e+02
2.640000000000000000e+02
2.510000000000000000e+02
2.530000000000000000e+02
2.310000000000000000e+02
2.440000000000000000e+02
2.940000000000000000e+02
2.690000000000000000e+02
2.640000000000000000e+02
3.090000000000000000e+02
2.900000000000000000e+02
2.790000000000000000e+02
2.580000000000000000e+02
2.640000000000000000e+02
2.850000000000000000e+02
2.620000000000000000e+02
2.870000000000000000e+02
2.530000000000000000e+02
2.540000000000000000e+02
2.720000000000000000e+02
3.040000000000000000e+02
2.850000000000000000e+02
2.930000000000000000e+02
2.790000000000000000e+02
2.810000000000000000e+02
2.890000000000000000e+02
2.960000000000000000e+02
3.210000000000000000e+02
3.300000000000000000e+02
3.060000000000000000e+02
3.530000000000000000e+02
3.420000000000000000e+02
6.170000000000000000e+02
8.520000000000000000e+02
1.360000000000000000e+03
1.059000000000000000e+03
8.940000000000000000e+02
1.262000000000000000e+03
1.365000000000000000e+03
1.395000000000000000e+03
1.609000000000000000e+03
1.451000000000000000e+03
1.408000000000000000e+03
1.449000000000000000e+03
1.636000000000000000e+03
1.595000000000000000e+03
1.266000000000000000e+03
1.002000000000000000e+03
9.240000000000000000e+02
1.008000000000000000e+03
8.440000000000000000e+02
7.960000000000000000e+02
8.540000000000000000e+02
8.470000000000000000e+02
8.180000000000000000e+02
8.270000000000000000e+02
8.930000000000000000e+02
8.160000000000000000e+02
8.980000000000000000e+02
9.220000000000000000e+02
9.490000000000000000e+02
1.266000000000000000e+03
1.315000000000000000e+03
1.265000000000000000e+03
1.234000000000000000e+03
1.330000000000000000e+03
1.282000000000000000e+03
1.379000000000000000e+03
1.529000000000000000e+03
1.432000000000000000e+03
1.287000000000000000e+03
1.266000000000000000e+03
1.225000000000000000e+03
1.228000000000000000e+03
1.219000000000000000e+03
1.364000000000000000e+03
1.294000000000000000e+03
1.714000000000000000e+03
2.109000000000000000e+03
2.035000000000000000e+03
1.764000000000000000e+03
1.513000000000000000e+03
1.188000000000000000e+03
1.199000000000000000e+03
1.075000000000000000e+03
1.278000000000000000e+03
1.078000000000000000e+03
8.190000000000000000e+02
5.900000000000000000e+02
5.330000000000000000e+02
5.850000000000000000e+02
5.900000000000000000e+02
6.300000000000000000e+02
7.810000000000000000e+02
7.160000000000000000e+02
8.440000000000000000e+02
7.930000000000000000e+02
5.480000000000000000e+02
3.880000000000000000e+02
2.500000000000000000e+02
2.600000000000000000e+02
2.860000000000000000e+02
3.110000000000000000e+02
2.680000000000000000e+02
2.900000000000000000e+02
2.690000000000000000e+02
3.580000000000000000e+02
3.210000000000000000e+02
3.090000000000000000e+02
3.040000000000000000e+02
3.330000000000000000e+02
3.540000000000000000e+02
3.300000000000000000e+02
3.260000000000000000e+02
3.340000000000000000e+02
3.210000000000000000e+02
3.450000000000000000e+02
2.730000000000000000e+02
2.830000000000000000e+02
3.710000000000000000e+02
3.520000000000000000e+02
3.730000000000000000e+02
3.580000000000000000e+02
3.250000000000000000e+02
3.240000000000000000e+02
3.840000000000000000e+02
3.710000000000000000e+02
3.530000000000000000e+02
2.990000000000000000e+02
2.890000000000000000e+02
2.630000000000000000e+02
2.950000000000000000e+02
3.050000000000000000e+02
2.870000000000000000e+02
3.010000000000000000e+02
3.330000000000000000e+02
3.710000000000000000e+02
3.050000000000000000e+02
3.800000000000000000e+02
3.600000000000000000e+02
3.680000000000000000e+02
3.950000000000000000e+02
4.070000000000000000e+02
4.720000000000000000e+02
4.820000000000000000e+02
5.100000000000000000e+02
5.680000000000000000e+02
6.800000000000000000e+02
7.390000000000000000e+02
7.690000000000000000e+02
7.410000000000000000e+02
8.080000000000000000e+02
8.740000000000000000e+02
3.007000000000000000e+03
1.003100000000000000e+04
5.000000000000000000e+00
8.000000000000000000e+00
5.000000000000000000e+00
1.100000000000000000e+01
9.000000000000000000e+00
1.800000000000000000e+01
3.200000000000000000e+01
5.800000000000000000e+01
1.010000000000000000e+02
1.520000000000000000e+02
2.250000000000000000e+02
3.980000000000000000e+02
5.560000000000000000e+02
6.500000000000000000e+02
7.920000000000000000e+02
9.030000000000000000e+02
1.005000000000000000e+03
1.077000000000000000e+03
1.096000000000000000e+03
1.101000000000000000e+03
1.121000000000000000e+03
1.151000000000000000e+03
1.251000000000000000e+03
1.299000000000000000e+03
1.295000000000000000e+03
1.558000000000000000e+03
1.674000000000000000e+03
1.781000000000000000e+03
1.678000000000000000e+03
1.385000000000000000e+03
1.347000000000000000e+03
1.204000000000000000e+03
1.226000000000000000e+03
1.268000000000000000e+03
1.197000000000000000e+03
1.054000000000000000e+03
8.950000000000000000e+02
7.750000000000000000e+02
7.380000000000000000e+02
6.790000000000000000e+02
6.340000000000000000e+02
6.200000000000000000e+02
5.530000000000000000e+02
5.640000000000000000e+02
5.040000000000000000e+02
5.240000000000000000e+02
4.360000000000000000e+02
4.760000000000000000e+02
4.570000000000000000e+02
4.360000000000000000e+02
4.570000000000000000e+02
4.370000000000000000e+02
4.150000000000000000e+02
4.220000000000000000e+02
3.370000000000000000e+02
3.430000000000000000e+02
3.470000000000000000e+02
3.650000000000000000e+02
3.820000000000000000e+02
3.800000000000000000e+02
3.500000000000000000e+02
3.630000000000000000e+02
3.560000000000000000e+02
3.130000000000000000e+02
2.720000000000000000e+02
3.090000000000000000e+02
3.220000000000000000e+02
3.730000000000000000e+02
4.950000000000000000e+02
4.580000000000000000e+02
5.670000000000000000e+02
5.130000000000000000e+02
5.340000000000000000e+02
5.410000000000000000e+02
5.020000000000000000e+02
5.410000000000000000e+02
5.550000000000000000e+02
6.030000000000000000e+02
5.970000000000000000e+02
7.090000000000000000e+02
1.012000000000000000e+03
7.650000000000000000e+02
9.650000000000000000e+02
6.760000000000000000e+02
5.590000000000000000e+02
5.000000000000000000e+02
5.140000000000000000e+02
4.620000000000000000e+02
4.670000000000000000e+02
4.070000000000000000e+02
5.020000000000000000e+02
4.910000000000000000e+02
4.120000000000000000e+02
4.670000000000000000e+02
3.860000000000000000e+02
4.700000000000000000e+02
4.510000000000000000e+02
4.430000000000000000e+02
5.190000000000000000e+02
4.490000000000000000e+02
4.440000000000000000e+02
4.370000000000000000e+02
4.690000000000000000e+02
4.820000000000000000e+02
4.790000000000000000e+02
5.540000000000000000e+02
4.940000000000000000e+02
5.230000000000000000e+02
4.930000000000000000e+02
5.560000000000000000e+02
5.490000000000000000e+02
6.190000000000000000e+02
6.400000000000000000e+02
6.140000000000000000e+02
6.610000000000000000e+02
7.550000000000000000e+02
7.030000000000000000e+02
7.010000000000000000e+02
8.150000000000000000e+02
7.770000000000000000e+02
7.930000000000000000e+02
7.870000000000000000e+02
7.900000000000000000e+02
6.350000000000000000e+02
6.820000000000000000e+02
5.890000000000000000e+02
6.350000000000000000e+02
6.580000000000000000e+02
5.640000000000000000e+02
6.130000000000000000e+02
6.700000000000000000e+02
6.980000000000000000e+02
6.600000000000000000e+02
8.290000000000000000e+02
7.300000000000000000e+02
7.010000000000000000e+02
7.160000000000000000e+02
6.430000000000000000e+02
5.810000000000000000e+02
5.400000000000000000e+02
7.010000000000000000e+02
7.570000000000000000e+02
8.940000000000000000e+02
1.204000000000000000e+03
1.226000000000000000e+03
1.061000000000000000e+03
1.087000000000000000e+03
1.045000000000000000e+03
1.063000000000000000e+03
1.566000000000000000e+03
1.332000000000000000e+03
1.467000000000000000e+03
1.376000000000000000e+03
1.650000000000000000e+03
9.840000000000000000e+02
1.045000000000000000e+03
1.196000000000000000e+03
8.730000000000000000e+02
7.600000000000000000e+02
8.290000000000000000e+02
7.490000000000000000e+02
5.420000000000000000e+02
7.140000000000000000e+02
5.680000000000000000e+02
5.260000000000000000e+02
4.930000000000000000e+02
5.010000000000000000e+02
4.130000000000000000e+02
4.350000000000000000e+02
3.880000000000000000e+02
4.670000000000000000e+02
4.130000000000000000e+02
3.770000000000000000e+02
3.550000000000000000e+02
4.170000000000000000e+02
3.370000000000000000e+02
3.830000000000000000e+02
3.510000000000000000e+02
3.420000000000000000e+02
3.240000000000000000e+02
3.570000000000000000e+02
3.850000000000000000e+02
3.410000000000000000e+02
3.920000000000000000e+02
4.050000000000000000e+02
4.420000000000000000e+02
4.630000000000000000e+02
3.890000000000000000e+02
4.740000000000000000e+02
4.590000000000000000e+02
5.510000000000000000e+02
5.850000000000000000e+02
5.570000000000000000e+02
5.400000000000000000e+02
4.510000000000000000e+02
4.560000000000000000e+02
4.370000000000000000e+02
5.330000000000000000e+02
4.980000000000000000e+02
3.810000000000000000e+02
3.750000000000000000e+02
3.270000000000000000e+02
2.750000000000000000e+02
1.970000000000000000e+02
2.430000000000000000e+02
2.470000000000000000e+02
2.100000000000000000e+02
1.940000000000000000e+02
2.090000000000000000e+02
1.850000000000000000e+02
1.980000000000000000e+02
2.270000000000000000e+02
2.690000000000000000e+02
2.440000000000000000e+02
2.140000000000000000e+02
2.670000000000000000e+02
2.220000000000000000e+02
2.710000000000000000e+02
2.760000000000000000e+02
2.740000000000000000e+02
2.750000000000000000e+02
2.890000000000000000e+02
3.000000000000000000e+02
3.210000000000000000e+02
2.810000000000000000e+02
2.970000000000000000e+02
3.040000000000000000e+02
3.490000000000000000e+02
3.380000000000000000e+02
4.040000000000000000e+02
3.800000000000000000e+02
3.720000000000000000e+02
3.950000000000000000e+02
3.920000000000000000e+02
4.520000000000000000e+02
5.230000000000000000e+02
6.180000000000000000e+02
5.660000000000000000e+02
5.650000000000000000e+02
5.420000000000000000e+02
4.940000000000000000e+02
4.970000000000000000e+02
5.540000000000000000e+02
3.650000000000000000e+02
4.000000000000000000e+02
3.540000000000000000e+02
3.300000000000000000e+02
3.620000000000000000e+02
4.550000000000000000e+02
4.570000000000000000e+02
4.710000000000000000e+02
5.670000000000000000e+02
6.010000000000000000e+02
1.302000000000000000e+03
5.719000000000000000e+03
1.404200000000000000e+04
