6.905000000000000000e+03
3.750000000000000000e+02
1.210000000000000000e+03
3.200000000000000000e+02
7.450000000000000000e+02
4.940000000000000000e+02
4.820000000000000000e+02
4.310000000000000000e+02
2.590000000000000000e+02
1.680000000000000000e+02
7.900000000000000000e+01
1.000000000000000000e+02
9.900000000000000000e+01
8.800000000000000000e+01
9.500000000000000000e+01
1.020000000000000000e+02
8.000000000000000000e+01
9.000000000000000000e+01
7.700000000000000000e+01
8.000000000000000000e+01
1.180000000000000000e+02
8.900000000000000000e+01
8.300000000000000000e+01
1.150000000000000000e+02
1.210000000000000000e+02
1.090000000000000000e+02
1.450000000000000000e+02
1.150000000000000000e+02
1.180000000000000000e+02
2.260000000000000000e+02
1.660000000000000000e+02
2.310000000000000000e+02
2.920000000000000000e+02
2.120000000000000000e+02
1.990000000000000000e+02
2.800000000000000000e+02
3.280000000000000000e+02
3.200000000000000000e+02
3.960000000000000000e+02
1.700000000000000000e+02
1.170000000000000000e+02
1.120000000000000000e+02
1.290000000000000000e+02
1.110000000000000000e+02
1.330000000000000000e+02
1.220000000000000000e+02
1.350000000000000000e+02
1.390000000000000000e+02
1.360000000000000000e+02
1.340000000000000000e+02
1.410000000000000000e+02
1.470000000000000000e+02
1.280000000000000000e+02
1.150000000000000000e+02
1.250000000000000000e+02
1.010000000000000000e+02
1.220000000000000000e+02
1.320000000000000000e+02
1.220000000000000000e+02
1.090000000000000000e+02
1.220000000000000000e+02
1.060000000000000000e+02
1.160000000000000000e+02
1.160000000000000000e+02
1.150000000000000000e+02
1.110000000000000000e+02
9.800000000000000000e+01
9.300000000000000000e+01
1.080000000000000000e+02
1.000000000000000000e+02
8.700000000000000000e+01
1.120000000000000000e+02
8.800000000000000000e+01
1.050000000000000000e+02
8.900000000000000000e+01
8.800000000000000000e+01
8.800000000000000000e+01
9.100000000000000000e+01
7.900000000000000000e+01
8.700000000000000000e+01
1.030000000000000000e+02
8.500000000000000000e+01
8.400000000000000000e+01
9.600000000000000000e+01
7.200000000000000000e+01
8.200000000000000000e+01
9.200000000000000000e+01
7.900000000000000000e+01
7.900000000000000000e+01
6.900000000000000000e+01
7.200000000000000000e+01
7.800000000000000000e+01
7.000000000000000000e+01
5.400000000000000000e+01
8.300000000000000000e+01
7.000000000000000000e+01
7.600000000000000000e+01
6.800000000000000000e+01
8.300000000000000000e+01
7.900000000000000000e+01
6.200000000000000000e+01
5.800000000000000000e+01
7.000000000000000000e+01
8.000000000000000000e+01
8.500000000000000000e+01
5.100000000000000000e+01
6.000000000000000000e+01
5.100000000000000000e+01
6.400000000000000000e+01
7.000000000000000000e+01
7.700000000000000000e+01
6.100000000000000000e+01
6.200000000000000000e+01
5.200000000000000000e+01
5.900000000000000000e+01
8.300000000000000000e+01
5.500000000000000000e+01
6.400000000000000000e+01
5.900000000000000000e+01
7.300000000000000000e+01
6.600000000000000000e+01
7.000000000000000000e+01
7.000000000000000000e+01
5.500000000000000000e+01
4.700000000000000000e+01
5.100000000000000000e+01
6.800000000000000000e+01
5.100000000000000000e+01
5.400000000000000000e+01
5.900000000000000000e+01
5.800000000000000000e+01
5.000000000000000000e+01
6.000000000000000000e+01
5.700000000000000000e+01
4.900000000000000000e+01
5.100000000000000000e+01
5.700000000000000000e+01
4.800000000000000000e+01
4.600000000000000000e+01
3.100000000000000000e+01
4.600000000000000000e+01
5.400000000000000000e+01
4.700000000000000000e+01
5.500000000000000000e+01
6.300000000000000000e+01
4.600000000000000000e+01
5.400000000000000000e+01
6.300000000000000000e+01
8.100000000000000000e+01
9.100000000000000000e+01
1.030000000000000000e+02
1.230000000000000000e+02
1.130000000000000000e+02
1.230000000000000000e+02
1.000000000000000000e+02
1.150000000000000000e+02
1.290000000000000000e+02
1.550000000000000000e+02
2.600000000000000000e+02
5.490000000000000000e+02
1.105000000000000000e+03
1.256000000000000000e+03
1.693000000000000000e+03
3.456000000000000000e+03
2.331000000000000000e+03
3.700000000000000000e+03
6.295000000000000000e+03
8.591000000000000000e+03
5.447000000000000000e+03
6.388000000000000000e+03
6.961000000000000000e+03
7.494000000000000000e+03
9.219000000000000000e+03
1.176300000000000000e+04
9.085000000000000000e+03
8.380000000000000000e+03
8.527000000000000000e+03
9.511000000000000000e+03
7.179000000000000000e+03
6.479000000000000000e+03
5.817000000000000000e+03
4.880000000000000000e+03
4.366000000000000000e+03
3.538000000000000000e+03
2.276000000000000000e+03
1.453000000000000000e+03
9.920000000000000000e+02
7.130000000000000000e+02
5.030000000000000000e+02
4.160000000000000000e+02
3.340000000000000000e+02
2.530000000000000000e+02
2.120000000000000000e+02
1.720000000000000000e+02
1.450000000000000000e+02
1.320000000000000000e+02
1.510000000000000000e+02
1.900000000000000000e+02
1.700000000000000000e+02
1.250000000000000000e+02
1.070000000000000000e+02
2.170000000000000000e+02
1.400000000000000000e+02
1.590000000000000000e+02
7.000000000000000000e+01
8.600000000000000000e+01
1.100000000000000000e+02
8.900000000000000000e+01
1.240000000000000000e+02
1.090000000000000000e+02
1.100000000000000000e+02
1.300000000000000000e+02
1.070000000000000000e+02
9.600000000000000000e+01
4.000000000000000000e+01
4.600000000000000000e+01
2.000000000000000000e+01
8.000000000000000000e+00
9.000000000000000000e+00
1.000000000000000000e+01
9.000000000000000000e+00
5.000000000000000000e+00
2.000000000000000000e+00
3.000000000000000000e+00
5.000000000000000000e+00
1.000000000000000000e+00
5.000000000000000000e+00
4.000000000000000000e+00
3.000000000000000000e+00
3.000000000000000000e+00
2.000000000000000000e+00
2.000000000000000000e+00
2.000000000000000000e+00
0.000000000000000000e+00
2.000000000000000000e+00
1.000000000000000000e+00
1.000000000000000000e+00
1.000000000000000000e+00
1.000000000000000000e+00
0.000000000000000000e+00
0.000000000000000000e+00
0.000000000000000000e+00
0.000000000000000000e+00
1.000000000000000000e+00
0.000000000000000000e+00
0.000000000000000000e+00
0.000000000000000000e+00
0.000000000000000000e+00
1.000000000000000000e+00
1.000000000000000000e+00
1.000000000000000000e+00
0.000000000000000000e+00
0.000000000000000000e+00
0.000000000000000000e+00
0.000000000000000000e+00
0.000000000000000000e+00
6.492000000000000000e+03
2.297000000000000000e+03
1.362000000000000000e+03
4.350000000000000000e+02
3.500000000000000000e+02
1.390000000000000000e+02
9.000000000000000000e+01
7.100000000000000000e+01
5.400000000000000000e+01
7.800000000000000000e+01
5.300000000000000000e+01
5.600000000000000000e+01
7.100000000000000000e+01
7.600000000000000000e+01
7.900000000000000000e+01
7.700000000000000000e+01
6.200000000000000000e+01
6.900000000000000000e+01
7.100000000000000000e+01
5.900000000000000000e+01
6.900000000000000000e+01
7.600000000000000000e+01
7.800000000000000000e+01
7.100000000000000000e+01
6.900000000000000000e+01
7.200000000000000000e+01
6.500000000000000000e+01
7.800000000000000000e+01
1.040000000000000000e+02
9.300000000000000000e+01
8.900000000000000000e+01
9.500000000000000000e+01
2.380000000000000000e+02
3.750000000000000000e+02
2.800000000000000000e+02
2.180000000000000000e+02
2.440000000000000000e+02
2.060000000000000000e+02
2.390000000000000000e+02
2.760000000000000000e+02
1.930000000000000000e+02
1.420000000000000000e+02
1.150000000000000000e+02
1.160000000000000000e+02
9.500000000000000000e+01
9.300000000000000000e+01
1.030000000000000000e+02
8.600000000000000000e+01
9.700000000000000000e+01
8.700000000000000000e+01
1.030000000000000000e+02
7.800000000000000000e+01
8.100000000000000000e+01
8.700000000000000000e+01
9.900000000000000000e+01
9.000000000000000000e+01
1.010000000000000000e+02
8.200000000000000000e+01
1.010000000000000000e+02
8.700000000000000000e+01
8.200000000000000000e+01
9.100000000000000000e+01
9.400000000000000000e+01
8.200000000000000000e+01
1.070000000000000000e+02
7.900000000000000000e+01
9.900000000000000000e+01
7.600000000000000000e+01
1.030000000000000000e+02
7.900000000000000000e+01
9.400000000000000000e+01
8.200000000000000000e+01
7.000000000000000000e+01
9.900000000000000000e+01
8.300000000000000000e+01
7.600000000000000000e+01
7.600000000000000000e+01
8.300000000000000000e+01
7.200000000000000000e+01
9.400000000000000000e+01
9.400000000000000000e+01
9.500000000000000000e+01
7.900000000000000000e+01
8.200000000000000000e+01
7.100000000000000000e+01
8.100000000000000000e+01
1.010000000000000000e+02
9.100000000000000000e+01
7.600000000000000000e+01
7.700000000000000000e+01
7.200000000000000000e+01
8.700000000000000000e+01
8.900000000000000000e+01
7.400000000000000000e+01
9.700000000000000000e+01
7.200000000000000000e+01
7.600000000000000000e+01
7.600000000000000000e+01
8.100000000000000000e+01
7.800000000000000000e+01
8.800000000000000000e+01
7.700000000000000000e+01
8.500000000000000000e+01
7.700000000000000000e+01
7.200000000000000000e+01
1.100000000000000000e+02
9.600000000000000000e+01
9.200000000000000000e+01
1.080000000000000000e+02
9.400000000000000000e+01
9.500000000000000000e+01
1.420000000000000000e+02
1.250000000000000000e+02
1.030000000000000000e+02
1.230000000000000000e+02
1.400000000000000000e+02
1.430000000000000000e+02
2.010000000000000000e+02
2.950000000000000000e+02
5.020000000000000000e+02
6.400000000000000000e+02
9.170000000000000000e+02
1.523000000000000000e+03
2.829000000000000000e+03
1.963000000000000000e+03
2.262000000000000000e+03
3.065000000000000000e+03
3.930000000000000000e+03
5.847000000000000000e+03
7.159000000000000000e+03
6.995000000000000000e+03
5.338000000000000000e+03
6.064000000000000000e+03
6.459000000000000000e+03
6.164000000000000000e+03
3.569000000000000000e+03
3.405000000000000000e+03
4.223000000000000000e+03
6.449000000000000000e+03
6.582000000000000000e+03
4.515000000000000000e+03
3.620000000000000000e+03
4.390000000000000000e+03
6.469000000000000000e+03
5.437000000000000000e+03
4.179000000000000000e+03
2.627000000000000000e+03
2.402000000000000000e+03
2.497000000000000000e+03
2.467000000000000000e+03
2.700000000000000000e+03
2.981000000000000000e+03
3.274000000000000000e+03
3.900000000000000000e+03
3.131000000000000000e+03
2.432000000000000000e+03
1.798000000000000000e+03
1.594000000000000000e+03
1.220000000000000000e+03
8.450000000000000000e+02
6.790000000000000000e+02
5.500000000000000000e+02
4.700000000000000000e+02
4.570000000000000000e+02
4.310000000000000000e+02
4.020000000000000000e+02
3.620000000000000000e+02
3.360000000000000000e+02
2.950000000000000000e+02
3.040000000000000000e+02
3.170000000000000000e+02
2.480000000000000000e+02
2.840000000000000000e+02
2.280000000000000000e+02
2.480000000000000000e+02
2.810000000000000000e+02
2.320000000000000000e+02
2.690000000000000000e+02
1.800000000000000000e+02
1.210000000000000000e+02
1.470000000000000000e+02
1.320000000000000000e+02
1.300000000000000000e+02
1.070000000000000000e+02
9.200000000000000000e+01
1.180000000000000000e+02
1.020000000000000000e+02
8.600000000000000000e+01
6.300000000000000000e+01
6.700000000000000000e+01
9.500000000000000000e+01
1.260000000000000000e+02
1.390000000000000000e+02
1.250000000000000000e+02
1.320000000000000000e+02
9.700000000000000000e+01
9.900000000000000000e+01
5.700000000000000000e+01
3.900000000000000000e+01
5.100000000000000000e+01
3.600000000000000000e+01
3.900000000000000000e+01
3.200000000000000000e+01
2.800000000000000000e+01
2.900000000000000000e+01
2.500000000000000000e+01
3.600000000000000000e+01
3.400000000000000000e+01
3.000000000000000000e+01
1.800000000000000000e+01
2.400000000000000000e+01
2.200000000000000000e+01
2.200000000000000000e+01
1.800000000000000000e+01
2.900000000000000000e+01
2.200000000000000000e+01
2.000000000000000000e+01
2.000000000000000000e+01
1.500000000000000000e+01
2.400000000000000000e+01
7.000000000000000000e+00
1.400000000000000000e+01
5.000000000000000000e+00
1.700000000000000000e+01
1.400000000000000000e+01
1.100000000000000000e+01
1.100000000000000000e+01
6.000000000000000000e+00
8.000000000000000000e+00
5.000000000000000000e+00
6.000000000000000000e+00
8.000000000000000000e+00
7.000000000000000000e+00
8.000000000000000000e+00
6.000000000000000000e+00
3.000000000000000000e+00
1.000000000000000000e+00
2.000000000000000000e+00
2.000000000000000000e+00
4.000000000000000000e+00
5.000000000000000000e+00
2.000000000000000000e+00
2.000000000000000000e+00
2.000000000000000000e+00
4.000000000000000000e+00
1.000000000000000000e+00
1.000000000000000000e+00
1.000000000000000000e+00
2.000000000000000000e+00
1.000000000000000000e+00
1.000000000000000000e+00
0.000000000000000000e+00
1.000000000000000000e+00
0.000000000000000000e+00
0.000000000000000000e+00
0.000000000000000000e+00
5.937000000000000000e+03
1.656000000000000000e+03
7.180000000000000000e+02
1.440000000000000000e+03
6.740000000000000000e+02
2.310000000000000000e+02
9.500000000000000000e+01
6.100000000000000000e+01
5.500000000000000000e+01
4.000000000000000000e+01
4.800000000000000000e+01
3.800000000000000000e+01
5.700000000000000000e+01
6.900000000000000000e+01
5.500000000000000000e+01
6.400000000000000000e+01
5.800000000000000000e+01
5.000000000000000000e+01
7.000000000000000000e+01
5.800000000000000000e+01
5.300000000000000000e+01
5.500000000000000000e+01
7.300000000000000000e+01
5.800000000000000000e+01
6.500000000000000000e+01
7.000000000000000000e+01
6.900000000000000000e+01
6.800000000000000000e+01
1.110000000000000000e+02
1.250000000000000000e+02
1.520000000000000000e+02
1.960000000000000000e+02
1.790000000000000000e+02
2.660000000000000000e+02
3.520000000000000000e+02
1.740000000000000000e+02
1.200000000000000000e+02
1.860000000000000000e+02
1.430000000000000000e+02
1.950000000000000000e+02
8.300000000000000000e+01
1.510000000000000000e+02
2.030000000000000000e+02
6.400000000000000000e+01
6.000000000000000000e+01
7.000000000000000000e+01
7.400000000000000000e+01
7.800000000000000000e+01
7.000000000000000000e+01
5.500000000000000000e+01
6.700000000000000000e+01
8.000000000000000000e+01
6.300000000000000000e+01
6.800000000000000000e+01
6.200000000000000000e+01
7.000000000000000000e+01
7.000000000000000000e+01
6.400000000000000000e+01
6.300000000000000000e+01
6.300000000000000000e+01
5.500000000000000000e+01
6.100000000000000000e+01
7.000000000000000000e+01
7.500000000000000000e+01
7.000000000000000000e+01
5.500000000000000000e+01
5.300000000000000000e+01
6.200000000000000000e+01
6.400000000000000000e+01
7.000000000000000000e+01
5.900000000000000000e+01
6.500000000000000000e+01
5.600000000000000000e+01
7.300000000000000000e+01
5.900000000000000000e+01
5.900000000000000000e+01
8.100000000000000000e+01
5.800000000000000000e+01
8.100000000000000000e+01
9.500000000000000000e+01
1.020000000000000000e+02
1.290000000000000000e+02
1.080000000000000000e+02
1.290000000000000000e+02
1.260000000000000000e+02
1.370000000000000000e+02
1.470000000000000000e+02
1.470000000000000000e+02
1.560000000000000000e+02
1.390000000000000000e+02
1.070000000000000000e+02
1.970000000000000000e+02
4.260000000000000000e+02
8.400000000000000000e+02
1.204000000000000000e+03
1.494000000000000000e+03
2.333000000000000000e+03
3.803000000000000000e+03
5.588000000000000000e+03
5.848000000000000000e+03
6.926000000000000000e+03
4.619000000000000000e+03
3.341000000000000000e+03
3.576000000000000000e+03
4.504000000000000000e+03
4.601000000000000000e+03
4.970000000000000000e+03
4.028000000000000000e+03
4.436000000000000000e+03
4.280000000000000000e+03
4.112000000000000000e+03
2.841000000000000000e+03
3.183000000000000000e+03
3.102000000000000000e+03
3.382000000000000000e+03
4.337000000000000000e+03
3.500000000000000000e+03
2.971000000000000000e+03
3.312000000000000000e+03
4.374000000000000000e+03
4.748000000000000000e+03
4.098000000000000000e+03
3.567000000000000000e+03
2.451000000000000000e+03
2.408000000000000000e+03
2.386000000000000000e+03
2.285000000000000000e+03
1.883000000000000000e+03
1.500000000000000000e+03
1.202000000000000000e+03
1.472000000000000000e+03
1.932000000000000000e+03
2.450000000000000000e+03
3.039000000000000000e+03
2.390000000000000000e+03
2.124000000000000000e+03
1.677000000000000000e+03
1.466000000000000000e+03
1.239000000000000000e+03
9.310000000000000000e+02
7.210000000000000000e+02
5.600000000000000000e+02
4.550000000000000000e+02
3.870000000000000000e+02
3.660000000000000000e+02
3.640000000000000000e+02
3.200000000000000000e+02
3.270000000000000000e+02
3.050000000000000000e+02
2.820000000000000000e+02
3.710000000000000000e+02
3.670000000000000000e+02
3.300000000000000000e+02
3.450000000000000000e+02
3.070000000000000000e+02
2.840000000000000000e+02
3.360000000000000000e+02
3.140000000000000000e+02
3.980000000000000000e+02
3.160000000000000000e+02
3.540000000000000000e+02
2.020000000000000000e+02
2.250000000000000000e+02
2.260000000000000000e+02
1.770000000000000000e+02
1.540000000000000000e+02
1.720000000000000000e+02
1.660000000000000000e+02
1.470000000000000000e+02
1.790000000000000000e+02
1.500000000000000000e+02
1.650000000000000000e+02
1.370000000000000000e+02
1.700000000000000000e+02
1.070000000000000000e+02
1.450000000000000000e+02
1.240000000000000000e+02
1.140000000000000000e+02
1.290000000000000000e+02
1.450000000000000000e+02
1.330000000000000000e+02
1.100000000000000000e+02
1.150000000000000000e+02
1.270000000000000000e+02
1.470000000000000000e+02
1.690000000000000000e+02
1.240000000000000000e+02
1.180000000000000000e+02
8.400000000000000000e+01
3.500000000000000000e+01
5.200000000000000000e+01
4.600000000000000000e+01
4.800000000000000000e+01
4.600000000000000000e+01
5.200000000000000000e+01
4.600000000000000000e+01
5.400000000000000000e+01
4.600000000000000000e+01
4.400000000000000000e+01
4.400000000000000000e+01
4.700000000000000000e+01
4.500000000000000000e+01
3.800000000000000000e+01
4.300000000000000000e+01
3.100000000000000000e+01
4.100000000000000000e+01
4.600000000000000000e+01
5.000000000000000000e+01
3.600000000000000000e+01
3.100000000000000000e+01
3.900000000000000000e+01
4.300000000000000000e+01
3.600000000000000000e+01
4.600000000000000000e+01
4.000000000000000000e+01
3.400000000000000000e+01
3.800000000000000000e+01
3.000000000000000000e+01
3.700000000000000000e+01
3.000000000000000000e+01
3.300000000000000000e+01
3.200000000000000000e+01
3.200000000000000000e+01
3.000000000000000000e+01
3.300000000000000000e+01
3.300000000000000000e+01
4.100000000000000000e+01
2.300000000000000000e+01
3.500000000000000000e+01
3.200000000000000000e+01
3.400000000000000000e+01
4.000000000000000000e+01
2.600000000000000000e+01
3.500000000000000000e+01
3.200000000000000000e+01
2.600000000000000000e+01
2.700000000000000000e+01
2.400000000000000000e+01
3.100000000000000000e+01
4.300000000000000000e+01
3.200000000000000000e+01
3.100000000000000000e+01
2.500000000000000000e+01
2.900000000000000000e+01
2.800000000000000000e+01
2.500000000000000000e+01
2.600000000000000000e+01
2.900000000000000000e+01
3.100000000000000000e+01
2.700000000000000000e+01
2.800000000000000000e+01
3.400000000000000000e+01
2.900000000000000000e+01
2.500000000000000000e+01
2.400000000000000000e+01
2.850000000000000000e+02
