4.822000000000000000e+03
1.419000000000000000e+03
1.661000000000000000e+03
2.024000000000000000e+03
2.088000000000000000e+03
2.238000000000000000e+03
2.379000000000000000e+03
2.304000000000000000e+03
2.209000000000000000e+03
2.204000000000000000e+03
2.092000000000000000e+03
1.898000000000000000e+03
1.831000000000000000e+03
1.912000000000000000e+03
1.668000000000000000e+03
1.598000000000000000e+03
1.636000000000000000e+03
1.664000000000000000e+03
1.719000000000000000e+03
1.648000000000000000e+03
1.620000000000000000e+03
1.688000000000000000e+03
1.737000000000000000e+03
1.746000000000000000e+03
1.853000000000000000e+03
1.764000000000000000e+03
1.798000000000000000e+03
1.772000000000000000e+03
1.776000000000000000e+03
1.720000000000000000e+03
1.740000000000000000e+03
1.608000000000000000e+03
1.549000000000000000e+03
1.587000000000000000e+03
1.467000000000000000e+03
1.457000000000000000e+03
1.379000000000000000e+03
1.358000000000000000e+03
1.208000000000000000e+03
1.193000000000000000e+03
1.175000000000000000e+03
1.122000000000000000e+03
1.039000000000000000e+03
1.075000000000000000e+03
1.038000000000000000e+03
9.930000000000000000e+02
9.730000000000000000e+02
9.780000000000000000e+02
9.410000000000000000e+02
9.390000000000000000e+02
9.150000000000000000e+02
9.670000000000000000e+02
9.630000000000000000e+02
1.007000000000000000e+03
9.850000000000000000e+02
9.950000000000000000e+02
1.058000000000000000e+03
1.058000000000000000e+03
1.079000000000000000e+03
1.050000000000000000e+03
1.150000000000000000e+03
1.179000000000000000e+03
1.163000000000000000e+03
1.152000000000000000e+03
1.164000000000000000e+03
1.130000000000000000e+03
1.133000000000000000e+03
1.033000000000000000e+03
9.660000000000000000e+02
9.270000000000000000e+02
8.960000000000000000e+02
8.070000000000000000e+02
7.820000000000000000e+02
7.720000000000000000e+02
7.210000000000000000e+02
6.450000000000000000e+02
5.780000000000000000e+02
5.740000000000000000e+02
5.840000000000000000e+02
5.230000000000000000e+02
4.980000000000000000e+02
4.670000000000000000e+02
4.570000000000000000e+02
4.760000000000000000e+02
4.210000000000000000e+02
4.430000000000000000e+02
4.420000000000000000e+02
4.360000000000000000e+02
4.070000000000000000e+02
4.860000000000000000e+02
4.670000000000000000e+02
4.350000000000000000e+02
4.650000000000000000e+02
4.580000000000000000e+02
4.740000000000000000e+02
4.760000000000000000e+02
5.000000000000000000e+02
4.860000000000000000e+02
4.960000000000000000e+02
5.410000000000000000e+02
5.390000000000000000e+02
5.990000000000000000e+02
5.640000000000000000e+02
6.420000000000000000e+02
6.530000000000000000e+02
6.920000000000000000e+02
7.100000000000000000e+02
6.840000000000000000e+02
6.920000000000000000e+02
7.010000000000000000e+02
6.960000000000000000e+02
7.120000000000000000e+02
6.830000000000000000e+02
6.930000000000000000e+02
7.140000000000000000e+02
7.170000000000000000e+02
8.060000000000000000e+02
7.850000000000000000e+02
6.940000000000000000e+02
7.100000000000000000e+02
6.410000000000000000e+02
6.450000000000000000e+02
5.760000000000000000e+02
5.130000000000000000e+02
5.070000000000000000e+02
5.090000000000000000e+02
4.190000000000000000e+02
4.850000000000000000e+02
4.560000000000000000e+02
4.760000000000000000e+02
4.260000000000000000e+02
4.380000000000000000e+02
4.870000000000000000e+02
4.620000000000000000e+02
4.360000000000000000e+02
4.650000000000000000e+02
4.680000000000000000e+02
4.790000000000000000e+02
4.780000000000000000e+02
4.580000000000000000e+02
5.070000000000000000e+02
5.020000000000000000e+02
4.780000000000000000e+02
4.380000000000000000e+02
3.960000000000000000e+02
4.030000000000000000e+02
4.020000000000000000e+02
4.240000000000000000e+02
3.870000000000000000e+02
4.020000000000000000e+02
4.660000000000000000e+02
4.610000000000000000e+02
4.730000000000000000e+02
4.470000000000000000e+02
4.350000000000000000e+02
4.230000000000000000e+02
4.040000000000000000e+02
4.480000000000000000e+02
3.790000000000000000e+02
3.860000000000000000e+02
3.990000000000000000e+02
4.010000000000000000e+02
4.350000000000000000e+02
4.270000000000000000e+02
4.250000000000000000e+02
4.470000000000000000e+02
4.780000000000000000e+02
5.460000000000000000e+02
6.200000000000000000e+02
6.340000000000000000e+02
6.710000000000000000e+02
6.870000000000000000e+02
6.780000000000000000e+02
7.390000000000000000e+02
6.790000000000000000e+02
7.420000000000000000e+02
6.500000000000000000e+02
6.480000000000000000e+02
6.330000000000000000e+02
6.150000000000000000e+02
5.720000000000000000e+02
5.440000000000000000e+02
5.210000000000000000e+02
5.110000000000000000e+02
5.460000000000000000e+02
4.720000000000000000e+02
4.620000000000000000e+02
5.150000000000000000e+02
4.910000000000000000e+02
4.840000000000000000e+02
4.530000000000000000e+02
4.220000000000000000e+02
4.250000000000000000e+02
3.850000000000000000e+02
3.660000000000000000e+02
3.520000000000000000e+02
3.390000000000000000e+02
3.640000000000000000e+02
3.670000000000000000e+02
3.560000000000000000e+02
3.210000000000000000e+02
3.510000000000000000e+02
3.750000000000000000e+02
4.140000000000000000e+02
4.380000000000000000e+02
4.440000000000000000e+02
4.680000000000000000e+02
4.910000000000000000e+02
4.810000000000000000e+02
4.710000000000000000e+02
4.500000000000000000e+02
3.940000000000000000e+02
3.380000000000000000e+02
2.530000000000000000e+02
2.200000000000000000e+02
1.810000000000000000e+02
1.330000000000000000e+02
9.900000000000000000e+01
8.900000000000000000e+01
8.600000000000000000e+01
7.300000000000000000e+01
7.400000000000000000e+01
6.300000000000000000e+01
7.500000000000000000e+01
5.500000000000000000e+01
8.200000000000000000e+01
7.400000000000000000e+01
9.300000000000000000e+01
7.900000000000000000e+01
8.800000000000000000e+01
9.900000000000000000e+01
8.800000000000000000e+01
9.700000000000000000e+01
1.000000000000000000e+02
1.330000000000000000e+02
1.320000000000000000e+02
1.510000000000000000e+02
1.500000000000000000e+02
1.570000000000000000e+02
2.050000000000000000e+02
2.070000000000000000e+02
2.610000000000000000e+02
2.910000000000000000e+02
4.290000000000000000e+02
3.760000000000000000e+02
1.148000000000000000e+03
4.460000000000000000e+02
4.520000000000000000e+02
3.810000000000000000e+02
3.750000000000000000e+02
3.670000000000000000e+02
2.720000000000000000e+02
1.640000000000000000e+02
1.780000000000000000e+02
8.500000000000000000e+01
2.370000000000000000e+02
6.800000000000000000e+01
1.100000000000000000e+02
2.300000000000000000e+02
4.490000000000000000e+02
6.430000000000000000e+02
6.670000000000000000e+02
7.540000000000000000e+02
8.360000000000000000e+02
8.820000000000000000e+02
1.064000000000000000e+03
1.308000000000000000e+03
1.499000000000000000e+03
1.689000000000000000e+03
1.593000000000000000e+03
1.413000000000000000e+03
1.315000000000000000e+03
1.278000000000000000e+03
1.204000000000000000e+03
1.176000000000000000e+03
1.147000000000000000e+03
1.135000000000000000e+03
1.135000000000000000e+03
1.213000000000000000e+03
1.208000000000000000e+03
1.199000000000000000e+03
1.199000000000000000e+03
1.133000000000000000e+03
1.081000000000000000e+03
1.114000000000000000e+03
9.620000000000000000e+02
9.360000000000000000e+02
8.580000000000000000e+02
8.340000000000000000e+02
7.650000000000000000e+02
6.990000000000000000e+02
6.740000000000000000e+02
6.520000000000000000e+02
6.870000000000000000e+02
6.280000000000000000e+02
6.530000000000000000e+02
6.830000000000000000e+02
7.150000000000000000e+02
6.720000000000000000e+02
7.010000000000000000e+02
7.460000000000000000e+02
7.490000000000000000e+02
7.360000000000000000e+02
8.210000000000000000e+02
8.440000000000000000e+02
8.850000000000000000e+02
8.820000000000000000e+02
8.840000000000000000e+02
9.630000000000000000e+02
9.680000000000000000e+02
1.018000000000000000e+03
1.118000000000000000e+03
1.181000000000000000e+03
1.158000000000000000e+03
1.158000000000000000e+03
1.271000000000000000e+03
1.191000000000000000e+03
1.236000000000000000e+03
1.283000000000000000e+03
1.329000000000000000e+03
1.217000000000000000e+03
1.200000000000000000e+03
1.232000000000000000e+03
1.094000000000000000e+03
1.124000000000000000e+03
1.090000000000000000e+03
1.061000000000000000e+03
1.054000000000000000e+03
1.016000000000000000e+03
9.710000000000000000e+02
1.045000000000000000e+03
1.035000000000000000e+03
1.035000000000000000e+03
1.013000000000000000e+03
9.930000000000000000e+02
9.960000000000000000e+02
1.056000000000000000e+03
1.125000000000000000e+03
1.077000000000000000e+03
1.153000000000000000e+03
1.117000000000000000e+03
1.198000000000000000e+03
1.258000000000000000e+03
1.336000000000000000e+03
1.410000000000000000e+03
1.416000000000000000e+03
1.558000000000000000e+03
1.567000000000000000e+03
1.525000000000000000e+03
1.513000000000000000e+03
1.269000000000000000e+03
1.165000000000000000e+03
1.059000000000000000e+03
9.550000000000000000e+02
8.520000000000000000e+02
7.840000000000000000e+02
6.870000000000000000e+02
6.730000000000000000e+02
6.460000000000000000e+02
5.890000000000000000e+02
5.880000000000000000e+02
6.060000000000000000e+02
5.900000000000000000e+02
5.970000000000000000e+02
5.980000000000000000e+02
5.210000000000000000e+02
5.250000000000000000e+02
5.710000000000000000e+02
5.040000000000000000e+02
5.150000000000000000e+02
5.300000000000000000e+02
5.750000000000000000e+02
5.580000000000000000e+02
5.530000000000000000e+02
5.520000000000000000e+02
5.900000000000000000e+02
6.080000000000000000e+02
6.280000000000000000e+02
6.390000000000000000e+02
6.680000000000000000e+02
7.150000000000000000e+02
7.340000000000000000e+02
7.370000000000000000e+02
7.870000000000000000e+02
8.850000000000000000e+02
9.060000000000000000e+02
9.760000000000000000e+02
1.031000000000000000e+03
1.057000000000000000e+03
1.054000000000000000e+03
1.152000000000000000e+03
1.163000000000000000e+03
1.271000000000000000e+03
1.220000000000000000e+03
1.160000000000000000e+03
1.123000000000000000e+03
1.085000000000000000e+03
9.760000000000000000e+02
9.960000000000000000e+02
9.520000000000000000e+02
8.840000000000000000e+02
9.620000000000000000e+02
9.730000000000000000e+02
9.300000000000000000e+02
9.760000000000000000e+02
1.008000000000000000e+03
9.950000000000000000e+02
1.008000000000000000e+03
9.900000000000000000e+02
9.490000000000000000e+02
9.200000000000000000e+02
8.720000000000000000e+02
8.950000000000000000e+02
9.430000000000000000e+02
9.610000000000000000e+02
9.610000000000000000e+02
1.005000000000000000e+03
9.200000000000000000e+02
1.021000000000000000e+03
1.070000000000000000e+03
9.810000000000000000e+02
9.550000000000000000e+02
9.270000000000000000e+02
9.440000000000000000e+02
9.160000000000000000e+02
8.330000000000000000e+02
8.060000000000000000e+02
8.390000000000000000e+02
8.140000000000000000e+02
7.810000000000000000e+02
7.520000000000000000e+02
8.050000000000000000e+02
7.200000000000000000e+02
7.150000000000000000e+02
6.410000000000000000e+02
6.200000000000000000e+02
5.370000000000000000e+02
4.520000000000000000e+02
4.400000000000000000e+02
4.740000000000000000e+02
4.770000000000000000e+02
4.820000000000000000e+02
5.010000000000000000e+02
5.000000000000000000e+02
5.260000000000000000e+02
5.590000000000000000e+02
5.750000000000000000e+02
5.100000000000000000e+02
4.590000000000000000e+02
3.880000000000000000e+02
3.520000000000000000e+02
2.970000000000000000e+02
2.550000000000000000e+02
1.890000000000000000e+02
2.040000000000000000e+02
1.350000000000000000e+02
1.400000000000000000e+02
1.020000000000000000e+02
9.800000000000000000e+01
1.030000000000000000e+02
1.090000000000000000e+02
1.110000000000000000e+02
1.280000000000000000e+02
1.240000000000000000e+02
1.370000000000000000e+02
1.510000000000000000e+02
1.430000000000000000e+02
1.210000000000000000e+02
1.280000000000000000e+02
1.350000000000000000e+02
1.180000000000000000e+02
1.260000000000000000e+02
1.010000000000000000e+02
1.100000000000000000e+02
9.900000000000000000e+01
1.280000000000000000e+02
1.100000000000000000e+02
1.270000000000000000e+02
1.170000000000000000e+02
1.190000000000000000e+02
1.360000000000000000e+02
1.450000000000000000e+02
1.140000000000000000e+02
1.310000000000000000e+02
1.350000000000000000e+02
1.360000000000000000e+02
1.640000000000000000e+02
1.550000000000000000e+02
1.460000000000000000e+02
1.430000000000000000e+02
1.550000000000000000e+02
1.640000000000000000e+02
1.780000000000000000e+02
1.900000000000000000e+02
1.660000000000000000e+02
1.790000000000000000e+02
1.820000000000000000e+02
1.650000000000000000e+02
1.710000000000000000e+02
1.620000000000000000e+02
1.830000000000000000e+02
1.650000000000000000e+02
1.220000000000000000e+02
1.010000000000000000e+02
8.700000000000000000e+01
9.600000000000000000e+01
8.100000000000000000e+01
9.400000000000000000e+01
1.160000000000000000e+02
1.510000000000000000e+02
2.320000000000000000e+02
2.524000000000000000e+03
6.430000000000000000e+02
3.870000000000000000e+02
4.730000000000000000e+02
5.430000000000000000e+02
5.500000000000000000e+02
5.130000000000000000e+02
4.920000000000000000e+02
5.210000000000000000e+02
4.950000000000000000e+02
6.180000000000000000e+02
7.230000000000000000e+02
7.730000000000000000e+02
8.800000000000000000e+02
1.045000000000000000e+03
1.170000000000000000e+03
1.329000000000000000e+03
1.420000000000000000e+03
1.369000000000000000e+03
1.382000000000000000e+03
1.402000000000000000e+03
1.359000000000000000e+03
1.482000000000000000e+03
1.451000000000000000e+03
1.422000000000000000e+03
1.571000000000000000e+03
1.581000000000000000e+03
1.612000000000000000e+03
1.702000000000000000e+03
1.626000000000000000e+03
1.596000000000000000e+03
1.555000000000000000e+03
1.517000000000000000e+03
1.618000000000000000e+03
1.658000000000000000e+03
1.583000000000000000e+03
1.617000000000000000e+03
1.602000000000000000e+03
1.583000000000000000e+03
1.582000000000000000e+03
1.561000000000000000e+03
1.507000000000000000e+03
1.458000000000000000e+03
1.356000000000000000e+03
1.327000000000000000e+03
1.406000000000000000e+03
1.342000000000000000e+03
1.282000000000000000e+03
1.269000000000000000e+03
1.166000000000000000e+03
1.171000000000000000e+03
1.062000000000000000e+03
1.050000000000000000e+03
9.870000000000000000e+02
1.003000000000000000e+03
9.300000000000000000e+02
9.540000000000000000e+02
9.060000000000000000e+02
8.540000000000000000e+02
8.770000000000000000e+02
8.360000000000000000e+02
8.090000000000000000e+02
7.910000000000000000e+02
8.060000000000000000e+02
7.710000000000000000e+02
7.310000000000000000e+02
7.580000000000000000e+02
6.730000000000000000e+02
7.170000000000000000e+02
6.490000000000000000e+02
6.340000000000000000e+02
6.890000000000000000e+02
7.070000000000000000e+02
6.210000000000000000e+02
7.050000000000000000e+02
6.450000000000000000e+02
6.790000000000000000e+02
6.180000000000000000e+02
6.560000000000000000e+02
6.080000000000000000e+02
6.050000000000000000e+02
6.460000000000000000e+02
5.970000000000000000e+02
5.540000000000000000e+02
5.750000000000000000e+02
5.260000000000000000e+02
5.580000000000000000e+02
5.020000000000000000e+02
5.350000000000000000e+02
4.630000000000000000e+02
4.810000000000000000e+02
4.470000000000000000e+02
4.220000000000000000e+02
4.850000000000000000e+02
4.760000000000000000e+02
4.510000000000000000e+02
4.430000000000000000e+02
4.760000000000000000e+02
4.340000000000000000e+02
4.260000000000000000e+02
4.310000000000000000e+02
4.280000000000000000e+02
4.050000000000000000e+02
4.090000000000000000e+02
3.930000000000000000e+02
4.270000000000000000e+02
4.070000000000000000e+02
3.820000000000000000e+02
4.140000000000000000e+02
4.070000000000000000e+02
4.560000000000000000e+02
4.250000000000000000e+02
4.780000000000000000e+02
4.440000000000000000e+02
4.920000000000000000e+02
5.270000000000000000e+02
6.330000000000000000e+02
7.210000000000000000e+02
7.990000000000000000e+02
9.100000000000000000e+02
9.310000000000000000e+02
1.075000000000000000e+03
1.200000000000000000e+03
1.173000000000000000e+03
1.184000000000000000e+03
1.267000000000000000e+03
1.210000000000000000e+03
1.097000000000000000e+03
9.840000000000000000e+02
9.140000000000000000e+02
7.930000000000000000e+02
7.560000000000000000e+02
6.730000000000000000e+02
5.810000000000000000e+02
5.790000000000000000e+02
5.850000000000000000e+02
6.450000000000000000e+02
6.760000000000000000e+02
6.630000000000000000e+02
7.490000000000000000e+02
8.010000000000000000e+02
8.620000000000000000e+02
8.780000000000000000e+02
9.520000000000000000e+02
1.099000000000000000e+03
1.159000000000000000e+03
1.187000000000000000e+03
1.287000000000000000e+03
1.311000000000000000e+03
1.400000000000000000e+03
1.470000000000000000e+03
1.542000000000000000e+03
1.621000000000000000e+03
1.521000000000000000e+03
1.675000000000000000e+03
1.642000000000000000e+03
1.502000000000000000e+03
1.464000000000000000e+03
1.433000000000000000e+03
1.353000000000000000e+03
1.285000000000000000e+03
1.293000000000000000e+03
1.230000000000000000e+03
1.249000000000000000e+03
1.191000000000000000e+03
1.183000000000000000e+03
1.168000000000000000e+03
1.128000000000000000e+03
1.070000000000000000e+03
9.830000000000000000e+02
9.940000000000000000e+02
8.690000000000000000e+02
8.840000000000000000e+02
7.620000000000000000e+02
6.890000000000000000e+02
6.210000000000000000e+02
6.020000000000000000e+02
6.220000000000000000e+02
5.760000000000000000e+02
4.910000000000000000e+02
4.900000000000000000e+02
4.550000000000000000e+02
4.590000000000000000e+02
4.370000000000000000e+02
4.300000000000000000e+02
4.870000000000000000e+02
4.540000000000000000e+02
4.040000000000000000e+02
4.130000000000000000e+02
4.110000000000000000e+02
4.100000000000000000e+02
4.040000000000000000e+02
3.980000000000000000e+02
3.710000000000000000e+02
3.770000000000000000e+02
3.980000000000000000e+02
3.960000000000000000e+02
3.870000000000000000e+02
4.170000000000000000e+02
3.940000000000000000e+02
3.960000000000000000e+02
4.100000000000000000e+02
4.050000000000000000e+02
3.950000000000000000e+02
3.570000000000000000e+02
3.290000000000000000e+02
3.510000000000000000e+02
2.870000000000000000e+02
3.200000000000000000e+02
2.930000000000000000e+02
2.640000000000000000e+02
2.970000000000000000e+02
2.560000000000000000e+02
2.920000000000000000e+02
2.220000000000000000e+02
2.480000000000000000e+02
2.760000000000000000e+02
2.350000000000000000e+02
2.530000000000000000e+02
2.170000000000000000e+02
1.840000000000000000e+02
1.870000000000000000e+02
1.740000000000000000e+02
1.410000000000000000e+02
1.330000000000000000e+02
1.200000000000000000e+02
1.040000000000000000e+02
8.700000000000000000e+01
8.300000000000000000e+01
1.030000000000000000e+02
6.700000000000000000e+01
8.600000000000000000e+01
8.800000000000000000e+01
8.300000000000000000e+01
7.900000000000000000e+01
6.700000000000000000e+01
5.500000000000000000e+01
7.500000000000000000e+01
8.100000000000000000e+01
7.600000000000000000e+01
6.100000000000000000e+01
5.600000000000000000e+01
8.100000000000000000e+01
8.000000000000000000e+01
7.800000000000000000e+01
8.500000000000000000e+01
8.300000000000000000e+01
1.060000000000000000e+02
1.450000000000000000e+02
1.590000000000000000e+02
1.450000000000000000e+02
2.070000000000000000e+02
3.180000000000000000e+02
2.130000000000000000e+02
4.020000000000000000e+02
9.180000000000000000e+02
9.050000000000000000e+02
