6.377000000000000000e+03
8.210000000000000000e+02
1.017000000000000000e+03
1.045000000000000000e+03
1.215000000000000000e+03
1.348000000000000000e+03
1.476000000000000000e+03
1.702000000000000000e+03
1.716000000000000000e+03
1.822000000000000000e+03
2.262000000000000000e+03
2.256000000000000000e+03
2.210000000000000000e+03
2.207000000000000000e+03
2.105000000000000000e+03
2.125000000000000000e+03
2.052000000000000000e+03
2.042000000000000000e+03
2.022000000000000000e+03
1.904000000000000000e+03
1.968000000000000000e+03
1.931000000000000000e+03
1.889000000000000000e+03
1.782000000000000000e+03
1.770000000000000000e+03
1.684000000000000000e+03
1.641000000000000000e+03
1.587000000000000000e+03
1.594000000000000000e+03
1.569000000000000000e+03
1.380000000000000000e+03
1.362000000000000000e+03
1.310000000000000000e+03
1.348000000000000000e+03
1.235000000000000000e+03
1.281000000000000000e+03
1.275000000000000000e+03
1.181000000000000000e+03
1.152000000000000000e+03
1.125000000000000000e+03
1.119000000000000000e+03
1.040000000000000000e+03
1.077000000000000000e+03
1.074000000000000000e+03
9.980000000000000000e+02
9.730000000000000000e+02
1.020000000000000000e+03
1.019000000000000000e+03
8.950000000000000000e+02
9.030000000000000000e+02
8.710000000000000000e+02
8.640000000000000000e+02
9.050000000000000000e+02
8.790000000000000000e+02
8.380000000000000000e+02
8.410000000000000000e+02
8.700000000000000000e+02
8.260000000000000000e+02
7.660000000000000000e+02
8.390000000000000000e+02
7.660000000000000000e+02
7.900000000000000000e+02
8.040000000000000000e+02
7.640000000000000000e+02
7.620000000000000000e+02
7.260000000000000000e+02
7.420000000000000000e+02
7.690000000000000000e+02
7.460000000000000000e+02
7.300000000000000000e+02
7.180000000000000000e+02
7.110000000000000000e+02
6.970000000000000000e+02
6.770000000000000000e+02
7.060000000000000000e+02
7.260000000000000000e+02
6.840000000000000000e+02
6.820000000000000000e+02
6.600000000000000000e+02
6.520000000000000000e+02
7.110000000000000000e+02
6.980000000000000000e+02
6.760000000000000000e+02
6.540000000000000000e+02
7.680000000000000000e+02
7.540000000000000000e+02
7.090000000000000000e+02
7.050000000000000000e+02
7.340000000000000000e+02
7.040000000000000000e+02
7.060000000000000000e+02
7.060000000000000000e+02
7.500000000000000000e+02
7.810000000000000000e+02
8.170000000000000000e+02
8.390000000000000000e+02
8.850000000000000000e+02
9.660000000000000000e+02
9.750000000000000000e+02
9.270000000000000000e+02
8.600000000000000000e+02
8.350000000000000000e+02
8.340000000000000000e+02
8.590000000000000000e+02
8.150000000000000000e+02
7.940000000000000000e+02
8.240000000000000000e+02
8.390000000000000000e+02
8.460000000000000000e+02
7.840000000000000000e+02
8.510000000000000000e+02
8.420000000000000000e+02
8.850000000000000000e+02
9.260000000000000000e+02
9.410000000000000000e+02
1.029000000000000000e+03
9.860000000000000000e+02
1.042000000000000000e+03
1.119000000000000000e+03
1.086000000000000000e+03
1.059000000000000000e+03
1.104000000000000000e+03
1.176000000000000000e+03
1.223000000000000000e+03
1.169000000000000000e+03
1.179000000000000000e+03
1.160000000000000000e+03
1.280000000000000000e+03
1.369000000000000000e+03
1.357000000000000000e+03
1.414000000000000000e+03
1.430000000000000000e+03
1.438000000000000000e+03
1.349000000000000000e+03
1.333000000000000000e+03
1.365000000000000000e+03
1.403000000000000000e+03
1.346000000000000000e+03
1.362000000000000000e+03
1.422000000000000000e+03
1.404000000000000000e+03
1.268000000000000000e+03
1.153000000000000000e+03
1.165000000000000000e+03
1.134000000000000000e+03
1.178000000000000000e+03
1.114000000000000000e+03
1.278000000000000000e+03
1.243000000000000000e+03
1.325000000000000000e+03
1.299000000000000000e+03
1.206000000000000000e+03
1.174000000000000000e+03
1.243000000000000000e+03
1.072000000000000000e+03
1.129000000000000000e+03
1.110000000000000000e+03
1.201000000000000000e+03
1.097000000000000000e+03
1.094000000000000000e+03
1.063000000000000000e+03
9.890000000000000000e+02
9.910000000000000000e+02
1.139000000000000000e+03
1.081000000000000000e+03
9.740000000000000000e+02
1.003000000000000000e+03
9.390000000000000000e+02
9.270000000000000000e+02
8.530000000000000000e+02
8.190000000000000000e+02
8.060000000000000000e+02
7.960000000000000000e+02
8.580000000000000000e+02
8.130000000000000000e+02
8.030000000000000000e+02
8.490000000000000000e+02
8.860000000000000000e+02
8.280000000000000000e+02
8.360000000000000000e+02
9.120000000000000000e+02
8.400000000000000000e+02
7.610000000000000000e+02
9.150000000000000000e+02
8.790000000000000000e+02
7.980000000000000000e+02
8.660000000000000000e+02
9.080000000000000000e+02
7.930000000000000000e+02
8.360000000000000000e+02
8.300000000000000000e+02
8.190000000000000000e+02
8.450000000000000000e+02
7.910000000000000000e+02
8.650000000000000000e+02
9.860000000000000000e+02
9.630000000000000000e+02
9.720000000000000000e+02
9.230000000000000000e+02
9.150000000000000000e+02
9.290000000000000000e+02
9.240000000000000000e+02
1.016000000000000000e+03
9.290000000000000000e+02
8.290000000000000000e+02
8.310000000000000000e+02
7.690000000000000000e+02
7.860000000000000000e+02
8.260000000000000000e+02
7.190000000000000000e+02
7.300000000000000000e+02
8.370000000000000000e+02
7.220000000000000000e+02
7.030000000000000000e+02
6.780000000000000000e+02
6.810000000000000000e+02
6.380000000000000000e+02
5.880000000000000000e+02
6.210000000000000000e+02
5.260000000000000000e+02
5.040000000000000000e+02
5.490000000000000000e+02
4.510000000000000000e+02
4.940000000000000000e+02
4.320000000000000000e+02
3.690000000000000000e+02
3.710000000000000000e+02
3.760000000000000000e+02
3.500000000000000000e+02
3.350000000000000000e+02
3.300000000000000000e+02
3.350000000000000000e+02
3.370000000000000000e+02
2.940000000000000000e+02
2.870000000000000000e+02
2.360000000000000000e+02
2.860000000000000000e+02
2.820000000000000000e+02
2.130000000000000000e+02
2.580000000000000000e+02
2.210000000000000000e+02
2.740000000000000000e+02
2.180000000000000000e+02
2.770000000000000000e+02
2.960000000000000000e+02
2.440000000000000000e+02
2.830000000000000000e+02
2.630000000000000000e+02
2.760000000000000000e+02
2.230000000000000000e+02
3.190000000000000000e+02
3.040000000000000000e+02
2.300000000000000000e+02
2.600000000000000000e+02
2.310000000000000000e+02
1.836000000000000000e+03
6.400000000000000000e+02
3.560000000000000000e+02
4.510000000000000000e+02
4.680000000000000000e+02
5.470000000000000000e+02
5.750000000000000000e+02
6.010000000000000000e+02
6.180000000000000000e+02
6.800000000000000000e+02
8.440000000000000000e+02
9.740000000000000000e+02
1.037000000000000000e+03
1.021000000000000000e+03
1.088000000000000000e+03
1.146000000000000000e+03
1.353000000000000000e+03
1.443000000000000000e+03
1.628000000000000000e+03
1.413000000000000000e+03
1.376000000000000000e+03
1.483000000000000000e+03
1.471000000000000000e+03
1.509000000000000000e+03
1.422000000000000000e+03
1.457000000000000000e+03
1.442000000000000000e+03
1.420000000000000000e+03
1.343000000000000000e+03
1.330000000000000000e+03
1.287000000000000000e+03
1.264000000000000000e+03
1.190000000000000000e+03
1.311000000000000000e+03
1.234000000000000000e+03
1.240000000000000000e+03
1.237000000000000000e+03
1.314000000000000000e+03
1.293000000000000000e+03
1.307000000000000000e+03
1.281000000000000000e+03
1.258000000000000000e+03
1.210000000000000000e+03
1.203000000000000000e+03
1.213000000000000000e+03
1.173000000000000000e+03
1.138000000000000000e+03
1.114000000000000000e+03
1.075000000000000000e+03
1.036000000000000000e+03
1.093000000000000000e+03
1.142000000000000000e+03
1.074000000000000000e+03
1.038000000000000000e+03
1.043000000000000000e+03
1.041000000000000000e+03
9.520000000000000000e+02
1.017000000000000000e+03
9.530000000000000000e+02
9.940000000000000000e+02
9.440000000000000000e+02
9.070000000000000000e+02
9.220000000000000000e+02
9.280000000000000000e+02
8.850000000000000000e+02
8.570000000000000000e+02
7.940000000000000000e+02
8.450000000000000000e+02
8.130000000000000000e+02
7.900000000000000000e+02
7.990000000000000000e+02
7.860000000000000000e+02
8.360000000000000000e+02
8.030000000000000000e+02
8.260000000000000000e+02
8.300000000000000000e+02
7.770000000000000000e+02
7.770000000000000000e+02
7.970000000000000000e+02
8.270000000000000000e+02
7.360000000000000000e+02
7.830000000000000000e+02
7.560000000000000000e+02
7.140000000000000000e+02
7.340000000000000000e+02
7.110000000000000000e+02
7.380000000000000000e+02
7.270000000000000000e+02
7.630000000000000000e+02
7.140000000000000000e+02
7.040000000000000000e+02
6.820000000000000000e+02
7.140000000000000000e+02
7.340000000000000000e+02
7.310000000000000000e+02
6.970000000000000000e+02
5.910000000000000000e+02
6.880000000000000000e+02
6.780000000000000000e+02
6.170000000000000000e+02
6.800000000000000000e+02
6.840000000000000000e+02
6.220000000000000000e+02
7.000000000000000000e+02
7.220000000000000000e+02
7.030000000000000000e+02
7.400000000000000000e+02
7.230000000000000000e+02
7.830000000000000000e+02
7.040000000000000000e+02
7.860000000000000000e+02
7.670000000000000000e+02
7.540000000000000000e+02
8.200000000000000000e+02
8.680000000000000000e+02
8.690000000000000000e+02
8.730000000000000000e+02
8.910000000000000000e+02
9.880000000000000000e+02
9.700000000000000000e+02
9.710000000000000000e+02
9.960000000000000000e+02
1.030000000000000000e+03
1.041000000000000000e+03
1.054000000000000000e+03
1.073000000000000000e+03
1.237000000000000000e+03
1.164000000000000000e+03
1.217000000000000000e+03
1.333000000000000000e+03
1.374000000000000000e+03
1.478000000000000000e+03
1.542000000000000000e+03
1.603000000000000000e+03
1.621000000000000000e+03
1.624000000000000000e+03
1.596000000000000000e+03
1.524000000000000000e+03
1.568000000000000000e+03
1.668000000000000000e+03
1.831000000000000000e+03
1.888000000000000000e+03
1.819000000000000000e+03
1.633000000000000000e+03
1.582000000000000000e+03
1.583000000000000000e+03
1.499000000000000000e+03
1.463000000000000000e+03
1.408000000000000000e+03
1.397000000000000000e+03
1.421000000000000000e+03
1.452000000000000000e+03
1.468000000000000000e+03
1.594000000000000000e+03
1.513000000000000000e+03
1.554000000000000000e+03
1.476000000000000000e+03
1.405000000000000000e+03
1.362000000000000000e+03
1.290000000000000000e+03
1.334000000000000000e+03
1.473000000000000000e+03
1.435000000000000000e+03
1.505000000000000000e+03
1.484000000000000000e+03
1.525000000000000000e+03
1.522000000000000000e+03
1.420000000000000000e+03
1.413000000000000000e+03
1.470000000000000000e+03
1.400000000000000000e+03
1.387000000000000000e+03
1.323000000000000000e+03
1.271000000000000000e+03
1.343000000000000000e+03
1.394000000000000000e+03
1.344000000000000000e+03
1.276000000000000000e+03
1.212000000000000000e+03
1.146000000000000000e+03
1.171000000000000000e+03
1.219000000000000000e+03
1.072000000000000000e+03
1.099000000000000000e+03
1.058000000000000000e+03
1.086000000000000000e+03
1.087000000000000000e+03
1.178000000000000000e+03
1.201000000000000000e+03
1.255000000000000000e+03
1.328000000000000000e+03
1.284000000000000000e+03
1.343000000000000000e+03
1.304000000000000000e+03
1.412000000000000000e+03
1.459000000000000000e+03
1.420000000000000000e+03
1.537000000000000000e+03
1.485000000000000000e+03
1.391000000000000000e+03
1.317000000000000000e+03
1.229000000000000000e+03
1.089000000000000000e+03
1.025000000000000000e+03
1.025000000000000000e+03
1.020000000000000000e+03
9.670000000000000000e+02
9.120000000000000000e+02
8.290000000000000000e+02
8.800000000000000000e+02
8.590000000000000000e+02
7.790000000000000000e+02
6.900000000000000000e+02
6.030000000000000000e+02
5.640000000000000000e+02
5.490000000000000000e+02
5.610000000000000000e+02
4.740000000000000000e+02
4.390000000000000000e+02
4.410000000000000000e+02
3.870000000000000000e+02
3.260000000000000000e+02
3.830000000000000000e+02
3.700000000000000000e+02
3.700000000000000000e+02
3.110000000000000000e+02
3.230000000000000000e+02
3.000000000000000000e+02
3.280000000000000000e+02
3.510000000000000000e+02
3.270000000000000000e+02
3.230000000000000000e+02
3.090000000000000000e+02
2.910000000000000000e+02
2.710000000000000000e+02
2.440000000000000000e+02
2.350000000000000000e+02
2.490000000000000000e+02
2.170000000000000000e+02
2.250000000000000000e+02
2.330000000000000000e+02
2.270000000000000000e+02
1.980000000000000000e+02
1.910000000000000000e+02
2.100000000000000000e+02
1.850000000000000000e+02
1.890000000000000000e+02
1.810000000000000000e+02
1.830000000000000000e+02
1.910000000000000000e+02
2.280000000000000000e+02
2.260000000000000000e+02
2.490000000000000000e+02
2.600000000000000000e+02
2.710000000000000000e+02
3.540000000000000000e+02
1.151000000000000000e+03
2.375000000000000000e+03
4.540000000000000000e+02
4.290000000000000000e+02
5.550000000000000000e+02
6.100000000000000000e+02
6.230000000000000000e+02
7.440000000000000000e+02
8.420000000000000000e+02
9.250000000000000000e+02
1.028000000000000000e+03
1.205000000000000000e+03
1.386000000000000000e+03
1.606000000000000000e+03
1.488000000000000000e+03
1.511000000000000000e+03
1.491000000000000000e+03
1.484000000000000000e+03
1.578000000000000000e+03
1.538000000000000000e+03
1.577000000000000000e+03
1.541000000000000000e+03
1.586000000000000000e+03
1.517000000000000000e+03
1.458000000000000000e+03
1.488000000000000000e+03
1.379000000000000000e+03
1.445000000000000000e+03
1.395000000000000000e+03
1.449000000000000000e+03
1.321000000000000000e+03
1.371000000000000000e+03
1.378000000000000000e+03
1.363000000000000000e+03
1.239000000000000000e+03
1.257000000000000000e+03
1.228000000000000000e+03
1.179000000000000000e+03
1.180000000000000000e+03
1.241000000000000000e+03
1.127000000000000000e+03
1.129000000000000000e+03
1.112000000000000000e+03
1.049000000000000000e+03
1.126000000000000000e+03
1.055000000000000000e+03
1.033000000000000000e+03
1.126000000000000000e+03
1.022000000000000000e+03
1.038000000000000000e+03
1.027000000000000000e+03
9.350000000000000000e+02
9.280000000000000000e+02
9.310000000000000000e+02
9.690000000000000000e+02
9.770000000000000000e+02
9.550000000000000000e+02
8.920000000000000000e+02
9.480000000000000000e+02
9.170000000000000000e+02
9.050000000000000000e+02
9.190000000000000000e+02
9.430000000000000000e+02
8.800000000000000000e+02
8.320000000000000000e+02
8.760000000000000000e+02
8.820000000000000000e+02
8.840000000000000000e+02
8.480000000000000000e+02
8.520000000000000000e+02
8.320000000000000000e+02
9.030000000000000000e+02
8.590000000000000000e+02
8.240000000000000000e+02
8.840000000000000000e+02
8.050000000000000000e+02
8.250000000000000000e+02
7.900000000000000000e+02
7.570000000000000000e+02
7.180000000000000000e+02
7.220000000000000000e+02
7.570000000000000000e+02
7.320000000000000000e+02
7.520000000000000000e+02
7.150000000000000000e+02
7.100000000000000000e+02
7.060000000000000000e+02
6.690000000000000000e+02
6.390000000000000000e+02
6.940000000000000000e+02
6.560000000000000000e+02
6.830000000000000000e+02
6.660000000000000000e+02
6.410000000000000000e+02
6.330000000000000000e+02
6.640000000000000000e+02
6.310000000000000000e+02
6.400000000000000000e+02
6.300000000000000000e+02
6.580000000000000000e+02
6.400000000000000000e+02
6.140000000000000000e+02
6.220000000000000000e+02
6.530000000000000000e+02
6.670000000000000000e+02
7.160000000000000000e+02
6.750000000000000000e+02
7.740000000000000000e+02
8.210000000000000000e+02
8.070000000000000000e+02
8.300000000000000000e+02
7.710000000000000000e+02
7.920000000000000000e+02
7.650000000000000000e+02
8.040000000000000000e+02
7.660000000000000000e+02
8.100000000000000000e+02
8.650000000000000000e+02
8.290000000000000000e+02
8.720000000000000000e+02
8.410000000000000000e+02
8.210000000000000000e+02
8.450000000000000000e+02
8.560000000000000000e+02
8.870000000000000000e+02
9.540000000000000000e+02
1.105000000000000000e+03
1.197000000000000000e+03
1.078000000000000000e+03
1.214000000000000000e+03
1.192000000000000000e+03
1.271000000000000000e+03
1.256000000000000000e+03
1.305000000000000000e+03
1.405000000000000000e+03
1.433000000000000000e+03
1.521000000000000000e+03
1.492000000000000000e+03
1.677000000000000000e+03
1.655000000000000000e+03
1.825000000000000000e+03
1.867000000000000000e+03
1.805000000000000000e+03
1.744000000000000000e+03
1.547000000000000000e+03
1.535000000000000000e+03
1.532000000000000000e+03
1.579000000000000000e+03
1.550000000000000000e+03
1.537000000000000000e+03
1.605000000000000000e+03
1.629000000000000000e+03
1.505000000000000000e+03
1.446000000000000000e+03
1.474000000000000000e+03
1.400000000000000000e+03
1.351000000000000000e+03
1.422000000000000000e+03
1.399000000000000000e+03
1.347000000000000000e+03
1.414000000000000000e+03
1.469000000000000000e+03
1.435000000000000000e+03
1.420000000000000000e+03
1.467000000000000000e+03
1.454000000000000000e+03
1.474000000000000000e+03
1.569000000000000000e+03
1.573000000000000000e+03
1.690000000000000000e+03
1.682000000000000000e+03
1.643000000000000000e+03
1.667000000000000000e+03
1.590000000000000000e+03
1.468000000000000000e+03
1.352000000000000000e+03
1.274000000000000000e+03
1.218000000000000000e+03
1.176000000000000000e+03
1.207000000000000000e+03
1.260000000000000000e+03
1.206000000000000000e+03
1.134000000000000000e+03
1.094000000000000000e+03
1.068000000000000000e+03
1.149000000000000000e+03
1.202000000000000000e+03
1.106000000000000000e+03
9.940000000000000000e+02
9.960000000000000000e+02
9.690000000000000000e+02
9.980000000000000000e+02
1.004000000000000000e+03
1.085000000000000000e+03
1.021000000000000000e+03
1.087000000000000000e+03
1.003000000000000000e+03
1.140000000000000000e+03
1.125000000000000000e+03
1.130000000000000000e+03
1.224000000000000000e+03
1.277000000000000000e+03
1.405000000000000000e+03
1.314000000000000000e+03
1.077000000000000000e+03
9.370000000000000000e+02
8.780000000000000000e+02
8.900000000000000000e+02
9.350000000000000000e+02
8.780000000000000000e+02
8.380000000000000000e+02
7.720000000000000000e+02
7.920000000000000000e+02
6.580000000000000000e+02
6.450000000000000000e+02
6.410000000000000000e+02
5.510000000000000000e+02
5.350000000000000000e+02
4.940000000000000000e+02
4.720000000000000000e+02
4.470000000000000000e+02
3.880000000000000000e+02
4.190000000000000000e+02
4.090000000000000000e+02
4.420000000000000000e+02
3.600000000000000000e+02
3.530000000000000000e+02
3.140000000000000000e+02
3.320000000000000000e+02
3.490000000000000000e+02
3.130000000000000000e+02
2.910000000000000000e+02
2.850000000000000000e+02
2.710000000000000000e+02
2.340000000000000000e+02
2.180000000000000000e+02
2.080000000000000000e+02
2.140000000000000000e+02
1.940000000000000000e+02
2.050000000000000000e+02
1.810000000000000000e+02
2.060000000000000000e+02
1.970000000000000000e+02
1.980000000000000000e+02
1.590000000000000000e+02
2.190000000000000000e+02
2.240000000000000000e+02
1.930000000000000000e+02
2.260000000000000000e+02
2.170000000000000000e+02
2.440000000000000000e+02
1.890000000000000000e+02
2.750000000000000000e+02
2.680000000000000000e+02
2.240000000000000000e+02
2.860000000000000000e+02
1.449000000000000000e+03
