3.109000000000000000e+03
4.380000000000000000e+02
4.470000000000000000e+02
4.710000000000000000e+02
4.980000000000000000e+02
5.360000000000000000e+02
5.420000000000000000e+02
6.160000000000000000e+02
6.420000000000000000e+02
6.680000000000000000e+02
6.680000000000000000e+02
6.890000000000000000e+02
7.220000000000000000e+02
7.120000000000000000e+02
7.110000000000000000e+02
7.250000000000000000e+02
7.160000000000000000e+02
7.240000000000000000e+02
6.910000000000000000e+02
6.790000000000000000e+02
6.260000000000000000e+02
6.620000000000000000e+02
6.330000000000000000e+02
6.050000000000000000e+02
5.780000000000000000e+02
5.980000000000000000e+02
5.680000000000000000e+02
5.990000000000000000e+02
5.910000000000000000e+02
5.480000000000000000e+02
5.710000000000000000e+02
5.380000000000000000e+02
6.090000000000000000e+02
5.710000000000000000e+02
5.630000000000000000e+02
5.250000000000000000e+02
5.840000000000000000e+02
5.690000000000000000e+02
5.690000000000000000e+02
5.630000000000000000e+02
5.910000000000000000e+02
5.600000000000000000e+02
5.850000000000000000e+02
6.020000000000000000e+02
6.360000000000000000e+02
6.510000000000000000e+02
6.530000000000000000e+02
6.190000000000000000e+02
6.630000000000000000e+02
5.950000000000000000e+02
6.830000000000000000e+02
6.610000000000000000e+02
6.960000000000000000e+02
6.910000000000000000e+02
7.620000000000000000e+02
7.240000000000000000e+02
7.160000000000000000e+02
7.880000000000000000e+02
7.880000000000000000e+02
8.500000000000000000e+02
8.510000000000000000e+02
8.570000000000000000e+02
8.680000000000000000e+02
8.720000000000000000e+02
8.740000000000000000e+02
9.770000000000000000e+02
1.009000000000000000e+03
9.910000000000000000e+02
1.076000000000000000e+03
1.078000000000000000e+03
1.144000000000000000e+03
1.124000000000000000e+03
1.118000000000000000e+03
1.224000000000000000e+03
1.277000000000000000e+03
1.291000000000000000e+03
1.309000000000000000e+03
1.340000000000000000e+03
1.386000000000000000e+03
1.411000000000000000e+03
1.448000000000000000e+03
1.523000000000000000e+03
1.508000000000000000e+03
1.533000000000000000e+03
1.574000000000000000e+03
1.549000000000000000e+03
1.666000000000000000e+03
1.678000000000000000e+03
1.675000000000000000e+03
1.739000000000000000e+03
1.745000000000000000e+03
1.774000000000000000e+03
1.847000000000000000e+03
1.835000000000000000e+03
1.910000000000000000e+03
1.870000000000000000e+03
1.781000000000000000e+03
1.918000000000000000e+03
1.920000000000000000e+03
1.928000000000000000e+03
1.933000000000000000e+03
1.894000000000000000e+03
1.936000000000000000e+03
1.917000000000000000e+03
1.966000000000000000e+03
1.927000000000000000e+03
1.951000000000000000e+03
1.918000000000000000e+03
1.896000000000000000e+03
1.818000000000000000e+03
1.936000000000000000e+03
1.881000000000000000e+03
1.907000000000000000e+03
1.856000000000000000e+03
1.789000000000000000e+03
1.823000000000000000e+03
1.784000000000000000e+03
1.742000000000000000e+03
1.667000000000000000e+03
1.679000000000000000e+03
1.633000000000000000e+03
1.727000000000000000e+03
1.572000000000000000e+03
1.589000000000000000e+03
1.525000000000000000e+03
1.458000000000000000e+03
1.483000000000000000e+03
1.420000000000000000e+03
1.351000000000000000e+03
1.343000000000000000e+03
1.299000000000000000e+03
1.293000000000000000e+03
1.355000000000000000e+03
1.220000000000000000e+03
1.159000000000000000e+03
1.120000000000000000e+03
1.091000000000000000e+03
1.070000000000000000e+03
1.085000000000000000e+03
1.011000000000000000e+03
8.900000000000000000e+02
9.270000000000000000e+02
8.800000000000000000e+02
9.230000000000000000e+02
8.390000000000000000e+02
8.410000000000000000e+02
7.570000000000000000e+02
7.460000000000000000e+02
7.580000000000000000e+02
7.100000000000000000e+02
6.490000000000000000e+02
6.530000000000000000e+02
5.800000000000000000e+02
6.120000000000000000e+02
5.750000000000000000e+02
5.820000000000000000e+02
5.480000000000000000e+02
5.110000000000000000e+02
4.640000000000000000e+02
4.350000000000000000e+02
4.390000000000000000e+02
4.250000000000000000e+02
4.370000000000000000e+02
3.920000000000000000e+02
3.340000000000000000e+02
3.450000000000000000e+02
3.530000000000000000e+02
2.980000000000000000e+02
2.730000000000000000e+02
2.890000000000000000e+02
2.860000000000000000e+02
2.930000000000000000e+02
2.790000000000000000e+02
2.600000000000000000e+02
2.530000000000000000e+02
2.250000000000000000e+02
2.180000000000000000e+02
2.150000000000000000e+02
1.780000000000000000e+02
1.990000000000000000e+02
1.610000000000000000e+02
1.740000000000000000e+02
1.600000000000000000e+02
1.860000000000000000e+02
1.510000000000000000e+02
1.610000000000000000e+02
1.490000000000000000e+02
1.550000000000000000e+02
1.430000000000000000e+02
1.340000000000000000e+02
1.350000000000000000e+02
1.240000000000000000e+02
1.120000000000000000e+02
1.110000000000000000e+02
9.400000000000000000e+01
1.140000000000000000e+02
1.040000000000000000e+02
1.060000000000000000e+02
8.000000000000000000e+01
9.000000000000000000e+01
9.400000000000000000e+01
9.400000000000000000e+01
8.000000000000000000e+01
8.700000000000000000e+01
9.700000000000000000e+01
9.800000000000000000e+01
6.000000000000000000e+01
8.400000000000000000e+01
7.200000000000000000e+01
6.700000000000000000e+01
6.900000000000000000e+01
6.900000000000000000e+01
7.000000000000000000e+01
4.900000000000000000e+01
6.900000000000000000e+01
6.100000000000000000e+01
5.700000000000000000e+01
5.000000000000000000e+01
7.600000000000000000e+01
5.400000000000000000e+01
6.900000000000000000e+01
3.600000000000000000e+01
6.300000000000000000e+01
4.900000000000000000e+01
3.200000000000000000e+01
4.900000000000000000e+01
3.500000000000000000e+01
4.000000000000000000e+01
3.600000000000000000e+01
3.100000000000000000e+01
4.200000000000000000e+01
3.200000000000000000e+01
3.600000000000000000e+01
3.200000000000000000e+01
3.600000000000000000e+01
2.400000000000000000e+01
4.300000000000000000e+01
3.400000000000000000e+01
2.100000000000000000e+01
3.900000000000000000e+01
2.100000000000000000e+01
3.100000000000000000e+01
2.100000000000000000e+01
3.600000000000000000e+01
2.000000000000000000e+01
1.800000000000000000e+01
1.800000000000000000e+01
2.000000000000000000e+01
3.100000000000000000e+01
1.100000000000000000e+01
3.300000000000000000e+01
3.000000000000000000e+01
1.600000000000000000e+01
2.400000000000000000e+01
1.300000000000000000e+01
1.960000000000000000e+02
1.221000000000000000e+03
2.090000000000000000e+02
2.390000000000000000e+02
2.590000000000000000e+02
2.690000000000000000e+02
3.060000000000000000e+02
3.160000000000000000e+02
3.630000000000000000e+02
3.600000000000000000e+02
3.730000000000000000e+02
4.210000000000000000e+02
3.960000000000000000e+02
4.750000000000000000e+02
4.560000000000000000e+02
4.780000000000000000e+02
4.990000000000000000e+02
5.380000000000000000e+02
5.250000000000000000e+02
5.280000000000000000e+02
5.460000000000000000e+02
5.440000000000000000e+02
5.950000000000000000e+02
5.990000000000000000e+02
5.670000000000000000e+02
5.790000000000000000e+02
5.490000000000000000e+02
5.470000000000000000e+02
5.470000000000000000e+02
5.210000000000000000e+02
5.540000000000000000e+02
5.110000000000000000e+02
4.960000000000000000e+02
4.640000000000000000e+02
4.580000000000000000e+02
4.860000000000000000e+02
4.810000000000000000e+02
4.580000000000000000e+02
4.560000000000000000e+02
4.070000000000000000e+02
4.750000000000000000e+02
4.600000000000000000e+02
4.680000000000000000e+02
4.660000000000000000e+02
4.610000000000000000e+02
4.440000000000000000e+02
4.880000000000000000e+02
4.990000000000000000e+02
4.970000000000000000e+02
5.160000000000000000e+02
4.280000000000000000e+02
5.370000000000000000e+02
5.240000000000000000e+02
5.150000000000000000e+02
5.350000000000000000e+02
5.190000000000000000e+02
5.550000000000000000e+02
6.140000000000000000e+02
5.730000000000000000e+02
5.780000000000000000e+02
5.720000000000000000e+02
6.010000000000000000e+02
6.320000000000000000e+02
6.550000000000000000e+02
6.240000000000000000e+02
6.990000000000000000e+02
6.570000000000000000e+02
7.380000000000000000e+02
6.840000000000000000e+02
7.520000000000000000e+02
7.940000000000000000e+02
8.260000000000000000e+02
7.570000000000000000e+02
8.250000000000000000e+02
8.590000000000000000e+02
8.350000000000000000e+02
7.900000000000000000e+02
8.690000000000000000e+02
9.200000000000000000e+02
9.150000000000000000e+02
1.011000000000000000e+03
1.019000000000000000e+03
9.940000000000000000e+02
1.104000000000000000e+03
1.094000000000000000e+03
1.094000000000000000e+03
1.132000000000000000e+03
1.103000000000000000e+03
1.173000000000000000e+03
1.145000000000000000e+03
1.228000000000000000e+03
1.252000000000000000e+03
1.224000000000000000e+03
1.275000000000000000e+03
1.323000000000000000e+03
1.411000000000000000e+03
1.368000000000000000e+03
1.403000000000000000e+03
1.438000000000000000e+03
1.446000000000000000e+03
1.439000000000000000e+03
1.479000000000000000e+03
1.521000000000000000e+03
1.515000000000000000e+03
1.561000000000000000e+03
1.570000000000000000e+03
1.577000000000000000e+03
1.604000000000000000e+03
1.579000000000000000e+03
1.682000000000000000e+03
1.577000000000000000e+03
1.676000000000000000e+03
1.700000000000000000e+03
1.744000000000000000e+03
1.761000000000000000e+03
1.796000000000000000e+03
1.748000000000000000e+03
1.837000000000000000e+03
1.841000000000000000e+03
1.816000000000000000e+03
1.906000000000000000e+03
1.810000000000000000e+03
1.862000000000000000e+03
1.789000000000000000e+03
1.821000000000000000e+03
1.753000000000000000e+03
1.796000000000000000e+03
1.858000000000000000e+03
1.808000000000000000e+03
1.750000000000000000e+03
1.748000000000000000e+03
1.782000000000000000e+03
1.688000000000000000e+03
1.652000000000000000e+03
1.742000000000000000e+03
1.592000000000000000e+03
1.618000000000000000e+03
1.729000000000000000e+03
1.643000000000000000e+03
1.455000000000000000e+03
1.504000000000000000e+03
1.532000000000000000e+03
1.464000000000000000e+03
1.411000000000000000e+03
1.417000000000000000e+03
1.400000000000000000e+03
1.297000000000000000e+03
1.286000000000000000e+03
1.277000000000000000e+03
1.203000000000000000e+03
1.182000000000000000e+03
1.132000000000000000e+03
1.167000000000000000e+03
1.089000000000000000e+03
1.017000000000000000e+03
1.108000000000000000e+03
1.025000000000000000e+03
9.760000000000000000e+02
9.300000000000000000e+02
9.520000000000000000e+02
8.900000000000000000e+02
8.820000000000000000e+02
8.240000000000000000e+02
8.100000000000000000e+02
8.380000000000000000e+02
7.300000000000000000e+02
6.900000000000000000e+02
7.320000000000000000e+02
6.650000000000000000e+02
6.550000000000000000e+02
6.480000000000000000e+02
6.040000000000000000e+02
6.060000000000000000e+02
6.010000000000000000e+02
5.360000000000000000e+02
5.450000000000000000e+02
5.010000000000000000e+02
4.450000000000000000e+02
4.390000000000000000e+02
4.630000000000000000e+02
4.100000000000000000e+02
4.320000000000000000e+02
3.870000000000000000e+02
4.370000000000000000e+02
3.530000000000000000e+02
3.530000000000000000e+02
3.440000000000000000e+02
3.410000000000000000e+02
3.120000000000000000e+02
3.300000000000000000e+02
2.960000000000000000e+02
3.330000000000000000e+02
2.640000000000000000e+02
2.520000000000000000e+02
2.250000000000000000e+02
2.490000000000000000e+02
2.410000000000000000e+02
2.210000000000000000e+02
2.220000000000000000e+02
2.080000000000000000e+02
2.000000000000000000e+02
1.980000000000000000e+02
1.790000000000000000e+02
2.020000000000000000e+02
1.850000000000000000e+02
1.680000000000000000e+02
1.710000000000000000e+02
1.570000000000000000e+02
1.330000000000000000e+02
1.410000000000000000e+02
1.550000000000000000e+02
1.480000000000000000e+02
1.170000000000000000e+02
1.290000000000000000e+02
1.440000000000000000e+02
1.310000000000000000e+02
1.100000000000000000e+02
1.160000000000000000e+02
1.130000000000000000e+02
9.700000000000000000e+01
9.600000000000000000e+01
1.180000000000000000e+02
1.150000000000000000e+02
1.090000000000000000e+02
1.030000000000000000e+02
8.700000000000000000e+01
1.010000000000000000e+02
9.200000000000000000e+01
9.300000000000000000e+01
8.400000000000000000e+01
7.600000000000000000e+01
8.000000000000000000e+01
7.300000000000000000e+01
7.400000000000000000e+01
6.900000000000000000e+01
7.200000000000000000e+01
6.500000000000000000e+01
7.300000000000000000e+01
7.000000000000000000e+01
7.400000000000000000e+01
5.900000000000000000e+01
7.200000000000000000e+01
6.800000000000000000e+01
5.400000000000000000e+01
6.900000000000000000e+01
6.100000000000000000e+01
4.800000000000000000e+01
6.000000000000000000e+01
7.000000000000000000e+01
7.700000000000000000e+01
5.700000000000000000e+01
8.400000000000000000e+01
7.600000000000000000e+01
1.070000000000000000e+02
9.900000000000000000e+01
9.100000000000000000e+01
6.330000000000000000e+02
4.550000000000000000e+02
1.210000000000000000e+02
1.030000000000000000e+02
1.650000000000000000e+02
1.890000000000000000e+02
1.490000000000000000e+02
2.160000000000000000e+02
2.710000000000000000e+02
2.880000000000000000e+02
2.740000000000000000e+02
3.250000000000000000e+02
3.640000000000000000e+02
3.480000000000000000e+02
3.890000000000000000e+02
4.220000000000000000e+02
4.620000000000000000e+02
4.310000000000000000e+02
4.460000000000000000e+02
4.760000000000000000e+02
4.330000000000000000e+02
4.640000000000000000e+02
5.450000000000000000e+02
5.160000000000000000e+02
4.990000000000000000e+02
5.580000000000000000e+02
4.990000000000000000e+02
5.360000000000000000e+02
5.080000000000000000e+02
5.070000000000000000e+02
4.460000000000000000e+02
4.750000000000000000e+02
4.610000000000000000e+02
4.670000000000000000e+02
4.760000000000000000e+02
4.350000000000000000e+02
4.910000000000000000e+02
4.400000000000000000e+02
4.310000000000000000e+02
4.540000000000000000e+02
4.650000000000000000e+02
4.290000000000000000e+02
3.940000000000000000e+02
3.980000000000000000e+02
4.280000000000000000e+02
4.500000000000000000e+02
4.580000000000000000e+02
4.330000000000000000e+02
4.200000000000000000e+02
3.950000000000000000e+02
4.390000000000000000e+02
3.860000000000000000e+02
4.120000000000000000e+02
4.470000000000000000e+02
4.430000000000000000e+02
4.220000000000000000e+02
4.590000000000000000e+02
4.280000000000000000e+02
4.230000000000000000e+02
4.840000000000000000e+02
4.770000000000000000e+02
5.000000000000000000e+02
5.120000000000000000e+02
4.810000000000000000e+02
4.970000000000000000e+02
4.840000000000000000e+02
4.660000000000000000e+02
5.500000000000000000e+02
5.300000000000000000e+02
5.420000000000000000e+02
5.710000000000000000e+02
5.720000000000000000e+02
5.950000000000000000e+02
6.150000000000000000e+02
6.870000000000000000e+02
6.060000000000000000e+02
6.830000000000000000e+02
6.730000000000000000e+02
6.810000000000000000e+02
7.330000000000000000e+02
7.820000000000000000e+02
7.830000000000000000e+02
8.000000000000000000e+02
8.420000000000000000e+02
8.230000000000000000e+02
9.480000000000000000e+02
9.580000000000000000e+02
9.050000000000000000e+02
9.470000000000000000e+02
9.410000000000000000e+02
9.500000000000000000e+02
9.780000000000000000e+02
1.029000000000000000e+03
1.064000000000000000e+03
1.045000000000000000e+03
1.041000000000000000e+03
1.111000000000000000e+03
1.158000000000000000e+03
1.146000000000000000e+03
1.182000000000000000e+03
1.213000000000000000e+03
1.241000000000000000e+03
1.239000000000000000e+03
1.231000000000000000e+03
1.309000000000000000e+03
1.436000000000000000e+03
1.419000000000000000e+03
1.364000000000000000e+03
1.429000000000000000e+03
1.430000000000000000e+03
1.489000000000000000e+03
1.443000000000000000e+03
1.546000000000000000e+03
1.470000000000000000e+03
1.563000000000000000e+03
1.486000000000000000e+03
1.565000000000000000e+03
1.577000000000000000e+03
1.572000000000000000e+03
1.577000000000000000e+03
1.597000000000000000e+03
1.658000000000000000e+03
1.588000000000000000e+03
1.647000000000000000e+03
1.705000000000000000e+03
1.671000000000000000e+03
1.704000000000000000e+03
1.643000000000000000e+03
1.653000000000000000e+03
1.706000000000000000e+03
1.751000000000000000e+03
1.665000000000000000e+03
1.707000000000000000e+03
1.702000000000000000e+03
1.657000000000000000e+03
1.658000000000000000e+03
1.734000000000000000e+03
1.606000000000000000e+03
1.680000000000000000e+03
1.677000000000000000e+03
1.658000000000000000e+03
1.562000000000000000e+03
1.585000000000000000e+03
1.619000000000000000e+03
1.611000000000000000e+03
1.484000000000000000e+03
1.556000000000000000e+03
1.532000000000000000e+03
1.540000000000000000e+03
1.492000000000000000e+03
1.450000000000000000e+03
1.398000000000000000e+03
1.447000000000000000e+03
1.360000000000000000e+03
1.356000000000000000e+03
1.292000000000000000e+03
1.349000000000000000e+03
1.260000000000000000e+03
1.213000000000000000e+03
1.156000000000000000e+03
1.227000000000000000e+03
1.150000000000000000e+03
1.174000000000000000e+03
1.054000000000000000e+03
1.032000000000000000e+03
1.122000000000000000e+03
1.029000000000000000e+03
9.690000000000000000e+02
1.009000000000000000e+03
9.360000000000000000e+02
9.650000000000000000e+02
8.650000000000000000e+02
9.030000000000000000e+02
8.290000000000000000e+02
8.210000000000000000e+02
8.310000000000000000e+02
8.060000000000000000e+02
7.900000000000000000e+02
7.430000000000000000e+02
6.640000000000000000e+02
6.980000000000000000e+02
6.720000000000000000e+02
7.090000000000000000e+02
5.660000000000000000e+02
6.630000000000000000e+02
5.900000000000000000e+02
5.780000000000000000e+02
5.440000000000000000e+02
5.070000000000000000e+02
4.850000000000000000e+02
5.220000000000000000e+02
4.760000000000000000e+02
4.540000000000000000e+02
4.330000000000000000e+02
4.050000000000000000e+02
4.040000000000000000e+02
4.260000000000000000e+02
4.160000000000000000e+02
3.580000000000000000e+02
3.660000000000000000e+02
3.480000000000000000e+02
3.440000000000000000e+02
3.250000000000000000e+02
3.190000000000000000e+02
2.930000000000000000e+02
3.040000000000000000e+02
2.890000000000000000e+02
2.750000000000000000e+02
2.560000000000000000e+02
2.840000000000000000e+02
2.420000000000000000e+02
2.440000000000000000e+02
2.400000000000000000e+02
2.270000000000000000e+02
2.400000000000000000e+02
1.960000000000000000e+02
1.840000000000000000e+02
1.900000000000000000e+02
1.970000000000000000e+02
1.850000000000000000e+02
1.880000000000000000e+02
1.810000000000000000e+02
1.590000000000000000e+02
1.970000000000000000e+02
1.710000000000000000e+02
1.470000000000000000e+02
1.420000000000000000e+02
1.380000000000000000e+02
1.530000000000000000e+02
1.410000000000000000e+02
1.230000000000000000e+02
1.330000000000000000e+02
1.230000000000000000e+02
1.230000000000000000e+02
1.170000000000000000e+02
1.110000000000000000e+02
1.220000000000000000e+02
1.080000000000000000e+02
1.050000000000000000e+02
1.120000000000000000e+02
7.700000000000000000e+01
1.000000000000000000e+02
9.500000000000000000e+01
9.800000000000000000e+01
1.120000000000000000e+02
8.400000000000000000e+01
8.200000000000000000e+01
1.050000000000000000e+02
1.040000000000000000e+02
9.900000000000000000e+01
8.100000000000000000e+01
9.400000000000000000e+01
1.000000000000000000e+02
1.130000000000000000e+02
8.700000000000000000e+01
1.330000000000000000e+02
1.305000000000000000e+03
