9.300000000000000000e+01
1.500000000000000000e+01
1.200000000000000000e+01
2.800000000000000000e+01
2.700000000000000000e+01
3.200000000000000000e+01
5.000000000000000000e+01
5.500000000000000000e+01
6.400000000000000000e+01
7.700000000000000000e+01
1.170000000000000000e+02
1.520000000000000000e+02
2.090000000000000000e+02
2.300000000000000000e+02
2.560000000000000000e+02
2.910000000000000000e+02
3.110000000000000000e+02
3.200000000000000000e+02
4.040000000000000000e+02
3.760000000000000000e+02
4.630000000000000000e+02
4.830000000000000000e+02
5.180000000000000000e+02
5.730000000000000000e+02
6.440000000000000000e+02
6.760000000000000000e+02
6.490000000000000000e+02
7.070000000000000000e+02
7.670000000000000000e+02
7.680000000000000000e+02
7.750000000000000000e+02
7.990000000000000000e+02
8.490000000000000000e+02
8.670000000000000000e+02
9.370000000000000000e+02
9.780000000000000000e+02
9.750000000000000000e+02
9.670000000000000000e+02
9.980000000000000000e+02
9.910000000000000000e+02
1.031000000000000000e+03
9.840000000000000000e+02
1.041000000000000000e+03
1.075000000000000000e+03
1.083000000000000000e+03
1.200000000000000000e+03
1.187000000000000000e+03
1.231000000000000000e+03
1.196000000000000000e+03
1.239000000000000000e+03
1.303000000000000000e+03
1.335000000000000000e+03
1.329000000000000000e+03
1.259000000000000000e+03
1.356000000000000000e+03
1.403000000000000000e+03
1.395000000000000000e+03
1.428000000000000000e+03
1.447000000000000000e+03
1.371000000000000000e+03
1.429000000000000000e+03
1.436000000000000000e+03
1.370000000000000000e+03
1.403000000000000000e+03
1.415000000000000000e+03
1.426000000000000000e+03
1.379000000000000000e+03
1.462000000000000000e+03
1.440000000000000000e+03
1.509000000000000000e+03
1.530000000000000000e+03
1.540000000000000000e+03
1.422000000000000000e+03
1.412000000000000000e+03
1.410000000000000000e+03
1.376000000000000000e+03
1.376000000000000000e+03
1.389000000000000000e+03
1.387000000000000000e+03
1.347000000000000000e+03
1.316000000000000000e+03
1.420000000000000000e+03
1.351000000000000000e+03
1.312000000000000000e+03
1.297000000000000000e+03
1.404000000000000000e+03
1.314000000000000000e+03
1.315000000000000000e+03
1.329000000000000000e+03
1.284000000000000000e+03
1.305000000000000000e+03
1.204000000000000000e+03
1.263000000000000000e+03
1.183000000000000000e+03
1.278000000000000000e+03
1.137000000000000000e+03
1.149000000000000000e+03
1.184000000000000000e+03
1.118000000000000000e+03
1.054000000000000000e+03
1.052000000000000000e+03
1.054000000000000000e+03
1.082000000000000000e+03
9.970000000000000000e+02
1.011000000000000000e+03
1.039000000000000000e+03
1.009000000000000000e+03
9.990000000000000000e+02
1.011000000000000000e+03
9.730000000000000000e+02
9.780000000000000000e+02
9.750000000000000000e+02
9.380000000000000000e+02
9.110000000000000000e+02
8.690000000000000000e+02
9.170000000000000000e+02
9.460000000000000000e+02
8.770000000000000000e+02
8.690000000000000000e+02
8.380000000000000000e+02
8.510000000000000000e+02
9.200000000000000000e+02
7.950000000000000000e+02
8.170000000000000000e+02
8.200000000000000000e+02
8.480000000000000000e+02
7.850000000000000000e+02
8.820000000000000000e+02
8.330000000000000000e+02
7.750000000000000000e+02
8.570000000000000000e+02
8.940000000000000000e+02
8.690000000000000000e+02
8.170000000000000000e+02
8.370000000000000000e+02
8.650000000000000000e+02
8.360000000000000000e+02
8.090000000000000000e+02
8.820000000000000000e+02
7.830000000000000000e+02
8.310000000000000000e+02
8.190000000000000000e+02
9.110000000000000000e+02
8.340000000000000000e+02
8.420000000000000000e+02
8.340000000000000000e+02
8.830000000000000000e+02
8.770000000000000000e+02
8.870000000000000000e+02
8.580000000000000000e+02
7.860000000000000000e+02
7.670000000000000000e+02
8.180000000000000000e+02
8.130000000000000000e+02
8.830000000000000000e+02
8.840000000000000000e+02
8.600000000000000000e+02
8.210000000000000000e+02
7.890000000000000000e+02
8.070000000000000000e+02
8.470000000000000000e+02
7.890000000000000000e+02
8.120000000000000000e+02
7.850000000000000000e+02
7.530000000000000000e+02
7.820000000000000000e+02
7.510000000000000000e+02
6.920000000000000000e+02
6.750000000000000000e+02
6.800000000000000000e+02
6.500000000000000000e+02
6.330000000000000000e+02
6.170000000000000000e+02
5.710000000000000000e+02
5.550000000000000000e+02
4.880000000000000000e+02
4.960000000000000000e+02
4.690000000000000000e+02
3.900000000000000000e+02
3.670000000000000000e+02
3.190000000000000000e+02
3.160000000000000000e+02
2.810000000000000000e+02
2.650000000000000000e+02
2.260000000000000000e+02
1.980000000000000000e+02
1.850000000000000000e+02
1.770000000000000000e+02
1.810000000000000000e+02
1.440000000000000000e+02
1.610000000000000000e+02
1.740000000000000000e+02
1.250000000000000000e+02
1.510000000000000000e+02
1.350000000000000000e+02
1.220000000000000000e+02
1.350000000000000000e+02
1.290000000000000000e+02
1.140000000000000000e+02
1.190000000000000000e+02
9.800000000000000000e+01
7.800000000000000000e+01
9.000000000000000000e+01
8.500000000000000000e+01
6.200000000000000000e+01
7.300000000000000000e+01
6.000000000000000000e+01
5.000000000000000000e+01
6.000000000000000000e+01
4.600000000000000000e+01
4.600000000000000000e+01
3.900000000000000000e+01
2.600000000000000000e+01
2.800000000000000000e+01
2.200000000000000000e+01
2.200000000000000000e+01
2.400000000000000000e+01
2.000000000000000000e+01
1.400000000000000000e+01
1.700000000000000000e+01
2.500000000000000000e+01
1.100000000000000000e+01
1.100000000000000000e+01
7.000000000000000000e+00
2.000000000000000000e+00
6.000000000000000000e+00
4.000000000000000000e+00
4.000000000000000000e+00
3.000000000000000000e+00
2.000000000000000000e+00
1.000000000000000000e+00
2.000000000000000000e+00
0.000000000000000000e+00
0.000000000000000000e+00
2.000000000000000000e+00
1.000000000000000000e+00
1.000000000000000000e+00
0.000000000000000000e+00
0.000000000000000000e+00
1.000000000000000000e+00
1.000000000000000000e+00
1.000000000000000000e+00
0.000000000000000000e+00
0.000000000000000000e+00
0.000000000000000000e+00
0.000000000000000000e+00
0.000000000000000000e+00
0.000000000000000000e+00
1.000000000000000000e+00
0.000000000000000000e+00
0.000000000000000000e+00
0.000000000000000000e+00
0.000000000000000000e+00
0.000000000000000000e+00
0.000000000000000000e+00
0.000000000000000000e+00
5.000000000000000000e+00
3.000000000000000000e+00
4.000000000000000000e+00
2.000000000000000000e+00
2.000000000000000000e+00
2.000000000000000000e+00
5.000000000000000000e+00
5.000000000000000000e+00
3.000000000000000000e+00
6.000000000000000000e+00
6.000000000000000000e+00
5.000000000000000000e+00
7.000000000000000000e+00
7.000000000000000000e+00
1.700000000000000000e+01
3.800000000000000000e+01
4.100000000000000000e+01
4.700000000000000000e+01
6.400000000000000000e+01
7.200000000000000000e+01
8.400000000000000000e+01
1.020000000000000000e+02
1.100000000000000000e+02
1.220000000000000000e+02
1.380000000000000000e+02
1.310000000000000000e+02
1.330000000000000000e+02
1.600000000000000000e+02
1.420000000000000000e+02
1.500000000000000000e+02
2.050000000000000000e+02
2.120000000000000000e+02
2.490000000000000000e+02
2.430000000000000000e+02
2.580000000000000000e+02
3.000000000000000000e+02
3.100000000000000000e+02
3.500000000000000000e+02
3.320000000000000000e+02
3.500000000000000000e+02
3.920000000000000000e+02
3.490000000000000000e+02
3.900000000000000000e+02
4.060000000000000000e+02
4.120000000000000000e+02
4.540000000000000000e+02
4.080000000000000000e+02
4.830000000000000000e+02
5.200000000000000000e+02
4.630000000000000000e+02
5.070000000000000000e+02
4.870000000000000000e+02
5.080000000000000000e+02
4.880000000000000000e+02
5.640000000000000000e+02
5.600000000000000000e+02
5.970000000000000000e+02
6.480000000000000000e+02
6.020000000000000000e+02
6.890000000000000000e+02
7.270000000000000000e+02
7.270000000000000000e+02
6.860000000000000000e+02
7.160000000000000000e+02
7.460000000000000000e+02
7.420000000000000000e+02
8.150000000000000000e+02
8.250000000000000000e+02
8.490000000000000000e+02
8.880000000000000000e+02
9.530000000000000000e+02
8.750000000000000000e+02
1.002000000000000000e+03
9.570000000000000000e+02
9.070000000000000000e+02
1.029000000000000000e+03
1.012000000000000000e+03
1.082000000000000000e+03
1.113000000000000000e+03
1.148000000000000000e+03
1.150000000000000000e+03
1.200000000000000000e+03
1.186000000000000000e+03
1.236000000000000000e+03
1.236000000000000000e+03
1.227000000000000000e+03
1.238000000000000000e+03
1.193000000000000000e+03
1.269000000000000000e+03
1.189000000000000000e+03
1.231000000000000000e+03
1.281000000000000000e+03
1.262000000000000000e+03
1.211000000000000000e+03
1.179000000000000000e+03
1.226000000000000000e+03
1.198000000000000000e+03
1.253000000000000000e+03
1.289000000000000000e+03
1.281000000000000000e+03
1.279000000000000000e+03
1.324000000000000000e+03
1.245000000000000000e+03
1.326000000000000000e+03
1.272000000000000000e+03
1.311000000000000000e+03
1.258000000000000000e+03
1.333000000000000000e+03
1.317000000000000000e+03
1.299000000000000000e+03
1.317000000000000000e+03
1.248000000000000000e+03
1.293000000000000000e+03
1.276000000000000000e+03
1.232000000000000000e+03
1.297000000000000000e+03
1.321000000000000000e+03
1.232000000000000000e+03
1.197000000000000000e+03
1.266000000000000000e+03
1.243000000000000000e+03
1.275000000000000000e+03
1.180000000000000000e+03
1.194000000000000000e+03
1.182000000000000000e+03
1.203000000000000000e+03
1.204000000000000000e+03
1.132000000000000000e+03
1.194000000000000000e+03
1.132000000000000000e+03
1.083000000000000000e+03
1.030000000000000000e+03
1.057000000000000000e+03
1.106000000000000000e+03
1.058000000000000000e+03
1.090000000000000000e+03
1.060000000000000000e+03
1.050000000000000000e+03
1.032000000000000000e+03
9.970000000000000000e+02
9.640000000000000000e+02
1.024000000000000000e+03
9.800000000000000000e+02
1.027000000000000000e+03
9.750000000000000000e+02
9.650000000000000000e+02
9.470000000000000000e+02
1.007000000000000000e+03
1.014000000000000000e+03
1.059000000000000000e+03
9.890000000000000000e+02
9.900000000000000000e+02
1.074000000000000000e+03
1.050000000000000000e+03
1.040000000000000000e+03
1.078000000000000000e+03
1.043000000000000000e+03
1.038000000000000000e+03
1.102000000000000000e+03
1.125000000000000000e+03
1.059000000000000000e+03
1.058000000000000000e+03
1.059000000000000000e+03
1.058000000000000000e+03
1.054000000000000000e+03
1.102000000000000000e+03
1.066000000000000000e+03
1.125000000000000000e+03
1.168000000000000000e+03
1.152000000000000000e+03
1.142000000000000000e+03
1.069000000000000000e+03
1.091000000000000000e+03
1.039000000000000000e+03
1.040000000000000000e+03
1.070000000000000000e+03
1.077000000000000000e+03
1.128000000000000000e+03
1.049000000000000000e+03
1.091000000000000000e+03
1.118000000000000000e+03
1.116000000000000000e+03
1.043000000000000000e+03
1.043000000000000000e+03
9.670000000000000000e+02
9.430000000000000000e+02
9.680000000000000000e+02
8.990000000000000000e+02
8.910000000000000000e+02
7.950000000000000000e+02
7.580000000000000000e+02
7.830000000000000000e+02
6.870000000000000000e+02
7.050000000000000000e+02
6.470000000000000000e+02
6.200000000000000000e+02
6.040000000000000000e+02
5.180000000000000000e+02
4.350000000000000000e+02
4.380000000000000000e+02
3.820000000000000000e+02
3.120000000000000000e+02
2.800000000000000000e+02
2.820000000000000000e+02
2.250000000000000000e+02
2.150000000000000000e+02
1.950000000000000000e+02
2.030000000000000000e+02
1.660000000000000000e+02
1.650000000000000000e+02
1.460000000000000000e+02
1.610000000000000000e+02
1.720000000000000000e+02
1.510000000000000000e+02
1.310000000000000000e+02
1.180000000000000000e+02
1.080000000000000000e+02
1.070000000000000000e+02
1.040000000000000000e+02
9.100000000000000000e+01
7.300000000000000000e+01
7.900000000000000000e+01
8.200000000000000000e+01
6.300000000000000000e+01
6.200000000000000000e+01
5.400000000000000000e+01
5.700000000000000000e+01
4.200000000000000000e+01
3.100000000000000000e+01
4.200000000000000000e+01
2.900000000000000000e+01
2.200000000000000000e+01
3.300000000000000000e+01
2.000000000000000000e+01
1.700000000000000000e+01
2.500000000000000000e+01
1.000000000000000000e+01
1.200000000000000000e+01
4.000000000000000000e+00
6.000000000000000000e+00
5.000000000000000000e+00
4.000000000000000000e+00
2.000000000000000000e+00
4.000000000000000000e+00
2.000000000000000000e+00
2.000000000000000000e+00
1.000000000000000000e+00
2.000000000000000000e+00
0.000000000000000000e+00
1.000000000000000000e+00
4.000000000000000000e+00
0.000000000000000000e+00
0.000000000000000000e+00
1.000000000000000000e+00
1.000000000000000000e+00
0.000000000000000000e+00
0.000000000000000000e+00
0.000000000000000000e+00
0.000000000000000000e+00
0.000000000000000000e+00
0.000000000000000000e+00
0.000000000000000000e+00
0.000000000000000000e+00
0.000000000000000000e+00
0.000000000000000000e+00
0.000000000000000000e+00
0.000000000000000000e+00
0.000000000000000000e+00
1.000000000000000000e+00
2.000000000000000000e+00
0.000000000000000000e+00
1.000000000000000000e+00
0.000000000000000000e+00
0.000000000000000000e+00
0.000000000000000000e+00
2.000000000000000000e+00
2.000000000000000000e+00
3.000000000000000000e+00
3.000000000000000000e+00
4.000000000000000000e+00
4.000000000000000000e+00
1.900000000000000000e+01
1.900000000000000000e+01
1.500000000000000000e+01
1.600000000000000000e+01
1.800000000000000000e+01
2.500000000000000000e+01
2.800000000000000000e+01
2.200000000000000000e+01
2.700000000000000000e+01
3.500000000000000000e+01
2.600000000000000000e+01
2.900000000000000000e+01
2.300000000000000000e+01
4.600000000000000000e+01
3.300000000000000000e+01
3.500000000000000000e+01
6.300000000000000000e+01
5.300000000000000000e+01
6.100000000000000000e+01
7.200000000000000000e+01
7.700000000000000000e+01
7.800000000000000000e+01
7.600000000000000000e+01
8.200000000000000000e+01
8.600000000000000000e+01
9.500000000000000000e+01
8.500000000000000000e+01
9.500000000000000000e+01
1.190000000000000000e+02
1.490000000000000000e+02
1.490000000000000000e+02
1.560000000000000000e+02
1.580000000000000000e+02
1.590000000000000000e+02
1.940000000000000000e+02
1.950000000000000000e+02
1.840000000000000000e+02
2.190000000000000000e+02
1.910000000000000000e+02
1.990000000000000000e+02
2.070000000000000000e+02
2.140000000000000000e+02
2.140000000000000000e+02
2.270000000000000000e+02
2.210000000000000000e+02
2.420000000000000000e+02
2.270000000000000000e+02
2.440000000000000000e+02
2.560000000000000000e+02
2.730000000000000000e+02
2.650000000000000000e+02
2.860000000000000000e+02
3.150000000000000000e+02
2.960000000000000000e+02
3.330000000000000000e+02
3.400000000000000000e+02
3.310000000000000000e+02
3.460000000000000000e+02
3.940000000000000000e+02
3.860000000000000000e+02
3.570000000000000000e+02
4.150000000000000000e+02
4.130000000000000000e+02
4.410000000000000000e+02
4.240000000000000000e+02
4.780000000000000000e+02
4.600000000000000000e+02
5.040000000000000000e+02
5.610000000000000000e+02
5.460000000000000000e+02
6.520000000000000000e+02
6.380000000000000000e+02
6.020000000000000000e+02
6.440000000000000000e+02
6.240000000000000000e+02
6.950000000000000000e+02
6.870000000000000000e+02
6.860000000000000000e+02
6.700000000000000000e+02
6.950000000000000000e+02
7.430000000000000000e+02
7.170000000000000000e+02
7.970000000000000000e+02
7.600000000000000000e+02
8.160000000000000000e+02
8.570000000000000000e+02
8.830000000000000000e+02
8.770000000000000000e+02
9.030000000000000000e+02
9.210000000000000000e+02
9.050000000000000000e+02
9.110000000000000000e+02
9.450000000000000000e+02
9.610000000000000000e+02
9.680000000000000000e+02
9.900000000000000000e+02
9.690000000000000000e+02
1.045000000000000000e+03
1.040000000000000000e+03
1.108000000000000000e+03
9.490000000000000000e+02
1.023000000000000000e+03
1.070000000000000000e+03
1.034000000000000000e+03
1.076000000000000000e+03
1.082000000000000000e+03
1.067000000000000000e+03
1.105000000000000000e+03
1.025000000000000000e+03
1.099000000000000000e+03
1.059000000000000000e+03
1.053000000000000000e+03
1.139000000000000000e+03
1.186000000000000000e+03
1.076000000000000000e+03
1.143000000000000000e+03
1.087000000000000000e+03
1.088000000000000000e+03
1.206000000000000000e+03
1.119000000000000000e+03
1.150000000000000000e+03
1.149000000000000000e+03
1.204000000000000000e+03
1.241000000000000000e+03
1.290000000000000000e+03
1.279000000000000000e+03
1.264000000000000000e+03
1.341000000000000000e+03
1.403000000000000000e+03
1.335000000000000000e+03
1.402000000000000000e+03
1.434000000000000000e+03
1.400000000000000000e+03
1.463000000000000000e+03
1.431000000000000000e+03
1.540000000000000000e+03
1.512000000000000000e+03
1.388000000000000000e+03
1.493000000000000000e+03
1.539000000000000000e+03
1.484000000000000000e+03
1.545000000000000000e+03
1.469000000000000000e+03
1.459000000000000000e+03
1.426000000000000000e+03
1.521000000000000000e+03
1.465000000000000000e+03
1.445000000000000000e+03
1.415000000000000000e+03
1.420000000000000000e+03
1.449000000000000000e+03
1.397000000000000000e+03
1.451000000000000000e+03
1.355000000000000000e+03
1.363000000000000000e+03
1.388000000000000000e+03
1.452000000000000000e+03
1.452000000000000000e+03
1.532000000000000000e+03
1.422000000000000000e+03
1.411000000000000000e+03
1.432000000000000000e+03
1.467000000000000000e+03
1.426000000000000000e+03
1.489000000000000000e+03
1.501000000000000000e+03
1.499000000000000000e+03
1.488000000000000000e+03
1.475000000000000000e+03
1.554000000000000000e+03
1.540000000000000000e+03
1.513000000000000000e+03
1.563000000000000000e+03
1.532000000000000000e+03
1.486000000000000000e+03
1.517000000000000000e+03
1.499000000000000000e+03
1.493000000000000000e+03
1.457000000000000000e+03
1.448000000000000000e+03
1.378000000000000000e+03
1.244000000000000000e+03
1.161000000000000000e+03
1.152000000000000000e+03
1.116000000000000000e+03
1.097000000000000000e+03
1.015000000000000000e+03
1.007000000000000000e+03
9.120000000000000000e+02
8.730000000000000000e+02
8.480000000000000000e+02
8.480000000000000000e+02
7.680000000000000000e+02
7.170000000000000000e+02
6.270000000000000000e+02
5.640000000000000000e+02
5.610000000000000000e+02
4.860000000000000000e+02
4.260000000000000000e+02
3.920000000000000000e+02
3.600000000000000000e+02
3.130000000000000000e+02
2.780000000000000000e+02
2.750000000000000000e+02
2.760000000000000000e+02
2.370000000000000000e+02
2.300000000000000000e+02
2.230000000000000000e+02
2.260000000000000000e+02
2.140000000000000000e+02
1.670000000000000000e+02
1.710000000000000000e+02
1.580000000000000000e+02
1.230000000000000000e+02
1.100000000000000000e+02
1.300000000000000000e+02
1.100000000000000000e+02
7.400000000000000000e+01
6.400000000000000000e+01
7.000000000000000000e+01
5.800000000000000000e+01
6.600000000000000000e+01
4.800000000000000000e+01
4.100000000000000000e+01
3.700000000000000000e+01
4.100000000000000000e+01
2.900000000000000000e+01
3.200000000000000000e+01
2.800000000000000000e+01
1.600000000000000000e+01
1.010000000000000000e+02
