1.984000000000000000e+03
3.720000000000000000e+02
4.680000000000000000e+02
5.420000000000000000e+02
5.800000000000000000e+02
6.710000000000000000e+02
7.220000000000000000e+02
8.320000000000000000e+02
9.590000000000000000e+02
1.025000000000000000e+03
1.057000000000000000e+03
1.182000000000000000e+03
1.345000000000000000e+03
1.424000000000000000e+03
1.433000000000000000e+03
1.578000000000000000e+03
1.673000000000000000e+03
1.798000000000000000e+03
1.851000000000000000e+03
1.911000000000000000e+03
2.095000000000000000e+03
2.131000000000000000e+03
2.203000000000000000e+03
2.376000000000000000e+03
2.357000000000000000e+03
2.445000000000000000e+03
2.495000000000000000e+03
2.585000000000000000e+03
2.526000000000000000e+03
2.561000000000000000e+03
2.604000000000000000e+03
2.600000000000000000e+03
2.589000000000000000e+03
2.563000000000000000e+03
2.510000000000000000e+03
2.617000000000000000e+03
2.583000000000000000e+03
2.422000000000000000e+03
2.511000000000000000e+03
2.363000000000000000e+03
2.361000000000000000e+03
2.387000000000000000e+03
2.322000000000000000e+03
2.135000000000000000e+03
2.172000000000000000e+03
2.056000000000000000e+03
2.076000000000000000e+03
2.033000000000000000e+03
2.093000000000000000e+03
1.981000000000000000e+03
1.847000000000000000e+03
1.900000000000000000e+03
1.886000000000000000e+03
1.845000000000000000e+03
1.767000000000000000e+03
1.776000000000000000e+03
1.647000000000000000e+03
1.701000000000000000e+03
1.560000000000000000e+03
1.572000000000000000e+03
1.600000000000000000e+03
1.447000000000000000e+03
1.465000000000000000e+03
1.420000000000000000e+03
1.338000000000000000e+03
1.413000000000000000e+03
1.341000000000000000e+03
1.323000000000000000e+03
1.284000000000000000e+03
1.276000000000000000e+03
1.215000000000000000e+03
1.213000000000000000e+03
1.176000000000000000e+03
1.165000000000000000e+03
1.109000000000000000e+03
1.122000000000000000e+03
1.048000000000000000e+03
1.087000000000000000e+03
9.870000000000000000e+02
1.021000000000000000e+03
9.220000000000000000e+02
9.750000000000000000e+02
9.010000000000000000e+02
8.550000000000000000e+02
9.120000000000000000e+02
8.160000000000000000e+02
8.320000000000000000e+02
8.550000000000000000e+02
7.860000000000000000e+02
7.820000000000000000e+02
7.590000000000000000e+02
7.440000000000000000e+02
7.290000000000000000e+02
7.230000000000000000e+02
7.190000000000000000e+02
6.950000000000000000e+02
6.980000000000000000e+02
6.880000000000000000e+02
6.500000000000000000e+02
6.140000000000000000e+02
6.620000000000000000e+02
6.460000000000000000e+02
6.450000000000000000e+02
6.110000000000000000e+02
6.020000000000000000e+02
5.500000000000000000e+02
6.260000000000000000e+02
5.270000000000000000e+02
4.980000000000000000e+02
5.710000000000000000e+02
5.360000000000000000e+02
5.710000000000000000e+02
5.420000000000000000e+02
5.450000000000000000e+02
5.120000000000000000e+02
5.170000000000000000e+02
4.810000000000000000e+02
4.860000000000000000e+02
4.810000000000000000e+02
4.370000000000000000e+02
4.690000000000000000e+02
4.500000000000000000e+02
4.470000000000000000e+02
4.090000000000000000e+02
3.850000000000000000e+02
3.570000000000000000e+02
3.990000000000000000e+02
4.060000000000000000e+02
4.090000000000000000e+02
4.010000000000000000e+02
3.330000000000000000e+02
3.570000000000000000e+02
3.120000000000000000e+02
3.200000000000000000e+02
3.390000000000000000e+02
3.360000000000000000e+02
3.290000000000000000e+02
2.970000000000000000e+02
3.230000000000000000e+02
3.010000000000000000e+02
3.070000000000000000e+02
2.910000000000000000e+02
2.720000000000000000e+02
2.710000000000000000e+02
2.530000000000000000e+02
2.630000000000000000e+02
2.360000000000000000e+02
2.830000000000000000e+02
2.470000000000000000e+02
2.550000000000000000e+02
2.220000000000000000e+02
2.550000000000000000e+02
2.100000000000000000e+02
2.230000000000000000e+02
2.180000000000000000e+02
2.330000000000000000e+02
2.180000000000000000e+02
2.240000000000000000e+02
1.990000000000000000e+02
1.920000000000000000e+02
1.720000000000000000e+02
1.650000000000000000e+02
1.860000000000000000e+02
1.950000000000000000e+02
2.060000000000000000e+02
1.610000000000000000e+02
1.860000000000000000e+02
1.680000000000000000e+02
1.580000000000000000e+02
1.410000000000000000e+02
1.380000000000000000e+02
1.480000000000000000e+02
1.460000000000000000e+02
1.410000000000000000e+02
1.200000000000000000e+02
1.300000000000000000e+02
1.300000000000000000e+02
1.130000000000000000e+02
9.800000000000000000e+01
8.800000000000000000e+01
9.100000000000000000e+01
7.500000000000000000e+01
8.400000000000000000e+01
7.000000000000000000e+01
5.500000000000000000e+01
5.600000000000000000e+01
5.400000000000000000e+01
4.200000000000000000e+01
2.600000000000000000e+01
4.000000000000000000e+01
3.200000000000000000e+01
2.000000000000000000e+01
2.400000000000000000e+01
2.600000000000000000e+01
1.500000000000000000e+01
2.100000000000000000e+01
2.800000000000000000e+01
2.100000000000000000e+01
1.100000000000000000e+01
1.200000000000000000e+01
1.600000000000000000e+01
1.200000000000000000e+01
8.000000000000000000e+00
9.000000000000000000e+00
1.300000000000000000e+01
9.000000000000000000e+00
1.400000000000000000e+01
6.000000000000000000e+00
7.000000000000000000e+00
9.000000000000000000e+00
6.000000000000000000e+00
8.000000000000000000e+00
6.000000000000000000e+00
5.000000000000000000e+00
3.000000000000000000e+00
1.000000000000000000e+00
3.000000000000000000e+00
6.000000000000000000e+00
4.000000000000000000e+00
5.000000000000000000e+00
3.000000000000000000e+00
6.000000000000000000e+00
5.000000000000000000e+00
3.000000000000000000e+00
1.000000000000000000e+00
1.000000000000000000e+00
1.000000000000000000e+00
4.000000000000000000e+00
3.000000000000000000e+00
2.000000000000000000e+00
2.000000000000000000e+00
3.000000000000000000e+00
1.000000000000000000e+00
3.000000000000000000e+00
2.000000000000000000e+00
2.000000000000000000e+00
4.000000000000000000e+00
0.000000000000000000e+00
2.000000000000000000e+00
5.000000000000000000e+00
4.000000000000000000e+00
3.000000000000000000e+00
2.000000000000000000e+00
4.000000000000000000e+00
9.000000000000000000e+00
5.000000000000000000e+00
6.000000000000000000e+00
3.000000000000000000e+00
7.000000000000000000e+00
9.000000000000000000e+00
8.000000000000000000e+00
1.000000000000000000e+01
8.000000000000000000e+00
1.000000000000000000e+01
8.000000000000000000e+00
2.100000000000000000e+01
1.120000000000000000e+02
7.800000000000000000e+01
9.700000000000000000e+01
1.020000000000000000e+02
1.320000000000000000e+02
1.450000000000000000e+02
1.830000000000000000e+02
2.000000000000000000e+02
2.390000000000000000e+02
2.600000000000000000e+02
3.010000000000000000e+02
3.190000000000000000e+02
4.000000000000000000e+02
4.640000000000000000e+02
4.820000000000000000e+02
5.390000000000000000e+02
5.310000000000000000e+02
6.180000000000000000e+02
6.990000000000000000e+02
7.060000000000000000e+02
8.170000000000000000e+02
8.450000000000000000e+02
8.740000000000000000e+02
8.970000000000000000e+02
9.840000000000000000e+02
1.079000000000000000e+03
1.071000000000000000e+03
1.169000000000000000e+03
1.156000000000000000e+03
1.289000000000000000e+03
1.309000000000000000e+03
1.361000000000000000e+03
1.377000000000000000e+03
1.385000000000000000e+03
1.442000000000000000e+03
1.379000000000000000e+03
1.436000000000000000e+03
1.516000000000000000e+03
1.582000000000000000e+03
1.567000000000000000e+03
1.684000000000000000e+03
1.634000000000000000e+03
1.687000000000000000e+03
1.651000000000000000e+03
1.766000000000000000e+03
1.667000000000000000e+03
1.788000000000000000e+03
1.703000000000000000e+03
1.845000000000000000e+03
1.831000000000000000e+03
1.779000000000000000e+03
1.712000000000000000e+03
1.812000000000000000e+03
1.818000000000000000e+03
1.743000000000000000e+03
1.663000000000000000e+03
1.713000000000000000e+03
1.817000000000000000e+03
1.728000000000000000e+03
1.687000000000000000e+03
1.776000000000000000e+03
1.662000000000000000e+03
1.651000000000000000e+03
1.672000000000000000e+03
1.612000000000000000e+03
1.604000000000000000e+03
1.578000000000000000e+03
1.605000000000000000e+03
1.531000000000000000e+03
1.512000000000000000e+03
1.533000000000000000e+03
1.518000000000000000e+03
1.508000000000000000e+03
1.477000000000000000e+03
1.444000000000000000e+03
1.484000000000000000e+03
1.344000000000000000e+03
1.447000000000000000e+03
1.311000000000000000e+03
1.386000000000000000e+03
1.372000000000000000e+03
1.327000000000000000e+03
1.255000000000000000e+03
1.319000000000000000e+03
1.255000000000000000e+03
1.233000000000000000e+03
1.213000000000000000e+03
1.196000000000000000e+03
1.183000000000000000e+03
1.180000000000000000e+03
1.186000000000000000e+03
1.135000000000000000e+03
1.026000000000000000e+03
1.068000000000000000e+03
1.101000000000000000e+03
9.650000000000000000e+02
1.021000000000000000e+03
1.047000000000000000e+03
1.014000000000000000e+03
1.014000000000000000e+03
9.670000000000000000e+02
9.130000000000000000e+02
9.160000000000000000e+02
9.630000000000000000e+02
9.170000000000000000e+02
9.210000000000000000e+02
8.680000000000000000e+02
8.850000000000000000e+02
9.020000000000000000e+02
8.030000000000000000e+02
8.580000000000000000e+02
8.400000000000000000e+02
8.640000000000000000e+02
7.710000000000000000e+02
7.970000000000000000e+02
8.050000000000000000e+02
7.660000000000000000e+02
7.850000000000000000e+02
7.970000000000000000e+02
8.410000000000000000e+02
8.230000000000000000e+02
7.730000000000000000e+02
7.930000000000000000e+02
7.930000000000000000e+02
7.130000000000000000e+02
7.360000000000000000e+02
7.500000000000000000e+02
7.570000000000000000e+02
7.280000000000000000e+02
7.110000000000000000e+02
6.780000000000000000e+02
6.980000000000000000e+02
6.630000000000000000e+02
6.690000000000000000e+02
6.780000000000000000e+02
5.770000000000000000e+02
6.710000000000000000e+02
6.190000000000000000e+02
5.850000000000000000e+02
6.030000000000000000e+02
6.190000000000000000e+02
6.020000000000000000e+02
5.530000000000000000e+02
5.360000000000000000e+02
5.670000000000000000e+02
5.710000000000000000e+02
5.710000000000000000e+02
5.600000000000000000e+02
5.270000000000000000e+02
5.300000000000000000e+02
5.140000000000000000e+02
5.200000000000000000e+02
4.680000000000000000e+02
4.970000000000000000e+02
4.770000000000000000e+02
4.690000000000000000e+02
4.880000000000000000e+02
4.370000000000000000e+02
4.830000000000000000e+02
4.540000000000000000e+02
4.720000000000000000e+02
5.030000000000000000e+02
4.670000000000000000e+02
4.750000000000000000e+02
4.960000000000000000e+02
4.390000000000000000e+02
4.590000000000000000e+02
4.090000000000000000e+02
3.930000000000000000e+02
4.000000000000000000e+02
3.900000000000000000e+02
4.110000000000000000e+02
3.790000000000000000e+02
3.700000000000000000e+02
4.200000000000000000e+02
3.460000000000000000e+02
3.730000000000000000e+02
3.630000000000000000e+02
3.690000000000000000e+02
3.390000000000000000e+02
3.780000000000000000e+02
3.070000000000000000e+02
3.040000000000000000e+02
3.170000000000000000e+02
3.350000000000000000e+02
3.190000000000000000e+02
3.280000000000000000e+02
2.780000000000000000e+02
2.660000000000000000e+02
2.550000000000000000e+02
2.750000000000000000e+02
2.820000000000000000e+02
2.630000000000000000e+02
2.750000000000000000e+02
2.660000000000000000e+02
2.250000000000000000e+02
2.590000000000000000e+02
2.180000000000000000e+02
2.160000000000000000e+02
2.170000000000000000e+02
2.140000000000000000e+02
2.030000000000000000e+02
2.130000000000000000e+02
1.860000000000000000e+02
1.740000000000000000e+02
1.770000000000000000e+02
1.850000000000000000e+02
1.740000000000000000e+02
1.890000000000000000e+02
1.640000000000000000e+02
1.650000000000000000e+02
1.280000000000000000e+02
1.420000000000000000e+02
1.480000000000000000e+02
1.320000000000000000e+02
1.280000000000000000e+02
1.210000000000000000e+02
1.220000000000000000e+02
1.010000000000000000e+02
1.150000000000000000e+02
8.400000000000000000e+01
1.150000000000000000e+02
9.500000000000000000e+01
7.800000000000000000e+01
7.200000000000000000e+01
7.100000000000000000e+01
7.400000000000000000e+01
6.100000000000000000e+01
5.700000000000000000e+01
2.800000000000000000e+01
5.300000000000000000e+01
4.700000000000000000e+01
4.600000000000000000e+01
3.900000000000000000e+01
3.300000000000000000e+01
2.700000000000000000e+01
3.400000000000000000e+01
3.100000000000000000e+01
2.800000000000000000e+01
3.100000000000000000e+01
2.600000000000000000e+01
2.300000000000000000e+01
2.000000000000000000e+01
3.100000000000000000e+01
8.000000000000000000e+00
1.200000000000000000e+01
1.800000000000000000e+01
2.000000000000000000e+01
1.500000000000000000e+01
2.000000000000000000e+01
1.200000000000000000e+01
1.500000000000000000e+01
1.200000000000000000e+01
2.400000000000000000e+01
3.100000000000000000e+01
7.200000000000000000e+01
7.800000000000000000e+01
4.600000000000000000e+01
5.100000000000000000e+01
7.400000000000000000e+01
7.900000000000000000e+01
1.100000000000000000e+02
1.050000000000000000e+02
1.280000000000000000e+02
1.560000000000000000e+02
1.920000000000000000e+02
1.950000000000000000e+02
2.520000000000000000e+02
2.570000000000000000e+02
3.010000000000000000e+02
3.430000000000000000e+02
3.700000000000000000e+02
4.030000000000000000e+02
4.090000000000000000e+02
4.450000000000000000e+02
4.930000000000000000e+02
5.400000000000000000e+02
5.960000000000000000e+02
5.940000000000000000e+02
6.820000000000000000e+02
6.940000000000000000e+02
7.310000000000000000e+02
7.980000000000000000e+02
7.930000000000000000e+02
9.170000000000000000e+02
8.970000000000000000e+02
9.530000000000000000e+02
9.930000000000000000e+02
1.011000000000000000e+03
1.013000000000000000e+03
1.149000000000000000e+03
1.098000000000000000e+03
1.127000000000000000e+03
1.161000000000000000e+03
1.191000000000000000e+03
1.185000000000000000e+03
1.184000000000000000e+03
1.263000000000000000e+03
1.273000000000000000e+03
1.310000000000000000e+03
1.326000000000000000e+03
1.336000000000000000e+03
1.349000000000000000e+03
1.403000000000000000e+03
1.420000000000000000e+03
1.383000000000000000e+03
1.458000000000000000e+03
1.438000000000000000e+03
1.384000000000000000e+03
1.399000000000000000e+03
1.460000000000000000e+03
1.409000000000000000e+03
1.476000000000000000e+03
1.502000000000000000e+03
1.450000000000000000e+03
1.501000000000000000e+03
1.436000000000000000e+03
1.521000000000000000e+03
1.493000000000000000e+03
1.497000000000000000e+03
1.507000000000000000e+03
1.492000000000000000e+03
1.505000000000000000e+03
1.545000000000000000e+03
1.486000000000000000e+03
1.476000000000000000e+03
1.455000000000000000e+03
1.535000000000000000e+03
1.521000000000000000e+03
1.523000000000000000e+03
1.525000000000000000e+03
1.566000000000000000e+03
1.548000000000000000e+03
1.554000000000000000e+03
1.488000000000000000e+03
1.568000000000000000e+03
1.603000000000000000e+03
1.521000000000000000e+03
1.439000000000000000e+03
1.470000000000000000e+03
1.564000000000000000e+03
1.503000000000000000e+03
1.507000000000000000e+03
1.458000000000000000e+03
1.495000000000000000e+03
1.344000000000000000e+03
1.376000000000000000e+03
1.372000000000000000e+03
1.448000000000000000e+03
1.420000000000000000e+03
1.350000000000000000e+03
1.305000000000000000e+03
1.284000000000000000e+03
1.289000000000000000e+03
1.255000000000000000e+03
1.285000000000000000e+03
1.174000000000000000e+03
1.212000000000000000e+03
1.212000000000000000e+03
1.150000000000000000e+03
1.094000000000000000e+03
1.095000000000000000e+03
1.190000000000000000e+03
1.090000000000000000e+03
1.067000000000000000e+03
1.007000000000000000e+03
1.044000000000000000e+03
1.005000000000000000e+03
9.990000000000000000e+02
9.370000000000000000e+02
9.150000000000000000e+02
9.010000000000000000e+02
9.280000000000000000e+02
8.820000000000000000e+02
8.490000000000000000e+02
8.830000000000000000e+02
8.620000000000000000e+02
8.040000000000000000e+02
8.460000000000000000e+02
7.570000000000000000e+02
7.840000000000000000e+02
7.730000000000000000e+02
7.760000000000000000e+02
7.460000000000000000e+02
7.480000000000000000e+02
7.830000000000000000e+02
6.990000000000000000e+02
7.170000000000000000e+02
7.050000000000000000e+02
7.310000000000000000e+02
7.450000000000000000e+02
6.470000000000000000e+02
6.570000000000000000e+02
6.950000000000000000e+02
7.010000000000000000e+02
6.550000000000000000e+02
6.450000000000000000e+02
7.060000000000000000e+02
6.310000000000000000e+02
6.650000000000000000e+02
6.540000000000000000e+02
6.180000000000000000e+02
6.340000000000000000e+02
6.780000000000000000e+02
6.670000000000000000e+02
6.400000000000000000e+02
6.200000000000000000e+02
6.130000000000000000e+02
6.190000000000000000e+02
5.960000000000000000e+02
5.790000000000000000e+02
5.730000000000000000e+02
5.840000000000000000e+02
5.780000000000000000e+02
5.520000000000000000e+02
5.700000000000000000e+02
5.810000000000000000e+02
5.260000000000000000e+02
5.220000000000000000e+02
5.470000000000000000e+02
4.970000000000000000e+02
4.920000000000000000e+02
4.930000000000000000e+02
4.890000000000000000e+02
4.620000000000000000e+02
4.570000000000000000e+02
4.510000000000000000e+02
4.670000000000000000e+02
4.420000000000000000e+02
4.230000000000000000e+02
3.990000000000000000e+02
4.040000000000000000e+02
4.000000000000000000e+02
3.660000000000000000e+02
3.790000000000000000e+02
3.310000000000000000e+02
3.660000000000000000e+02
3.040000000000000000e+02
3.600000000000000000e+02
3.200000000000000000e+02
3.000000000000000000e+02
3.280000000000000000e+02
2.910000000000000000e+02
3.260000000000000000e+02
3.070000000000000000e+02
2.960000000000000000e+02
3.010000000000000000e+02
2.950000000000000000e+02
2.700000000000000000e+02
2.730000000000000000e+02
2.850000000000000000e+02
2.660000000000000000e+02
2.710000000000000000e+02
2.760000000000000000e+02
2.660000000000000000e+02
2.510000000000000000e+02
2.510000000000000000e+02
2.670000000000000000e+02
2.510000000000000000e+02
2.560000000000000000e+02
2.360000000000000000e+02
2.240000000000000000e+02
2.360000000000000000e+02
2.470000000000000000e+02
2.170000000000000000e+02
2.250000000000000000e+02
2.150000000000000000e+02
2.360000000000000000e+02
2.350000000000000000e+02
2.100000000000000000e+02
2.380000000000000000e+02
2.110000000000000000e+02
2.090000000000000000e+02
1.740000000000000000e+02
2.200000000000000000e+02
1.930000000000000000e+02
1.860000000000000000e+02
1.840000000000000000e+02
1.740000000000000000e+02
1.980000000000000000e+02
1.680000000000000000e+02
1.550000000000000000e+02
1.770000000000000000e+02
1.510000000000000000e+02
1.510000000000000000e+02
1.560000000000000000e+02
1.250000000000000000e+02
1.080000000000000000e+02
1.220000000000000000e+02
1.280000000000000000e+02
1.050000000000000000e+02
1.030000000000000000e+02
1.070000000000000000e+02
9.800000000000000000e+01
7.300000000000000000e+01
7.100000000000000000e+01
7.500000000000000000e+01
5.900000000000000000e+01
4.800000000000000000e+01
3.800000000000000000e+01
4.600000000000000000e+01
4.700000000000000000e+01
3.600000000000000000e+01
2.900000000000000000e+01
3.000000000000000000e+01
3.400000000000000000e+01
1.900000000000000000e+01
2.200000000000000000e+01
2.800000000000000000e+01
3.000000000000000000e+01
2.300000000000000000e+01
9.000000000000000000e+01
