1.260000000000000000e+02
8.000000000000000000e+00
1.400000000000000000e+01
9.000000000000000000e+00
1.300000000000000000e+01
1.100000000000000000e+01
1.600000000000000000e+01
1.000000000000000000e+01
1.400000000000000000e+01
1.300000000000000000e+01
2.100000000000000000e+01
1.900000000000000000e+01
2.000000000000000000e+01
2.200000000000000000e+01
1.600000000000000000e+01
2.400000000000000000e+01
2.500000000000000000e+01
2.100000000000000000e+01
3.900000000000000000e+01
3.600000000000000000e+01
4.700000000000000000e+01
3.200000000000000000e+01
3.400000000000000000e+01
5.600000000000000000e+01
5.800000000000000000e+01
4.400000000000000000e+01
3.500000000000000000e+01
3.700000000000000000e+01
4.100000000000000000e+01
3.600000000000000000e+01
4.700000000000000000e+01
4.600000000000000000e+01
4.500000000000000000e+01
5.300000000000000000e+01
4.500000000000000000e+01
7.900000000000000000e+01
7.800000000000000000e+01
9.000000000000000000e+01
9.900000000000000000e+01
1.060000000000000000e+02
1.190000000000000000e+02
9.800000000000000000e+01
1.170000000000000000e+02
1.240000000000000000e+02
1.070000000000000000e+02
1.160000000000000000e+02
1.600000000000000000e+02
1.430000000000000000e+02
1.700000000000000000e+02
1.600000000000000000e+02
2.150000000000000000e+02
2.330000000000000000e+02
2.590000000000000000e+02
3.400000000000000000e+02
4.020000000000000000e+02
4.090000000000000000e+02
4.560000000000000000e+02
5.140000000000000000e+02
6.450000000000000000e+02
6.800000000000000000e+02
7.100000000000000000e+02
8.330000000000000000e+02
9.760000000000000000e+02
1.066000000000000000e+03
1.155000000000000000e+03
1.267000000000000000e+03
1.448000000000000000e+03
1.467000000000000000e+03
1.591000000000000000e+03
1.760000000000000000e+03
1.815000000000000000e+03
1.999000000000000000e+03
2.043000000000000000e+03
2.241000000000000000e+03
2.264000000000000000e+03
2.370000000000000000e+03
2.508000000000000000e+03
2.323000000000000000e+03
2.388000000000000000e+03
2.471000000000000000e+03
2.448000000000000000e+03
2.451000000000000000e+03
2.505000000000000000e+03
2.630000000000000000e+03
2.647000000000000000e+03
2.659000000000000000e+03
2.642000000000000000e+03
2.624000000000000000e+03
2.714000000000000000e+03
2.636000000000000000e+03
2.606000000000000000e+03
2.515000000000000000e+03
2.570000000000000000e+03
2.480000000000000000e+03
2.393000000000000000e+03
2.462000000000000000e+03
2.655000000000000000e+03
2.548000000000000000e+03
2.697000000000000000e+03
2.771000000000000000e+03
2.866000000000000000e+03
2.904000000000000000e+03
2.976000000000000000e+03
2.993000000000000000e+03
3.049000000000000000e+03
3.003000000000000000e+03
3.070000000000000000e+03
3.037000000000000000e+03
3.039000000000000000e+03
2.843000000000000000e+03
2.806000000000000000e+03
2.736000000000000000e+03
2.534000000000000000e+03
2.338000000000000000e+03
2.198000000000000000e+03
2.113000000000000000e+03
1.967000000000000000e+03
1.732000000000000000e+03
1.618000000000000000e+03
1.493000000000000000e+03
1.328000000000000000e+03
1.284000000000000000e+03
1.191000000000000000e+03
1.120000000000000000e+03
9.960000000000000000e+02
8.330000000000000000e+02
8.330000000000000000e+02
7.080000000000000000e+02
6.880000000000000000e+02
6.290000000000000000e+02
6.430000000000000000e+02
5.690000000000000000e+02
5.500000000000000000e+02
4.850000000000000000e+02
5.030000000000000000e+02
4.960000000000000000e+02
4.450000000000000000e+02
4.560000000000000000e+02
4.460000000000000000e+02
4.230000000000000000e+02
3.970000000000000000e+02
4.440000000000000000e+02
4.150000000000000000e+02
3.530000000000000000e+02
3.220000000000000000e+02
3.550000000000000000e+02
3.540000000000000000e+02
3.650000000000000000e+02
3.250000000000000000e+02
3.010000000000000000e+02
2.480000000000000000e+02
2.530000000000000000e+02
2.280000000000000000e+02
1.790000000000000000e+02
1.680000000000000000e+02
1.600000000000000000e+02
1.690000000000000000e+02
1.790000000000000000e+02
1.410000000000000000e+02
1.600000000000000000e+02
1.420000000000000000e+02
1.130000000000000000e+02
9.300000000000000000e+01
1.040000000000000000e+02
1.290000000000000000e+02
8.700000000000000000e+01
9.800000000000000000e+01
7.600000000000000000e+01
7.400000000000000000e+01
6.700000000000000000e+01
3.300000000000000000e+01
2.500000000000000000e+01
2.300000000000000000e+01
1.400000000000000000e+01
1.100000000000000000e+01
1.200000000000000000e+01
8.000000000000000000e+00
1.100000000000000000e+01
1.400000000000000000e+01
1.000000000000000000e+01
6.000000000000000000e+00
1.400000000000000000e+01
1.100000000000000000e+01
6.000000000000000000e+00
5.000000000000000000e+00
9.000000000000000000e+00
4.000000000000000000e+00
4.000000000000000000e+00
6.000000000000000000e+00
8.000000000000000000e+00
2.000000000000000000e+00
2.000000000000000000e+00
4.000000000000000000e+00
3.000000000000000000e+00
2.000000000000000000e+00
3.000000000000000000e+00
4.000000000000000000e+00
3.000000000000000000e+00
0.000000000000000000e+00
3.000000000000000000e+00
4.000000000000000000e+00
2.000000000000000000e+00
0.000000000000000000e+00
3.000000000000000000e+00
3.000000000000000000e+00
2.000000000000000000e+00
2.000000000000000000e+00
1.000000000000000000e+00
2.000000000000000000e+00
3.000000000000000000e+00
2.000000000000000000e+00
2.000000000000000000e+00
3.000000000000000000e+00
2.000000000000000000e+00
5.000000000000000000e+00
0.000000000000000000e+00
4.000000000000000000e+00
3.000000000000000000e+00
3.000000000000000000e+00
3.000000000000000000e+00
0.000000000000000000e+00
3.000000000000000000e+00
2.000000000000000000e+00
1.000000000000000000e+00
2.000000000000000000e+00
3.000000000000000000e+00
0.000000000000000000e+00
2.000000000000000000e+00
1.000000000000000000e+00
1.000000000000000000e+00
1.000000000000000000e+00
0.000000000000000000e+00
0.000000000000000000e+00
0.000000000000000000e+00
0.000000000000000000e+00
0.000000000000000000e+00
0.000000000000000000e+00
0.000000000000000000e+00
1.000000000000000000e+00
0.000000000000000000e+00
1.000000000000000000e+00
0.000000000000000000e+00
0.000000000000000000e+00
0.000000000000000000e+00
0.000000000000000000e+00
0.000000000000000000e+00
0.000000000000000000e+00
0.000000000000000000e+00
0.000000000000000000e+00
0.000000000000000000e+00
0.000000000000000000e+00
0.000000000000000000e+00
0.000000000000000000e+00
0.000000000000000000e+00
0.000000000000000000e+00
0.000000000000000000e+00
1.000000000000000000e+00
1.000000000000000000e+00
3.000000000000000000e+00
2.000000000000000000e+00
1.000000000000000000e+00
1.000000000000000000e+00
3.000000000000000000e+00
4.000000000000000000e+00
5.000000000000000000e+00
6.000000000000000000e+00
7.000000000000000000e+00
1.300000000000000000e+01
1.500000000000000000e+01
1.000000000000000000e+01
1.300000000000000000e+01
1.300000000000000000e+01
1.500000000000000000e+01
1.200000000000000000e+01
1.500000000000000000e+01
1.400000000000000000e+01
1.700000000000000000e+01
2.000000000000000000e+01
2.900000000000000000e+01
2.800000000000000000e+01
3.200000000000000000e+01
3.000000000000000000e+01
3.800000000000000000e+01
4.100000000000000000e+01
3.900000000000000000e+01
3.000000000000000000e+01
3.200000000000000000e+01
4.400000000000000000e+01
4.400000000000000000e+01
4.100000000000000000e+01
3.600000000000000000e+01
4.500000000000000000e+01
4.800000000000000000e+01
5.300000000000000000e+01
5.000000000000000000e+01
4.700000000000000000e+01
5.700000000000000000e+01
5.700000000000000000e+01
3.900000000000000000e+01
4.100000000000000000e+01
5.800000000000000000e+01
6.500000000000000000e+01
6.100000000000000000e+01
6.000000000000000000e+01
3.900000000000000000e+01
6.200000000000000000e+01
6.300000000000000000e+01
6.200000000000000000e+01
8.000000000000000000e+01
6.300000000000000000e+01
5.900000000000000000e+01
6.100000000000000000e+01
5.700000000000000000e+01
7.500000000000000000e+01
6.400000000000000000e+01
7.400000000000000000e+01
8.100000000000000000e+01
8.200000000000000000e+01
8.800000000000000000e+01
6.800000000000000000e+01
8.500000000000000000e+01
1.000000000000000000e+02
8.800000000000000000e+01
1.140000000000000000e+02
1.090000000000000000e+02
1.030000000000000000e+02
1.110000000000000000e+02
1.120000000000000000e+02
1.370000000000000000e+02
1.140000000000000000e+02
1.290000000000000000e+02
1.520000000000000000e+02
1.700000000000000000e+02
1.620000000000000000e+02
1.910000000000000000e+02
1.930000000000000000e+02
2.120000000000000000e+02
2.580000000000000000e+02
2.810000000000000000e+02
3.210000000000000000e+02
2.880000000000000000e+02
3.330000000000000000e+02
4.390000000000000000e+02
4.070000000000000000e+02
5.050000000000000000e+02
4.930000000000000000e+02
5.400000000000000000e+02
5.640000000000000000e+02
6.030000000000000000e+02
6.110000000000000000e+02
6.820000000000000000e+02
7.130000000000000000e+02
8.320000000000000000e+02
8.520000000000000000e+02
9.240000000000000000e+02
1.073000000000000000e+03
1.063000000000000000e+03
1.127000000000000000e+03
1.293000000000000000e+03
1.255000000000000000e+03
1.396000000000000000e+03
1.424000000000000000e+03
1.403000000000000000e+03
1.522000000000000000e+03
1.554000000000000000e+03
1.573000000000000000e+03
1.683000000000000000e+03
1.713000000000000000e+03
1.674000000000000000e+03
1.734000000000000000e+03
1.730000000000000000e+03
1.732000000000000000e+03
1.659000000000000000e+03
1.648000000000000000e+03
1.645000000000000000e+03
1.695000000000000000e+03
1.722000000000000000e+03
1.617000000000000000e+03
1.769000000000000000e+03
1.773000000000000000e+03
1.821000000000000000e+03
1.748000000000000000e+03
1.702000000000000000e+03
1.652000000000000000e+03
1.620000000000000000e+03
1.593000000000000000e+03
1.680000000000000000e+03
1.506000000000000000e+03
1.396000000000000000e+03
1.401000000000000000e+03
1.357000000000000000e+03
1.405000000000000000e+03
1.468000000000000000e+03
1.401000000000000000e+03
1.426000000000000000e+03
1.521000000000000000e+03
1.509000000000000000e+03
1.774000000000000000e+03
1.651000000000000000e+03
1.701000000000000000e+03
1.674000000000000000e+03
1.743000000000000000e+03
1.823000000000000000e+03
1.839000000000000000e+03
1.888000000000000000e+03
2.069000000000000000e+03
2.307000000000000000e+03
2.416000000000000000e+03
2.508000000000000000e+03
2.677000000000000000e+03
2.797000000000000000e+03
2.910000000000000000e+03
3.038000000000000000e+03
3.139000000000000000e+03
3.192000000000000000e+03
3.110000000000000000e+03
3.131000000000000000e+03
3.076000000000000000e+03
2.860000000000000000e+03
2.827000000000000000e+03
2.689000000000000000e+03
2.602000000000000000e+03
2.388000000000000000e+03
2.294000000000000000e+03
2.191000000000000000e+03
2.021000000000000000e+03
1.737000000000000000e+03
1.628000000000000000e+03
1.478000000000000000e+03
1.383000000000000000e+03
1.300000000000000000e+03
1.092000000000000000e+03
1.105000000000000000e+03
9.700000000000000000e+02
9.560000000000000000e+02
9.720000000000000000e+02
8.850000000000000000e+02
7.810000000000000000e+02
6.050000000000000000e+02
5.110000000000000000e+02
3.860000000000000000e+02
3.470000000000000000e+02
1.770000000000000000e+02
1.270000000000000000e+02
7.400000000000000000e+01
3.700000000000000000e+01
2.200000000000000000e+01
3.200000000000000000e+01
2.500000000000000000e+01
1.600000000000000000e+01
2.000000000000000000e+01
1.300000000000000000e+01
1.000000000000000000e+01
1.800000000000000000e+01
8.000000000000000000e+00
9.000000000000000000e+00
1.000000000000000000e+01
7.000000000000000000e+00
9.000000000000000000e+00
6.000000000000000000e+00
4.000000000000000000e+00
9.000000000000000000e+00
5.000000000000000000e+00
2.000000000000000000e+00
2.000000000000000000e+00
2.000000000000000000e+00
3.000000000000000000e+00
4.000000000000000000e+00
2.000000000000000000e+00
2.000000000000000000e+00
0.000000000000000000e+00
0.000000000000000000e+00
2.000000000000000000e+00
4.000000000000000000e+00
2.000000000000000000e+00
0.000000000000000000e+00
1.000000000000000000e+00
2.000000000000000000e+00
1.000000000000000000e+00
0.000000000000000000e+00
0.000000000000000000e+00
1.000000000000000000e+00
0.000000000000000000e+00
0.000000000000000000e+00
0.000000000000000000e+00
0.000000000000000000e+00
0.000000000000000000e+00
1.000000000000000000e+00
0.000000000000000000e+00
1.000000000000000000e+00
0.000000000000000000e+00
0.000000000000000000e+00
0.000000000000000000e+00
0.000000000000000000e+00
0.000000000000000000e+00
0.000000000000000000e+00
0.000000000000000000e+00
1.000000000000000000e+00
0.000000000000000000e+00
0.000000000000000000e+00
0.000000000000000000e+00
0.000000000000000000e+00
0.000000000000000000e+00
0.000000000000000000e+00
0.000000000000000000e+00
0.000000000000000000e+00
0.000000000000000000e+00
0.000000000000000000e+00
0.000000000000000000e+00
0.000000000000000000e+00
0.000000000000000000e+00
0.000000000000000000e+00
1.100000000000000000e+01
2.000000000000000000e+00
4.000000000000000000e+00
3.000000000000000000e+00
5.000000000000000000e+00
2.000000000000000000e+00
3.000000000000000000e+00
6.000000000000000000e+00
3.000000000000000000e+00
9.000000000000000000e+00
1.500000000000000000e+01
6.000000000000000000e+00
3.000000000000000000e+00
1.400000000000000000e+01
5.000000000000000000e+00
4.000000000000000000e+00
8.000000000000000000e+00
1.100000000000000000e+01
1.800000000000000000e+01
1.400000000000000000e+01
1.200000000000000000e+01
2.500000000000000000e+01
2.200000000000000000e+01
2.900000000000000000e+01
2.100000000000000000e+01
2.300000000000000000e+01
2.900000000000000000e+01
3.200000000000000000e+01
2.500000000000000000e+01
3.200000000000000000e+01
4.300000000000000000e+01
3.100000000000000000e+01
3.600000000000000000e+01
2.700000000000000000e+01
3.000000000000000000e+01
3.100000000000000000e+01
2.100000000000000000e+01
3.400000000000000000e+01
3.400000000000000000e+01
3.800000000000000000e+01
3.100000000000000000e+01
4.400000000000000000e+01
3.300000000000000000e+01
5.500000000000000000e+01
4.500000000000000000e+01
5.300000000000000000e+01
4.200000000000000000e+01
5.300000000000000000e+01
4.100000000000000000e+01
4.300000000000000000e+01
4.200000000000000000e+01
5.000000000000000000e+01
4.800000000000000000e+01
3.400000000000000000e+01
4.300000000000000000e+01
6.000000000000000000e+01
4.700000000000000000e+01
4.900000000000000000e+01
5.500000000000000000e+01
6.700000000000000000e+01
6.900000000000000000e+01
7.100000000000000000e+01
7.300000000000000000e+01
8.500000000000000000e+01
7.600000000000000000e+01
7.200000000000000000e+01
8.800000000000000000e+01
8.700000000000000000e+01
5.800000000000000000e+01
6.300000000000000000e+01
7.800000000000000000e+01
7.100000000000000000e+01
7.400000000000000000e+01
7.300000000000000000e+01
9.700000000000000000e+01
8.500000000000000000e+01
9.200000000000000000e+01
9.200000000000000000e+01
1.110000000000000000e+02
1.070000000000000000e+02
1.150000000000000000e+02
1.300000000000000000e+02
1.480000000000000000e+02
1.460000000000000000e+02
1.590000000000000000e+02
1.890000000000000000e+02
2.200000000000000000e+02
2.620000000000000000e+02
2.860000000000000000e+02
3.180000000000000000e+02
3.630000000000000000e+02
4.330000000000000000e+02
3.960000000000000000e+02
4.430000000000000000e+02
4.400000000000000000e+02
4.660000000000000000e+02
4.940000000000000000e+02
5.160000000000000000e+02
5.570000000000000000e+02
6.570000000000000000e+02
7.460000000000000000e+02
7.840000000000000000e+02
8.200000000000000000e+02
9.900000000000000000e+02
9.750000000000000000e+02
1.016000000000000000e+03
1.120000000000000000e+03
1.155000000000000000e+03
1.168000000000000000e+03
1.242000000000000000e+03
1.314000000000000000e+03
1.319000000000000000e+03
1.403000000000000000e+03
1.438000000000000000e+03
1.453000000000000000e+03
1.489000000000000000e+03
1.452000000000000000e+03
1.643000000000000000e+03
1.612000000000000000e+03
1.613000000000000000e+03
1.596000000000000000e+03
1.681000000000000000e+03
1.786000000000000000e+03
1.710000000000000000e+03
1.757000000000000000e+03
1.783000000000000000e+03
1.884000000000000000e+03
1.883000000000000000e+03
2.040000000000000000e+03
1.974000000000000000e+03
1.950000000000000000e+03
1.947000000000000000e+03
2.015000000000000000e+03
2.066000000000000000e+03
2.014000000000000000e+03
2.025000000000000000e+03
1.992000000000000000e+03
2.065000000000000000e+03
2.217000000000000000e+03
2.240000000000000000e+03
2.365000000000000000e+03
2.481000000000000000e+03
2.535000000000000000e+03
2.664000000000000000e+03
2.867000000000000000e+03
3.082000000000000000e+03
3.359000000000000000e+03
3.600000000000000000e+03
3.750000000000000000e+03
3.674000000000000000e+03
3.772000000000000000e+03
3.803000000000000000e+03
4.068000000000000000e+03
4.114000000000000000e+03
3.912000000000000000e+03
3.488000000000000000e+03
3.387000000000000000e+03
3.215000000000000000e+03
2.977000000000000000e+03
2.664000000000000000e+03
2.358000000000000000e+03
2.103000000000000000e+03
1.825000000000000000e+03
1.542000000000000000e+03
1.349000000000000000e+03
1.108000000000000000e+03
9.840000000000000000e+02
7.860000000000000000e+02
6.500000000000000000e+02
6.030000000000000000e+02
5.580000000000000000e+02
5.410000000000000000e+02
5.880000000000000000e+02
5.010000000000000000e+02
4.920000000000000000e+02
5.080000000000000000e+02
4.670000000000000000e+02
4.660000000000000000e+02
4.810000000000000000e+02
4.460000000000000000e+02
4.610000000000000000e+02
4.330000000000000000e+02
4.530000000000000000e+02
4.710000000000000000e+02
3.880000000000000000e+02
4.080000000000000000e+02
4.370000000000000000e+02
4.430000000000000000e+02
3.550000000000000000e+02
3.660000000000000000e+02
3.670000000000000000e+02
3.080000000000000000e+02
3.540000000000000000e+02
2.700000000000000000e+02
3.150000000000000000e+02
3.530000000000000000e+02
3.180000000000000000e+02
3.440000000000000000e+02
3.050000000000000000e+02
2.890000000000000000e+02
2.160000000000000000e+02
1.790000000000000000e+02
2.140000000000000000e+02
2.200000000000000000e+02
1.510000000000000000e+02
9.300000000000000000e+01
5.300000000000000000e+01
1.600000000000000000e+01
6.000000000000000000e+00
5.000000000000000000e+00
1.000000000000000000e+00
5.000000000000000000e+00
2.000000000000000000e+00
9.000000000000000000e+00
5.000000000000000000e+00
3.000000000000000000e+00
0.000000000000000000e+00
4.000000000000000000e+00
1.000000000000000000e+00
1.000000000000000000e+00
0.000000000000000000e+00
4.000000000000000000e+00
2.000000000000000000e+00
2.000000000000000000e+00
2.000000000000000000e+00
3.000000000000000000e+00
1.000000000000000000e+00
2.000000000000000000e+00
0.000000000000000000e+00
0.000000000000000000e+00
0.000000000000000000e+00
0.000000000000000000e+00
0.000000000000000000e+00
0.000000000000000000e+00
0.000000000000000000e+00
0.000000000000000000e+00
0.000000000000000000e+00
0.000000000000000000e+00
2.000000000000000000e+00
0.000000000000000000e+00
0.000000000000000000e+00
0.000000000000000000e+00
0.000000000000000000e+00
0.000000000000000000e+00
0.000000000000000000e+00
1.000000000000000000e+00
0.000000000000000000e+00
0.000000000000000000e+00
0.000000000000000000e+00
0.000000000000000000e+00
0.000000000000000000e+00
0.000000000000000000e+00
0.000000000000000000e+00
0.000000000000000000e+00
0.000000000000000000e+00
0.000000000000000000e+00
