1.800000000000000000e+01
9.000000000000000000e+00
4.000000000000000000e+00
8.000000000000000000e+00
4.000000000000000000e+00
5.000000000000000000e+00
9.000000000000000000e+00
1.100000000000000000e+01
1.400000000000000000e+01
1.900000000000000000e+01
2.800000000000000000e+01
3.900000000000000000e+01
3.700000000000000000e+01
6.500000000000000000e+01
8.500000000000000000e+01
1.090000000000000000e+02
1.640000000000000000e+02
2.470000000000000000e+02
2.850000000000000000e+02
4.040000000000000000e+02
5.290000000000000000e+02
7.070000000000000000e+02
9.620000000000000000e+02
1.148000000000000000e+03
1.308000000000000000e+03
1.315000000000000000e+03
1.343000000000000000e+03
1.239000000000000000e+03
1.097000000000000000e+03
1.080000000000000000e+03
1.021000000000000000e+03
1.157000000000000000e+03
1.189000000000000000e+03
1.183000000000000000e+03
1.257000000000000000e+03
1.217000000000000000e+03
1.280000000000000000e+03
1.229000000000000000e+03
1.210000000000000000e+03
1.187000000000000000e+03
1.192000000000000000e+03
1.272000000000000000e+03
1.317000000000000000e+03
1.315000000000000000e+03
1.320000000000000000e+03
1.409000000000000000e+03
1.420000000000000000e+03
1.402000000000000000e+03
1.366000000000000000e+03
1.279000000000000000e+03
1.414000000000000000e+03
1.413000000000000000e+03
1.383000000000000000e+03
1.425000000000000000e+03
1.425000000000000000e+03
1.337000000000000000e+03
1.409000000000000000e+03
1.338000000000000000e+03
1.286000000000000000e+03
1.296000000000000000e+03
1.265000000000000000e+03
1.336000000000000000e+03
1.298000000000000000e+03
1.174000000000000000e+03
1.162000000000000000e+03
1.254000000000000000e+03
1.193000000000000000e+03
1.272000000000000000e+03
1.395000000000000000e+03
1.477000000000000000e+03
1.583000000000000000e+03
1.488000000000000000e+03
1.437000000000000000e+03
1.301000000000000000e+03
1.265000000000000000e+03
1.208000000000000000e+03
1.133000000000000000e+03
1.050000000000000000e+03
1.079000000000000000e+03
9.700000000000000000e+02
1.041000000000000000e+03
1.050000000000000000e+03
1.040000000000000000e+03
1.053000000000000000e+03
1.234000000000000000e+03
1.206000000000000000e+03
1.230000000000000000e+03
1.071000000000000000e+03
1.065000000000000000e+03
9.780000000000000000e+02
9.030000000000000000e+02
9.140000000000000000e+02
8.230000000000000000e+02
8.370000000000000000e+02
8.950000000000000000e+02
9.280000000000000000e+02
8.220000000000000000e+02
8.610000000000000000e+02
7.960000000000000000e+02
8.540000000000000000e+02
8.630000000000000000e+02
7.250000000000000000e+02
7.700000000000000000e+02
7.250000000000000000e+02
8.060000000000000000e+02
8.580000000000000000e+02
7.980000000000000000e+02
8.750000000000000000e+02
9.820000000000000000e+02
9.190000000000000000e+02
9.200000000000000000e+02
8.410000000000000000e+02
7.880000000000000000e+02
6.780000000000000000e+02
6.210000000000000000e+02
6.290000000000000000e+02
5.900000000000000000e+02
6.060000000000000000e+02
6.020000000000000000e+02
5.960000000000000000e+02
6.510000000000000000e+02
6.280000000000000000e+02
6.690000000000000000e+02
5.360000000000000000e+02
5.140000000000000000e+02
3.880000000000000000e+02
3.720000000000000000e+02
3.610000000000000000e+02
3.790000000000000000e+02
3.870000000000000000e+02
3.770000000000000000e+02
3.960000000000000000e+02
3.830000000000000000e+02
3.780000000000000000e+02
3.960000000000000000e+02
3.420000000000000000e+02
3.320000000000000000e+02
3.370000000000000000e+02
3.270000000000000000e+02
2.890000000000000000e+02
3.100000000000000000e+02
3.200000000000000000e+02
2.880000000000000000e+02
2.830000000000000000e+02
2.730000000000000000e+02
2.880000000000000000e+02
2.700000000000000000e+02
2.390000000000000000e+02
2.560000000000000000e+02
2.820000000000000000e+02
2.720000000000000000e+02
2.590000000000000000e+02
2.070000000000000000e+02
1.680000000000000000e+02
1.770000000000000000e+02
1.960000000000000000e+02
1.770000000000000000e+02
1.950000000000000000e+02
2.040000000000000000e+02
1.950000000000000000e+02
1.810000000000000000e+02
1.930000000000000000e+02
2.160000000000000000e+02
2.150000000000000000e+02
2.050000000000000000e+02
2.440000000000000000e+02
2.110000000000000000e+02
2.150000000000000000e+02
2.590000000000000000e+02
2.760000000000000000e+02
2.350000000000000000e+02
2.350000000000000000e+02
2.530000000000000000e+02
2.340000000000000000e+02
2.280000000000000000e+02
2.540000000000000000e+02
2.480000000000000000e+02
2.510000000000000000e+02
2.410000000000000000e+02
2.370000000000000000e+02
2.760000000000000000e+02
2.200000000000000000e+02
2.940000000000000000e+02
2.510000000000000000e+02
2.600000000000000000e+02
2.570000000000000000e+02
2.690000000000000000e+02
2.950000000000000000e+02
3.090000000000000000e+02
2.600000000000000000e+02
2.890000000000000000e+02
2.850000000000000000e+02
2.670000000000000000e+02
3.250000000000000000e+02
3.320000000000000000e+02
3.520000000000000000e+02
3.390000000000000000e+02
3.180000000000000000e+02
3.510000000000000000e+02
3.190000000000000000e+02
3.210000000000000000e+02
3.340000000000000000e+02
3.430000000000000000e+02
3.680000000000000000e+02
3.630000000000000000e+02
3.690000000000000000e+02
3.650000000000000000e+02
4.070000000000000000e+02
4.580000000000000000e+02
4.660000000000000000e+02
4.530000000000000000e+02
4.470000000000000000e+02
4.550000000000000000e+02
4.660000000000000000e+02
4.530000000000000000e+02
4.580000000000000000e+02
4.560000000000000000e+02
4.860000000000000000e+02
4.400000000000000000e+02
4.820000000000000000e+02
4.790000000000000000e+02
4.970000000000000000e+02
5.030000000000000000e+02
4.680000000000000000e+02
5.060000000000000000e+02
4.610000000000000000e+02
4.960000000000000000e+02
4.870000000000000000e+02
4.850000000000000000e+02
5.130000000000000000e+02
5.170000000000000000e+02
4.780000000000000000e+02
4.540000000000000000e+02
4.000000000000000000e+02
3.630000000000000000e+02
3.670000000000000000e+02
3.990000000000000000e+02
3.300000000000000000e+02
3.520000000000000000e+02
2.850000000000000000e+02
2.750000000000000000e+02
2.840000000000000000e+02
2.980000000000000000e+02
2.430000000000000000e+02
2.410000000000000000e+02
2.390000000000000000e+02
2.430000000000000000e+02
2.280000000000000000e+02
2.270000000000000000e+02
2.390000000000000000e+02
3.160000000000000000e+02
4.070000000000000000e+02
8.430000000000000000e+02
1.461000000000000000e+03
5.026000000000000000e+03
4.527000000000000000e+03
4.000000000000000000e+00
1.000000000000000000e+00
1.000000000000000000e+00
2.000000000000000000e+00
2.000000000000000000e+00
3.000000000000000000e+00
3.000000000000000000e+00
6.000000000000000000e+00
5.000000000000000000e+00
4.000000000000000000e+00
3.000000000000000000e+00
6.000000000000000000e+00
5.000000000000000000e+00
1.000000000000000000e+00
7.000000000000000000e+00
5.000000000000000000e+00
7.000000000000000000e+00
6.000000000000000000e+00
1.600000000000000000e+01
7.000000000000000000e+00
1.400000000000000000e+01
7.000000000000000000e+00
1.800000000000000000e+01
2.000000000000000000e+01
1.300000000000000000e+01
2.000000000000000000e+01
1.700000000000000000e+01
1.500000000000000000e+01
1.900000000000000000e+01
2.100000000000000000e+01
2.600000000000000000e+01
2.100000000000000000e+01
2.600000000000000000e+01
3.200000000000000000e+01
2.600000000000000000e+01
1.500000000000000000e+01
2.400000000000000000e+01
3.900000000000000000e+01
3.300000000000000000e+01
2.800000000000000000e+01
3.900000000000000000e+01
4.100000000000000000e+01
3.900000000000000000e+01
4.200000000000000000e+01
5.500000000000000000e+01
5.400000000000000000e+01
5.300000000000000000e+01
6.300000000000000000e+01
7.500000000000000000e+01
8.200000000000000000e+01
8.200000000000000000e+01
7.200000000000000000e+01
1.060000000000000000e+02
1.040000000000000000e+02
1.080000000000000000e+02
1.190000000000000000e+02
1.400000000000000000e+02
1.520000000000000000e+02
1.590000000000000000e+02
1.580000000000000000e+02
1.670000000000000000e+02
2.240000000000000000e+02
2.380000000000000000e+02
2.430000000000000000e+02
2.330000000000000000e+02
2.720000000000000000e+02
3.120000000000000000e+02
3.010000000000000000e+02
3.700000000000000000e+02
3.760000000000000000e+02
4.050000000000000000e+02
4.060000000000000000e+02
4.510000000000000000e+02
4.510000000000000000e+02
4.380000000000000000e+02
4.960000000000000000e+02
4.870000000000000000e+02
6.000000000000000000e+02
6.160000000000000000e+02
6.470000000000000000e+02
6.480000000000000000e+02
6.740000000000000000e+02
6.710000000000000000e+02
7.550000000000000000e+02
7.890000000000000000e+02
8.520000000000000000e+02
9.230000000000000000e+02
8.590000000000000000e+02
9.660000000000000000e+02
9.670000000000000000e+02
9.930000000000000000e+02
1.039000000000000000e+03
1.102000000000000000e+03
1.154000000000000000e+03
1.110000000000000000e+03
1.242000000000000000e+03
1.176000000000000000e+03
1.185000000000000000e+03
1.217000000000000000e+03
1.246000000000000000e+03
1.234000000000000000e+03
1.229000000000000000e+03
1.331000000000000000e+03
1.361000000000000000e+03
1.267000000000000000e+03
1.311000000000000000e+03
1.398000000000000000e+03
1.365000000000000000e+03
1.465000000000000000e+03
1.535000000000000000e+03
1.588000000000000000e+03
1.619000000000000000e+03
1.768000000000000000e+03
1.964000000000000000e+03
2.177000000000000000e+03
2.352000000000000000e+03
2.138000000000000000e+03
2.080000000000000000e+03
1.861000000000000000e+03
1.864000000000000000e+03
1.890000000000000000e+03
2.010000000000000000e+03
2.232000000000000000e+03
2.105000000000000000e+03
2.006000000000000000e+03
1.764000000000000000e+03
1.790000000000000000e+03
1.878000000000000000e+03
2.012000000000000000e+03
2.044000000000000000e+03
2.014000000000000000e+03
2.115000000000000000e+03
2.294000000000000000e+03
2.219000000000000000e+03
1.950000000000000000e+03
1.807000000000000000e+03
1.619000000000000000e+03
1.572000000000000000e+03
1.484000000000000000e+03
1.504000000000000000e+03
1.462000000000000000e+03
1.631000000000000000e+03
1.680000000000000000e+03
1.570000000000000000e+03
1.352000000000000000e+03
1.255000000000000000e+03
1.139000000000000000e+03
1.001000000000000000e+03
9.720000000000000000e+02
9.070000000000000000e+02
9.250000000000000000e+02
7.870000000000000000e+02
8.160000000000000000e+02
7.580000000000000000e+02
6.880000000000000000e+02
6.630000000000000000e+02
6.140000000000000000e+02
5.630000000000000000e+02
5.880000000000000000e+02
5.140000000000000000e+02
4.830000000000000000e+02
4.560000000000000000e+02
4.650000000000000000e+02
4.500000000000000000e+02
4.480000000000000000e+02
4.450000000000000000e+02
4.060000000000000000e+02
3.930000000000000000e+02
3.830000000000000000e+02
4.100000000000000000e+02
3.780000000000000000e+02
4.120000000000000000e+02
3.810000000000000000e+02
4.180000000000000000e+02
4.190000000000000000e+02
4.400000000000000000e+02
5.340000000000000000e+02
4.450000000000000000e+02
4.120000000000000000e+02
4.190000000000000000e+02
4.280000000000000000e+02
4.160000000000000000e+02
4.370000000000000000e+02
4.620000000000000000e+02
5.040000000000000000e+02
5.030000000000000000e+02
4.990000000000000000e+02
4.970000000000000000e+02
4.730000000000000000e+02
5.300000000000000000e+02
5.480000000000000000e+02
5.270000000000000000e+02
5.490000000000000000e+02
5.290000000000000000e+02
5.040000000000000000e+02
5.630000000000000000e+02
6.100000000000000000e+02
6.030000000000000000e+02
6.480000000000000000e+02
5.950000000000000000e+02
5.830000000000000000e+02
5.350000000000000000e+02
5.680000000000000000e+02
6.340000000000000000e+02
6.240000000000000000e+02
6.190000000000000000e+02
6.340000000000000000e+02
5.710000000000000000e+02
5.950000000000000000e+02
5.800000000000000000e+02
5.740000000000000000e+02
6.240000000000000000e+02
6.710000000000000000e+02
6.120000000000000000e+02
6.410000000000000000e+02
6.400000000000000000e+02
5.520000000000000000e+02
4.990000000000000000e+02
4.360000000000000000e+02
4.730000000000000000e+02
4.200000000000000000e+02
3.860000000000000000e+02
3.660000000000000000e+02
3.300000000000000000e+02
3.180000000000000000e+02
3.300000000000000000e+02
3.330000000000000000e+02
2.960000000000000000e+02
2.730000000000000000e+02
2.840000000000000000e+02
2.760000000000000000e+02
2.890000000000000000e+02
2.320000000000000000e+02
2.350000000000000000e+02
2.450000000000000000e+02
2.330000000000000000e+02
2.440000000000000000e+02
2.520000000000000000e+02
2.200000000000000000e+02
2.480000000000000000e+02
2.300000000000000000e+02
2.180000000000000000e+02
2.490000000000000000e+02
2.320000000000000000e+02
1.990000000000000000e+02
2.030000000000000000e+02
2.180000000000000000e+02
2.080000000000000000e+02
2.120000000000000000e+02
2.370000000000000000e+02
2.350000000000000000e+02
3.050000000000000000e+02
4.100000000000000000e+02
1.179000000000000000e+03
4.659000000000000000e+03
1.336000000000000000e+03
6.000000000000000000e+00
0.000000000000000000e+00
1.000000000000000000e+00
1.000000000000000000e+00
2.000000000000000000e+00
1.000000000000000000e+00
5.000000000000000000e+00
2.000000000000000000e+00
4.000000000000000000e+00
6.000000000000000000e+00
3.000000000000000000e+00
6.000000000000000000e+00
6.000000000000000000e+00
3.000000000000000000e+00
7.000000000000000000e+00
2.000000000000000000e+00
9.000000000000000000e+00
1.100000000000000000e+01
9.000000000000000000e+00
8.000000000000000000e+00
8.000000000000000000e+00
1.100000000000000000e+01
1.100000000000000000e+01
1.000000000000000000e+01
1.100000000000000000e+01
1.700000000000000000e+01
2.100000000000000000e+01
9.000000000000000000e+00
1.200000000000000000e+01
2.000000000000000000e+01
1.900000000000000000e+01
1.400000000000000000e+01
1.400000000000000000e+01
1.300000000000000000e+01
1.800000000000000000e+01
1.800000000000000000e+01
1.400000000000000000e+01
1.700000000000000000e+01
1.900000000000000000e+01
1.800000000000000000e+01
1.200000000000000000e+01
2.000000000000000000e+01
2.000000000000000000e+01
2.000000000000000000e+01
2.100000000000000000e+01
2.700000000000000000e+01
3.500000000000000000e+01
2.800000000000000000e+01
3.100000000000000000e+01
4.200000000000000000e+01
4.700000000000000000e+01
5.700000000000000000e+01
7.800000000000000000e+01
1.130000000000000000e+02
1.260000000000000000e+02
1.680000000000000000e+02
2.030000000000000000e+02
1.850000000000000000e+02
2.060000000000000000e+02
2.130000000000000000e+02
2.200000000000000000e+02
2.520000000000000000e+02
2.470000000000000000e+02
3.360000000000000000e+02
3.690000000000000000e+02
4.660000000000000000e+02
5.200000000000000000e+02
6.030000000000000000e+02
8.060000000000000000e+02
8.370000000000000000e+02
9.020000000000000000e+02
9.880000000000000000e+02
1.089000000000000000e+03
1.084000000000000000e+03
9.970000000000000000e+02
1.069000000000000000e+03
1.151000000000000000e+03
1.114000000000000000e+03
1.008000000000000000e+03
1.035000000000000000e+03
1.054000000000000000e+03
1.035000000000000000e+03
1.035000000000000000e+03
1.022000000000000000e+03
1.001000000000000000e+03
1.005000000000000000e+03
1.050000000000000000e+03
1.066000000000000000e+03
1.115000000000000000e+03
1.086000000000000000e+03
1.131000000000000000e+03
1.140000000000000000e+03
1.161000000000000000e+03
1.104000000000000000e+03
1.062000000000000000e+03
1.054000000000000000e+03
1.026000000000000000e+03
1.049000000000000000e+03
1.051000000000000000e+03
1.011000000000000000e+03
1.062000000000000000e+03
1.093000000000000000e+03
1.127000000000000000e+03
1.087000000000000000e+03
1.151000000000000000e+03
1.250000000000000000e+03
1.253000000000000000e+03
1.329000000000000000e+03
1.469000000000000000e+03
1.435000000000000000e+03
1.411000000000000000e+03
1.440000000000000000e+03
1.425000000000000000e+03
1.404000000000000000e+03
1.430000000000000000e+03
1.414000000000000000e+03
1.219000000000000000e+03
1.361000000000000000e+03
1.269000000000000000e+03
1.336000000000000000e+03
1.354000000000000000e+03
1.265000000000000000e+03
1.360000000000000000e+03
1.398000000000000000e+03
1.512000000000000000e+03
1.534000000000000000e+03
1.647000000000000000e+03
1.580000000000000000e+03
1.573000000000000000e+03
1.739000000000000000e+03
1.728000000000000000e+03
1.753000000000000000e+03
1.586000000000000000e+03
1.524000000000000000e+03
1.463000000000000000e+03
1.395000000000000000e+03
1.535000000000000000e+03
1.619000000000000000e+03
1.720000000000000000e+03
1.615000000000000000e+03
1.546000000000000000e+03
1.651000000000000000e+03
1.442000000000000000e+03
1.383000000000000000e+03
1.421000000000000000e+03
1.440000000000000000e+03
1.375000000000000000e+03
1.418000000000000000e+03
1.256000000000000000e+03
1.323000000000000000e+03
1.370000000000000000e+03
1.411000000000000000e+03
1.503000000000000000e+03
1.362000000000000000e+03
1.339000000000000000e+03
1.457000000000000000e+03
1.386000000000000000e+03
1.293000000000000000e+03
1.248000000000000000e+03
1.061000000000000000e+03
9.870000000000000000e+02
9.350000000000000000e+02
1.027000000000000000e+03
9.250000000000000000e+02
9.840000000000000000e+02
8.200000000000000000e+02
6.520000000000000000e+02
5.640000000000000000e+02
5.520000000000000000e+02
5.610000000000000000e+02
5.260000000000000000e+02
5.520000000000000000e+02
5.300000000000000000e+02
5.100000000000000000e+02
5.610000000000000000e+02
5.520000000000000000e+02
5.660000000000000000e+02
6.300000000000000000e+02
6.570000000000000000e+02
6.750000000000000000e+02
6.880000000000000000e+02
5.950000000000000000e+02
5.340000000000000000e+02
5.140000000000000000e+02
5.310000000000000000e+02
5.490000000000000000e+02
5.580000000000000000e+02
5.440000000000000000e+02
5.550000000000000000e+02
5.980000000000000000e+02
5.710000000000000000e+02
5.510000000000000000e+02
5.650000000000000000e+02
4.810000000000000000e+02
5.170000000000000000e+02
5.470000000000000000e+02
5.660000000000000000e+02
5.690000000000000000e+02
5.960000000000000000e+02
5.680000000000000000e+02
5.660000000000000000e+02
6.240000000000000000e+02
7.010000000000000000e+02
5.860000000000000000e+02
4.470000000000000000e+02
4.270000000000000000e+02
5.060000000000000000e+02
4.260000000000000000e+02
4.350000000000000000e+02
3.620000000000000000e+02
3.490000000000000000e+02
3.260000000000000000e+02
3.200000000000000000e+02
2.750000000000000000e+02
2.910000000000000000e+02
2.700000000000000000e+02
2.770000000000000000e+02
2.100000000000000000e+02
2.720000000000000000e+02
2.290000000000000000e+02
2.090000000000000000e+02
2.090000000000000000e+02
2.220000000000000000e+02
1.970000000000000000e+02
1.790000000000000000e+02
1.750000000000000000e+02
2.040000000000000000e+02
1.820000000000000000e+02
1.790000000000000000e+02
1.730000000000000000e+02
2.010000000000000000e+02
2.080000000000000000e+02
1.450000000000000000e+02
1.470000000000000000e+02
1.290000000000000000e+02
1.470000000000000000e+02
1.800000000000000000e+02
1.510000000000000000e+02
1.830000000000000000e+02
1.800000000000000000e+02
1.970000000000000000e+02
1.840000000000000000e+02
2.260000000000000000e+02
2.120000000000000000e+02
2.710000000000000000e+02
2.580000000000000000e+02
1.260000000000000000e+02
3.340000000000000000e+02
3.120000000000000000e+02
4.360000000000000000e+02
4.340000000000000000e+02
1.350000000000000000e+02
5.010000000000000000e+02
6.940000000000000000e+02
3.541000000000000000e+03
2.380000000000000000e+02
