4.000000000000000000e+00
0.000000000000000000e+00
5.000000000000000000e+00
1.000000000000000000e+00
5.000000000000000000e+00
1.200000000000000000e+01
9.000000000000000000e+00
2.800000000000000000e+01
1.900000000000000000e+01
3.100000000000000000e+01
3.500000000000000000e+01
5.300000000000000000e+01
4.900000000000000000e+01
6.700000000000000000e+01
6.600000000000000000e+01
8.000000000000000000e+01
8.600000000000000000e+01
9.900000000000000000e+01
1.060000000000000000e+02
1.050000000000000000e+02
1.220000000000000000e+02
1.210000000000000000e+02
1.290000000000000000e+02
1.350000000000000000e+02
1.490000000000000000e+02
1.150000000000000000e+02
1.540000000000000000e+02
1.530000000000000000e+02
1.400000000000000000e+02
1.440000000000000000e+02
1.370000000000000000e+02
1.340000000000000000e+02
1.250000000000000000e+02
1.420000000000000000e+02
1.270000000000000000e+02
1.540000000000000000e+02
1.660000000000000000e+02
1.510000000000000000e+02
1.560000000000000000e+02
1.720000000000000000e+02
1.950000000000000000e+02
1.830000000000000000e+02
1.880000000000000000e+02
2.100000000000000000e+02
2.360000000000000000e+02
2.400000000000000000e+02
2.400000000000000000e+02
2.450000000000000000e+02
2.480000000000000000e+02
2.820000000000000000e+02
2.750000000000000000e+02
2.950000000000000000e+02
2.860000000000000000e+02
3.190000000000000000e+02
2.870000000000000000e+02
3.460000000000000000e+02
3.080000000000000000e+02
3.480000000000000000e+02
3.470000000000000000e+02
3.550000000000000000e+02
3.370000000000000000e+02
3.690000000000000000e+02
3.560000000000000000e+02
3.670000000000000000e+02
3.700000000000000000e+02
3.690000000000000000e+02
3.510000000000000000e+02
3.760000000000000000e+02
4.010000000000000000e+02
3.800000000000000000e+02
3.970000000000000000e+02
3.810000000000000000e+02
4.170000000000000000e+02
4.110000000000000000e+02
4.250000000000000000e+02
4.370000000000000000e+02
4.510000000000000000e+02
4.570000000000000000e+02
4.800000000000000000e+02
5.160000000000000000e+02
4.970000000000000000e+02
5.200000000000000000e+02
5.440000000000000000e+02
5.790000000000000000e+02
5.850000000000000000e+02
6.030000000000000000e+02
6.170000000000000000e+02
6.430000000000000000e+02
6.520000000000000000e+02
6.660000000000000000e+02
6.660000000000000000e+02
7.020000000000000000e+02
6.840000000000000000e+02
7.340000000000000000e+02
7.470000000000000000e+02
7.700000000000000000e+02
7.980000000000000000e+02
8.100000000000000000e+02
8.150000000000000000e+02
7.950000000000000000e+02
8.230000000000000000e+02
8.890000000000000000e+02
9.010000000000000000e+02
9.380000000000000000e+02
8.960000000000000000e+02
8.750000000000000000e+02
9.500000000000000000e+02
9.370000000000000000e+02
9.480000000000000000e+02
9.580000000000000000e+02
9.860000000000000000e+02
1.019000000000000000e+03
1.131000000000000000e+03
1.013000000000000000e+03
1.148000000000000000e+03
1.122000000000000000e+03
1.191000000000000000e+03
1.167000000000000000e+03
1.198000000000000000e+03
1.194000000000000000e+03
1.170000000000000000e+03
1.209000000000000000e+03
1.283000000000000000e+03
1.215000000000000000e+03
1.366000000000000000e+03
1.398000000000000000e+03
1.321000000000000000e+03
1.324000000000000000e+03
1.449000000000000000e+03
1.379000000000000000e+03
1.406000000000000000e+03
1.443000000000000000e+03
1.301000000000000000e+03
1.468000000000000000e+03
1.401000000000000000e+03
1.461000000000000000e+03
1.356000000000000000e+03
1.433000000000000000e+03
1.459000000000000000e+03
1.470000000000000000e+03
1.466000000000000000e+03
1.499000000000000000e+03
1.518000000000000000e+03
1.453000000000000000e+03
1.430000000000000000e+03
1.450000000000000000e+03
1.505000000000000000e+03
1.418000000000000000e+03
1.408000000000000000e+03
1.404000000000000000e+03
1.430000000000000000e+03
1.469000000000000000e+03
1.428000000000000000e+03
1.428000000000000000e+03
1.381000000000000000e+03
1.365000000000000000e+03
1.353000000000000000e+03
1.386000000000000000e+03
1.386000000000000000e+03
1.354000000000000000e+03
1.388000000000000000e+03
1.359000000000000000e+03
1.382000000000000000e+03
1.412000000000000000e+03
1.407000000000000000e+03
1.316000000000000000e+03
1.333000000000000000e+03
1.281000000000000000e+03
1.279000000000000000e+03
1.301000000000000000e+03
1.137000000000000000e+03
1.186000000000000000e+03
1.118000000000000000e+03
1.201000000000000000e+03
1.116000000000000000e+03
1.053000000000000000e+03
9.940000000000000000e+02
1.005000000000000000e+03
1.003000000000000000e+03
9.530000000000000000e+02
9.130000000000000000e+02
9.180000000000000000e+02
9.150000000000000000e+02
8.680000000000000000e+02
8.770000000000000000e+02
8.570000000000000000e+02
8.320000000000000000e+02
8.000000000000000000e+02
7.680000000000000000e+02
7.630000000000000000e+02
7.850000000000000000e+02
7.390000000000000000e+02
7.110000000000000000e+02
6.650000000000000000e+02
6.430000000000000000e+02
6.800000000000000000e+02
6.090000000000000000e+02
5.980000000000000000e+02
6.060000000000000000e+02
5.600000000000000000e+02
5.210000000000000000e+02
4.860000000000000000e+02
4.380000000000000000e+02
4.370000000000000000e+02
4.780000000000000000e+02
4.090000000000000000e+02
4.520000000000000000e+02
4.400000000000000000e+02
4.510000000000000000e+02
4.490000000000000000e+02
4.340000000000000000e+02
4.380000000000000000e+02
4.560000000000000000e+02
3.690000000000000000e+02
3.770000000000000000e+02
3.100000000000000000e+02
3.390000000000000000e+02
3.480000000000000000e+02
3.220000000000000000e+02
3.270000000000000000e+02
2.940000000000000000e+02
2.760000000000000000e+02
2.910000000000000000e+02
2.940000000000000000e+02
2.820000000000000000e+02
2.780000000000000000e+02
2.930000000000000000e+02
2.510000000000000000e+02
2.010000000000000000e+02
2.220000000000000000e+02
1.990000000000000000e+02
1.650000000000000000e+02
1.820000000000000000e+02
1.700000000000000000e+02
1.750000000000000000e+02
1.530000000000000000e+02
1.690000000000000000e+02
1.710000000000000000e+02
1.860000000000000000e+02
1.300000000000000000e+02
1.210000000000000000e+02
1.380000000000000000e+02
1.300000000000000000e+02
1.370000000000000000e+02
1.340000000000000000e+02
1.560000000000000000e+02
1.650000000000000000e+02
1.690000000000000000e+02
1.650000000000000000e+02
1.770000000000000000e+02
2.120000000000000000e+02
2.830000000000000000e+02
2.360000000000000000e+02
4.820000000000000000e+02
2.690000000000000000e+02
1.311000000000000000e+03
7.500000000000000000e+01
4.600000000000000000e+01
3.900000000000000000e+01
5.700000000000000000e+01
6.500000000000000000e+01
6.900000000000000000e+01
6.400000000000000000e+01
8.800000000000000000e+01
7.300000000000000000e+01
9.300000000000000000e+01
8.900000000000000000e+01
9.400000000000000000e+01
1.120000000000000000e+02
1.310000000000000000e+02
1.240000000000000000e+02
1.090000000000000000e+02
1.250000000000000000e+02
1.450000000000000000e+02
1.170000000000000000e+02
1.480000000000000000e+02
1.430000000000000000e+02
1.420000000000000000e+02
1.500000000000000000e+02
1.580000000000000000e+02
1.490000000000000000e+02
1.290000000000000000e+02
1.470000000000000000e+02
1.540000000000000000e+02
1.620000000000000000e+02
1.820000000000000000e+02
2.120000000000000000e+02
1.770000000000000000e+02
1.890000000000000000e+02
2.490000000000000000e+02
2.160000000000000000e+02
2.640000000000000000e+02
2.240000000000000000e+02
2.280000000000000000e+02
2.680000000000000000e+02
2.720000000000000000e+02
2.600000000000000000e+02
2.710000000000000000e+02
2.850000000000000000e+02
2.660000000000000000e+02
3.490000000000000000e+02
3.200000000000000000e+02
3.000000000000000000e+02
3.390000000000000000e+02
3.650000000000000000e+02
3.460000000000000000e+02
3.510000000000000000e+02
3.430000000000000000e+02
3.750000000000000000e+02
3.770000000000000000e+02
4.050000000000000000e+02
4.210000000000000000e+02
4.370000000000000000e+02
4.330000000000000000e+02
4.300000000000000000e+02
4.710000000000000000e+02
4.540000000000000000e+02
5.140000000000000000e+02
5.130000000000000000e+02
5.120000000000000000e+02
5.560000000000000000e+02
5.610000000000000000e+02
6.100000000000000000e+02
5.610000000000000000e+02
5.690000000000000000e+02
6.560000000000000000e+02
6.180000000000000000e+02
6.560000000000000000e+02
6.640000000000000000e+02
6.770000000000000000e+02
6.810000000000000000e+02
7.490000000000000000e+02
7.130000000000000000e+02
7.770000000000000000e+02
8.070000000000000000e+02
7.810000000000000000e+02
8.140000000000000000e+02
8.180000000000000000e+02
7.960000000000000000e+02
8.320000000000000000e+02
8.580000000000000000e+02
8.220000000000000000e+02
8.460000000000000000e+02
8.730000000000000000e+02
8.900000000000000000e+02
9.260000000000000000e+02
9.230000000000000000e+02
9.010000000000000000e+02
9.820000000000000000e+02
9.560000000000000000e+02
9.410000000000000000e+02
9.850000000000000000e+02
1.039000000000000000e+03
1.040000000000000000e+03
1.017000000000000000e+03
1.011000000000000000e+03
1.040000000000000000e+03
1.073000000000000000e+03
1.118000000000000000e+03
1.032000000000000000e+03
1.062000000000000000e+03
1.043000000000000000e+03
9.870000000000000000e+02
1.002000000000000000e+03
1.024000000000000000e+03
1.004000000000000000e+03
9.810000000000000000e+02
9.970000000000000000e+02
9.880000000000000000e+02
9.380000000000000000e+02
1.004000000000000000e+03
9.700000000000000000e+02
9.050000000000000000e+02
9.520000000000000000e+02
9.300000000000000000e+02
9.550000000000000000e+02
8.940000000000000000e+02
9.300000000000000000e+02
8.870000000000000000e+02
8.820000000000000000e+02
8.840000000000000000e+02
9.260000000000000000e+02
9.320000000000000000e+02
9.060000000000000000e+02
9.310000000000000000e+02
8.850000000000000000e+02
9.430000000000000000e+02
9.230000000000000000e+02
9.870000000000000000e+02
9.390000000000000000e+02
9.290000000000000000e+02
9.620000000000000000e+02
1.044000000000000000e+03
9.390000000000000000e+02
1.009000000000000000e+03
1.039000000000000000e+03
1.096000000000000000e+03
9.890000000000000000e+02
1.069000000000000000e+03
1.004000000000000000e+03
9.990000000000000000e+02
1.048000000000000000e+03
1.009000000000000000e+03
9.900000000000000000e+02
1.019000000000000000e+03
1.009000000000000000e+03
1.104000000000000000e+03
1.073000000000000000e+03
1.186000000000000000e+03
1.182000000000000000e+03
1.171000000000000000e+03
1.188000000000000000e+03
1.230000000000000000e+03
1.234000000000000000e+03
1.264000000000000000e+03
1.186000000000000000e+03
1.105000000000000000e+03
1.128000000000000000e+03
1.174000000000000000e+03
1.110000000000000000e+03
1.125000000000000000e+03
1.175000000000000000e+03
1.122000000000000000e+03
1.099000000000000000e+03
1.153000000000000000e+03
1.097000000000000000e+03
1.128000000000000000e+03
1.097000000000000000e+03
1.069000000000000000e+03
1.048000000000000000e+03
1.078000000000000000e+03
1.063000000000000000e+03
1.038000000000000000e+03
1.001000000000000000e+03
9.810000000000000000e+02
9.850000000000000000e+02
9.740000000000000000e+02
9.050000000000000000e+02
8.860000000000000000e+02
8.570000000000000000e+02
8.830000000000000000e+02
8.210000000000000000e+02
8.360000000000000000e+02
7.480000000000000000e+02
7.350000000000000000e+02
6.900000000000000000e+02
6.720000000000000000e+02
6.710000000000000000e+02
6.450000000000000000e+02
6.550000000000000000e+02
6.370000000000000000e+02
6.170000000000000000e+02
6.520000000000000000e+02
6.060000000000000000e+02
6.540000000000000000e+02
6.510000000000000000e+02
5.930000000000000000e+02
5.770000000000000000e+02
5.860000000000000000e+02
4.870000000000000000e+02
5.280000000000000000e+02
5.070000000000000000e+02
4.950000000000000000e+02
5.180000000000000000e+02
4.620000000000000000e+02
5.260000000000000000e+02
5.140000000000000000e+02
4.400000000000000000e+02
4.430000000000000000e+02
4.540000000000000000e+02
4.340000000000000000e+02
4.080000000000000000e+02
4.310000000000000000e+02
4.230000000000000000e+02
4.230000000000000000e+02
4.010000000000000000e+02
3.940000000000000000e+02
3.880000000000000000e+02
4.350000000000000000e+02
4.320000000000000000e+02
4.150000000000000000e+02
4.250000000000000000e+02
3.960000000000000000e+02
3.780000000000000000e+02
3.540000000000000000e+02
3.330000000000000000e+02
3.500000000000000000e+02
3.420000000000000000e+02
3.290000000000000000e+02
3.320000000000000000e+02
3.120000000000000000e+02
2.570000000000000000e+02
3.180000000000000000e+02
2.730000000000000000e+02
2.930000000000000000e+02
2.600000000000000000e+02
2.200000000000000000e+02
2.260000000000000000e+02
1.890000000000000000e+02
1.990000000000000000e+02
2.050000000000000000e+02
1.870000000000000000e+02
1.670000000000000000e+02
1.780000000000000000e+02
1.570000000000000000e+02
1.960000000000000000e+02
2.300000000000000000e+02
2.160000000000000000e+02
2.760000000000000000e+02
3.830000000000000000e+02
5.670000000000000000e+02
1.620000000000000000e+03
1.150000000000000000e+02
5.300000000000000000e+01
6.900000000000000000e+01
8.200000000000000000e+01
8.900000000000000000e+01
8.000000000000000000e+01
1.160000000000000000e+02
1.050000000000000000e+02
9.300000000000000000e+01
1.430000000000000000e+02
1.360000000000000000e+02
1.480000000000000000e+02
1.580000000000000000e+02
1.730000000000000000e+02
1.560000000000000000e+02
1.560000000000000000e+02
1.820000000000000000e+02
1.720000000000000000e+02
2.040000000000000000e+02
2.000000000000000000e+02
2.000000000000000000e+02
2.310000000000000000e+02
2.120000000000000000e+02
2.330000000000000000e+02
2.560000000000000000e+02
2.270000000000000000e+02
2.050000000000000000e+02
2.640000000000000000e+02
2.660000000000000000e+02
2.830000000000000000e+02
3.050000000000000000e+02
3.070000000000000000e+02
3.200000000000000000e+02
3.300000000000000000e+02
3.360000000000000000e+02
3.200000000000000000e+02
3.310000000000000000e+02
3.430000000000000000e+02
3.920000000000000000e+02
4.200000000000000000e+02
4.360000000000000000e+02
4.670000000000000000e+02
4.920000000000000000e+02
5.290000000000000000e+02
5.330000000000000000e+02
5.460000000000000000e+02
5.570000000000000000e+02
5.800000000000000000e+02
6.250000000000000000e+02
6.660000000000000000e+02
6.720000000000000000e+02
6.660000000000000000e+02
7.260000000000000000e+02
7.810000000000000000e+02
7.830000000000000000e+02
7.670000000000000000e+02
8.200000000000000000e+02
8.210000000000000000e+02
7.900000000000000000e+02
8.730000000000000000e+02
8.570000000000000000e+02
9.300000000000000000e+02
8.720000000000000000e+02
9.080000000000000000e+02
9.190000000000000000e+02
9.460000000000000000e+02
9.730000000000000000e+02
9.480000000000000000e+02
9.840000000000000000e+02
9.690000000000000000e+02
1.003000000000000000e+03
9.570000000000000000e+02
1.009000000000000000e+03
9.460000000000000000e+02
1.101000000000000000e+03
1.044000000000000000e+03
1.058000000000000000e+03
1.036000000000000000e+03
1.116000000000000000e+03
1.063000000000000000e+03
1.021000000000000000e+03
1.053000000000000000e+03
1.059000000000000000e+03
1.055000000000000000e+03
9.930000000000000000e+02
1.051000000000000000e+03
9.930000000000000000e+02
9.760000000000000000e+02
9.390000000000000000e+02
9.550000000000000000e+02
9.390000000000000000e+02
9.360000000000000000e+02
9.620000000000000000e+02
9.230000000000000000e+02
8.810000000000000000e+02
9.180000000000000000e+02
8.840000000000000000e+02
8.680000000000000000e+02
8.440000000000000000e+02
8.060000000000000000e+02
7.840000000000000000e+02
8.100000000000000000e+02
8.080000000000000000e+02
8.010000000000000000e+02
7.670000000000000000e+02
7.560000000000000000e+02
7.170000000000000000e+02
7.450000000000000000e+02
7.710000000000000000e+02
7.170000000000000000e+02
7.560000000000000000e+02
7.290000000000000000e+02
7.000000000000000000e+02
6.760000000000000000e+02
6.980000000000000000e+02
7.160000000000000000e+02
7.160000000000000000e+02
6.740000000000000000e+02
7.600000000000000000e+02
7.220000000000000000e+02
6.870000000000000000e+02
7.430000000000000000e+02
7.240000000000000000e+02
7.840000000000000000e+02
7.730000000000000000e+02
7.910000000000000000e+02
7.920000000000000000e+02
7.820000000000000000e+02
7.840000000000000000e+02
7.860000000000000000e+02
8.590000000000000000e+02
8.450000000000000000e+02
8.630000000000000000e+02
8.680000000000000000e+02
9.560000000000000000e+02
9.190000000000000000e+02
9.610000000000000000e+02
9.870000000000000000e+02
9.990000000000000000e+02
1.023000000000000000e+03
1.092000000000000000e+03
1.006000000000000000e+03
1.018000000000000000e+03
1.068000000000000000e+03
1.053000000000000000e+03
1.048000000000000000e+03
1.077000000000000000e+03
1.046000000000000000e+03
1.124000000000000000e+03
1.135000000000000000e+03
1.112000000000000000e+03
1.157000000000000000e+03
1.172000000000000000e+03
1.169000000000000000e+03
1.115000000000000000e+03
1.123000000000000000e+03
1.202000000000000000e+03
1.209000000000000000e+03
1.155000000000000000e+03
1.170000000000000000e+03
1.186000000000000000e+03
1.241000000000000000e+03
1.246000000000000000e+03
1.269000000000000000e+03
1.250000000000000000e+03
1.221000000000000000e+03
1.107000000000000000e+03
1.123000000000000000e+03
1.069000000000000000e+03
1.063000000000000000e+03
1.084000000000000000e+03
1.090000000000000000e+03
1.053000000000000000e+03
1.011000000000000000e+03
9.740000000000000000e+02
9.330000000000000000e+02
9.350000000000000000e+02
9.330000000000000000e+02
8.690000000000000000e+02
8.470000000000000000e+02
8.270000000000000000e+02
7.590000000000000000e+02
7.880000000000000000e+02
7.580000000000000000e+02
7.400000000000000000e+02
6.960000000000000000e+02
6.890000000000000000e+02
6.290000000000000000e+02
6.610000000000000000e+02
5.910000000000000000e+02
6.030000000000000000e+02
5.860000000000000000e+02
5.720000000000000000e+02
5.280000000000000000e+02
5.150000000000000000e+02
4.760000000000000000e+02
5.070000000000000000e+02
4.610000000000000000e+02
4.760000000000000000e+02
4.970000000000000000e+02
4.380000000000000000e+02
4.320000000000000000e+02
4.630000000000000000e+02
4.120000000000000000e+02
4.550000000000000000e+02
4.500000000000000000e+02
4.390000000000000000e+02
3.390000000000000000e+02
3.600000000000000000e+02
3.300000000000000000e+02
3.190000000000000000e+02
2.950000000000000000e+02
3.050000000000000000e+02
2.720000000000000000e+02
2.560000000000000000e+02
2.380000000000000000e+02
2.450000000000000000e+02
2.310000000000000000e+02
1.980000000000000000e+02
1.910000000000000000e+02
1.850000000000000000e+02
1.740000000000000000e+02
1.420000000000000000e+02
1.730000000000000000e+02
1.600000000000000000e+02
1.400000000000000000e+02
1.450000000000000000e+02
1.150000000000000000e+02
1.170000000000000000e+02
9.500000000000000000e+01
1.030000000000000000e+02
1.120000000000000000e+02
1.010000000000000000e+02
1.220000000000000000e+02
9.000000000000000000e+01
1.110000000000000000e+02
1.030000000000000000e+02
1.130000000000000000e+02
9.300000000000000000e+01
1.210000000000000000e+02
1.200000000000000000e+02
1.120000000000000000e+02
1.290000000000000000e+02
1.210000000000000000e+02
1.520000000000000000e+02
1.520000000000000000e+02
1.780000000000000000e+02
2.070000000000000000e+02
2.570000000000000000e+02
3.310000000000000000e+02
2.700000000000000000e+02
3.770000000000000000e+02
4.150000000000000000e+02
4.890000000000000000e+02
7.260000000000000000e+02
1.682000000000000000e+03
