8.340000000000000000e+02
1.370000000000000000e+02
1.660000000000000000e+02
1.850000000000000000e+02
1.980000000000000000e+02
2.240000000000000000e+02
2.340000000000000000e+02
2.160000000000000000e+02
2.500000000000000000e+02
2.840000000000000000e+02
2.370000000000000000e+02
2.170000000000000000e+02
2.510000000000000000e+02
2.320000000000000000e+02
2.450000000000000000e+02
3.020000000000000000e+02
3.050000000000000000e+02
2.950000000000000000e+02
2.900000000000000000e+02
2.990000000000000000e+02
3.240000000000000000e+02
3.260000000000000000e+02
3.370000000000000000e+02
3.520000000000000000e+02
3.680000000000000000e+02
4.050000000000000000e+02
4.200000000000000000e+02
4.140000000000000000e+02
4.290000000000000000e+02
4.670000000000000000e+02
4.710000000000000000e+02
4.680000000000000000e+02
5.050000000000000000e+02
5.050000000000000000e+02
5.630000000000000000e+02
5.940000000000000000e+02
6.190000000000000000e+02
6.160000000000000000e+02
6.340000000000000000e+02
6.510000000000000000e+02
7.370000000000000000e+02
6.700000000000000000e+02
7.180000000000000000e+02
7.420000000000000000e+02
7.610000000000000000e+02
7.830000000000000000e+02
7.680000000000000000e+02
7.950000000000000000e+02
8.000000000000000000e+02
8.000000000000000000e+02
8.570000000000000000e+02
8.640000000000000000e+02
8.640000000000000000e+02
9.220000000000000000e+02
9.210000000000000000e+02
9.050000000000000000e+02
9.710000000000000000e+02
1.031000000000000000e+03
9.920000000000000000e+02
9.760000000000000000e+02
1.043000000000000000e+03
1.070000000000000000e+03
1.127000000000000000e+03
1.138000000000000000e+03
1.178000000000000000e+03
1.155000000000000000e+03
1.167000000000000000e+03
1.236000000000000000e+03
1.238000000000000000e+03
1.291000000000000000e+03
1.326000000000000000e+03
1.327000000000000000e+03
1.326000000000000000e+03
1.379000000000000000e+03
1.418000000000000000e+03
1.386000000000000000e+03
1.394000000000000000e+03
1.476000000000000000e+03
1.445000000000000000e+03
1.488000000000000000e+03
1.468000000000000000e+03
1.473000000000000000e+03
1.520000000000000000e+03
1.555000000000000000e+03
1.477000000000000000e+03
1.504000000000000000e+03
1.473000000000000000e+03
1.485000000000000000e+03
1.477000000000000000e+03
1.495000000000000000e+03
1.551000000000000000e+03
1.436000000000000000e+03
1.524000000000000000e+03
1.499000000000000000e+03
1.500000000000000000e+03
1.504000000000000000e+03
1.477000000000000000e+03
1.391000000000000000e+03
1.453000000000000000e+03
1.499000000000000000e+03
1.507000000000000000e+03
1.451000000000000000e+03
1.398000000000000000e+03
1.472000000000000000e+03
1.430000000000000000e+03
1.363000000000000000e+03
1.417000000000000000e+03
1.404000000000000000e+03
1.483000000000000000e+03
1.426000000000000000e+03
1.454000000000000000e+03
1.358000000000000000e+03
1.418000000000000000e+03
1.419000000000000000e+03
1.378000000000000000e+03
1.356000000000000000e+03
1.353000000000000000e+03
1.391000000000000000e+03
1.372000000000000000e+03
1.311000000000000000e+03
1.282000000000000000e+03
1.292000000000000000e+03
1.322000000000000000e+03
1.308000000000000000e+03
1.328000000000000000e+03
1.305000000000000000e+03
1.293000000000000000e+03
1.283000000000000000e+03
1.380000000000000000e+03
1.318000000000000000e+03
1.315000000000000000e+03
1.284000000000000000e+03
1.208000000000000000e+03
1.275000000000000000e+03
1.160000000000000000e+03
1.198000000000000000e+03
1.199000000000000000e+03
1.115000000000000000e+03
1.128000000000000000e+03
1.054000000000000000e+03
1.059000000000000000e+03
9.630000000000000000e+02
9.670000000000000000e+02
8.860000000000000000e+02
8.470000000000000000e+02
8.450000000000000000e+02
8.160000000000000000e+02
7.540000000000000000e+02
7.160000000000000000e+02
7.470000000000000000e+02
6.920000000000000000e+02
6.730000000000000000e+02
6.420000000000000000e+02
6.320000000000000000e+02
6.030000000000000000e+02
6.220000000000000000e+02
6.000000000000000000e+02
5.100000000000000000e+02
5.270000000000000000e+02
4.930000000000000000e+02
4.590000000000000000e+02
4.670000000000000000e+02
4.080000000000000000e+02
4.230000000000000000e+02
4.070000000000000000e+02
3.980000000000000000e+02
3.940000000000000000e+02
3.720000000000000000e+02
3.510000000000000000e+02
3.170000000000000000e+02
3.070000000000000000e+02
3.070000000000000000e+02
3.190000000000000000e+02
2.880000000000000000e+02
2.600000000000000000e+02
2.510000000000000000e+02
2.180000000000000000e+02
2.640000000000000000e+02
2.240000000000000000e+02
1.970000000000000000e+02
1.910000000000000000e+02
2.080000000000000000e+02
1.900000000000000000e+02
1.800000000000000000e+02
1.410000000000000000e+02
1.570000000000000000e+02
1.300000000000000000e+02
1.580000000000000000e+02
1.500000000000000000e+02
1.280000000000000000e+02
1.370000000000000000e+02
1.100000000000000000e+02
1.140000000000000000e+02
1.100000000000000000e+02
7.600000000000000000e+01
9.500000000000000000e+01
7.600000000000000000e+01
1.030000000000000000e+02
9.800000000000000000e+01
7.200000000000000000e+01
6.500000000000000000e+01
7.600000000000000000e+01
7.700000000000000000e+01
5.600000000000000000e+01
6.200000000000000000e+01
6.100000000000000000e+01
5.500000000000000000e+01
6.800000000000000000e+01
5.600000000000000000e+01
5.400000000000000000e+01
4.500000000000000000e+01
4.500000000000000000e+01
4.300000000000000000e+01
5.300000000000000000e+01
3.700000000000000000e+01
2.900000000000000000e+01
4.300000000000000000e+01
2.900000000000000000e+01
5.000000000000000000e+01
3.200000000000000000e+01
2.800000000000000000e+01
2.600000000000000000e+01
2.400000000000000000e+01
3.200000000000000000e+01
2.700000000000000000e+01
3.100000000000000000e+01
2.200000000000000000e+01
2.400000000000000000e+01
2.800000000000000000e+01
2.000000000000000000e+01
3.600000000000000000e+01
2.000000000000000000e+01
1.900000000000000000e+01
1.700000000000000000e+01
2.300000000000000000e+01
1.600000000000000000e+01
2.400000000000000000e+01
1.800000000000000000e+01
1.600000000000000000e+01
2.200000000000000000e+01
1.300000000000000000e+01
2.600000000000000000e+01
1.500000000000000000e+01
1.800000000000000000e+01
2.300000000000000000e+01
1.700000000000000000e+01
2.600000000000000000e+01
2.100000000000000000e+01
2.700000000000000000e+01
1.200000000000000000e+01
2.700000000000000000e+01
3.000000000000000000e+01
1.200000000000000000e+01
3.100000000000000000e+01
3.000000000000000000e+01
1.580000000000000000e+02
7.580000000000000000e+02
2.100000000000000000e+02
2.180000000000000000e+02
2.380000000000000000e+02
2.630000000000000000e+02
2.510000000000000000e+02
2.860000000000000000e+02
2.960000000000000000e+02
3.030000000000000000e+02
3.180000000000000000e+02
3.140000000000000000e+02
3.530000000000000000e+02
4.020000000000000000e+02
4.220000000000000000e+02
4.310000000000000000e+02
4.510000000000000000e+02
5.440000000000000000e+02
5.140000000000000000e+02
5.530000000000000000e+02
6.220000000000000000e+02
6.070000000000000000e+02
6.500000000000000000e+02
6.840000000000000000e+02
6.990000000000000000e+02
6.710000000000000000e+02
7.730000000000000000e+02
7.660000000000000000e+02
7.570000000000000000e+02
8.330000000000000000e+02
8.030000000000000000e+02
7.640000000000000000e+02
8.040000000000000000e+02
8.050000000000000000e+02
8.260000000000000000e+02
7.640000000000000000e+02
8.020000000000000000e+02
8.790000000000000000e+02
8.780000000000000000e+02
8.400000000000000000e+02
8.930000000000000000e+02
9.270000000000000000e+02
9.370000000000000000e+02
9.170000000000000000e+02
9.490000000000000000e+02
9.770000000000000000e+02
1.100000000000000000e+03
1.036000000000000000e+03
1.070000000000000000e+03
1.120000000000000000e+03
1.127000000000000000e+03
1.164000000000000000e+03
1.198000000000000000e+03
1.233000000000000000e+03
1.217000000000000000e+03
1.268000000000000000e+03
1.314000000000000000e+03
1.268000000000000000e+03
1.312000000000000000e+03
1.331000000000000000e+03
1.302000000000000000e+03
1.340000000000000000e+03
1.307000000000000000e+03
1.313000000000000000e+03
1.319000000000000000e+03
1.272000000000000000e+03
1.269000000000000000e+03
1.262000000000000000e+03
1.287000000000000000e+03
1.380000000000000000e+03
1.296000000000000000e+03
1.269000000000000000e+03
1.281000000000000000e+03
1.338000000000000000e+03
1.309000000000000000e+03
1.331000000000000000e+03
1.287000000000000000e+03
1.272000000000000000e+03
1.259000000000000000e+03
1.289000000000000000e+03
1.246000000000000000e+03
1.244000000000000000e+03
1.250000000000000000e+03
1.182000000000000000e+03
1.203000000000000000e+03
1.292000000000000000e+03
1.214000000000000000e+03
1.258000000000000000e+03
1.245000000000000000e+03
1.214000000000000000e+03
1.324000000000000000e+03
1.170000000000000000e+03
1.163000000000000000e+03
1.291000000000000000e+03
1.240000000000000000e+03
1.257000000000000000e+03
1.179000000000000000e+03
1.124000000000000000e+03
1.311000000000000000e+03
1.205000000000000000e+03
1.278000000000000000e+03
1.239000000000000000e+03
1.193000000000000000e+03
1.220000000000000000e+03
1.259000000000000000e+03
1.156000000000000000e+03
1.253000000000000000e+03
1.229000000000000000e+03
1.195000000000000000e+03
1.189000000000000000e+03
1.178000000000000000e+03
1.199000000000000000e+03
1.222000000000000000e+03
1.159000000000000000e+03
1.113000000000000000e+03
1.170000000000000000e+03
1.128000000000000000e+03
1.121000000000000000e+03
1.016000000000000000e+03
1.087000000000000000e+03
1.085000000000000000e+03
1.111000000000000000e+03
1.137000000000000000e+03
1.121000000000000000e+03
1.077000000000000000e+03
1.066000000000000000e+03
1.058000000000000000e+03
1.075000000000000000e+03
1.006000000000000000e+03
1.084000000000000000e+03
1.003000000000000000e+03
9.900000000000000000e+02
9.360000000000000000e+02
9.340000000000000000e+02
9.530000000000000000e+02
9.070000000000000000e+02
8.570000000000000000e+02
8.470000000000000000e+02
8.370000000000000000e+02
8.250000000000000000e+02
7.720000000000000000e+02
7.580000000000000000e+02
7.740000000000000000e+02
7.190000000000000000e+02
7.190000000000000000e+02
6.880000000000000000e+02
7.080000000000000000e+02
6.810000000000000000e+02
6.560000000000000000e+02
6.430000000000000000e+02
6.090000000000000000e+02
6.290000000000000000e+02
6.170000000000000000e+02
5.580000000000000000e+02
5.930000000000000000e+02
5.500000000000000000e+02
5.230000000000000000e+02
4.810000000000000000e+02
4.790000000000000000e+02
4.700000000000000000e+02
4.600000000000000000e+02
4.520000000000000000e+02
4.450000000000000000e+02
4.350000000000000000e+02
3.910000000000000000e+02
3.620000000000000000e+02
4.040000000000000000e+02
3.890000000000000000e+02
3.880000000000000000e+02
3.600000000000000000e+02
3.440000000000000000e+02
3.730000000000000000e+02
3.470000000000000000e+02
3.470000000000000000e+02
3.100000000000000000e+02
2.790000000000000000e+02
3.070000000000000000e+02
2.790000000000000000e+02
2.620000000000000000e+02
2.710000000000000000e+02
2.600000000000000000e+02
2.390000000000000000e+02
2.250000000000000000e+02
2.380000000000000000e+02
2.100000000000000000e+02
2.090000000000000000e+02
2.010000000000000000e+02
1.750000000000000000e+02
1.760000000000000000e+02
1.690000000000000000e+02
1.870000000000000000e+02
1.660000000000000000e+02
1.710000000000000000e+02
1.630000000000000000e+02
1.620000000000000000e+02
1.700000000000000000e+02
1.430000000000000000e+02
1.490000000000000000e+02
1.410000000000000000e+02
1.340000000000000000e+02
1.580000000000000000e+02
1.530000000000000000e+02
1.140000000000000000e+02
1.000000000000000000e+02
1.170000000000000000e+02
1.180000000000000000e+02
1.070000000000000000e+02
9.400000000000000000e+01
9.900000000000000000e+01
9.900000000000000000e+01
1.010000000000000000e+02
9.700000000000000000e+01
9.300000000000000000e+01
9.500000000000000000e+01
8.900000000000000000e+01
8.800000000000000000e+01
8.600000000000000000e+01
7.700000000000000000e+01
8.000000000000000000e+01
6.800000000000000000e+01
7.300000000000000000e+01
5.300000000000000000e+01
8.000000000000000000e+01
6.900000000000000000e+01
5.100000000000000000e+01
5.400000000000000000e+01
4.700000000000000000e+01
5.800000000000000000e+01
5.000000000000000000e+01
3.800000000000000000e+01
5.000000000000000000e+01
5.000000000000000000e+01
4.300000000000000000e+01
4.600000000000000000e+01
2.700000000000000000e+01
3.200000000000000000e+01
2.700000000000000000e+01
3.000000000000000000e+01
3.500000000000000000e+01
3.500000000000000000e+01
4.100000000000000000e+01
3.100000000000000000e+01
3.200000000000000000e+01
4.200000000000000000e+01
2.700000000000000000e+01
2.600000000000000000e+01
3.800000000000000000e+01
4.600000000000000000e+01
3.500000000000000000e+01
4.300000000000000000e+01
3.600000000000000000e+01
4.900000000000000000e+01
5.000000000000000000e+01
4.400000000000000000e+01
4.200000000000000000e+01
6.800000000000000000e+01
1.990000000000000000e+02
4.250000000000000000e+02
1.240000000000000000e+02
7.500000000000000000e+01
1.180000000000000000e+02
1.280000000000000000e+02
1.100000000000000000e+02
1.180000000000000000e+02
1.160000000000000000e+02
1.300000000000000000e+02
9.800000000000000000e+01
1.060000000000000000e+02
1.300000000000000000e+02
1.120000000000000000e+02
1.200000000000000000e+02
1.210000000000000000e+02
1.150000000000000000e+02
1.110000000000000000e+02
1.160000000000000000e+02
1.150000000000000000e+02
1.110000000000000000e+02
1.200000000000000000e+02
1.360000000000000000e+02
1.460000000000000000e+02
1.430000000000000000e+02
1.350000000000000000e+02
1.260000000000000000e+02
1.630000000000000000e+02
1.450000000000000000e+02
1.620000000000000000e+02
1.470000000000000000e+02
1.730000000000000000e+02
1.530000000000000000e+02
1.720000000000000000e+02
1.740000000000000000e+02
1.800000000000000000e+02
2.070000000000000000e+02
1.820000000000000000e+02
2.080000000000000000e+02
2.010000000000000000e+02
1.940000000000000000e+02
2.040000000000000000e+02
2.310000000000000000e+02
2.310000000000000000e+02
2.390000000000000000e+02
2.520000000000000000e+02
2.670000000000000000e+02
2.790000000000000000e+02
2.500000000000000000e+02
2.840000000000000000e+02
3.020000000000000000e+02
3.050000000000000000e+02
3.150000000000000000e+02
2.890000000000000000e+02
3.480000000000000000e+02
3.470000000000000000e+02
3.410000000000000000e+02
3.480000000000000000e+02
3.640000000000000000e+02
3.710000000000000000e+02
3.700000000000000000e+02
3.940000000000000000e+02
3.660000000000000000e+02
4.060000000000000000e+02
4.170000000000000000e+02
4.150000000000000000e+02
4.240000000000000000e+02
4.820000000000000000e+02
4.770000000000000000e+02
4.740000000000000000e+02
4.770000000000000000e+02
5.070000000000000000e+02
5.130000000000000000e+02
5.380000000000000000e+02
5.810000000000000000e+02
5.450000000000000000e+02
5.430000000000000000e+02
5.370000000000000000e+02
6.340000000000000000e+02
5.790000000000000000e+02
5.710000000000000000e+02
6.160000000000000000e+02
6.270000000000000000e+02
5.890000000000000000e+02
6.050000000000000000e+02
6.420000000000000000e+02
6.260000000000000000e+02
6.870000000000000000e+02
7.250000000000000000e+02
6.400000000000000000e+02
6.730000000000000000e+02
7.290000000000000000e+02
7.110000000000000000e+02
7.620000000000000000e+02
7.110000000000000000e+02
7.650000000000000000e+02
7.720000000000000000e+02
7.170000000000000000e+02
8.110000000000000000e+02
7.470000000000000000e+02
7.690000000000000000e+02
8.880000000000000000e+02
8.850000000000000000e+02
8.780000000000000000e+02
8.430000000000000000e+02
8.740000000000000000e+02
8.340000000000000000e+02
8.530000000000000000e+02
8.770000000000000000e+02
8.850000000000000000e+02
9.150000000000000000e+02
8.950000000000000000e+02
8.850000000000000000e+02
9.410000000000000000e+02
8.980000000000000000e+02
9.410000000000000000e+02
9.540000000000000000e+02
9.260000000000000000e+02
9.800000000000000000e+02
9.070000000000000000e+02
9.790000000000000000e+02
1.015000000000000000e+03
9.540000000000000000e+02
9.830000000000000000e+02
9.910000000000000000e+02
1.028000000000000000e+03
9.640000000000000000e+02
9.940000000000000000e+02
1.058000000000000000e+03
1.015000000000000000e+03
1.015000000000000000e+03
1.036000000000000000e+03
1.017000000000000000e+03
1.031000000000000000e+03
1.043000000000000000e+03
1.073000000000000000e+03
1.073000000000000000e+03
1.064000000000000000e+03
1.079000000000000000e+03
1.103000000000000000e+03
1.088000000000000000e+03
1.076000000000000000e+03
1.080000000000000000e+03
1.147000000000000000e+03
1.146000000000000000e+03
1.086000000000000000e+03
1.122000000000000000e+03
1.103000000000000000e+03
1.074000000000000000e+03
1.085000000000000000e+03
1.037000000000000000e+03
1.045000000000000000e+03
1.148000000000000000e+03
1.083000000000000000e+03
1.094000000000000000e+03
1.025000000000000000e+03
1.042000000000000000e+03
1.005000000000000000e+03
1.013000000000000000e+03
1.042000000000000000e+03
1.072000000000000000e+03
1.047000000000000000e+03
1.025000000000000000e+03
1.046000000000000000e+03
1.018000000000000000e+03
1.017000000000000000e+03
1.054000000000000000e+03
1.080000000000000000e+03
1.007000000000000000e+03
1.014000000000000000e+03
1.091000000000000000e+03
1.053000000000000000e+03
1.023000000000000000e+03
1.082000000000000000e+03
1.018000000000000000e+03
1.052000000000000000e+03
1.078000000000000000e+03
1.023000000000000000e+03
1.004000000000000000e+03
1.003000000000000000e+03
1.012000000000000000e+03
1.019000000000000000e+03
9.990000000000000000e+02
1.003000000000000000e+03
1.003000000000000000e+03
9.970000000000000000e+02
9.790000000000000000e+02
9.500000000000000000e+02
9.470000000000000000e+02
8.910000000000000000e+02
9.500000000000000000e+02
8.850000000000000000e+02
8.520000000000000000e+02
8.630000000000000000e+02
8.930000000000000000e+02
8.470000000000000000e+02
8.330000000000000000e+02
8.280000000000000000e+02
7.990000000000000000e+02
7.620000000000000000e+02
7.690000000000000000e+02
7.390000000000000000e+02
7.210000000000000000e+02
7.270000000000000000e+02
7.120000000000000000e+02
7.210000000000000000e+02
6.950000000000000000e+02
6.780000000000000000e+02
6.890000000000000000e+02
6.800000000000000000e+02
6.880000000000000000e+02
6.150000000000000000e+02
6.660000000000000000e+02
6.070000000000000000e+02
6.410000000000000000e+02
6.220000000000000000e+02
5.770000000000000000e+02
5.680000000000000000e+02
5.960000000000000000e+02
5.830000000000000000e+02
5.710000000000000000e+02
5.550000000000000000e+02
5.190000000000000000e+02
5.520000000000000000e+02
5.390000000000000000e+02
4.930000000000000000e+02
4.990000000000000000e+02
5.610000000000000000e+02
4.660000000000000000e+02
4.890000000000000000e+02
4.800000000000000000e+02
4.290000000000000000e+02
4.420000000000000000e+02
4.660000000000000000e+02
4.590000000000000000e+02
4.210000000000000000e+02
4.520000000000000000e+02
4.470000000000000000e+02
4.160000000000000000e+02
4.360000000000000000e+02
4.070000000000000000e+02
4.240000000000000000e+02
4.350000000000000000e+02
3.940000000000000000e+02
3.970000000000000000e+02
4.200000000000000000e+02
4.030000000000000000e+02
3.670000000000000000e+02
3.760000000000000000e+02
3.650000000000000000e+02
3.640000000000000000e+02
3.360000000000000000e+02
3.460000000000000000e+02
3.510000000000000000e+02
3.300000000000000000e+02
3.260000000000000000e+02
3.299000000000000000e+03
