0.000000000000000000e+00
0.000000000000000000e+00
0.000000000000000000e+00
0.000000000000000000e+00
0.000000000000000000e+00
0.000000000000000000e+00
0.000000000000000000e+00
0.000000000000000000e+00
0.000000000000000000e+00
0.000000000000000000e+00
0.000000000000000000e+00
0.000000000000000000e+00
0.000000000000000000e+00
0.000000000000000000e+00
0.000000000000000000e+00
0.000000000000000000e+00
0.000000000000000000e+00
0.000000000000000000e+00
0.000000000000000000e+00
0.000000000000000000e+00
0.000000000000000000e+00
0.000000000000000000e+00
1.000000000000000000e+00
3.000000000000000000e+00
6.000000000000000000e+00
1.100000000000000000e+01
1.100000000000000000e+01
2.200000000000000000e+01
3.500000000000000000e+01
3.000000000000000000e+01
4.600000000000000000e+01
4.100000000000000000e+01
4.800000000000000000e+01
4.200000000000000000e+01
4.400000000000000000e+01
5.100000000000000000e+01
3.200000000000000000e+01
3.700000000000000000e+01
4.600000000000000000e+01
4.900000000000000000e+01
5.000000000000000000e+01
5.500000000000000000e+01
5.900000000000000000e+01
5.300000000000000000e+01
5.900000000000000000e+01
6.100000000000000000e+01
7.300000000000000000e+01
6.800000000000000000e+01
6.500000000000000000e+01
8.300000000000000000e+01
1.190000000000000000e+02
1.140000000000000000e+02
1.200000000000000000e+02
1.380000000000000000e+02
1.750000000000000000e+02
2.010000000000000000e+02
2.430000000000000000e+02
2.280000000000000000e+02
2.690000000000000000e+02
2.800000000000000000e+02
2.920000000000000000e+02
3.030000000000000000e+02
3.000000000000000000e+02
3.270000000000000000e+02
3.230000000000000000e+02
3.620000000000000000e+02
3.720000000000000000e+02
4.010000000000000000e+02
4.240000000000000000e+02
4.570000000000000000e+02
5.010000000000000000e+02
5.320000000000000000e+02
5.090000000000000000e+02
5.490000000000000000e+02
5.930000000000000000e+02
6.070000000000000000e+02
6.680000000000000000e+02
6.730000000000000000e+02
6.540000000000000000e+02
7.170000000000000000e+02
7.850000000000000000e+02
8.200000000000000000e+02
8.200000000000000000e+02
9.420000000000000000e+02
9.740000000000000000e+02
9.740000000000000000e+02
1.055000000000000000e+03
1.072000000000000000e+03
1.196000000000000000e+03
1.178000000000000000e+03
1.178000000000000000e+03
1.261000000000000000e+03
1.319000000000000000e+03
1.327000000000000000e+03
1.270000000000000000e+03
1.312000000000000000e+03
1.251000000000000000e+03
1.356000000000000000e+03
1.359000000000000000e+03
1.373000000000000000e+03
1.421000000000000000e+03
1.432000000000000000e+03
1.496000000000000000e+03
1.489000000000000000e+03
1.502000000000000000e+03
1.531000000000000000e+03
1.492000000000000000e+03
1.508000000000000000e+03
1.450000000000000000e+03
1.452000000000000000e+03
1.452000000000000000e+03
1.538000000000000000e+03
1.455000000000000000e+03
1.487000000000000000e+03
1.621000000000000000e+03
1.656000000000000000e+03
1.620000000000000000e+03
1.679000000000000000e+03
1.787000000000000000e+03
1.781000000000000000e+03
1.741000000000000000e+03
1.643000000000000000e+03
1.684000000000000000e+03
1.646000000000000000e+03
1.534000000000000000e+03
1.579000000000000000e+03
1.560000000000000000e+03
1.512000000000000000e+03
1.416000000000000000e+03
1.524000000000000000e+03
1.416000000000000000e+03
1.435000000000000000e+03
1.474000000000000000e+03
1.439000000000000000e+03
1.423000000000000000e+03
1.467000000000000000e+03
1.378000000000000000e+03
1.392000000000000000e+03
1.428000000000000000e+03
1.374000000000000000e+03
1.458000000000000000e+03
1.326000000000000000e+03
1.339000000000000000e+03
1.350000000000000000e+03
1.282000000000000000e+03
1.252000000000000000e+03
1.196000000000000000e+03
1.110000000000000000e+03
1.113000000000000000e+03
1.090000000000000000e+03
1.054000000000000000e+03
1.016000000000000000e+03
1.040000000000000000e+03
1.122000000000000000e+03
1.009000000000000000e+03
9.750000000000000000e+02
1.001000000000000000e+03
9.740000000000000000e+02
1.029000000000000000e+03
1.032000000000000000e+03
1.010000000000000000e+03
9.540000000000000000e+02
9.900000000000000000e+02
9.890000000000000000e+02
1.085000000000000000e+03
1.131000000000000000e+03
1.039000000000000000e+03
9.900000000000000000e+02
1.105000000000000000e+03
1.139000000000000000e+03
1.147000000000000000e+03
1.149000000000000000e+03
1.174000000000000000e+03
1.236000000000000000e+03
1.217000000000000000e+03
1.225000000000000000e+03
1.186000000000000000e+03
1.274000000000000000e+03
1.263000000000000000e+03
1.224000000000000000e+03
1.175000000000000000e+03
1.126000000000000000e+03
1.094000000000000000e+03
1.063000000000000000e+03
1.080000000000000000e+03
1.075000000000000000e+03
1.054000000000000000e+03
1.036000000000000000e+03
1.084000000000000000e+03
1.118000000000000000e+03
1.083000000000000000e+03
1.047000000000000000e+03
1.023000000000000000e+03
9.960000000000000000e+02
1.027000000000000000e+03
1.021000000000000000e+03
1.074000000000000000e+03
1.030000000000000000e+03
1.021000000000000000e+03
1.011000000000000000e+03
1.029000000000000000e+03
1.076000000000000000e+03
1.214000000000000000e+03
1.293000000000000000e+03
1.303000000000000000e+03
1.342000000000000000e+03
1.310000000000000000e+03
1.247000000000000000e+03
1.358000000000000000e+03
1.254000000000000000e+03
1.237000000000000000e+03
1.183000000000000000e+03
1.303000000000000000e+03
1.195000000000000000e+03
1.098000000000000000e+03
1.093000000000000000e+03
9.920000000000000000e+02
9.710000000000000000e+02
9.310000000000000000e+02
8.890000000000000000e+02
8.470000000000000000e+02
8.370000000000000000e+02
8.440000000000000000e+02
8.480000000000000000e+02
8.580000000000000000e+02
8.340000000000000000e+02
8.110000000000000000e+02
7.540000000000000000e+02
6.810000000000000000e+02
6.760000000000000000e+02
6.250000000000000000e+02
5.410000000000000000e+02
5.130000000000000000e+02
4.330000000000000000e+02
4.140000000000000000e+02
3.600000000000000000e+02
3.160000000000000000e+02
2.600000000000000000e+02
2.450000000000000000e+02
2.530000000000000000e+02
2.180000000000000000e+02
2.180000000000000000e+02
2.110000000000000000e+02
2.060000000000000000e+02
1.780000000000000000e+02
1.660000000000000000e+02
1.390000000000000000e+02
1.180000000000000000e+02
1.020000000000000000e+02
7.200000000000000000e+01
7.100000000000000000e+01
3.200000000000000000e+01
3.100000000000000000e+01
2.300000000000000000e+01
1.900000000000000000e+01
2.700000000000000000e+01
0.000000000000000000e+00
0.000000000000000000e+00
0.000000000000000000e+00
0.000000000000000000e+00
0.000000000000000000e+00
0.000000000000000000e+00
0.000000000000000000e+00
0.000000000000000000e+00
0.000000000000000000e+00
0.000000000000000000e+00
0.000000000000000000e+00
0.000000000000000000e+00
0.000000000000000000e+00
0.000000000000000000e+00
0.000000000000000000e+00
0.000000000000000000e+00
0.000000000000000000e+00
0.000000000000000000e+00
4.000000000000000000e+00
2.000000000000000000e+00
7.000000000000000000e+00
8.000000000000000000e+00
9.000000000000000000e+00
1.100000000000000000e+01
8.000000000000000000e+00
1.200000000000000000e+01
1.500000000000000000e+01
1.800000000000000000e+01
2.200000000000000000e+01
1.900000000000000000e+01
1.300000000000000000e+01
2.000000000000000000e+01
2.400000000000000000e+01
2.200000000000000000e+01
1.700000000000000000e+01
2.300000000000000000e+01
3.100000000000000000e+01
2.900000000000000000e+01
2.800000000000000000e+01
2.300000000000000000e+01
2.400000000000000000e+01
3.500000000000000000e+01
3.300000000000000000e+01
3.800000000000000000e+01
3.800000000000000000e+01
3.900000000000000000e+01
4.200000000000000000e+01
3.500000000000000000e+01
3.400000000000000000e+01
4.700000000000000000e+01
5.300000000000000000e+01
4.600000000000000000e+01
4.500000000000000000e+01
3.600000000000000000e+01
3.800000000000000000e+01
2.700000000000000000e+01
3.000000000000000000e+01
1.900000000000000000e+01
3.100000000000000000e+01
2.000000000000000000e+01
2.400000000000000000e+01
2.200000000000000000e+01
2.500000000000000000e+01
3.100000000000000000e+01
2.800000000000000000e+01
3.700000000000000000e+01
3.800000000000000000e+01
5.500000000000000000e+01
5.000000000000000000e+01
8.700000000000000000e+01
8.500000000000000000e+01
1.120000000000000000e+02
1.270000000000000000e+02
1.610000000000000000e+02
2.100000000000000000e+02
1.850000000000000000e+02
1.890000000000000000e+02
2.210000000000000000e+02
2.450000000000000000e+02
2.580000000000000000e+02
2.820000000000000000e+02
2.660000000000000000e+02
3.020000000000000000e+02
2.810000000000000000e+02
2.760000000000000000e+02
2.680000000000000000e+02
2.580000000000000000e+02
2.760000000000000000e+02
2.630000000000000000e+02
2.570000000000000000e+02
2.730000000000000000e+02
3.350000000000000000e+02
3.220000000000000000e+02
3.350000000000000000e+02
4.080000000000000000e+02
3.920000000000000000e+02
4.630000000000000000e+02
4.910000000000000000e+02
4.990000000000000000e+02
5.020000000000000000e+02
5.520000000000000000e+02
5.790000000000000000e+02
6.890000000000000000e+02
6.790000000000000000e+02
7.230000000000000000e+02
7.450000000000000000e+02
8.130000000000000000e+02
8.240000000000000000e+02
8.910000000000000000e+02
9.380000000000000000e+02
9.730000000000000000e+02
1.097000000000000000e+03
1.104000000000000000e+03
1.129000000000000000e+03
1.140000000000000000e+03
1.165000000000000000e+03
1.197000000000000000e+03
1.172000000000000000e+03
1.138000000000000000e+03
1.113000000000000000e+03
1.126000000000000000e+03
1.095000000000000000e+03
1.145000000000000000e+03
1.156000000000000000e+03
1.263000000000000000e+03
1.235000000000000000e+03
1.317000000000000000e+03
1.298000000000000000e+03
1.374000000000000000e+03
1.443000000000000000e+03
1.504000000000000000e+03
1.564000000000000000e+03
1.703000000000000000e+03
1.849000000000000000e+03
1.984000000000000000e+03
2.064000000000000000e+03
2.142000000000000000e+03
2.286000000000000000e+03
2.322000000000000000e+03
2.376000000000000000e+03
2.455000000000000000e+03
2.722000000000000000e+03
2.660000000000000000e+03
2.662000000000000000e+03
2.529000000000000000e+03
2.544000000000000000e+03
2.521000000000000000e+03
2.627000000000000000e+03
2.391000000000000000e+03
2.288000000000000000e+03
2.219000000000000000e+03
2.085000000000000000e+03
2.033000000000000000e+03
1.891000000000000000e+03
1.821000000000000000e+03
1.859000000000000000e+03
1.844000000000000000e+03
1.767000000000000000e+03
1.744000000000000000e+03
1.669000000000000000e+03
1.621000000000000000e+03
1.647000000000000000e+03
1.509000000000000000e+03
1.569000000000000000e+03
1.501000000000000000e+03
1.462000000000000000e+03
1.504000000000000000e+03
1.490000000000000000e+03
1.497000000000000000e+03
1.454000000000000000e+03
1.421000000000000000e+03
1.443000000000000000e+03
1.446000000000000000e+03
1.471000000000000000e+03
1.439000000000000000e+03
1.444000000000000000e+03
1.453000000000000000e+03
1.438000000000000000e+03
1.377000000000000000e+03
1.377000000000000000e+03
1.429000000000000000e+03
1.432000000000000000e+03
1.365000000000000000e+03
1.335000000000000000e+03
1.402000000000000000e+03
1.404000000000000000e+03
1.362000000000000000e+03
1.317000000000000000e+03
1.357000000000000000e+03
1.344000000000000000e+03
1.349000000000000000e+03
1.302000000000000000e+03
1.302000000000000000e+03
1.350000000000000000e+03
1.327000000000000000e+03
1.284000000000000000e+03
1.239000000000000000e+03
1.155000000000000000e+03
1.200000000000000000e+03
1.179000000000000000e+03
1.222000000000000000e+03
1.168000000000000000e+03
1.172000000000000000e+03
1.158000000000000000e+03
1.215000000000000000e+03
1.247000000000000000e+03
1.292000000000000000e+03
1.307000000000000000e+03
1.277000000000000000e+03
1.308000000000000000e+03
1.319000000000000000e+03
1.277000000000000000e+03
1.208000000000000000e+03
1.188000000000000000e+03
1.183000000000000000e+03
1.106000000000000000e+03
1.044000000000000000e+03
1.018000000000000000e+03
9.740000000000000000e+02
9.590000000000000000e+02
8.990000000000000000e+02
8.880000000000000000e+02
8.630000000000000000e+02
8.040000000000000000e+02
8.690000000000000000e+02
7.830000000000000000e+02
7.980000000000000000e+02
7.680000000000000000e+02
7.480000000000000000e+02
7.630000000000000000e+02
7.090000000000000000e+02
7.190000000000000000e+02
6.590000000000000000e+02
6.190000000000000000e+02
6.340000000000000000e+02
5.270000000000000000e+02
4.280000000000000000e+02
4.030000000000000000e+02
3.740000000000000000e+02
2.920000000000000000e+02
2.470000000000000000e+02
2.090000000000000000e+02
1.910000000000000000e+02
1.940000000000000000e+02
1.790000000000000000e+02
1.560000000000000000e+02
1.080000000000000000e+02
9.500000000000000000e+01
8.200000000000000000e+01
3.500000000000000000e+01
2.800000000000000000e+01
1.900000000000000000e+01
1.100000000000000000e+01
5.000000000000000000e+00
1.000000000000000000e+00
2.000000000000000000e+00
4.690000000000000000e+02
2.010000000000000000e+02
1.860000000000000000e+02
1.300000000000000000e+02
9.400000000000000000e+01
1.180000000000000000e+02
1.010000000000000000e+02
1.260000000000000000e+02
1.210000000000000000e+02
1.760000000000000000e+02
1.920000000000000000e+02
1.920000000000000000e+02
2.020000000000000000e+02
2.190000000000000000e+02
2.160000000000000000e+02
2.150000000000000000e+02
2.390000000000000000e+02
2.510000000000000000e+02
2.300000000000000000e+02
2.620000000000000000e+02
2.690000000000000000e+02
2.820000000000000000e+02
2.880000000000000000e+02
2.900000000000000000e+02
2.640000000000000000e+02
3.230000000000000000e+02
3.120000000000000000e+02
3.290000000000000000e+02
3.340000000000000000e+02
3.460000000000000000e+02
3.590000000000000000e+02
3.640000000000000000e+02
3.910000000000000000e+02
3.930000000000000000e+02
4.210000000000000000e+02
4.340000000000000000e+02
4.160000000000000000e+02
4.740000000000000000e+02
4.550000000000000000e+02
4.670000000000000000e+02
4.670000000000000000e+02
4.970000000000000000e+02
4.370000000000000000e+02
4.360000000000000000e+02
4.270000000000000000e+02
4.440000000000000000e+02
4.450000000000000000e+02
4.590000000000000000e+02
4.340000000000000000e+02
4.370000000000000000e+02
5.090000000000000000e+02
5.150000000000000000e+02
5.430000000000000000e+02
5.420000000000000000e+02
6.060000000000000000e+02
6.060000000000000000e+02
6.550000000000000000e+02
7.120000000000000000e+02
7.010000000000000000e+02
7.470000000000000000e+02
7.030000000000000000e+02
6.990000000000000000e+02
7.250000000000000000e+02
7.440000000000000000e+02
7.870000000000000000e+02
7.410000000000000000e+02
7.620000000000000000e+02
7.530000000000000000e+02
8.240000000000000000e+02
8.550000000000000000e+02
8.210000000000000000e+02
7.860000000000000000e+02
9.140000000000000000e+02
9.340000000000000000e+02
8.960000000000000000e+02
9.320000000000000000e+02
1.007000000000000000e+03
9.810000000000000000e+02
1.021000000000000000e+03
1.031000000000000000e+03
1.066000000000000000e+03
1.051000000000000000e+03
1.049000000000000000e+03
1.159000000000000000e+03
1.096000000000000000e+03
1.005000000000000000e+03
1.057000000000000000e+03
1.118000000000000000e+03
1.120000000000000000e+03
1.141000000000000000e+03
1.161000000000000000e+03
1.171000000000000000e+03
1.157000000000000000e+03
1.234000000000000000e+03
1.296000000000000000e+03
1.359000000000000000e+03
1.385000000000000000e+03
1.443000000000000000e+03
1.437000000000000000e+03
1.535000000000000000e+03
1.602000000000000000e+03
1.616000000000000000e+03
1.786000000000000000e+03
1.806000000000000000e+03
1.876000000000000000e+03
1.894000000000000000e+03
1.875000000000000000e+03
1.938000000000000000e+03
1.972000000000000000e+03
1.935000000000000000e+03
2.157000000000000000e+03
2.072000000000000000e+03
2.160000000000000000e+03
2.115000000000000000e+03
1.985000000000000000e+03
2.025000000000000000e+03
1.950000000000000000e+03
1.938000000000000000e+03
1.979000000000000000e+03
1.911000000000000000e+03
2.003000000000000000e+03
1.966000000000000000e+03
1.849000000000000000e+03
1.745000000000000000e+03
1.663000000000000000e+03
1.545000000000000000e+03
1.448000000000000000e+03
1.386000000000000000e+03
1.282000000000000000e+03
1.231000000000000000e+03
1.196000000000000000e+03
1.071000000000000000e+03
1.130000000000000000e+03
1.135000000000000000e+03
1.138000000000000000e+03
1.173000000000000000e+03
1.187000000000000000e+03
1.225000000000000000e+03
1.195000000000000000e+03
1.309000000000000000e+03
1.236000000000000000e+03
1.311000000000000000e+03
1.260000000000000000e+03
1.292000000000000000e+03
1.323000000000000000e+03
1.290000000000000000e+03
1.190000000000000000e+03
1.155000000000000000e+03
1.196000000000000000e+03
1.130000000000000000e+03
1.014000000000000000e+03
1.007000000000000000e+03
8.830000000000000000e+02
8.810000000000000000e+02
8.860000000000000000e+02
8.930000000000000000e+02
9.130000000000000000e+02
8.940000000000000000e+02
9.430000000000000000e+02
9.340000000000000000e+02
1.009000000000000000e+03
9.670000000000000000e+02
9.990000000000000000e+02
9.900000000000000000e+02
1.018000000000000000e+03
1.034000000000000000e+03
1.042000000000000000e+03
9.790000000000000000e+02
9.790000000000000000e+02
9.540000000000000000e+02
9.470000000000000000e+02
8.830000000000000000e+02
9.100000000000000000e+02
9.370000000000000000e+02
1.055000000000000000e+03
1.077000000000000000e+03
1.066000000000000000e+03
1.157000000000000000e+03
1.115000000000000000e+03
1.136000000000000000e+03
1.128000000000000000e+03
1.011000000000000000e+03
9.600000000000000000e+02
9.430000000000000000e+02
8.780000000000000000e+02
9.110000000000000000e+02
8.450000000000000000e+02
9.080000000000000000e+02
8.830000000000000000e+02
8.310000000000000000e+02
8.450000000000000000e+02
7.630000000000000000e+02
7.540000000000000000e+02
7.160000000000000000e+02
7.510000000000000000e+02
6.970000000000000000e+02
6.540000000000000000e+02
6.650000000000000000e+02
6.370000000000000000e+02
6.010000000000000000e+02
6.450000000000000000e+02
5.770000000000000000e+02
5.630000000000000000e+02
5.490000000000000000e+02
5.350000000000000000e+02
5.570000000000000000e+02
5.560000000000000000e+02
5.530000000000000000e+02
5.640000000000000000e+02
5.250000000000000000e+02
4.960000000000000000e+02
5.300000000000000000e+02
4.930000000000000000e+02
4.610000000000000000e+02
5.050000000000000000e+02
4.100000000000000000e+02
4.170000000000000000e+02
4.100000000000000000e+02
3.970000000000000000e+02
3.440000000000000000e+02
3.200000000000000000e+02
3.060000000000000000e+02
2.550000000000000000e+02
2.580000000000000000e+02
2.190000000000000000e+02
2.280000000000000000e+02
1.710000000000000000e+02
1.550000000000000000e+02
1.340000000000000000e+02
8.100000000000000000e+01
7.600000000000000000e+01
4.300000000000000000e+01
3.800000000000000000e+01
3.900000000000000000e+01
3.500000000000000000e+01
2.300000000000000000e+01
1.200000000000000000e+01
2.400000000000000000e+01
1.200000000000000000e+01
9.000000000000000000e+00
0.000000000000000000e+00
2.000000000000000000e+00
1.000000000000000000e+00
0.000000000000000000e+00
0.000000000000000000e+00
2.000000000000000000e+00
0.000000000000000000e+00
1.000000000000000000e+00
0.000000000000000000e+00
2.000000000000000000e+00
0.000000000000000000e+00
0.000000000000000000e+00
0.000000000000000000e+00
0.000000000000000000e+00
2.000000000000000000e+00
4.000000000000000000e+00
