0.000000000000000000e+00
0.000000000000000000e+00
0.000000000000000000e+00
1.000000000000000000e+00
0.000000000000000000e+00
0.000000000000000000e+00
0.000000000000000000e+00
0.000000000000000000e+00
0.000000000000000000e+00
0.000000000000000000e+00
0.000000000000000000e+00
0.000000000000000000e+00
0.000000000000000000e+00
0.000000000000000000e+00
0.000000000000000000e+00
0.000000000000000000e+00
0.000000000000000000e+00
0.000000000000000000e+00
0.000000000000000000e+00
0.000000000000000000e+00
0.000000000000000000e+00
0.000000000000000000e+00
0.000000000000000000e+00
1.000000000000000000e+00
1.000000000000000000e+00
1.000000000000000000e+00
1.000000000000000000e+00
0.000000000000000000e+00
1.000000000000000000e+00
1.000000000000000000e+00
2.000000000000000000e+00
6.000000000000000000e+00
1.300000000000000000e+01
1.000000000000000000e+01
1.100000000000000000e+01
1.200000000000000000e+01
1.400000000000000000e+01
1.700000000000000000e+01
2.700000000000000000e+01
3.000000000000000000e+01
5.200000000000000000e+01
6.700000000000000000e+01
1.060000000000000000e+02
1.540000000000000000e+02
1.970000000000000000e+02
2.540000000000000000e+02
3.010000000000000000e+02
3.540000000000000000e+02
4.170000000000000000e+02
4.910000000000000000e+02
6.110000000000000000e+02
7.150000000000000000e+02
7.640000000000000000e+02
8.590000000000000000e+02
9.870000000000000000e+02
1.025000000000000000e+03
1.094000000000000000e+03
1.117000000000000000e+03
1.119000000000000000e+03
1.084000000000000000e+03
1.068000000000000000e+03
1.049000000000000000e+03
1.077000000000000000e+03
1.071000000000000000e+03
1.068000000000000000e+03
1.032000000000000000e+03
1.121000000000000000e+03
1.064000000000000000e+03
1.072000000000000000e+03
1.188000000000000000e+03
1.131000000000000000e+03
1.232000000000000000e+03
1.209000000000000000e+03
1.355000000000000000e+03
1.270000000000000000e+03
1.369000000000000000e+03
1.283000000000000000e+03
1.233000000000000000e+03
1.129000000000000000e+03
1.121000000000000000e+03
1.098000000000000000e+03
1.103000000000000000e+03
1.048000000000000000e+03
1.112000000000000000e+03
1.046000000000000000e+03
1.042000000000000000e+03
1.129000000000000000e+03
1.071000000000000000e+03
1.094000000000000000e+03
1.094000000000000000e+03
1.083000000000000000e+03
1.089000000000000000e+03
1.094000000000000000e+03
1.130000000000000000e+03
1.036000000000000000e+03
1.078000000000000000e+03
1.068000000000000000e+03
1.046000000000000000e+03
1.103000000000000000e+03
1.124000000000000000e+03
1.356000000000000000e+03
1.573000000000000000e+03
1.829000000000000000e+03
1.883000000000000000e+03
2.064000000000000000e+03
2.025000000000000000e+03
1.919000000000000000e+03
1.793000000000000000e+03
1.943000000000000000e+03
1.980000000000000000e+03
2.043000000000000000e+03
1.984000000000000000e+03
2.325000000000000000e+03
2.415000000000000000e+03
2.486000000000000000e+03
2.395000000000000000e+03
2.324000000000000000e+03
2.255000000000000000e+03
2.262000000000000000e+03
2.184000000000000000e+03
2.535000000000000000e+03
2.318000000000000000e+03
2.421000000000000000e+03
2.468000000000000000e+03
2.529000000000000000e+03
2.353000000000000000e+03
2.478000000000000000e+03
2.220000000000000000e+03
2.255000000000000000e+03
1.941000000000000000e+03
1.900000000000000000e+03
2.006000000000000000e+03
1.952000000000000000e+03
1.965000000000000000e+03
2.081000000000000000e+03
1.930000000000000000e+03
1.967000000000000000e+03
1.714000000000000000e+03
1.854000000000000000e+03
1.690000000000000000e+03
1.705000000000000000e+03
1.603000000000000000e+03
1.482000000000000000e+03
1.389000000000000000e+03
1.366000000000000000e+03
1.183000000000000000e+03
1.082000000000000000e+03
1.011000000000000000e+03
1.000000000000000000e+03
9.230000000000000000e+02
8.130000000000000000e+02
7.430000000000000000e+02
6.170000000000000000e+02
5.760000000000000000e+02
5.800000000000000000e+02
6.030000000000000000e+02
4.590000000000000000e+02
4.910000000000000000e+02
3.790000000000000000e+02
3.310000000000000000e+02
3.440000000000000000e+02
2.880000000000000000e+02
2.360000000000000000e+02
2.120000000000000000e+02
1.870000000000000000e+02
1.520000000000000000e+02
8.700000000000000000e+01
6.900000000000000000e+01
4.400000000000000000e+01
3.400000000000000000e+01
3.700000000000000000e+01
2.500000000000000000e+01
2.000000000000000000e+01
2.600000000000000000e+01
1.200000000000000000e+01
4.000000000000000000e+00
1.000000000000000000e+01
2.000000000000000000e+00
0.000000000000000000e+00
3.000000000000000000e+00
1.000000000000000000e+00
0.000000000000000000e+00
1.000000000000000000e+00
0.000000000000000000e+00
3.000000000000000000e+00
0.000000000000000000e+00
1.000000000000000000e+00
0.000000000000000000e+00
0.000000000000000000e+00
1.000000000000000000e+00
0.000000000000000000e+00
0.000000000000000000e+00
0.000000000000000000e+00
0.000000000000000000e+00
0.000000000000000000e+00
0.000000000000000000e+00
2.000000000000000000e+00
0.000000000000000000e+00
1.000000000000000000e+00
0.000000000000000000e+00
0.000000000000000000e+00
0.000000000000000000e+00
0.000000000000000000e+00
0.000000000000000000e+00
0.000000000000000000e+00
0.000000000000000000e+00
0.000000000000000000e+00
0.000000000000000000e+00
0.000000000000000000e+00
0.000000000000000000e+00
0.000000000000000000e+00
0.000000000000000000e+00
0.000000000000000000e+00
0.000000000000000000e+00
0.000000000000000000e+00
0.000000000000000000e+00
0.000000000000000000e+00
0.000000000000000000e+00
0.000000000000000000e+00
0.000000000000000000e+00
0.000000000000000000e+00
0.000000000000000000e+00
0.000000000000000000e+00
0.000000000000000000e+00
0.000000000000000000e+00
0.000000000000000000e+00
0.000000000000000000e+00
0.000000000000000000e+00
0.000000000000000000e+00
0.000000000000000000e+00
0.000000000000000000e+00
0.000000000000000000e+00
0.000000000000000000e+00
0.000000000000000000e+00
0.000000000000000000e+00
0.000000000000000000e+00
0.000000000000000000e+00
0.000000000000000000e+00
0.000000000000000000e+00
0.000000000000000000e+00
0.000000000000000000e+00
0.000000000000000000e+00
0.000000000000000000e+00
0.000000000000000000e+00
0.000000000000000000e+00
0.000000000000000000e+00
0.000000000000000000e+00
0.000000000000000000e+00
0.000000000000000000e+00
0.000000000000000000e+00
0.000000000000000000e+00
0.000000000000000000e+00
0.000000000000000000e+00
0.000000000000000000e+00
0.000000000000000000e+00
0.000000000000000000e+00
0.000000000000000000e+00
1.000000000000000000e+00
0.000000000000000000e+00
0.000000000000000000e+00
0.000000000000000000e+00
0.000000000000000000e+00
0.000000000000000000e+00
0.000000000000000000e+00
0.000000000000000000e+00
0.000000000000000000e+00
0.000000000000000000e+00
0.000000000000000000e+00
0.000000000000000000e+00
0.000000000000000000e+00
0.000000000000000000e+00
0.000000000000000000e+00
1.000000000000000000e+00
0.000000000000000000e+00
0.000000000000000000e+00
1.000000000000000000e+00
0.000000000000000000e+00
2.000000000000000000e+00
0.000000000000000000e+00
0.000000000000000000e+00
1.000000000000000000e+00
3.000000000000000000e+00
2.000000000000000000e+00
9.000000000000000000e+00
3.000000000000000000e+00
5.000000000000000000e+00
1.100000000000000000e+01
3.500000000000000000e+01
5.000000000000000000e+01
8.200000000000000000e+01
1.050000000000000000e+02
1.010000000000000000e+02
1.210000000000000000e+02
1.230000000000000000e+02
1.340000000000000000e+02
2.040000000000000000e+02
2.230000000000000000e+02
2.720000000000000000e+02
3.590000000000000000e+02
4.560000000000000000e+02
5.100000000000000000e+02
5.940000000000000000e+02
6.840000000000000000e+02
7.740000000000000000e+02
8.570000000000000000e+02
9.130000000000000000e+02
8.650000000000000000e+02
8.670000000000000000e+02
8.800000000000000000e+02
8.520000000000000000e+02
8.810000000000000000e+02
8.150000000000000000e+02
7.950000000000000000e+02
7.220000000000000000e+02
7.650000000000000000e+02
8.110000000000000000e+02
8.120000000000000000e+02
8.290000000000000000e+02
8.860000000000000000e+02
8.180000000000000000e+02
8.780000000000000000e+02
9.350000000000000000e+02
9.660000000000000000e+02
9.240000000000000000e+02
9.530000000000000000e+02
9.750000000000000000e+02
1.070000000000000000e+03
9.880000000000000000e+02
1.052000000000000000e+03
1.062000000000000000e+03
1.032000000000000000e+03
1.090000000000000000e+03
1.045000000000000000e+03
1.431000000000000000e+03
1.829000000000000000e+03
2.187000000000000000e+03
2.206000000000000000e+03
2.341000000000000000e+03
2.259000000000000000e+03
2.285000000000000000e+03
2.331000000000000000e+03
2.433000000000000000e+03
2.475000000000000000e+03
2.423000000000000000e+03
2.542000000000000000e+03
2.775000000000000000e+03
2.731000000000000000e+03
2.973000000000000000e+03
2.762000000000000000e+03
2.949000000000000000e+03
2.694000000000000000e+03
2.611000000000000000e+03
2.847000000000000000e+03
2.904000000000000000e+03
2.802000000000000000e+03
2.865000000000000000e+03
2.559000000000000000e+03
2.521000000000000000e+03
2.802000000000000000e+03
2.705000000000000000e+03
3.044000000000000000e+03
2.716000000000000000e+03
2.595000000000000000e+03
2.581000000000000000e+03
2.518000000000000000e+03
2.290000000000000000e+03
2.432000000000000000e+03
2.357000000000000000e+03
2.170000000000000000e+03
2.254000000000000000e+03
2.169000000000000000e+03
2.071000000000000000e+03
1.974000000000000000e+03
1.983000000000000000e+03
1.900000000000000000e+03
1.681000000000000000e+03
1.637000000000000000e+03
1.519000000000000000e+03
1.465000000000000000e+03
1.450000000000000000e+03
1.305000000000000000e+03
1.230000000000000000e+03
1.210000000000000000e+03
1.054000000000000000e+03
9.270000000000000000e+02
9.540000000000000000e+02
9.220000000000000000e+02
7.990000000000000000e+02
7.550000000000000000e+02
6.990000000000000000e+02
6.730000000000000000e+02
6.710000000000000000e+02
5.990000000000000000e+02
5.020000000000000000e+02
4.640000000000000000e+02
4.100000000000000000e+02
4.100000000000000000e+02
3.450000000000000000e+02
3.630000000000000000e+02
3.070000000000000000e+02
3.040000000000000000e+02
2.970000000000000000e+02
2.480000000000000000e+02
2.620000000000000000e+02
2.370000000000000000e+02
2.100000000000000000e+02
1.770000000000000000e+02
1.850000000000000000e+02
1.960000000000000000e+02
1.800000000000000000e+02
1.930000000000000000e+02
1.470000000000000000e+02
1.320000000000000000e+02
1.220000000000000000e+02
1.030000000000000000e+02
7.700000000000000000e+01
8.000000000000000000e+01
7.500000000000000000e+01
6.900000000000000000e+01
5.000000000000000000e+01
6.300000000000000000e+01
4.700000000000000000e+01
4.000000000000000000e+01
2.800000000000000000e+01
1.800000000000000000e+01
2.600000000000000000e+01
1.600000000000000000e+01
2.100000000000000000e+01
9.000000000000000000e+00
5.000000000000000000e+00
9.000000000000000000e+00
9.000000000000000000e+00
1.000000000000000000e+00
3.000000000000000000e+00
2.000000000000000000e+00
0.000000000000000000e+00
0.000000000000000000e+00
0.000000000000000000e+00
0.000000000000000000e+00
3.000000000000000000e+00
1.000000000000000000e+00
1.000000000000000000e+00
0.000000000000000000e+00
0.000000000000000000e+00
0.000000000000000000e+00
0.000000000000000000e+00
0.000000000000000000e+00
1.000000000000000000e+00
1.000000000000000000e+00
0.000000000000000000e+00
0.000000000000000000e+00
1.000000000000000000e+00
0.000000000000000000e+00
0.000000000000000000e+00
0.000000000000000000e+00
0.000000000000000000e+00
0.000000000000000000e+00
0.000000000000000000e+00
0.000000000000000000e+00
0.000000000000000000e+00
0.000000000000000000e+00
0.000000000000000000e+00
0.000000000000000000e+00
0.000000000000000000e+00
0.000000000000000000e+00
0.000000000000000000e+00
0.000000000000000000e+00
0.000000000000000000e+00
0.000000000000000000e+00
0.000000000000000000e+00
0.000000000000000000e+00
0.000000000000000000e+00
0.000000000000000000e+00
0.000000000000000000e+00
0.000000000000000000e+00
0.000000000000000000e+00
0.000000000000000000e+00
0.000000000000000000e+00
0.000000000000000000e+00
0.000000000000000000e+00
0.000000000000000000e+00
0.000000000000000000e+00
0.000000000000000000e+00
0.000000000000000000e+00
0.000000000000000000e+00
0.000000000000000000e+00
0.000000000000000000e+00
0.000000000000000000e+00
0.000000000000000000e+00
0.000000000000000000e+00
0.000000000000000000e+00
0.000000000000000000e+00
0.000000000000000000e+00
0.000000000000000000e+00
0.000000000000000000e+00
0.000000000000000000e+00
0.000000000000000000e+00
0.000000000000000000e+00
0.000000000000000000e+00
0.000000000000000000e+00
0.000000000000000000e+00
0.000000000000000000e+00
0.000000000000000000e+00
0.000000000000000000e+00
0.000000000000000000e+00
0.000000000000000000e+00
0.000000000000000000e+00
0.000000000000000000e+00
0.000000000000000000e+00
0.000000000000000000e+00
0.000000000000000000e+00
0.000000000000000000e+00
7.000000000000000000e+01
8.460000000000000000e+02
1.174000000000000000e+03
1.067000000000000000e+03
8.910000000000000000e+02
8.700000000000000000e+02
7.500000000000000000e+02
7.190000000000000000e+02
6.930000000000000000e+02
7.350000000000000000e+02
7.530000000000000000e+02
6.680000000000000000e+02
6.270000000000000000e+02
6.260000000000000000e+02
6.190000000000000000e+02
5.960000000000000000e+02
6.410000000000000000e+02
7.010000000000000000e+02
6.390000000000000000e+02
7.620000000000000000e+02
8.760000000000000000e+02
9.140000000000000000e+02
1.279000000000000000e+03
1.306000000000000000e+03
1.616000000000000000e+03
1.667000000000000000e+03
1.670000000000000000e+03
1.733000000000000000e+03
1.779000000000000000e+03
1.842000000000000000e+03
2.074000000000000000e+03
1.960000000000000000e+03
2.016000000000000000e+03
2.123000000000000000e+03
2.103000000000000000e+03
2.057000000000000000e+03
2.219000000000000000e+03
2.269000000000000000e+03
2.603000000000000000e+03
3.096000000000000000e+03
2.886000000000000000e+03
2.952000000000000000e+03
2.959000000000000000e+03
2.842000000000000000e+03
2.674000000000000000e+03
2.743000000000000000e+03
2.643000000000000000e+03
2.643000000000000000e+03
2.632000000000000000e+03
2.546000000000000000e+03
2.391000000000000000e+03
2.403000000000000000e+03
2.303000000000000000e+03
2.358000000000000000e+03
2.153000000000000000e+03
2.025000000000000000e+03
2.118000000000000000e+03
2.127000000000000000e+03
2.064000000000000000e+03
2.041000000000000000e+03
2.047000000000000000e+03
1.854000000000000000e+03
1.859000000000000000e+03
1.870000000000000000e+03
1.837000000000000000e+03
1.895000000000000000e+03
1.857000000000000000e+03
1.762000000000000000e+03
1.734000000000000000e+03
1.633000000000000000e+03
1.600000000000000000e+03
1.506000000000000000e+03
1.437000000000000000e+03
1.470000000000000000e+03
1.460000000000000000e+03
1.408000000000000000e+03
1.381000000000000000e+03
1.321000000000000000e+03
1.255000000000000000e+03
1.268000000000000000e+03
1.228000000000000000e+03
1.199000000000000000e+03
1.129000000000000000e+03
1.079000000000000000e+03
9.250000000000000000e+02
9.440000000000000000e+02
9.330000000000000000e+02
8.580000000000000000e+02
7.880000000000000000e+02
7.140000000000000000e+02
6.900000000000000000e+02
7.050000000000000000e+02
6.500000000000000000e+02
5.870000000000000000e+02
5.250000000000000000e+02
4.940000000000000000e+02
5.580000000000000000e+02
5.180000000000000000e+02
4.550000000000000000e+02
4.390000000000000000e+02
3.870000000000000000e+02
4.140000000000000000e+02
3.780000000000000000e+02
3.530000000000000000e+02
3.240000000000000000e+02
3.240000000000000000e+02
3.090000000000000000e+02
2.820000000000000000e+02
2.990000000000000000e+02
2.650000000000000000e+02
2.430000000000000000e+02
2.150000000000000000e+02
2.000000000000000000e+02
2.070000000000000000e+02
1.940000000000000000e+02
1.980000000000000000e+02
1.810000000000000000e+02
1.610000000000000000e+02
1.760000000000000000e+02
1.900000000000000000e+02
1.660000000000000000e+02
1.610000000000000000e+02
1.740000000000000000e+02
1.520000000000000000e+02
1.620000000000000000e+02
1.450000000000000000e+02
1.560000000000000000e+02
1.160000000000000000e+02
1.440000000000000000e+02
1.530000000000000000e+02
1.530000000000000000e+02
1.310000000000000000e+02
1.350000000000000000e+02
1.400000000000000000e+02
1.350000000000000000e+02
1.300000000000000000e+02
1.520000000000000000e+02
1.400000000000000000e+02
1.620000000000000000e+02
1.530000000000000000e+02
1.520000000000000000e+02
1.630000000000000000e+02
1.540000000000000000e+02
1.730000000000000000e+02
1.740000000000000000e+02
1.480000000000000000e+02
1.410000000000000000e+02
1.190000000000000000e+02
1.210000000000000000e+02
1.400000000000000000e+02
1.330000000000000000e+02
1.180000000000000000e+02
1.240000000000000000e+02
1.400000000000000000e+02
1.030000000000000000e+02
1.100000000000000000e+02
1.110000000000000000e+02
8.900000000000000000e+01
1.140000000000000000e+02
8.400000000000000000e+01
7.900000000000000000e+01
7.300000000000000000e+01
5.800000000000000000e+01
5.700000000000000000e+01
5.400000000000000000e+01
4.000000000000000000e+01
4.300000000000000000e+01
2.400000000000000000e+01
3.100000000000000000e+01
1.900000000000000000e+01
2.200000000000000000e+01
2.600000000000000000e+01
1.100000000000000000e+01
1.200000000000000000e+01
1.400000000000000000e+01
1.300000000000000000e+01
7.000000000000000000e+00
5.000000000000000000e+00
4.000000000000000000e+00
3.000000000000000000e+00
0.000000000000000000e+00
2.000000000000000000e+00
2.000000000000000000e+00
0.000000000000000000e+00
2.000000000000000000e+00
1.000000000000000000e+00
0.000000000000000000e+00
2.000000000000000000e+00
0.000000000000000000e+00
0.000000000000000000e+00
0.000000000000000000e+00
0.000000000000000000e+00
0.000000000000000000e+00
0.000000000000000000e+00
0.000000000000000000e+00
0.000000000000000000e+00
0.000000000000000000e+00
0.000000000000000000e+00
0.000000000000000000e+00
1.000000000000000000e+00
0.000000000000000000e+00
0.000000000000000000e+00
0.000000000000000000e+00
0.000000000000000000e+00
0.000000000000000000e+00
0.000000000000000000e+00
0.000000000000000000e+00
0.000000000000000000e+00
0.000000000000000000e+00
0.000000000000000000e+00
0.000000000000000000e+00
0.000000000000000000e+00
0.000000000000000000e+00
0.000000000000000000e+00
0.000000000000000000e+00
0.000000000000000000e+00
0.000000000000000000e+00
0.000000000000000000e+00
0.000000000000000000e+00
0.000000000000000000e+00
0.000000000000000000e+00
0.000000000000000000e+00
0.000000000000000000e+00
0.000000000000000000e+00
0.000000000000000000e+00
0.000000000000000000e+00
0.000000000000000000e+00
0.000000000000000000e+00
0.000000000000000000e+00
0.000000000000000000e+00
0.000000000000000000e+00
0.000000000000000000e+00
0.000000000000000000e+00
0.000000000000000000e+00
0.000000000000000000e+00
0.000000000000000000e+00
0.000000000000000000e+00
0.000000000000000000e+00
0.000000000000000000e+00
0.000000000000000000e+00
0.000000000000000000e+00
0.000000000000000000e+00
0.000000000000000000e+00
0.000000000000000000e+00
0.000000000000000000e+00
0.000000000000000000e+00
0.000000000000000000e+00
0.000000000000000000e+00
0.000000000000000000e+00
0.000000000000000000e+00
0.000000000000000000e+00
0.000000000000000000e+00
0.000000000000000000e+00
0.000000000000000000e+00
0.000000000000000000e+00
0.000000000000000000e+00
