0.000000000000000000e+00
0.000000000000000000e+00
0.000000000000000000e+00
0.000000000000000000e+00
0.000000000000000000e+00
0.000000000000000000e+00
0.000000000000000000e+00
0.000000000000000000e+00
0.000000000000000000e+00
1.000000000000000000e+00
0.000000000000000000e+00
3.000000000000000000e+00
4.000000000000000000e+00
3.000000000000000000e+00
3.000000000000000000e+00
1.000000000000000000e+00
2.000000000000000000e+00
6.000000000000000000e+00
8.000000000000000000e+00
1.600000000000000000e+01
1.600000000000000000e+01
1.200000000000000000e+01
1.400000000000000000e+01
1.900000000000000000e+01
1.500000000000000000e+01
1.300000000000000000e+01
2.300000000000000000e+01
2.300000000000000000e+01
2.500000000000000000e+01
2.700000000000000000e+01
3.300000000000000000e+01
3.100000000000000000e+01
2.800000000000000000e+01
2.600000000000000000e+01
3.100000000000000000e+01
4.000000000000000000e+01
3.500000000000000000e+01
4.600000000000000000e+01
2.700000000000000000e+01
3.800000000000000000e+01
4.800000000000000000e+01
5.600000000000000000e+01
5.800000000000000000e+01
6.400000000000000000e+01
9.600000000000000000e+01
9.900000000000000000e+01
1.850000000000000000e+02
2.740000000000000000e+02
2.660000000000000000e+02
3.480000000000000000e+02
3.800000000000000000e+02
3.350000000000000000e+02
3.480000000000000000e+02
4.730000000000000000e+02
5.660000000000000000e+02
5.620000000000000000e+02
5.760000000000000000e+02
6.550000000000000000e+02
7.330000000000000000e+02
7.590000000000000000e+02
7.300000000000000000e+02
8.710000000000000000e+02
1.015000000000000000e+03
1.087000000000000000e+03
9.630000000000000000e+02
9.740000000000000000e+02
9.810000000000000000e+02
1.048000000000000000e+03
1.106000000000000000e+03
1.279000000000000000e+03
1.284000000000000000e+03
1.267000000000000000e+03
1.271000000000000000e+03
1.306000000000000000e+03
1.460000000000000000e+03
1.416000000000000000e+03
1.502000000000000000e+03
1.572000000000000000e+03
1.569000000000000000e+03
1.712000000000000000e+03
1.809000000000000000e+03
1.702000000000000000e+03
1.636000000000000000e+03
1.592000000000000000e+03
1.560000000000000000e+03
1.444000000000000000e+03
1.404000000000000000e+03
1.317000000000000000e+03
1.305000000000000000e+03
1.244000000000000000e+03
1.328000000000000000e+03
1.326000000000000000e+03
1.325000000000000000e+03
1.360000000000000000e+03
1.414000000000000000e+03
1.324000000000000000e+03
1.453000000000000000e+03
1.533000000000000000e+03
1.565000000000000000e+03
1.595000000000000000e+03
1.530000000000000000e+03
1.611000000000000000e+03
1.560000000000000000e+03
1.569000000000000000e+03
1.530000000000000000e+03
1.524000000000000000e+03
1.531000000000000000e+03
1.495000000000000000e+03
1.607000000000000000e+03
1.644000000000000000e+03
1.608000000000000000e+03
1.576000000000000000e+03
1.580000000000000000e+03
1.569000000000000000e+03
1.593000000000000000e+03
1.533000000000000000e+03
1.403000000000000000e+03
1.334000000000000000e+03
1.312000000000000000e+03
1.178000000000000000e+03
1.185000000000000000e+03
1.194000000000000000e+03
1.226000000000000000e+03
1.120000000000000000e+03
1.139000000000000000e+03
1.182000000000000000e+03
1.195000000000000000e+03
1.151000000000000000e+03
1.063000000000000000e+03
1.131000000000000000e+03
1.129000000000000000e+03
1.112000000000000000e+03
1.129000000000000000e+03
1.055000000000000000e+03
1.075000000000000000e+03
1.079000000000000000e+03
1.038000000000000000e+03
1.085000000000000000e+03
1.052000000000000000e+03
1.030000000000000000e+03
1.068000000000000000e+03
9.990000000000000000e+02
1.008000000000000000e+03
9.890000000000000000e+02
9.970000000000000000e+02
1.045000000000000000e+03
1.030000000000000000e+03
9.940000000000000000e+02
1.032000000000000000e+03
9.490000000000000000e+02
1.017000000000000000e+03
1.012000000000000000e+03
9.230000000000000000e+02
9.100000000000000000e+02
9.310000000000000000e+02
8.990000000000000000e+02
9.850000000000000000e+02
9.140000000000000000e+02
9.090000000000000000e+02
8.980000000000000000e+02
8.820000000000000000e+02
8.190000000000000000e+02
8.810000000000000000e+02
8.220000000000000000e+02
7.550000000000000000e+02
7.090000000000000000e+02
7.460000000000000000e+02
6.600000000000000000e+02
6.330000000000000000e+02
6.840000000000000000e+02
6.430000000000000000e+02
6.060000000000000000e+02
6.520000000000000000e+02
6.150000000000000000e+02
5.970000000000000000e+02
5.660000000000000000e+02
6.660000000000000000e+02
5.890000000000000000e+02
5.350000000000000000e+02
5.700000000000000000e+02
5.560000000000000000e+02
5.090000000000000000e+02
4.980000000000000000e+02
4.990000000000000000e+02
4.540000000000000000e+02
4.680000000000000000e+02
4.410000000000000000e+02
4.220000000000000000e+02
3.770000000000000000e+02
3.700000000000000000e+02
3.930000000000000000e+02
3.640000000000000000e+02
3.460000000000000000e+02
3.750000000000000000e+02
3.290000000000000000e+02
2.980000000000000000e+02
2.850000000000000000e+02
3.180000000000000000e+02
3.080000000000000000e+02
2.500000000000000000e+02
2.990000000000000000e+02
2.720000000000000000e+02
2.620000000000000000e+02
2.160000000000000000e+02
2.360000000000000000e+02
2.530000000000000000e+02
2.220000000000000000e+02
2.250000000000000000e+02
1.780000000000000000e+02
2.150000000000000000e+02
2.010000000000000000e+02
1.920000000000000000e+02
1.750000000000000000e+02
1.700000000000000000e+02
1.500000000000000000e+02
1.730000000000000000e+02
1.540000000000000000e+02
1.430000000000000000e+02
1.430000000000000000e+02
1.220000000000000000e+02
1.390000000000000000e+02
1.340000000000000000e+02
1.120000000000000000e+02
1.070000000000000000e+02
9.400000000000000000e+01
1.010000000000000000e+02
1.030000000000000000e+02
1.050000000000000000e+02
9.300000000000000000e+01
9.200000000000000000e+01
7.500000000000000000e+01
9.400000000000000000e+01
8.300000000000000000e+01
8.700000000000000000e+01
9.300000000000000000e+01
7.700000000000000000e+01
9.700000000000000000e+01
9.200000000000000000e+01
9.000000000000000000e+01
8.800000000000000000e+01
8.600000000000000000e+01
1.030000000000000000e+02
9.600000000000000000e+01
1.000000000000000000e+02
9.100000000000000000e+01
9.800000000000000000e+01
9.900000000000000000e+01
1.020000000000000000e+02
1.010000000000000000e+02
1.510000000000000000e+02
1.620000000000000000e+02
1.610000000000000000e+02
1.730000000000000000e+02
2.080000000000000000e+02
2.340000000000000000e+02
2.991000000000000000e+03
6.500000000000000000e+01
7.800000000000000000e+01
1.460000000000000000e+02
3.070000000000000000e+02
4.800000000000000000e+02
6.240000000000000000e+02
6.300000000000000000e+02
6.490000000000000000e+02
6.790000000000000000e+02
8.180000000000000000e+02
8.230000000000000000e+02
7.600000000000000000e+02
9.510000000000000000e+02
9.840000000000000000e+02
1.049000000000000000e+03
1.073000000000000000e+03
1.075000000000000000e+03
9.880000000000000000e+02
9.910000000000000000e+02
1.089000000000000000e+03
1.139000000000000000e+03
1.315000000000000000e+03
1.321000000000000000e+03
1.361000000000000000e+03
1.415000000000000000e+03
1.332000000000000000e+03
1.256000000000000000e+03
1.335000000000000000e+03
1.346000000000000000e+03
1.536000000000000000e+03
1.667000000000000000e+03
1.581000000000000000e+03
1.552000000000000000e+03
1.424000000000000000e+03
1.394000000000000000e+03
1.314000000000000000e+03
1.299000000000000000e+03
1.195000000000000000e+03
1.197000000000000000e+03
1.088000000000000000e+03
1.304000000000000000e+03
1.224000000000000000e+03
1.348000000000000000e+03
1.433000000000000000e+03
1.442000000000000000e+03
1.625000000000000000e+03
1.559000000000000000e+03
1.594000000000000000e+03
1.652000000000000000e+03
1.851000000000000000e+03
1.830000000000000000e+03
1.853000000000000000e+03
1.784000000000000000e+03
1.647000000000000000e+03
1.718000000000000000e+03
1.633000000000000000e+03
1.542000000000000000e+03
1.526000000000000000e+03
1.460000000000000000e+03
1.495000000000000000e+03
1.495000000000000000e+03
1.494000000000000000e+03
1.337000000000000000e+03
1.336000000000000000e+03
1.167000000000000000e+03
1.048000000000000000e+03
1.156000000000000000e+03
1.035000000000000000e+03
1.101000000000000000e+03
9.870000000000000000e+02
9.550000000000000000e+02
1.003000000000000000e+03
9.300000000000000000e+02
8.320000000000000000e+02
8.890000000000000000e+02
7.610000000000000000e+02
7.730000000000000000e+02
7.480000000000000000e+02
7.480000000000000000e+02
6.820000000000000000e+02
7.180000000000000000e+02
6.850000000000000000e+02
6.650000000000000000e+02
7.010000000000000000e+02
6.520000000000000000e+02
6.380000000000000000e+02
6.240000000000000000e+02
6.660000000000000000e+02
6.310000000000000000e+02
6.000000000000000000e+02
6.050000000000000000e+02
6.910000000000000000e+02
6.830000000000000000e+02
6.930000000000000000e+02
6.800000000000000000e+02
6.520000000000000000e+02
7.070000000000000000e+02
7.130000000000000000e+02
6.930000000000000000e+02
6.950000000000000000e+02
6.700000000000000000e+02
6.280000000000000000e+02
5.960000000000000000e+02
6.410000000000000000e+02
5.900000000000000000e+02
5.760000000000000000e+02
5.860000000000000000e+02
6.470000000000000000e+02
6.500000000000000000e+02
6.600000000000000000e+02
6.390000000000000000e+02
6.070000000000000000e+02
5.650000000000000000e+02
5.740000000000000000e+02
5.700000000000000000e+02
5.950000000000000000e+02
6.400000000000000000e+02
6.190000000000000000e+02
6.430000000000000000e+02
6.190000000000000000e+02
6.830000000000000000e+02
6.280000000000000000e+02
6.520000000000000000e+02
6.420000000000000000e+02
6.490000000000000000e+02
6.620000000000000000e+02
6.760000000000000000e+02
7.110000000000000000e+02
6.970000000000000000e+02
6.710000000000000000e+02
7.100000000000000000e+02
6.880000000000000000e+02
6.970000000000000000e+02
6.440000000000000000e+02
6.690000000000000000e+02
6.620000000000000000e+02
6.880000000000000000e+02
7.170000000000000000e+02
7.090000000000000000e+02
7.040000000000000000e+02
7.200000000000000000e+02
7.150000000000000000e+02
7.120000000000000000e+02
6.690000000000000000e+02
6.270000000000000000e+02
6.910000000000000000e+02
6.560000000000000000e+02
6.650000000000000000e+02
6.560000000000000000e+02
6.400000000000000000e+02
6.220000000000000000e+02
6.370000000000000000e+02
5.870000000000000000e+02
5.800000000000000000e+02
5.680000000000000000e+02
5.510000000000000000e+02
5.940000000000000000e+02
5.100000000000000000e+02
4.850000000000000000e+02
4.850000000000000000e+02
4.900000000000000000e+02
4.670000000000000000e+02
4.420000000000000000e+02
4.780000000000000000e+02
4.430000000000000000e+02
4.360000000000000000e+02
4.190000000000000000e+02
4.320000000000000000e+02
4.050000000000000000e+02
4.110000000000000000e+02
4.090000000000000000e+02
4.070000000000000000e+02
4.030000000000000000e+02
4.230000000000000000e+02
3.830000000000000000e+02
3.910000000000000000e+02
3.920000000000000000e+02
3.400000000000000000e+02
3.620000000000000000e+02
3.400000000000000000e+02
3.260000000000000000e+02
3.320000000000000000e+02
3.240000000000000000e+02
3.120000000000000000e+02
3.060000000000000000e+02
2.780000000000000000e+02
2.870000000000000000e+02
2.710000000000000000e+02
2.920000000000000000e+02
3.070000000000000000e+02
3.060000000000000000e+02
2.690000000000000000e+02
2.800000000000000000e+02
2.340000000000000000e+02
2.780000000000000000e+02
2.430000000000000000e+02
2.440000000000000000e+02
2.290000000000000000e+02
2.290000000000000000e+02
2.160000000000000000e+02
2.390000000000000000e+02
2.410000000000000000e+02
1.990000000000000000e+02
2.240000000000000000e+02
2.220000000000000000e+02
2.220000000000000000e+02
2.400000000000000000e+02
2.650000000000000000e+02
2.540000000000000000e+02
2.640000000000000000e+02
2.620000000000000000e+02
2.720000000000000000e+02
2.690000000000000000e+02
2.580000000000000000e+02
2.370000000000000000e+02
2.340000000000000000e+02
2.350000000000000000e+02
2.050000000000000000e+02
2.020000000000000000e+02
2.050000000000000000e+02
2.110000000000000000e+02
1.950000000000000000e+02
1.780000000000000000e+02
1.490000000000000000e+02
1.350000000000000000e+02
1.240000000000000000e+02
8.500000000000000000e+01
6.600000000000000000e+01
6.100000000000000000e+01
4.700000000000000000e+01
5.700000000000000000e+01
5.300000000000000000e+01
4.700000000000000000e+01
4.200000000000000000e+01
4.100000000000000000e+01
3.300000000000000000e+01
4.000000000000000000e+01
3.700000000000000000e+01
3.700000000000000000e+01
4.600000000000000000e+01
2.200000000000000000e+01
3.100000000000000000e+01
2.900000000000000000e+01
3.000000000000000000e+01
2.300000000000000000e+01
2.700000000000000000e+01
2.200000000000000000e+01
1.900000000000000000e+01
3.200000000000000000e+01
2.600000000000000000e+01
1.500000000000000000e+01
2.700000000000000000e+01
2.000000000000000000e+01
1.700000000000000000e+01
1.800000000000000000e+01
8.200000000000000000e+01
1.284100000000000000e+04
6.612000000000000000e+03
4.763000000000000000e+03
3.427000000000000000e+03
2.699000000000000000e+03
2.164000000000000000e+03
1.895000000000000000e+03
1.781000000000000000e+03
1.664000000000000000e+03
1.646000000000000000e+03
1.497000000000000000e+03
1.465000000000000000e+03
1.495000000000000000e+03
1.663000000000000000e+03
1.872000000000000000e+03
2.008000000000000000e+03
2.047000000000000000e+03
2.173000000000000000e+03
2.231000000000000000e+03
2.333000000000000000e+03
2.282000000000000000e+03
2.185000000000000000e+03
2.117000000000000000e+03
2.012000000000000000e+03
1.911000000000000000e+03
1.857000000000000000e+03
1.832000000000000000e+03
1.746000000000000000e+03
1.766000000000000000e+03
1.710000000000000000e+03
1.565000000000000000e+03
1.584000000000000000e+03
1.536000000000000000e+03
1.507000000000000000e+03
1.461000000000000000e+03
1.538000000000000000e+03
1.406000000000000000e+03
1.385000000000000000e+03
1.217000000000000000e+03
1.160000000000000000e+03
1.056000000000000000e+03
1.054000000000000000e+03
1.029000000000000000e+03
1.052000000000000000e+03
9.490000000000000000e+02
9.490000000000000000e+02
9.010000000000000000e+02
9.620000000000000000e+02
9.730000000000000000e+02
1.021000000000000000e+03
9.730000000000000000e+02
9.480000000000000000e+02
1.053000000000000000e+03
1.020000000000000000e+03
1.043000000000000000e+03
9.760000000000000000e+02
9.050000000000000000e+02
9.060000000000000000e+02
9.180000000000000000e+02
9.680000000000000000e+02
8.900000000000000000e+02
9.080000000000000000e+02
8.710000000000000000e+02
8.390000000000000000e+02
8.880000000000000000e+02
8.260000000000000000e+02
8.880000000000000000e+02
8.790000000000000000e+02
9.400000000000000000e+02
8.580000000000000000e+02
8.790000000000000000e+02
8.660000000000000000e+02
8.940000000000000000e+02
9.190000000000000000e+02
9.570000000000000000e+02
9.280000000000000000e+02
9.200000000000000000e+02
9.540000000000000000e+02
1.012000000000000000e+03
9.910000000000000000e+02
9.780000000000000000e+02
9.920000000000000000e+02
9.760000000000000000e+02
9.640000000000000000e+02
9.530000000000000000e+02
9.670000000000000000e+02
9.530000000000000000e+02
9.410000000000000000e+02
9.590000000000000000e+02
9.250000000000000000e+02
8.880000000000000000e+02
9.130000000000000000e+02
8.360000000000000000e+02
8.350000000000000000e+02
7.630000000000000000e+02
7.260000000000000000e+02
7.140000000000000000e+02
6.930000000000000000e+02
6.610000000000000000e+02
6.200000000000000000e+02
6.360000000000000000e+02
6.050000000000000000e+02
5.990000000000000000e+02
6.250000000000000000e+02
6.160000000000000000e+02
5.850000000000000000e+02
5.480000000000000000e+02
4.810000000000000000e+02
5.310000000000000000e+02
4.890000000000000000e+02
4.820000000000000000e+02
4.440000000000000000e+02
4.400000000000000000e+02
4.480000000000000000e+02
4.160000000000000000e+02
4.190000000000000000e+02
3.620000000000000000e+02
3.830000000000000000e+02
4.000000000000000000e+02
4.030000000000000000e+02
3.660000000000000000e+02
3.890000000000000000e+02
3.470000000000000000e+02
3.420000000000000000e+02
3.430000000000000000e+02
3.700000000000000000e+02
3.510000000000000000e+02
3.330000000000000000e+02
3.740000000000000000e+02
3.510000000000000000e+02
3.610000000000000000e+02
3.490000000000000000e+02
2.770000000000000000e+02
2.770000000000000000e+02
2.640000000000000000e+02
2.320000000000000000e+02
1.890000000000000000e+02
2.040000000000000000e+02
1.550000000000000000e+02
1.470000000000000000e+02
1.310000000000000000e+02
1.220000000000000000e+02
8.700000000000000000e+01
1.190000000000000000e+02
1.030000000000000000e+02
1.160000000000000000e+02
1.160000000000000000e+02
1.090000000000000000e+02
9.900000000000000000e+01
9.600000000000000000e+01
8.500000000000000000e+01
8.400000000000000000e+01
7.100000000000000000e+01
6.000000000000000000e+01
7.600000000000000000e+01
7.000000000000000000e+01
6.100000000000000000e+01
6.100000000000000000e+01
6.000000000000000000e+01
7.500000000000000000e+01
6.300000000000000000e+01
6.000000000000000000e+01
5.700000000000000000e+01
6.300000000000000000e+01
5.100000000000000000e+01
4.200000000000000000e+01
4.500000000000000000e+01
3.600000000000000000e+01
3.600000000000000000e+01
3.700000000000000000e+01
2.800000000000000000e+01
2.600000000000000000e+01
3.100000000000000000e+01
2.500000000000000000e+01
2.700000000000000000e+01
2.300000000000000000e+01
1.400000000000000000e+01
1.800000000000000000e+01
1.700000000000000000e+01
1.700000000000000000e+01
1.600000000000000000e+01
1.500000000000000000e+01
1.000000000000000000e+01
7.000000000000000000e+00
5.000000000000000000e+00
8.000000000000000000e+00
6.000000000000000000e+00
8.000000000000000000e+00
8.000000000000000000e+00
4.000000000000000000e+00
6.000000000000000000e+00
2.000000000000000000e+00
4.000000000000000000e+00
5.000000000000000000e+00
4.000000000000000000e+00
2.000000000000000000e+00
4.000000000000000000e+00
4.000000000000000000e+00
3.000000000000000000e+00
3.000000000000000000e+00
2.000000000000000000e+00
2.000000000000000000e+00
5.000000000000000000e+00
0.000000000000000000e+00
1.000000000000000000e+00
1.000000000000000000e+00
0.000000000000000000e+00
0.000000000000000000e+00
0.000000000000000000e+00
1.000000000000000000e+00
0.000000000000000000e+00
0.000000000000000000e+00
0.000000000000000000e+00
0.000000000000000000e+00
2.000000000000000000e+00
1.000000000000000000e+00
1.000000000000000000e+00
1.000000000000000000e+00
0.000000000000000000e+00
0.000000000000000000e+00
0.000000000000000000e+00
1.000000000000000000e+00
0.000000000000000000e+00
0.000000000000000000e+00
0.000000000000000000e+00
1.000000000000000000e+00
0.000000000000000000e+00
2.000000000000000000e+00
0.000000000000000000e+00
0.000000000000000000e+00
0.000000000000000000e+00
0.000000000000000000e+00
0.000000000000000000e+00
0.000000000000000000e+00
0.000000000000000000e+00
0.000000000000000000e+00
0.000000000000000000e+00
0.000000000000000000e+00
0.000000000000000000e+00
0.000000000000000000e+00
0.000000000000000000e+00
0.000000000000000000e+00
0.000000000000000000e+00
0.000000000000000000e+00
0.000000000000000000e+00
0.000000000000000000e+00
0.000000000000000000e+00
0.000000000000000000e+00
0.000000000000000000e+00
0.000000000000000000e+00
0.000000000000000000e+00
0.000000000000000000e+00
0.000000000000000000e+00
0.000000000000000000e+00
0.000000000000000000e+00
0.000000000000000000e+00
