0.000000000000000000e+00
0.000000000000000000e+00
0.000000000000000000e+00
0.000000000000000000e+00
0.000000000000000000e+00
0.000000000000000000e+00
0.000000000000000000e+00
0.000000000000000000e+00
0.000000000000000000e+00
0.000000000000000000e+00
0.000000000000000000e+00
0.000000000000000000e+00
0.000000000000000000e+00
0.000000000000000000e+00
0.000000000000000000e+00
0.000000000000000000e+00
0.000000000000000000e+00
0.000000000000000000e+00
0.000000000000000000e+00
0.000000000000000000e+00
0.000000000000000000e+00
0.000000000000000000e+00
0.000000000000000000e+00
0.000000000000000000e+00
0.000000000000000000e+00
0.000000000000000000e+00
0.000000000000000000e+00
0.000000000000000000e+00
6.000000000000000000e+00
0.000000000000000000e+00
4.100000000000000000e+01
5.000000000000000000e+00
7.300000000000000000e+01
0.000000000000000000e+00
7.400000000000000000e+01
1.000000000000000000e+00
1.830000000000000000e+02
0.000000000000000000e+00
1.190000000000000000e+02
5.600000000000000000e+01
1.800000000000000000e+02
1.400000000000000000e+01
1.970000000000000000e+02
1.100000000000000000e+01
1.920000000000000000e+02
6.400000000000000000e+01
5.900000000000000000e+01
2.770000000000000000e+02
6.500000000000000000e+01
1.320000000000000000e+02
4.460000000000000000e+02
3.120000000000000000e+02
2.080000000000000000e+02
1.450000000000000000e+02
2.010000000000000000e+02
2.190000000000000000e+02
1.840000000000000000e+02
1.760000000000000000e+02
3.870000000000000000e+02
1.660000000000000000e+02
3.490000000000000000e+02
3.720000000000000000e+02
3.690000000000000000e+02
3.890000000000000000e+02
3.840000000000000000e+02
4.180000000000000000e+02
4.250000000000000000e+02
3.150000000000000000e+02
4.620000000000000000e+02
4.410000000000000000e+02
5.720000000000000000e+02
6.340000000000000000e+02
6.960000000000000000e+02
6.910000000000000000e+02
6.700000000000000000e+02
7.330000000000000000e+02
8.570000000000000000e+02
7.750000000000000000e+02
6.990000000000000000e+02
7.100000000000000000e+02
8.190000000000000000e+02
5.390000000000000000e+02
5.800000000000000000e+02
6.040000000000000000e+02
8.200000000000000000e+02
5.420000000000000000e+02
7.810000000000000000e+02
7.800000000000000000e+02
6.750000000000000000e+02
8.860000000000000000e+02
1.020000000000000000e+03
1.105000000000000000e+03
1.167000000000000000e+03
9.830000000000000000e+02
1.186000000000000000e+03
1.182000000000000000e+03
1.156000000000000000e+03
1.197000000000000000e+03
9.490000000000000000e+02
1.018000000000000000e+03
9.930000000000000000e+02
9.110000000000000000e+02
8.590000000000000000e+02
9.550000000000000000e+02
1.258000000000000000e+03
1.099000000000000000e+03
9.080000000000000000e+02
1.161000000000000000e+03
1.191000000000000000e+03
1.120000000000000000e+03
1.232000000000000000e+03
1.012000000000000000e+03
1.200000000000000000e+03
1.061000000000000000e+03
1.076000000000000000e+03
1.092000000000000000e+03
1.325000000000000000e+03
1.120000000000000000e+03
1.220000000000000000e+03
1.260000000000000000e+03
1.621000000000000000e+03
1.311000000000000000e+03
1.496000000000000000e+03
1.438000000000000000e+03
1.628000000000000000e+03
1.400000000000000000e+03
1.347000000000000000e+03
1.529000000000000000e+03
1.805000000000000000e+03
1.891000000000000000e+03
1.474000000000000000e+03
1.266000000000000000e+03
1.624000000000000000e+03
1.136000000000000000e+03
1.609000000000000000e+03
1.451000000000000000e+03
1.335000000000000000e+03
1.307000000000000000e+03
1.431000000000000000e+03
1.769000000000000000e+03
1.088000000000000000e+03
1.705000000000000000e+03
1.684000000000000000e+03
1.259000000000000000e+03
1.762000000000000000e+03
1.543000000000000000e+03
1.279000000000000000e+03
2.448000000000000000e+03
1.979000000000000000e+03
2.069000000000000000e+03
1.346000000000000000e+03
1.194000000000000000e+03
2.280000000000000000e+03
1.036000000000000000e+03
1.909000000000000000e+03
1.981000000000000000e+03
1.489000000000000000e+03
1.964000000000000000e+03
1.683000000000000000e+03
1.006000000000000000e+03
1.929000000000000000e+03
1.374000000000000000e+03
1.227000000000000000e+03
1.582000000000000000e+03
1.704000000000000000e+03
1.521000000000000000e+03
9.820000000000000000e+02
2.034000000000000000e+03
1.314000000000000000e+03
1.487000000000000000e+03
1.676000000000000000e+03
1.437000000000000000e+03
2.054000000000000000e+03
1.251000000000000000e+03
1.478000000000000000e+03
8.980000000000000000e+02
1.157000000000000000e+03
1.121000000000000000e+03
1.398000000000000000e+03
1.109000000000000000e+03
1.206000000000000000e+03
1.105000000000000000e+03
1.515000000000000000e+03
1.591000000000000000e+03
1.427000000000000000e+03
1.779000000000000000e+03
1.228000000000000000e+03
2.073000000000000000e+03
6.850000000000000000e+02
9.970000000000000000e+02
1.487000000000000000e+03
1.837000000000000000e+03
1.482000000000000000e+03
1.720000000000000000e+02
8.400000000000000000e+01
5.600000000000000000e+01
5.000000000000000000e+01
2.100000000000000000e+01
3.100000000000000000e+01
3.000000000000000000e+01
2.400000000000000000e+01
2.100000000000000000e+01
1.500000000000000000e+01
1.300000000000000000e+01
1.700000000000000000e+01
1.500000000000000000e+01
1.500000000000000000e+01
1.200000000000000000e+01
1.000000000000000000e+01
1.300000000000000000e+01
1.100000000000000000e+01
6.000000000000000000e+00
7.000000000000000000e+00
4.000000000000000000e+00
7.000000000000000000e+00
2.000000000000000000e+00
4.000000000000000000e+00
3.000000000000000000e+00
9.000000000000000000e+00
5.000000000000000000e+00
2.000000000000000000e+00
3.000000000000000000e+00
1.000000000000000000e+00
4.000000000000000000e+00
1.000000000000000000e+00
7.000000000000000000e+00
8.000000000000000000e+00
3.000000000000000000e+00
0.000000000000000000e+00
2.000000000000000000e+00
2.000000000000000000e+00
9.000000000000000000e+00
1.000000000000000000e+00
2.000000000000000000e+00
3.000000000000000000e+00
4.000000000000000000e+00
5.000000000000000000e+00
2.000000000000000000e+00
2.000000000000000000e+00
3.000000000000000000e+00
2.000000000000000000e+00
3.000000000000000000e+00
2.000000000000000000e+00
1.000000000000000000e+00
3.000000000000000000e+00
2.000000000000000000e+00
1.000000000000000000e+00
0.000000000000000000e+00
2.000000000000000000e+00
0.000000000000000000e+00
1.000000000000000000e+00
1.000000000000000000e+00
3.000000000000000000e+00
0.000000000000000000e+00
2.000000000000000000e+00
1.100000000000000000e+01
1.090000000000000000e+03
8.450000000000000000e+02
7.160000000000000000e+02
4.770000000000000000e+02
5.590000000000000000e+02
7.970000000000000000e+02
6.360000000000000000e+02
6.800000000000000000e+02
6.660000000000000000e+02
7.590000000000000000e+02
7.720000000000000000e+02
8.810000000000000000e+02
7.460000000000000000e+02
7.670000000000000000e+02
7.140000000000000000e+02
6.880000000000000000e+02
8.020000000000000000e+02
1.035000000000000000e+03
1.089000000000000000e+03
8.890000000000000000e+02
1.220000000000000000e+03
1.598000000000000000e+03
1.313000000000000000e+03
1.314000000000000000e+03
1.730000000000000000e+03
1.861000000000000000e+03
1.572000000000000000e+03
1.459000000000000000e+03
1.447000000000000000e+03
1.415000000000000000e+03
1.353000000000000000e+03
1.192000000000000000e+03
1.530000000000000000e+03
1.657000000000000000e+03
1.474000000000000000e+03
1.458000000000000000e+03
1.813000000000000000e+03
2.003000000000000000e+03
1.777000000000000000e+03
1.709000000000000000e+03
1.556000000000000000e+03
1.481000000000000000e+03
1.412000000000000000e+03
1.504000000000000000e+03
1.426000000000000000e+03
1.646000000000000000e+03
1.664000000000000000e+03
1.917000000000000000e+03
2.255000000000000000e+03
1.787000000000000000e+03
1.711000000000000000e+03
1.996000000000000000e+03
2.150000000000000000e+03
2.368000000000000000e+03
1.956000000000000000e+03
2.121000000000000000e+03
2.253000000000000000e+03
2.708000000000000000e+03
2.063000000000000000e+03
1.626000000000000000e+03
1.995000000000000000e+03
2.778000000000000000e+03
2.235000000000000000e+03
2.394000000000000000e+03
3.761000000000000000e+03
2.692000000000000000e+03
2.264000000000000000e+03
2.182000000000000000e+03
3.455000000000000000e+03
3.296000000000000000e+03
2.455000000000000000e+03
2.440000000000000000e+03
2.953000000000000000e+03
2.517000000000000000e+03
2.408000000000000000e+03
2.074000000000000000e+03
2.744000000000000000e+03
3.084000000000000000e+03
2.804000000000000000e+03
2.642000000000000000e+03
1.867000000000000000e+03
1.893000000000000000e+03
1.860000000000000000e+03
2.070000000000000000e+03
2.675000000000000000e+03
2.587000000000000000e+03
3.613000000000000000e+03
2.829000000000000000e+03
2.803000000000000000e+03
2.428000000000000000e+03
8.060000000000000000e+02
2.180000000000000000e+02
1.250000000000000000e+02
8.600000000000000000e+01
9.300000000000000000e+01
7.600000000000000000e+01
7.800000000000000000e+01
6.000000000000000000e+01
6.100000000000000000e+01
9.100000000000000000e+01
9.400000000000000000e+01
8.800000000000000000e+01
1.110000000000000000e+02
1.020000000000000000e+02
1.360000000000000000e+02
1.510000000000000000e+02
1.590000000000000000e+02
1.830000000000000000e+02
1.440000000000000000e+02
1.070000000000000000e+02
8.800000000000000000e+01
8.700000000000000000e+01
1.050000000000000000e+02
8.000000000000000000e+01
5.000000000000000000e+01
5.400000000000000000e+01
2.000000000000000000e+01
1.300000000000000000e+01
1.900000000000000000e+01
9.000000000000000000e+00
8.000000000000000000e+00
1.400000000000000000e+01
1.000000000000000000e+01
1.000000000000000000e+01
6.000000000000000000e+00
5.000000000000000000e+00
7.000000000000000000e+00
1.200000000000000000e+01
8.000000000000000000e+00
8.000000000000000000e+00
5.000000000000000000e+00
5.000000000000000000e+00
5.000000000000000000e+00
5.000000000000000000e+00
4.000000000000000000e+00
8.000000000000000000e+00
3.000000000000000000e+00
9.000000000000000000e+00
4.000000000000000000e+00
2.000000000000000000e+00
6.000000000000000000e+00
5.000000000000000000e+00
1.000000000000000000e+00
6.000000000000000000e+00
1.000000000000000000e+00
5.000000000000000000e+00
6.000000000000000000e+00
4.000000000000000000e+00
2.000000000000000000e+00
4.000000000000000000e+00
3.000000000000000000e+00
5.000000000000000000e+00
7.000000000000000000e+00
2.000000000000000000e+00
5.000000000000000000e+00
8.000000000000000000e+00
5.000000000000000000e+00
1.000000000000000000e+00
3.000000000000000000e+00
1.000000000000000000e+00
1.000000000000000000e+00
0.000000000000000000e+00
4.000000000000000000e+00
2.000000000000000000e+00
3.000000000000000000e+00
3.000000000000000000e+00
2.000000000000000000e+00
0.000000000000000000e+00
1.000000000000000000e+00
3.000000000000000000e+00
1.000000000000000000e+00
1.000000000000000000e+00
2.000000000000000000e+00
0.000000000000000000e+00
2.000000000000000000e+00
0.000000000000000000e+00
3.000000000000000000e+00
1.000000000000000000e+00
0.000000000000000000e+00
2.000000000000000000e+00
1.000000000000000000e+00
3.000000000000000000e+00
2.000000000000000000e+00
0.000000000000000000e+00
1.000000000000000000e+00
0.000000000000000000e+00
2.000000000000000000e+00
0.000000000000000000e+00
1.000000000000000000e+00
1.000000000000000000e+00
0.000000000000000000e+00
0.000000000000000000e+00
0.000000000000000000e+00
0.000000000000000000e+00
0.000000000000000000e+00
0.000000000000000000e+00
0.000000000000000000e+00
0.000000000000000000e+00
1.000000000000000000e+00
1.000000000000000000e+00
0.000000000000000000e+00
0.000000000000000000e+00
2.000000000000000000e+00
0.000000000000000000e+00
0.000000000000000000e+00
1.000000000000000000e+00
1.000000000000000000e+00
1.000000000000000000e+00
0.000000000000000000e+00
0.000000000000000000e+00
0.000000000000000000e+00
1.000000000000000000e+00
0.000000000000000000e+00
0.000000000000000000e+00
0.000000000000000000e+00
0.000000000000000000e+00
0.000000000000000000e+00
0.000000000000000000e+00
0.000000000000000000e+00
0.000000000000000000e+00
2.000000000000000000e+00
0.000000000000000000e+00
0.000000000000000000e+00
0.000000000000000000e+00
0.000000000000000000e+00
0.000000000000000000e+00
0.000000000000000000e+00
1.000000000000000000e+00
0.000000000000000000e+00
0.000000000000000000e+00
0.000000000000000000e+00
0.000000000000000000e+00
0.000000000000000000e+00
0.000000000000000000e+00
0.000000000000000000e+00
0.000000000000000000e+00
1.000000000000000000e+00
1.000000000000000000e+00
0.000000000000000000e+00
0.000000000000000000e+00
0.000000000000000000e+00
0.000000000000000000e+00
0.000000000000000000e+00
0.000000000000000000e+00
0.000000000000000000e+00
0.000000000000000000e+00
0.000000000000000000e+00
0.000000000000000000e+00
0.000000000000000000e+00
0.000000000000000000e+00
0.000000000000000000e+00
0.000000000000000000e+00
0.000000000000000000e+00
0.000000000000000000e+00
0.000000000000000000e+00
0.000000000000000000e+00
6.404400000000000000e+04
6.133100000000000000e+04
3.013000000000000000e+04
4.920000000000000000e+03
1.327000000000000000e+03
7.920000000000000000e+02
6.060000000000000000e+02
4.530000000000000000e+02
3.440000000000000000e+02
2.640000000000000000e+02
2.280000000000000000e+02
1.540000000000000000e+02
1.270000000000000000e+02
1.010000000000000000e+02
7.000000000000000000e+01
5.800000000000000000e+01
4.900000000000000000e+01
4.300000000000000000e+01
4.000000000000000000e+01
3.400000000000000000e+01
2.400000000000000000e+01
2.600000000000000000e+01
2.400000000000000000e+01
2.400000000000000000e+01
2.500000000000000000e+01
1.700000000000000000e+01
1.600000000000000000e+01
1.100000000000000000e+01
1.800000000000000000e+01
1.500000000000000000e+01
1.400000000000000000e+01
1.100000000000000000e+01
1.400000000000000000e+01
1.200000000000000000e+01
9.000000000000000000e+00
1.000000000000000000e+01
1.000000000000000000e+01
9.000000000000000000e+00
1.400000000000000000e+01
1.500000000000000000e+01
7.000000000000000000e+00
9.000000000000000000e+00
1.000000000000000000e+01
9.000000000000000000e+00
9.000000000000000000e+00
1.000000000000000000e+00
2.000000000000000000e+00
2.000000000000000000e+00
6.000000000000000000e+00
3.000000000000000000e+00
2.000000000000000000e+00
3.000000000000000000e+00
4.000000000000000000e+00
4.000000000000000000e+00
5.000000000000000000e+00
9.000000000000000000e+00
5.000000000000000000e+00
8.000000000000000000e+00
2.000000000000000000e+00
4.000000000000000000e+00
9.000000000000000000e+00
2.000000000000000000e+00
2.000000000000000000e+00
3.000000000000000000e+00
6.000000000000000000e+00
5.000000000000000000e+00
1.000000000000000000e+00
6.000000000000000000e+00
4.000000000000000000e+00
3.000000000000000000e+00
4.000000000000000000e+00
1.000000000000000000e+00
2.000000000000000000e+00
2.000000000000000000e+00
2.000000000000000000e+00
3.000000000000000000e+00
3.000000000000000000e+00
1.000000000000000000e+00
4.000000000000000000e+00
0.000000000000000000e+00
0.000000000000000000e+00
2.000000000000000000e+00
3.000000000000000000e+00
2.000000000000000000e+00
3.000000000000000000e+00
1.000000000000000000e+00
1.000000000000000000e+00
0.000000000000000000e+00
2.000000000000000000e+00
5.000000000000000000e+00
5.000000000000000000e+00
1.000000000000000000e+00
5.000000000000000000e+00
1.000000000000000000e+00
0.000000000000000000e+00
3.000000000000000000e+00
1.000000000000000000e+00
2.000000000000000000e+00
2.000000000000000000e+00
3.000000000000000000e+00
1.000000000000000000e+00
4.000000000000000000e+00
1.000000000000000000e+00
1.000000000000000000e+00
1.000000000000000000e+00
0.000000000000000000e+00
1.000000000000000000e+00
0.000000000000000000e+00
0.000000000000000000e+00
2.000000000000000000e+00
0.000000000000000000e+00
0.000000000000000000e+00
1.000000000000000000e+00
0.000000000000000000e+00
0.000000000000000000e+00
0.000000000000000000e+00
1.000000000000000000e+00
1.000000000000000000e+00
1.000000000000000000e+00
0.000000000000000000e+00
0.000000000000000000e+00
0.000000000000000000e+00
1.000000000000000000e+00
0.000000000000000000e+00
0.000000000000000000e+00
0.000000000000000000e+00
1.000000000000000000e+00
0.000000000000000000e+00
1.000000000000000000e+00
0.000000000000000000e+00
0.000000000000000000e+00
0.000000000000000000e+00
0.000000000000000000e+00
0.000000000000000000e+00
2.000000000000000000e+00
0.000000000000000000e+00
1.000000000000000000e+00
0.000000000000000000e+00
0.000000000000000000e+00
0.000000000000000000e+00
1.000000000000000000e+00
0.000000000000000000e+00
0.000000000000000000e+00
0.000000000000000000e+00
0.000000000000000000e+00
1.000000000000000000e+00
0.000000000000000000e+00
1.000000000000000000e+00
0.000000000000000000e+00
0.000000000000000000e+00
0.000000000000000000e+00
0.000000000000000000e+00
0.000000000000000000e+00
0.000000000000000000e+00
0.000000000000000000e+00
0.000000000000000000e+00
0.000000000000000000e+00
0.000000000000000000e+00
0.000000000000000000e+00
0.000000000000000000e+00
0.000000000000000000e+00
0.000000000000000000e+00
0.000000000000000000e+00
1.000000000000000000e+00
0.000000000000000000e+00
0.000000000000000000e+00
0.000000000000000000e+00
0.000000000000000000e+00
0.000000000000000000e+00
0.000000000000000000e+00
0.000000000000000000e+00
0.000000000000000000e+00
0.000000000000000000e+00
0.000000000000000000e+00
0.000000000000000000e+00
0.000000000000000000e+00
0.000000000000000000e+00
0.000000000000000000e+00
0.000000000000000000e+00
1.000000000000000000e+00
0.000000000000000000e+00
0.000000000000000000e+00
0.000000000000000000e+00
0.000000000000000000e+00
0.000000000000000000e+00
0.000000000000000000e+00
0.000000000000000000e+00
0.000000000000000000e+00
0.000000000000000000e+00
0.000000000000000000e+00
0.000000000000000000e+00
0.000000000000000000e+00
0.000000000000000000e+00
0.000000000000000000e+00
0.000000000000000000e+00
0.000000000000000000e+00
0.000000000000000000e+00
0.000000000000000000e+00
0.000000000000000000e+00
0.000000000000000000e+00
0.000000000000000000e+00
0.000000000000000000e+00
0.000000000000000000e+00
0.000000000000000000e+00
0.000000000000000000e+00
0.000000000000000000e+00
0.000000000000000000e+00
0.000000000000000000e+00
0.000000000000000000e+00
0.000000000000000000e+00
0.000000000000000000e+00
0.000000000000000000e+00
0.000000000000000000e+00
0.000000000000000000e+00
0.000000000000000000e+00
0.000000000000000000e+00
0.000000000000000000e+00
0.000000000000000000e+00
0.000000000000000000e+00
0.000000000000000000e+00
0.000000000000000000e+00
0.000000000000000000e+00
0.000000000000000000e+00
0.000000000000000000e+00
0.000000000000000000e+00
0.000000000000000000e+00
0.000000000000000000e+00
0.000000000000000000e+00
0.000000000000000000e+00
0.000000000000000000e+00
0.000000000000000000e+00
0.000000000000000000e+00
0.000000000000000000e+00
0.000000000000000000e+00
0.000000000000000000e+00
0.000000000000000000e+00
0.000000000000000000e+00
0.000000000000000000e+00
0.000000000000000000e+00
0.000000000000000000e+00
0.000000000000000000e+00
0.000000000000000000e+00
0.000000000000000000e+00
0.000000000000000000e+00
0.000000000000000000e+00
0.000000000000000000e+00
0.000000000000000000e+00
0.000000000000000000e+00
0.000000000000000000e+00
0.000000000000000000e+00
0.000000000000000000e+00
0.000000000000000000e+00
0.000000000000000000e+00
0.000000000000000000e+00
0.000000000000000000e+00
0.000000000000000000e+00
