2.770000000000000000e+02
3.400000000000000000e+01
5.300000000000000000e+01
5.200000000000000000e+01
6.900000000000000000e+01
6.200000000000000000e+01
4.800000000000000000e+01
6.300000000000000000e+01
5.100000000000000000e+01
8.300000000000000000e+01
8.000000000000000000e+01
8.800000000000000000e+01
1.000000000000000000e+02
9.000000000000000000e+01
1.040000000000000000e+02
9.800000000000000000e+01
1.040000000000000000e+02
1.020000000000000000e+02
1.340000000000000000e+02
1.280000000000000000e+02
1.690000000000000000e+02
1.560000000000000000e+02
1.620000000000000000e+02
1.450000000000000000e+02
1.580000000000000000e+02
1.980000000000000000e+02
2.030000000000000000e+02
1.900000000000000000e+02
2.050000000000000000e+02
2.100000000000000000e+02
2.530000000000000000e+02
2.680000000000000000e+02
2.520000000000000000e+02
2.750000000000000000e+02
3.030000000000000000e+02
3.020000000000000000e+02
3.070000000000000000e+02
3.150000000000000000e+02
3.350000000000000000e+02
3.640000000000000000e+02
3.950000000000000000e+02
4.460000000000000000e+02
4.210000000000000000e+02
4.660000000000000000e+02
4.470000000000000000e+02
4.860000000000000000e+02
5.210000000000000000e+02
4.920000000000000000e+02
4.940000000000000000e+02
5.150000000000000000e+02
5.520000000000000000e+02
5.380000000000000000e+02
5.030000000000000000e+02
5.080000000000000000e+02
5.370000000000000000e+02
5.330000000000000000e+02
5.570000000000000000e+02
5.870000000000000000e+02
6.510000000000000000e+02
6.920000000000000000e+02
7.460000000000000000e+02
8.450000000000000000e+02
9.310000000000000000e+02
1.014000000000000000e+03
1.137000000000000000e+03
1.213000000000000000e+03
1.307000000000000000e+03
1.275000000000000000e+03
1.443000000000000000e+03
1.438000000000000000e+03
1.539000000000000000e+03
1.582000000000000000e+03
1.757000000000000000e+03
1.901000000000000000e+03
1.954000000000000000e+03
2.013000000000000000e+03
2.060000000000000000e+03
2.167000000000000000e+03
2.178000000000000000e+03
2.334000000000000000e+03
2.471000000000000000e+03
2.560000000000000000e+03
2.727000000000000000e+03
2.667000000000000000e+03
2.880000000000000000e+03
2.836000000000000000e+03
2.957000000000000000e+03
3.048000000000000000e+03
3.111000000000000000e+03
3.238000000000000000e+03
3.279000000000000000e+03
3.294000000000000000e+03
3.434000000000000000e+03
3.488000000000000000e+03
3.571000000000000000e+03
3.324000000000000000e+03
3.521000000000000000e+03
3.560000000000000000e+03
3.865000000000000000e+03
3.824000000000000000e+03
3.719000000000000000e+03
3.490000000000000000e+03
3.463000000000000000e+03
3.343000000000000000e+03
3.306000000000000000e+03
3.064000000000000000e+03
2.806000000000000000e+03
2.503000000000000000e+03
2.313000000000000000e+03
1.998000000000000000e+03
1.833000000000000000e+03
1.737000000000000000e+03
1.677000000000000000e+03
1.676000000000000000e+03
1.582000000000000000e+03
1.705000000000000000e+03
1.679000000000000000e+03
1.761000000000000000e+03
1.773000000000000000e+03
1.625000000000000000e+03
1.668000000000000000e+03
1.770000000000000000e+03
1.597000000000000000e+03
1.560000000000000000e+03
1.556000000000000000e+03
1.630000000000000000e+03
1.640000000000000000e+03
1.814000000000000000e+03
1.967000000000000000e+03
1.790000000000000000e+03
1.536000000000000000e+03
1.436000000000000000e+03
1.254000000000000000e+03
1.210000000000000000e+03
1.052000000000000000e+03
8.370000000000000000e+02
5.840000000000000000e+02
4.440000000000000000e+02
4.160000000000000000e+02
3.350000000000000000e+02
2.620000000000000000e+02
2.030000000000000000e+02
1.580000000000000000e+02
1.340000000000000000e+02
9.000000000000000000e+01
5.700000000000000000e+01
6.000000000000000000e+01
4.000000000000000000e+01
5.000000000000000000e+01
4.100000000000000000e+01
3.900000000000000000e+01
4.200000000000000000e+01
3.700000000000000000e+01
2.300000000000000000e+01
2.500000000000000000e+01
3.100000000000000000e+01
2.000000000000000000e+01
2.300000000000000000e+01
3.000000000000000000e+01
2.400000000000000000e+01
2.200000000000000000e+01
1.900000000000000000e+01
1.300000000000000000e+01
1.400000000000000000e+01
1.200000000000000000e+01
1.300000000000000000e+01
2.100000000000000000e+01
1.800000000000000000e+01
1.800000000000000000e+01
9.000000000000000000e+00
1.700000000000000000e+01
1.700000000000000000e+01
1.200000000000000000e+01
1.500000000000000000e+01
1.700000000000000000e+01
1.000000000000000000e+01
1.800000000000000000e+01
1.500000000000000000e+01
8.000000000000000000e+00
1.400000000000000000e+01
1.600000000000000000e+01
7.000000000000000000e+00
6.000000000000000000e+00
1.100000000000000000e+01
1.100000000000000000e+01
1.400000000000000000e+01
8.000000000000000000e+00
1.400000000000000000e+01
9.000000000000000000e+00
1.100000000000000000e+01
1.300000000000000000e+01
9.000000000000000000e+00
1.100000000000000000e+01
9.000000000000000000e+00
1.500000000000000000e+01
1.100000000000000000e+01
8.000000000000000000e+00
1.000000000000000000e+01
1.100000000000000000e+01
5.000000000000000000e+00
1.000000000000000000e+01
1.100000000000000000e+01
1.000000000000000000e+01
8.000000000000000000e+00
1.400000000000000000e+01
1.000000000000000000e+01
6.000000000000000000e+00
8.000000000000000000e+00
9.000000000000000000e+00
1.400000000000000000e+01
1.500000000000000000e+01
5.000000000000000000e+00
1.500000000000000000e+01
1.100000000000000000e+01
7.000000000000000000e+00
1.300000000000000000e+01
1.400000000000000000e+01
4.000000000000000000e+00
1.400000000000000000e+01
1.700000000000000000e+01
1.500000000000000000e+01
1.400000000000000000e+01
1.200000000000000000e+01
1.800000000000000000e+01
9.000000000000000000e+00
1.300000000000000000e+01
1.100000000000000000e+01
8.000000000000000000e+00
8.000000000000000000e+00
1.800000000000000000e+01
6.000000000000000000e+00
1.100000000000000000e+01
1.800000000000000000e+01
9.000000000000000000e+00
1.300000000000000000e+01
1.600000000000000000e+01
1.700000000000000000e+01
2.000000000000000000e+01
7.000000000000000000e+00
2.300000000000000000e+01
1.200000000000000000e+01
1.500000000000000000e+01
1.100000000000000000e+01
2.100000000000000000e+01
1.500000000000000000e+01
1.100000000000000000e+01
2.600000000000000000e+01
1.800000000000000000e+01
2.400000000000000000e+01
1.300000000000000000e+01
2.500000000000000000e+01
2.100000000000000000e+01
1.100000000000000000e+01
1.800000000000000000e+01
8.000000000000000000e+00
3.010000000000000000e+02
1.240000000000000000e+02
2.330000000000000000e+02
3.370000000000000000e+02
3.210000000000000000e+02
4.990000000000000000e+02
4.640000000000000000e+02
4.390000000000000000e+02
4.460000000000000000e+02
6.030000000000000000e+02
6.130000000000000000e+02
5.120000000000000000e+02
5.400000000000000000e+02
6.440000000000000000e+02
9.520000000000000000e+02
1.188000000000000000e+03
1.324000000000000000e+03
1.332000000000000000e+03
1.301000000000000000e+03
1.270000000000000000e+03
1.202000000000000000e+03
1.224000000000000000e+03
1.435000000000000000e+03
1.395000000000000000e+03
1.370000000000000000e+03
1.512000000000000000e+03
1.756000000000000000e+03
1.903000000000000000e+03
1.780000000000000000e+03
1.718000000000000000e+03
1.663000000000000000e+03
1.695000000000000000e+03
1.800000000000000000e+03
2.111000000000000000e+03
2.174000000000000000e+03
2.026000000000000000e+03
1.875000000000000000e+03
2.001000000000000000e+03
2.066000000000000000e+03
2.010000000000000000e+03
2.046000000000000000e+03
2.062000000000000000e+03
2.041000000000000000e+03
1.920000000000000000e+03
2.185000000000000000e+03
2.317000000000000000e+03
2.223000000000000000e+03
2.118000000000000000e+03
2.095000000000000000e+03
2.103000000000000000e+03
2.209000000000000000e+03
2.320000000000000000e+03
2.532000000000000000e+03
2.594000000000000000e+03
2.661000000000000000e+03
2.690000000000000000e+03
2.779000000000000000e+03
2.529000000000000000e+03
2.363000000000000000e+03
2.238000000000000000e+03
2.228000000000000000e+03
2.295000000000000000e+03
2.273000000000000000e+03
2.173000000000000000e+03
2.156000000000000000e+03
2.104000000000000000e+03
2.143000000000000000e+03
2.091000000000000000e+03
2.067000000000000000e+03
2.054000000000000000e+03
2.036000000000000000e+03
1.941000000000000000e+03
2.040000000000000000e+03
1.952000000000000000e+03
1.977000000000000000e+03
2.073000000000000000e+03
2.235000000000000000e+03
2.384000000000000000e+03
2.520000000000000000e+03
2.524000000000000000e+03
2.465000000000000000e+03
2.426000000000000000e+03
2.395000000000000000e+03
2.389000000000000000e+03
2.332000000000000000e+03
2.359000000000000000e+03
2.282000000000000000e+03
2.179000000000000000e+03
2.061000000000000000e+03
1.930000000000000000e+03
1.858000000000000000e+03
1.914000000000000000e+03
1.888000000000000000e+03
1.804000000000000000e+03
1.758000000000000000e+03
1.595000000000000000e+03
1.318000000000000000e+03
1.091000000000000000e+03
9.530000000000000000e+02
8.960000000000000000e+02
8.130000000000000000e+02
8.660000000000000000e+02
8.600000000000000000e+02
7.450000000000000000e+02
7.770000000000000000e+02
7.510000000000000000e+02
6.880000000000000000e+02
5.960000000000000000e+02
5.170000000000000000e+02
4.880000000000000000e+02
4.110000000000000000e+02
3.290000000000000000e+02
3.040000000000000000e+02
2.960000000000000000e+02
3.000000000000000000e+02
2.160000000000000000e+02
2.020000000000000000e+02
1.880000000000000000e+02
1.630000000000000000e+02
1.300000000000000000e+02
1.190000000000000000e+02
1.260000000000000000e+02
9.600000000000000000e+01
7.800000000000000000e+01
7.900000000000000000e+01
5.800000000000000000e+01
6.500000000000000000e+01
6.000000000000000000e+01
5.100000000000000000e+01
5.500000000000000000e+01
5.100000000000000000e+01
4.600000000000000000e+01
3.100000000000000000e+01
4.700000000000000000e+01
3.400000000000000000e+01
3.100000000000000000e+01
2.400000000000000000e+01
1.300000000000000000e+01
1.900000000000000000e+01
2.500000000000000000e+01
1.600000000000000000e+01
1.700000000000000000e+01
2.000000000000000000e+01
1.900000000000000000e+01
1.800000000000000000e+01
9.000000000000000000e+00
1.100000000000000000e+01
1.200000000000000000e+01
6.000000000000000000e+00
1.700000000000000000e+01
1.300000000000000000e+01
1.600000000000000000e+01
1.000000000000000000e+01
1.000000000000000000e+01
1.000000000000000000e+01
1.200000000000000000e+01
6.000000000000000000e+00
1.900000000000000000e+01
1.700000000000000000e+01
7.000000000000000000e+00
1.500000000000000000e+01
1.200000000000000000e+01
1.100000000000000000e+01
8.000000000000000000e+00
1.100000000000000000e+01
1.400000000000000000e+01
1.200000000000000000e+01
1.200000000000000000e+01
1.000000000000000000e+01
8.000000000000000000e+00
8.000000000000000000e+00
1.300000000000000000e+01
1.000000000000000000e+01
1.100000000000000000e+01
9.000000000000000000e+00
1.100000000000000000e+01
1.000000000000000000e+01
8.000000000000000000e+00
1.200000000000000000e+01
7.000000000000000000e+00
8.000000000000000000e+00
1.000000000000000000e+01
1.100000000000000000e+01
1.500000000000000000e+01
1.500000000000000000e+01
6.000000000000000000e+00
1.400000000000000000e+01
9.000000000000000000e+00
1.200000000000000000e+01
1.200000000000000000e+01
8.000000000000000000e+00
8.000000000000000000e+00
1.500000000000000000e+01
1.200000000000000000e+01
1.000000000000000000e+01
9.000000000000000000e+00
1.300000000000000000e+01
1.600000000000000000e+01
1.100000000000000000e+01
9.000000000000000000e+00
1.100000000000000000e+01
1.000000000000000000e+01
1.100000000000000000e+01
9.000000000000000000e+00
9.000000000000000000e+00
1.000000000000000000e+01
1.100000000000000000e+01
1.000000000000000000e+01
1.100000000000000000e+01
7.000000000000000000e+00
8.000000000000000000e+00
1.000000000000000000e+01
8.000000000000000000e+00
6.000000000000000000e+00
8.000000000000000000e+00
6.000000000000000000e+00
1.000000000000000000e+01
2.000000000000000000e+00
8.000000000000000000e+00
9.000000000000000000e+00
7.000000000000000000e+00
8.000000000000000000e+00
7.000000000000000000e+00
7.000000000000000000e+00
9.000000000000000000e+00
4.000000000000000000e+00
6.000000000000000000e+00
1.400000000000000000e+01
1.000000000000000000e+01
1.000000000000000000e+01
9.000000000000000000e+00
8.000000000000000000e+00
6.000000000000000000e+00
9.000000000000000000e+00
9.000000000000000000e+00
8.000000000000000000e+00
7.000000000000000000e+00
1.200000000000000000e+01
8.000000000000000000e+00
8.000000000000000000e+00
1.000000000000000000e+01
1.000000000000000000e+01
1.100000000000000000e+01
1.900000000000000000e+01
1.000000000000000000e+01
8.000000000000000000e+00
9.000000000000000000e+00
8.000000000000000000e+00
8.000000000000000000e+00
1.200000000000000000e+01
1.600000000000000000e+01
2.300000000000000000e+01
3.000000000000000000e+01
3.300000000000000000e+01
4.800000000000000000e+01
4.400000000000000000e+01
3.710000000000000000e+02
4.520000000000000000e+02
2.070000000000000000e+02
2.770000000000000000e+02
2.940000000000000000e+02
3.880000000000000000e+02
5.230000000000000000e+02
5.660000000000000000e+02
5.910000000000000000e+02
4.760000000000000000e+02
6.740000000000000000e+02
1.240000000000000000e+03
1.244000000000000000e+03
1.284000000000000000e+03
1.238000000000000000e+03
1.371000000000000000e+03
1.282000000000000000e+03
1.587000000000000000e+03
2.523000000000000000e+03
3.351000000000000000e+03
3.393000000000000000e+03
2.656000000000000000e+03
2.154000000000000000e+03
1.949000000000000000e+03
1.768000000000000000e+03
1.889000000000000000e+03
2.093000000000000000e+03
2.749000000000000000e+03
3.565000000000000000e+03
3.596000000000000000e+03
3.333000000000000000e+03
3.351000000000000000e+03
3.441000000000000000e+03
3.442000000000000000e+03
3.266000000000000000e+03
3.038000000000000000e+03
3.020000000000000000e+03
3.053000000000000000e+03
3.196000000000000000e+03
3.777000000000000000e+03
4.240000000000000000e+03
4.094000000000000000e+03
3.544000000000000000e+03
3.609000000000000000e+03
3.743000000000000000e+03
3.696000000000000000e+03
3.158000000000000000e+03
2.648000000000000000e+03
2.441000000000000000e+03
2.488000000000000000e+03
2.598000000000000000e+03
2.858000000000000000e+03
3.261000000000000000e+03
3.113000000000000000e+03
2.948000000000000000e+03
2.856000000000000000e+03
2.834000000000000000e+03
2.858000000000000000e+03
2.832000000000000000e+03
2.736000000000000000e+03
2.909000000000000000e+03
3.022000000000000000e+03
2.858000000000000000e+03
2.961000000000000000e+03
2.792000000000000000e+03
2.391000000000000000e+03
2.069000000000000000e+03
1.978000000000000000e+03
1.850000000000000000e+03
1.804000000000000000e+03
1.639000000000000000e+03
1.462000000000000000e+03
1.216000000000000000e+03
1.123000000000000000e+03
1.068000000000000000e+03
9.530000000000000000e+02
8.600000000000000000e+02
7.510000000000000000e+02
6.240000000000000000e+02
5.400000000000000000e+02
4.980000000000000000e+02
4.860000000000000000e+02
4.570000000000000000e+02
4.550000000000000000e+02
3.890000000000000000e+02
4.040000000000000000e+02
3.760000000000000000e+02
3.660000000000000000e+02
3.390000000000000000e+02
3.320000000000000000e+02
3.040000000000000000e+02
3.420000000000000000e+02
3.000000000000000000e+02
2.700000000000000000e+02
2.700000000000000000e+02
2.710000000000000000e+02
2.100000000000000000e+02
2.490000000000000000e+02
2.070000000000000000e+02
2.190000000000000000e+02
2.140000000000000000e+02
1.970000000000000000e+02
2.050000000000000000e+02
1.920000000000000000e+02
2.030000000000000000e+02
1.870000000000000000e+02
1.710000000000000000e+02
1.690000000000000000e+02
1.690000000000000000e+02
1.780000000000000000e+02
1.350000000000000000e+02
1.150000000000000000e+02
1.210000000000000000e+02
1.130000000000000000e+02
1.110000000000000000e+02
9.500000000000000000e+01
8.700000000000000000e+01
7.800000000000000000e+01
6.500000000000000000e+01
5.600000000000000000e+01
6.300000000000000000e+01
4.700000000000000000e+01
4.500000000000000000e+01
3.300000000000000000e+01
4.800000000000000000e+01
3.900000000000000000e+01
2.400000000000000000e+01
2.200000000000000000e+01
2.600000000000000000e+01
2.400000000000000000e+01
2.000000000000000000e+01
2.600000000000000000e+01
2.300000000000000000e+01
2.400000000000000000e+01
1.400000000000000000e+01
1.300000000000000000e+01
1.500000000000000000e+01
1.300000000000000000e+01
1.600000000000000000e+01
1.400000000000000000e+01
1.700000000000000000e+01
1.100000000000000000e+01
1.700000000000000000e+01
1.000000000000000000e+01
1.000000000000000000e+01
1.100000000000000000e+01
1.200000000000000000e+01
1.300000000000000000e+01
1.100000000000000000e+01
1.000000000000000000e+01
1.300000000000000000e+01
1.000000000000000000e+01
1.200000000000000000e+01
1.000000000000000000e+01
1.200000000000000000e+01
1.400000000000000000e+01
1.400000000000000000e+01
1.100000000000000000e+01
1.500000000000000000e+01
1.100000000000000000e+01
1.000000000000000000e+01
1.500000000000000000e+01
9.000000000000000000e+00
1.200000000000000000e+01
5.000000000000000000e+00
1.100000000000000000e+01
1.300000000000000000e+01
1.400000000000000000e+01
1.300000000000000000e+01
8.000000000000000000e+00
6.000000000000000000e+00
9.000000000000000000e+00
8.000000000000000000e+00
1.200000000000000000e+01
1.400000000000000000e+01
1.300000000000000000e+01
1.000000000000000000e+01
1.100000000000000000e+01
8.000000000000000000e+00
8.000000000000000000e+00
1.000000000000000000e+01
1.200000000000000000e+01
1.200000000000000000e+01
1.300000000000000000e+01
8.000000000000000000e+00
5.000000000000000000e+00
1.300000000000000000e+01
1.200000000000000000e+01
5.000000000000000000e+00
1.600000000000000000e+01
1.400000000000000000e+01
1.400000000000000000e+01
4.000000000000000000e+00
9.000000000000000000e+00
1.500000000000000000e+01
1.300000000000000000e+01
1.000000000000000000e+01
1.000000000000000000e+01
1.300000000000000000e+01
8.000000000000000000e+00
1.200000000000000000e+01
4.000000000000000000e+00
7.000000000000000000e+00
1.300000000000000000e+01
8.000000000000000000e+00
8.000000000000000000e+00
8.000000000000000000e+00
8.000000000000000000e+00
1.300000000000000000e+01
6.000000000000000000e+00
1.200000000000000000e+01
4.000000000000000000e+00
6.000000000000000000e+00
5.000000000000000000e+00
8.000000000000000000e+00
7.000000000000000000e+00
7.000000000000000000e+00
1.000000000000000000e+01
7.000000000000000000e+00
8.000000000000000000e+00
1.000000000000000000e+01
1.000000000000000000e+01
4.000000000000000000e+00
8.000000000000000000e+00
1.000000000000000000e+01
5.000000000000000000e+00
1.100000000000000000e+01
9.000000000000000000e+00
8.000000000000000000e+00
1.100000000000000000e+01
7.000000000000000000e+00
1.100000000000000000e+01
1.200000000000000000e+01
8.000000000000000000e+00
1.200000000000000000e+01
1.100000000000000000e+01
1.000000000000000000e+01
7.000000000000000000e+00
1.300000000000000000e+01
1.100000000000000000e+01
1.200000000000000000e+01
1.400000000000000000e+01
1.700000000000000000e+01
1.200000000000000000e+01
1.900000000000000000e+01
2.700000000000000000e+01
3.100000000000000000e+01
2.100000000000000000e+01
3.400000000000000000e+01
3.800000000000000000e+01
4.700000000000000000e+01
1.800000000000000000e+01
6.600000000000000000e+01
6.700000000000000000e+01
2.000000000000000000e+01
5.900000000000000000e+01
1.040000000000000000e+02
