3.300000000000000000e+01
4.100000000000000000e+01
6.300000000000000000e+01
1.250000000000000000e+02
1.840000000000000000e+02
2.540000000000000000e+02
3.140000000000000000e+02
3.740000000000000000e+02
4.540000000000000000e+02
4.860000000000000000e+02
5.680000000000000000e+02
5.610000000000000000e+02
6.540000000000000000e+02
7.500000000000000000e+02
7.400000000000000000e+02
7.730000000000000000e+02
8.960000000000000000e+02
8.690000000000000000e+02
9.030000000000000000e+02
9.010000000000000000e+02
8.900000000000000000e+02
8.760000000000000000e+02
8.850000000000000000e+02
8.890000000000000000e+02
7.960000000000000000e+02
8.210000000000000000e+02
8.180000000000000000e+02
9.100000000000000000e+02
8.810000000000000000e+02
9.250000000000000000e+02
9.820000000000000000e+02
1.015000000000000000e+03
1.008000000000000000e+03
9.710000000000000000e+02
1.097000000000000000e+03
1.151000000000000000e+03
1.150000000000000000e+03
1.175000000000000000e+03
1.251000000000000000e+03
1.288000000000000000e+03
1.353000000000000000e+03
1.477000000000000000e+03
1.401000000000000000e+03
1.622000000000000000e+03
1.620000000000000000e+03
1.643000000000000000e+03
1.846000000000000000e+03
1.832000000000000000e+03
1.844000000000000000e+03
1.881000000000000000e+03
1.874000000000000000e+03
2.025000000000000000e+03
1.974000000000000000e+03
1.997000000000000000e+03
2.037000000000000000e+03
2.044000000000000000e+03
2.146000000000000000e+03
2.231000000000000000e+03
2.295000000000000000e+03
2.220000000000000000e+03
2.192000000000000000e+03
2.296000000000000000e+03
2.220000000000000000e+03
2.219000000000000000e+03
2.246000000000000000e+03
2.211000000000000000e+03
2.213000000000000000e+03
2.200000000000000000e+03
2.081000000000000000e+03
2.086000000000000000e+03
2.072000000000000000e+03
2.065000000000000000e+03
1.846000000000000000e+03
1.885000000000000000e+03
1.865000000000000000e+03
1.861000000000000000e+03
1.858000000000000000e+03
1.711000000000000000e+03
1.724000000000000000e+03
1.747000000000000000e+03
1.680000000000000000e+03
1.672000000000000000e+03
1.692000000000000000e+03
1.622000000000000000e+03
1.551000000000000000e+03
1.545000000000000000e+03
1.556000000000000000e+03
1.507000000000000000e+03
1.482000000000000000e+03
1.467000000000000000e+03
1.394000000000000000e+03
1.318000000000000000e+03
1.265000000000000000e+03
1.272000000000000000e+03
1.215000000000000000e+03
1.127000000000000000e+03
1.141000000000000000e+03
1.063000000000000000e+03
1.087000000000000000e+03
1.049000000000000000e+03
9.730000000000000000e+02
1.055000000000000000e+03
1.015000000000000000e+03
9.400000000000000000e+02
9.380000000000000000e+02
8.830000000000000000e+02
8.870000000000000000e+02
8.320000000000000000e+02
8.800000000000000000e+02
8.010000000000000000e+02
7.460000000000000000e+02
7.730000000000000000e+02
7.260000000000000000e+02
7.150000000000000000e+02
6.930000000000000000e+02
6.900000000000000000e+02
6.510000000000000000e+02
6.470000000000000000e+02
6.770000000000000000e+02
6.110000000000000000e+02
5.510000000000000000e+02
5.720000000000000000e+02
5.530000000000000000e+02
5.240000000000000000e+02
5.250000000000000000e+02
4.650000000000000000e+02
4.900000000000000000e+02
4.190000000000000000e+02
3.960000000000000000e+02
3.690000000000000000e+02
3.340000000000000000e+02
3.530000000000000000e+02
3.620000000000000000e+02
3.550000000000000000e+02
3.340000000000000000e+02
3.410000000000000000e+02
3.060000000000000000e+02
3.060000000000000000e+02
2.890000000000000000e+02
2.670000000000000000e+02
2.440000000000000000e+02
2.250000000000000000e+02
2.390000000000000000e+02
2.310000000000000000e+02
2.250000000000000000e+02
2.170000000000000000e+02
2.020000000000000000e+02
2.180000000000000000e+02
2.220000000000000000e+02
2.020000000000000000e+02
2.000000000000000000e+02
1.760000000000000000e+02
2.020000000000000000e+02
2.010000000000000000e+02
1.910000000000000000e+02
1.990000000000000000e+02
1.700000000000000000e+02
1.760000000000000000e+02
1.510000000000000000e+02
1.400000000000000000e+02
1.700000000000000000e+02
1.340000000000000000e+02
1.270000000000000000e+02
1.260000000000000000e+02
9.500000000000000000e+01
1.300000000000000000e+02
1.270000000000000000e+02
9.000000000000000000e+01
9.100000000000000000e+01
9.300000000000000000e+01
1.200000000000000000e+02
9.700000000000000000e+01
9.600000000000000000e+01
9.500000000000000000e+01
8.600000000000000000e+01
8.300000000000000000e+01
8.900000000000000000e+01
9.500000000000000000e+01
8.700000000000000000e+01
6.300000000000000000e+01
7.500000000000000000e+01
6.700000000000000000e+01
6.200000000000000000e+01
5.900000000000000000e+01
4.300000000000000000e+01
3.500000000000000000e+01
3.200000000000000000e+01
2.800000000000000000e+01
2.300000000000000000e+01
3.800000000000000000e+01
1.800000000000000000e+01
1.300000000000000000e+01
1.700000000000000000e+01
1.700000000000000000e+01
1.900000000000000000e+01
1.300000000000000000e+01
1.000000000000000000e+01
1.200000000000000000e+01
8.000000000000000000e+00
1.100000000000000000e+01
5.000000000000000000e+00
7.000000000000000000e+00
6.000000000000000000e+00
7.000000000000000000e+00
5.000000000000000000e+00
8.000000000000000000e+00
2.000000000000000000e+00
0.000000000000000000e+00
3.000000000000000000e+00
7.000000000000000000e+00
7.000000000000000000e+00
3.000000000000000000e+00
1.000000000000000000e+00
4.000000000000000000e+00
8.000000000000000000e+00
4.000000000000000000e+00
3.000000000000000000e+00
2.000000000000000000e+00
3.000000000000000000e+00
2.000000000000000000e+00
1.000000000000000000e+00
3.000000000000000000e+00
4.000000000000000000e+00
6.000000000000000000e+00
5.000000000000000000e+00
2.000000000000000000e+00
5.000000000000000000e+00
7.000000000000000000e+00
2.000000000000000000e+00
2.000000000000000000e+00
7.000000000000000000e+00
3.000000000000000000e+00
2.000000000000000000e+00
0.000000000000000000e+00
1.000000000000000000e+00
0.000000000000000000e+00
1.000000000000000000e+00
0.000000000000000000e+00
0.000000000000000000e+00
1.000000000000000000e+00
0.000000000000000000e+00
0.000000000000000000e+00
0.000000000000000000e+00
2.000000000000000000e+00
1.000000000000000000e+00
0.000000000000000000e+00
0.000000000000000000e+00
0.000000000000000000e+00
1.000000000000000000e+00
0.000000000000000000e+00
0.000000000000000000e+00
0.000000000000000000e+00
0.000000000000000000e+00
0.000000000000000000e+00
0.000000000000000000e+00
1.000000000000000000e+00
0.000000000000000000e+00
2.000000000000000000e+00
1.100000000000000000e+01
1.600000000000000000e+01
6.900000000000000000e+01
8.900000000000000000e+01
1.070000000000000000e+02
1.400000000000000000e+02
1.770000000000000000e+02
2.370000000000000000e+02
2.590000000000000000e+02
2.860000000000000000e+02
3.150000000000000000e+02
3.810000000000000000e+02
3.840000000000000000e+02
4.040000000000000000e+02
4.250000000000000000e+02
4.610000000000000000e+02
4.860000000000000000e+02
5.340000000000000000e+02
5.560000000000000000e+02
5.390000000000000000e+02
5.430000000000000000e+02
5.440000000000000000e+02
5.390000000000000000e+02
5.570000000000000000e+02
5.110000000000000000e+02
5.430000000000000000e+02
5.380000000000000000e+02
4.800000000000000000e+02
5.000000000000000000e+02
4.630000000000000000e+02
5.330000000000000000e+02
4.830000000000000000e+02
4.810000000000000000e+02
5.320000000000000000e+02
5.620000000000000000e+02
5.250000000000000000e+02
5.460000000000000000e+02
5.460000000000000000e+02
5.640000000000000000e+02
6.150000000000000000e+02
5.860000000000000000e+02
6.260000000000000000e+02
6.140000000000000000e+02
6.040000000000000000e+02
6.420000000000000000e+02
7.000000000000000000e+02
7.500000000000000000e+02
7.050000000000000000e+02
7.260000000000000000e+02
8.100000000000000000e+02
7.760000000000000000e+02
8.100000000000000000e+02
8.750000000000000000e+02
8.710000000000000000e+02
8.730000000000000000e+02
8.760000000000000000e+02
9.410000000000000000e+02
9.430000000000000000e+02
9.500000000000000000e+02
1.043000000000000000e+03
1.030000000000000000e+03
1.028000000000000000e+03
1.014000000000000000e+03
1.046000000000000000e+03
1.058000000000000000e+03
1.014000000000000000e+03
1.102000000000000000e+03
1.005000000000000000e+03
1.037000000000000000e+03
9.840000000000000000e+02
1.037000000000000000e+03
9.920000000000000000e+02
1.045000000000000000e+03
1.039000000000000000e+03
9.920000000000000000e+02
9.700000000000000000e+02
9.870000000000000000e+02
1.071000000000000000e+03
9.990000000000000000e+02
9.900000000000000000e+02
9.120000000000000000e+02
1.057000000000000000e+03
1.059000000000000000e+03
1.003000000000000000e+03
9.690000000000000000e+02
1.065000000000000000e+03
1.004000000000000000e+03
1.004000000000000000e+03
1.059000000000000000e+03
1.012000000000000000e+03
1.033000000000000000e+03
1.116000000000000000e+03
1.168000000000000000e+03
1.101000000000000000e+03
1.139000000000000000e+03
1.176000000000000000e+03
1.140000000000000000e+03
1.167000000000000000e+03
1.207000000000000000e+03
1.187000000000000000e+03
1.199000000000000000e+03
1.140000000000000000e+03
1.169000000000000000e+03
1.181000000000000000e+03
1.174000000000000000e+03
1.178000000000000000e+03
1.250000000000000000e+03
1.240000000000000000e+03
1.200000000000000000e+03
1.289000000000000000e+03
1.279000000000000000e+03
1.254000000000000000e+03
1.297000000000000000e+03
1.320000000000000000e+03
1.196000000000000000e+03
1.208000000000000000e+03
1.301000000000000000e+03
1.251000000000000000e+03
1.236000000000000000e+03
1.256000000000000000e+03
1.167000000000000000e+03
1.106000000000000000e+03
1.057000000000000000e+03
1.035000000000000000e+03
9.940000000000000000e+02
9.730000000000000000e+02
9.580000000000000000e+02
9.440000000000000000e+02
1.008000000000000000e+03
9.420000000000000000e+02
9.750000000000000000e+02
9.730000000000000000e+02
1.001000000000000000e+03
9.760000000000000000e+02
9.810000000000000000e+02
1.003000000000000000e+03
9.940000000000000000e+02
9.990000000000000000e+02
1.024000000000000000e+03
9.990000000000000000e+02
9.540000000000000000e+02
9.890000000000000000e+02
8.910000000000000000e+02
9.790000000000000000e+02
9.360000000000000000e+02
8.220000000000000000e+02
9.180000000000000000e+02
9.780000000000000000e+02
9.940000000000000000e+02
1.047000000000000000e+03
1.099000000000000000e+03
1.116000000000000000e+03
1.162000000000000000e+03
1.233000000000000000e+03
1.154000000000000000e+03
1.104000000000000000e+03
1.042000000000000000e+03
9.320000000000000000e+02
9.770000000000000000e+02
8.320000000000000000e+02
8.540000000000000000e+02
8.490000000000000000e+02
7.400000000000000000e+02
6.810000000000000000e+02
7.250000000000000000e+02
6.990000000000000000e+02
6.950000000000000000e+02
6.440000000000000000e+02
6.240000000000000000e+02
6.310000000000000000e+02
5.970000000000000000e+02
6.290000000000000000e+02
6.120000000000000000e+02
6.230000000000000000e+02
6.260000000000000000e+02
6.460000000000000000e+02
6.050000000000000000e+02
5.840000000000000000e+02
5.630000000000000000e+02
5.190000000000000000e+02
5.220000000000000000e+02
5.280000000000000000e+02
4.700000000000000000e+02
4.480000000000000000e+02
4.470000000000000000e+02
4.470000000000000000e+02
4.050000000000000000e+02
4.560000000000000000e+02
4.130000000000000000e+02
3.640000000000000000e+02
3.140000000000000000e+02
3.150000000000000000e+02
3.020000000000000000e+02
3.530000000000000000e+02
3.890000000000000000e+02
4.470000000000000000e+02
4.990000000000000000e+02
6.070000000000000000e+02
8.000000000000000000e+02
8.610000000000000000e+02
7.590000000000000000e+02
6.500000000000000000e+02
5.430000000000000000e+02
4.260000000000000000e+02
2.750000000000000000e+02
2.060000000000000000e+02
1.670000000000000000e+02
1.560000000000000000e+02
1.550000000000000000e+02
1.660000000000000000e+02
1.390000000000000000e+02
1.390000000000000000e+02
1.700000000000000000e+02
1.160000000000000000e+02
1.170000000000000000e+02
1.260000000000000000e+02
1.260000000000000000e+02
7.900000000000000000e+01
5.000000000000000000e+01
6.200000000000000000e+01
3.000000000000000000e+01
3.100000000000000000e+01
2.200000000000000000e+01
1.100000000000000000e+01
4.000000000000000000e+00
5.000000000000000000e+00
4.000000000000000000e+00
5.000000000000000000e+00
7.000000000000000000e+00
3.000000000000000000e+00
1.000000000000000000e+01
4.000000000000000000e+00
5.000000000000000000e+00
6.000000000000000000e+00
6.000000000000000000e+00
5.000000000000000000e+00
6.000000000000000000e+00
5.000000000000000000e+00
4.000000000000000000e+00
4.000000000000000000e+00
7.000000000000000000e+00
3.000000000000000000e+00
7.000000000000000000e+00
0.000000000000000000e+00
3.000000000000000000e+00
3.000000000000000000e+00
3.000000000000000000e+00
9.000000000000000000e+00
7.000000000000000000e+00
4.000000000000000000e+00
4.000000000000000000e+00
3.000000000000000000e+00
1.000000000000000000e+00
1.000000000000000000e+00
3.000000000000000000e+00
2.000000000000000000e+00
8.000000000000000000e+00
1.700000000000000000e+01
5.200000000000000000e+01
7.500000000000000000e+01
1.260000000000000000e+02
2.030000000000000000e+02
2.390000000000000000e+02
2.980000000000000000e+02
3.640000000000000000e+02
3.990000000000000000e+02
4.100000000000000000e+02
4.300000000000000000e+02
4.400000000000000000e+02
4.940000000000000000e+02
4.950000000000000000e+02
5.170000000000000000e+02
6.060000000000000000e+02
5.670000000000000000e+02
5.540000000000000000e+02
5.710000000000000000e+02
6.000000000000000000e+02
5.560000000000000000e+02
5.830000000000000000e+02
5.170000000000000000e+02
5.490000000000000000e+02
5.420000000000000000e+02
5.040000000000000000e+02
5.170000000000000000e+02
4.750000000000000000e+02
4.900000000000000000e+02
5.200000000000000000e+02
5.340000000000000000e+02
5.290000000000000000e+02
5.750000000000000000e+02
6.020000000000000000e+02
6.210000000000000000e+02
6.260000000000000000e+02
6.500000000000000000e+02
6.830000000000000000e+02
6.380000000000000000e+02
6.770000000000000000e+02
7.130000000000000000e+02
7.800000000000000000e+02
7.690000000000000000e+02
8.310000000000000000e+02
8.780000000000000000e+02
9.140000000000000000e+02
9.190000000000000000e+02
9.610000000000000000e+02
1.039000000000000000e+03
9.610000000000000000e+02
1.047000000000000000e+03
1.030000000000000000e+03
1.086000000000000000e+03
1.054000000000000000e+03
1.090000000000000000e+03
1.101000000000000000e+03
1.083000000000000000e+03
9.890000000000000000e+02
1.029000000000000000e+03
1.083000000000000000e+03
1.078000000000000000e+03
1.035000000000000000e+03
1.084000000000000000e+03
1.025000000000000000e+03
1.015000000000000000e+03
1.070000000000000000e+03
1.066000000000000000e+03
1.078000000000000000e+03
1.094000000000000000e+03
1.107000000000000000e+03
1.172000000000000000e+03
1.142000000000000000e+03
1.197000000000000000e+03
1.210000000000000000e+03
1.229000000000000000e+03
1.259000000000000000e+03
1.345000000000000000e+03
1.266000000000000000e+03
1.330000000000000000e+03
1.434000000000000000e+03
1.385000000000000000e+03
1.436000000000000000e+03
1.491000000000000000e+03
1.453000000000000000e+03
1.522000000000000000e+03
1.484000000000000000e+03
1.492000000000000000e+03
1.459000000000000000e+03
1.505000000000000000e+03
1.482000000000000000e+03
1.493000000000000000e+03
1.586000000000000000e+03
1.546000000000000000e+03
1.551000000000000000e+03
1.536000000000000000e+03
1.483000000000000000e+03
1.510000000000000000e+03
1.455000000000000000e+03
1.565000000000000000e+03
1.514000000000000000e+03
1.576000000000000000e+03
1.613000000000000000e+03
1.714000000000000000e+03
1.600000000000000000e+03
1.587000000000000000e+03
1.595000000000000000e+03
1.622000000000000000e+03
1.558000000000000000e+03
1.596000000000000000e+03
1.564000000000000000e+03
1.596000000000000000e+03
1.502000000000000000e+03
1.543000000000000000e+03
1.484000000000000000e+03
1.555000000000000000e+03
1.457000000000000000e+03
1.437000000000000000e+03
1.487000000000000000e+03
1.375000000000000000e+03
1.389000000000000000e+03
1.340000000000000000e+03
1.348000000000000000e+03
1.326000000000000000e+03
1.287000000000000000e+03
1.236000000000000000e+03
1.215000000000000000e+03
1.180000000000000000e+03
1.104000000000000000e+03
1.142000000000000000e+03
1.016000000000000000e+03
1.091000000000000000e+03
1.077000000000000000e+03
9.000000000000000000e+02
9.060000000000000000e+02
9.580000000000000000e+02
9.850000000000000000e+02
1.100000000000000000e+03
1.097000000000000000e+03
1.183000000000000000e+03
1.118000000000000000e+03
1.136000000000000000e+03
1.076000000000000000e+03
9.420000000000000000e+02
8.710000000000000000e+02
8.140000000000000000e+02
8.040000000000000000e+02
7.240000000000000000e+02
6.090000000000000000e+02
5.650000000000000000e+02
5.830000000000000000e+02
5.260000000000000000e+02
4.710000000000000000e+02
4.310000000000000000e+02
4.120000000000000000e+02
3.740000000000000000e+02
3.840000000000000000e+02
3.690000000000000000e+02
3.110000000000000000e+02
3.350000000000000000e+02
3.810000000000000000e+02
3.610000000000000000e+02
3.440000000000000000e+02
3.320000000000000000e+02
3.120000000000000000e+02
3.450000000000000000e+02
3.350000000000000000e+02
3.110000000000000000e+02
2.780000000000000000e+02
2.620000000000000000e+02
2.830000000000000000e+02
2.580000000000000000e+02
2.420000000000000000e+02
2.410000000000000000e+02
2.590000000000000000e+02
2.370000000000000000e+02
2.390000000000000000e+02
2.200000000000000000e+02
2.180000000000000000e+02
2.240000000000000000e+02
2.070000000000000000e+02
2.060000000000000000e+02
1.760000000000000000e+02
1.910000000000000000e+02
1.890000000000000000e+02
2.080000000000000000e+02
1.740000000000000000e+02
2.040000000000000000e+02
1.710000000000000000e+02
1.760000000000000000e+02
1.540000000000000000e+02
1.960000000000000000e+02
1.790000000000000000e+02
1.650000000000000000e+02
1.950000000000000000e+02
1.680000000000000000e+02
1.250000000000000000e+02
1.130000000000000000e+02
9.700000000000000000e+01
9.200000000000000000e+01
5.700000000000000000e+01
6.100000000000000000e+01
5.900000000000000000e+01
3.500000000000000000e+01
3.300000000000000000e+01
3.200000000000000000e+01
3.400000000000000000e+01
2.300000000000000000e+01
3.200000000000000000e+01
3.100000000000000000e+01
2.300000000000000000e+01
2.100000000000000000e+01
2.300000000000000000e+01
1.900000000000000000e+01
1.300000000000000000e+01
1.300000000000000000e+01
1.700000000000000000e+01
1.000000000000000000e+01
9.000000000000000000e+00
1.100000000000000000e+01
1.300000000000000000e+01
9.000000000000000000e+00
5.000000000000000000e+00
8.000000000000000000e+00
8.000000000000000000e+00
1.100000000000000000e+01
5.000000000000000000e+00
3.000000000000000000e+00
9.000000000000000000e+00
7.000000000000000000e+00
6.000000000000000000e+00
4.000000000000000000e+00
7.000000000000000000e+00
6.000000000000000000e+00
6.000000000000000000e+00
3.000000000000000000e+00
7.000000000000000000e+00
3.000000000000000000e+00
4.000000000000000000e+00
4.000000000000000000e+00
3.000000000000000000e+00
5.000000000000000000e+00
7.000000000000000000e+00
8.000000000000000000e+00
4.000000000000000000e+00
8.000000000000000000e+00
4.000000000000000000e+00
6.000000000000000000e+00
4.000000000000000000e+00
7.000000000000000000e+00
8.000000000000000000e+00
1.600000000000000000e+01
5.000000000000000000e+00
6.800000000000000000e+01
