9.250000000000000000e+02
8.000000000000000000e+01
1.100000000000000000e+02
1.130000000000000000e+02
1.340000000000000000e+02
1.230000000000000000e+02
1.280000000000000000e+02
1.270000000000000000e+02
1.280000000000000000e+02
1.710000000000000000e+02
1.770000000000000000e+02
2.100000000000000000e+02
2.030000000000000000e+02
2.510000000000000000e+02
2.520000000000000000e+02
2.970000000000000000e+02
3.000000000000000000e+02
3.280000000000000000e+02
3.690000000000000000e+02
3.700000000000000000e+02
4.430000000000000000e+02
4.280000000000000000e+02
5.140000000000000000e+02
5.440000000000000000e+02
5.690000000000000000e+02
6.400000000000000000e+02
6.560000000000000000e+02
6.960000000000000000e+02
6.910000000000000000e+02
7.500000000000000000e+02
7.820000000000000000e+02
8.430000000000000000e+02
8.950000000000000000e+02
8.520000000000000000e+02
8.800000000000000000e+02
9.410000000000000000e+02
9.830000000000000000e+02
9.670000000000000000e+02
9.860000000000000000e+02
1.018000000000000000e+03
1.105000000000000000e+03
1.132000000000000000e+03
1.142000000000000000e+03
1.174000000000000000e+03
1.195000000000000000e+03
1.245000000000000000e+03
1.252000000000000000e+03
1.337000000000000000e+03
1.339000000000000000e+03
1.347000000000000000e+03
1.443000000000000000e+03
1.482000000000000000e+03
1.383000000000000000e+03
1.487000000000000000e+03
1.523000000000000000e+03
1.485000000000000000e+03
1.588000000000000000e+03
1.603000000000000000e+03
1.685000000000000000e+03
1.612000000000000000e+03
1.624000000000000000e+03
1.664000000000000000e+03
1.646000000000000000e+03
1.663000000000000000e+03
1.734000000000000000e+03
1.674000000000000000e+03
1.702000000000000000e+03
1.765000000000000000e+03
1.692000000000000000e+03
1.781000000000000000e+03
1.687000000000000000e+03
1.711000000000000000e+03
1.699000000000000000e+03
1.722000000000000000e+03
1.809000000000000000e+03
1.768000000000000000e+03
1.718000000000000000e+03
1.798000000000000000e+03
1.818000000000000000e+03
1.768000000000000000e+03
1.809000000000000000e+03
1.678000000000000000e+03
1.652000000000000000e+03
1.665000000000000000e+03
1.716000000000000000e+03
1.644000000000000000e+03
1.667000000000000000e+03
1.659000000000000000e+03
1.681000000000000000e+03
1.648000000000000000e+03
1.685000000000000000e+03
1.623000000000000000e+03
1.627000000000000000e+03
1.642000000000000000e+03
1.612000000000000000e+03
1.556000000000000000e+03
1.571000000000000000e+03
1.631000000000000000e+03
1.481000000000000000e+03
1.567000000000000000e+03
1.524000000000000000e+03
1.525000000000000000e+03
1.557000000000000000e+03
1.494000000000000000e+03
1.430000000000000000e+03
1.441000000000000000e+03
1.466000000000000000e+03
1.443000000000000000e+03
1.472000000000000000e+03
1.433000000000000000e+03
1.423000000000000000e+03
1.391000000000000000e+03
1.373000000000000000e+03
1.374000000000000000e+03
1.359000000000000000e+03
1.340000000000000000e+03
1.297000000000000000e+03
1.317000000000000000e+03
1.308000000000000000e+03
1.210000000000000000e+03
1.240000000000000000e+03
1.250000000000000000e+03
1.175000000000000000e+03
1.196000000000000000e+03
1.140000000000000000e+03
1.166000000000000000e+03
1.119000000000000000e+03
1.106000000000000000e+03
1.098000000000000000e+03
1.089000000000000000e+03
1.038000000000000000e+03
1.058000000000000000e+03
9.880000000000000000e+02
9.730000000000000000e+02
1.013000000000000000e+03
9.640000000000000000e+02
9.480000000000000000e+02
9.080000000000000000e+02
8.370000000000000000e+02
8.930000000000000000e+02
8.240000000000000000e+02
8.870000000000000000e+02
8.330000000000000000e+02
8.170000000000000000e+02
7.780000000000000000e+02
7.530000000000000000e+02
7.350000000000000000e+02
7.020000000000000000e+02
6.540000000000000000e+02
7.340000000000000000e+02
6.810000000000000000e+02
5.940000000000000000e+02
6.140000000000000000e+02
6.190000000000000000e+02
6.080000000000000000e+02
5.750000000000000000e+02
5.060000000000000000e+02
5.090000000000000000e+02
5.090000000000000000e+02
5.000000000000000000e+02
5.040000000000000000e+02
4.700000000000000000e+02
4.230000000000000000e+02
3.770000000000000000e+02
4.210000000000000000e+02
3.880000000000000000e+02
3.860000000000000000e+02
3.520000000000000000e+02
3.470000000000000000e+02
3.180000000000000000e+02
3.120000000000000000e+02
3.170000000000000000e+02
2.830000000000000000e+02
2.590000000000000000e+02
2.670000000000000000e+02
2.500000000000000000e+02
2.390000000000000000e+02
2.210000000000000000e+02
2.130000000000000000e+02
1.920000000000000000e+02
2.170000000000000000e+02
1.520000000000000000e+02
1.700000000000000000e+02
1.740000000000000000e+02
1.460000000000000000e+02
1.230000000000000000e+02
1.430000000000000000e+02
1.260000000000000000e+02
1.280000000000000000e+02
9.900000000000000000e+01
9.400000000000000000e+01
1.110000000000000000e+02
9.600000000000000000e+01
1.060000000000000000e+02
9.800000000000000000e+01
8.300000000000000000e+01
8.700000000000000000e+01
7.700000000000000000e+01
6.900000000000000000e+01
6.200000000000000000e+01
5.800000000000000000e+01
7.000000000000000000e+01
7.100000000000000000e+01
5.700000000000000000e+01
5.800000000000000000e+01
5.200000000000000000e+01
4.100000000000000000e+01
3.500000000000000000e+01
4.700000000000000000e+01
4.300000000000000000e+01
3.800000000000000000e+01
3.500000000000000000e+01
2.600000000000000000e+01
3.600000000000000000e+01
3.100000000000000000e+01
2.000000000000000000e+01
2.200000000000000000e+01
2.800000000000000000e+01
2.000000000000000000e+01
2.100000000000000000e+01
2.300000000000000000e+01
1.800000000000000000e+01
2.000000000000000000e+01
2.400000000000000000e+01
1.500000000000000000e+01
1.800000000000000000e+01
9.000000000000000000e+00
1.700000000000000000e+01
1.500000000000000000e+01
7.000000000000000000e+00
1.200000000000000000e+01
1.000000000000000000e+01
5.000000000000000000e+00
1.000000000000000000e+01
1.600000000000000000e+01
5.000000000000000000e+00
5.000000000000000000e+00
2.000000000000000000e+00
5.000000000000000000e+00
1.000000000000000000e+01
5.000000000000000000e+00
5.000000000000000000e+00
2.000000000000000000e+00
6.000000000000000000e+00
5.000000000000000000e+00
1.000000000000000000e+00
2.000000000000000000e+00
2.000000000000000000e+00
3.000000000000000000e+00
1.000000000000000000e+00
1.000000000000000000e+00
1.000000000000000000e+00
5.000000000000000000e+00
2.000000000000000000e+00
1.000000000000000000e+00
5.000000000000000000e+00
4.000000000000000000e+00
1.000000000000000000e+00
1.000000000000000000e+00
5.000000000000000000e+00
9.000000000000000000e+00
1.100000000000000000e+01
2.400000000000000000e+01
4.100000000000000000e+01
3.200000000000000000e+01
3.700000000000000000e+01
8.200000000000000000e+01
6.900000000000000000e+01
1.020000000000000000e+02
1.000000000000000000e+02
1.070000000000000000e+02
1.390000000000000000e+02
1.330000000000000000e+02
1.590000000000000000e+02
1.700000000000000000e+02
1.670000000000000000e+02
2.220000000000000000e+02
2.530000000000000000e+02
2.830000000000000000e+02
3.660000000000000000e+02
4.140000000000000000e+02
4.680000000000000000e+02
4.450000000000000000e+02
5.320000000000000000e+02
6.110000000000000000e+02
6.160000000000000000e+02
6.290000000000000000e+02
6.460000000000000000e+02
6.060000000000000000e+02
6.460000000000000000e+02
7.160000000000000000e+02
6.930000000000000000e+02
7.010000000000000000e+02
6.850000000000000000e+02
6.770000000000000000e+02
6.470000000000000000e+02
7.170000000000000000e+02
6.990000000000000000e+02
7.540000000000000000e+02
7.360000000000000000e+02
6.980000000000000000e+02
7.050000000000000000e+02
7.140000000000000000e+02
7.120000000000000000e+02
7.770000000000000000e+02
7.850000000000000000e+02
7.820000000000000000e+02
7.860000000000000000e+02
7.400000000000000000e+02
7.530000000000000000e+02
7.860000000000000000e+02
8.200000000000000000e+02
7.790000000000000000e+02
7.510000000000000000e+02
8.220000000000000000e+02
8.080000000000000000e+02
7.650000000000000000e+02
8.320000000000000000e+02
8.110000000000000000e+02
7.970000000000000000e+02
7.990000000000000000e+02
7.810000000000000000e+02
7.800000000000000000e+02
8.150000000000000000e+02
7.510000000000000000e+02
7.490000000000000000e+02
7.650000000000000000e+02
7.120000000000000000e+02
7.310000000000000000e+02
7.650000000000000000e+02
7.540000000000000000e+02
7.840000000000000000e+02
7.320000000000000000e+02
7.240000000000000000e+02
7.300000000000000000e+02
7.760000000000000000e+02
7.170000000000000000e+02
7.250000000000000000e+02
8.030000000000000000e+02
7.990000000000000000e+02
7.530000000000000000e+02
7.740000000000000000e+02
7.740000000000000000e+02
7.860000000000000000e+02
8.060000000000000000e+02
8.350000000000000000e+02
7.830000000000000000e+02
8.620000000000000000e+02
8.350000000000000000e+02
8.210000000000000000e+02
8.460000000000000000e+02
8.850000000000000000e+02
8.930000000000000000e+02
9.010000000000000000e+02
8.590000000000000000e+02
9.200000000000000000e+02
9.210000000000000000e+02
9.830000000000000000e+02
9.370000000000000000e+02
9.440000000000000000e+02
9.440000000000000000e+02
9.990000000000000000e+02
9.840000000000000000e+02
1.009000000000000000e+03
1.067000000000000000e+03
1.072000000000000000e+03
1.057000000000000000e+03
1.111000000000000000e+03
1.062000000000000000e+03
1.093000000000000000e+03
1.089000000000000000e+03
1.135000000000000000e+03
1.178000000000000000e+03
1.160000000000000000e+03
1.173000000000000000e+03
1.188000000000000000e+03
1.208000000000000000e+03
1.191000000000000000e+03
1.228000000000000000e+03
1.234000000000000000e+03
1.255000000000000000e+03
1.211000000000000000e+03
1.240000000000000000e+03
1.233000000000000000e+03
1.361000000000000000e+03
1.278000000000000000e+03
1.284000000000000000e+03
1.290000000000000000e+03
1.312000000000000000e+03
1.362000000000000000e+03
1.355000000000000000e+03
1.345000000000000000e+03
1.409000000000000000e+03
1.404000000000000000e+03
1.425000000000000000e+03
1.380000000000000000e+03
1.408000000000000000e+03
1.350000000000000000e+03
1.453000000000000000e+03
1.424000000000000000e+03
1.359000000000000000e+03
1.468000000000000000e+03
1.388000000000000000e+03
1.439000000000000000e+03
1.403000000000000000e+03
1.416000000000000000e+03
1.426000000000000000e+03
1.464000000000000000e+03
1.434000000000000000e+03
1.420000000000000000e+03
1.387000000000000000e+03
1.374000000000000000e+03
1.376000000000000000e+03
1.372000000000000000e+03
1.377000000000000000e+03
1.327000000000000000e+03
1.392000000000000000e+03
1.337000000000000000e+03
1.294000000000000000e+03
1.366000000000000000e+03
1.349000000000000000e+03
1.333000000000000000e+03
1.256000000000000000e+03
1.247000000000000000e+03
1.262000000000000000e+03
1.211000000000000000e+03
1.255000000000000000e+03
1.225000000000000000e+03
1.216000000000000000e+03
1.215000000000000000e+03
1.185000000000000000e+03
1.195000000000000000e+03
1.120000000000000000e+03
1.088000000000000000e+03
1.100000000000000000e+03
1.018000000000000000e+03
1.079000000000000000e+03
1.020000000000000000e+03
9.790000000000000000e+02
9.870000000000000000e+02
9.750000000000000000e+02
9.460000000000000000e+02
9.360000000000000000e+02
9.240000000000000000e+02
8.250000000000000000e+02
8.830000000000000000e+02
8.500000000000000000e+02
8.170000000000000000e+02
7.780000000000000000e+02
7.610000000000000000e+02
7.150000000000000000e+02
7.350000000000000000e+02
7.340000000000000000e+02
7.190000000000000000e+02
6.420000000000000000e+02
6.110000000000000000e+02
6.080000000000000000e+02
5.800000000000000000e+02
5.480000000000000000e+02
5.110000000000000000e+02
5.360000000000000000e+02
4.920000000000000000e+02
4.700000000000000000e+02
4.570000000000000000e+02
4.250000000000000000e+02
3.820000000000000000e+02
3.960000000000000000e+02
3.960000000000000000e+02
3.550000000000000000e+02
3.180000000000000000e+02
3.440000000000000000e+02
3.040000000000000000e+02
2.930000000000000000e+02
2.870000000000000000e+02
2.730000000000000000e+02
2.570000000000000000e+02
2.310000000000000000e+02
2.280000000000000000e+02
1.970000000000000000e+02
1.760000000000000000e+02
1.880000000000000000e+02
1.620000000000000000e+02
1.460000000000000000e+02
1.510000000000000000e+02
1.390000000000000000e+02
1.370000000000000000e+02
1.180000000000000000e+02
1.190000000000000000e+02
1.060000000000000000e+02
9.000000000000000000e+01
8.300000000000000000e+01
8.400000000000000000e+01
8.900000000000000000e+01
8.000000000000000000e+01
6.700000000000000000e+01
8.100000000000000000e+01
6.600000000000000000e+01
5.800000000000000000e+01
4.700000000000000000e+01
5.500000000000000000e+01
4.400000000000000000e+01
3.200000000000000000e+01
3.400000000000000000e+01
2.900000000000000000e+01
4.100000000000000000e+01
3.500000000000000000e+01
2.500000000000000000e+01
3.800000000000000000e+01
3.200000000000000000e+01
2.900000000000000000e+01
2.000000000000000000e+01
1.520000000000000000e+02
9.600000000000000000e+01
1.200000000000000000e+01
9.000000000000000000e+00
1.400000000000000000e+01
1.400000000000000000e+01
1.600000000000000000e+01
1.600000000000000000e+01
2.100000000000000000e+01
2.700000000000000000e+01
3.500000000000000000e+01
4.200000000000000000e+01
3.200000000000000000e+01
6.000000000000000000e+01
7.500000000000000000e+01
8.700000000000000000e+01
1.250000000000000000e+02
1.060000000000000000e+02
1.380000000000000000e+02
1.660000000000000000e+02
1.740000000000000000e+02
1.890000000000000000e+02
1.920000000000000000e+02
2.520000000000000000e+02
2.390000000000000000e+02
2.980000000000000000e+02
2.940000000000000000e+02
3.520000000000000000e+02
3.730000000000000000e+02
4.120000000000000000e+02
4.300000000000000000e+02
4.510000000000000000e+02
4.650000000000000000e+02
4.960000000000000000e+02
4.960000000000000000e+02
5.030000000000000000e+02
5.400000000000000000e+02
5.500000000000000000e+02
5.350000000000000000e+02
5.600000000000000000e+02
5.680000000000000000e+02
5.880000000000000000e+02
6.420000000000000000e+02
6.490000000000000000e+02
7.320000000000000000e+02
7.620000000000000000e+02
7.870000000000000000e+02
8.130000000000000000e+02
8.620000000000000000e+02
8.400000000000000000e+02
8.440000000000000000e+02
8.890000000000000000e+02
9.250000000000000000e+02
9.910000000000000000e+02
9.630000000000000000e+02
9.640000000000000000e+02
9.730000000000000000e+02
9.920000000000000000e+02
1.080000000000000000e+03
1.050000000000000000e+03
1.096000000000000000e+03
1.109000000000000000e+03
1.124000000000000000e+03
1.134000000000000000e+03
1.161000000000000000e+03
1.203000000000000000e+03
1.181000000000000000e+03
1.217000000000000000e+03
1.158000000000000000e+03
1.277000000000000000e+03
1.133000000000000000e+03
1.202000000000000000e+03
1.229000000000000000e+03
1.312000000000000000e+03
1.288000000000000000e+03
1.203000000000000000e+03
1.280000000000000000e+03
1.261000000000000000e+03
1.293000000000000000e+03
1.325000000000000000e+03
1.301000000000000000e+03
1.276000000000000000e+03
1.348000000000000000e+03
1.275000000000000000e+03
1.345000000000000000e+03
1.298000000000000000e+03
1.293000000000000000e+03
1.257000000000000000e+03
1.262000000000000000e+03
1.362000000000000000e+03
1.282000000000000000e+03
1.269000000000000000e+03
1.303000000000000000e+03
1.319000000000000000e+03
1.352000000000000000e+03
1.346000000000000000e+03
1.293000000000000000e+03
1.389000000000000000e+03
1.378000000000000000e+03
1.412000000000000000e+03
1.360000000000000000e+03
1.371000000000000000e+03
1.325000000000000000e+03
1.358000000000000000e+03
1.408000000000000000e+03
1.443000000000000000e+03
1.311000000000000000e+03
1.407000000000000000e+03
1.421000000000000000e+03
1.380000000000000000e+03
1.425000000000000000e+03
1.438000000000000000e+03
1.376000000000000000e+03
1.389000000000000000e+03
1.354000000000000000e+03
1.457000000000000000e+03
1.441000000000000000e+03
1.410000000000000000e+03
1.437000000000000000e+03
1.442000000000000000e+03
1.412000000000000000e+03
1.347000000000000000e+03
1.422000000000000000e+03
1.420000000000000000e+03
1.380000000000000000e+03
1.339000000000000000e+03
1.419000000000000000e+03
1.397000000000000000e+03
1.374000000000000000e+03
1.395000000000000000e+03
1.366000000000000000e+03
1.398000000000000000e+03
1.313000000000000000e+03
1.312000000000000000e+03
1.338000000000000000e+03
1.349000000000000000e+03
1.332000000000000000e+03
1.316000000000000000e+03
1.229000000000000000e+03
1.350000000000000000e+03
1.263000000000000000e+03
1.216000000000000000e+03
1.291000000000000000e+03
1.215000000000000000e+03
1.304000000000000000e+03
1.229000000000000000e+03
1.144000000000000000e+03
1.195000000000000000e+03
1.208000000000000000e+03
1.183000000000000000e+03
1.102000000000000000e+03
1.133000000000000000e+03
1.168000000000000000e+03
1.091000000000000000e+03
1.114000000000000000e+03
1.092000000000000000e+03
1.104000000000000000e+03
1.044000000000000000e+03
1.028000000000000000e+03
1.048000000000000000e+03
9.860000000000000000e+02
1.046000000000000000e+03
9.950000000000000000e+02
9.470000000000000000e+02
9.040000000000000000e+02
9.420000000000000000e+02
9.320000000000000000e+02
9.210000000000000000e+02
8.600000000000000000e+02
8.690000000000000000e+02
8.740000000000000000e+02
8.520000000000000000e+02
7.930000000000000000e+02
8.430000000000000000e+02
7.570000000000000000e+02
7.610000000000000000e+02
7.580000000000000000e+02
7.320000000000000000e+02
7.430000000000000000e+02
7.090000000000000000e+02
7.130000000000000000e+02
6.690000000000000000e+02
6.370000000000000000e+02
5.830000000000000000e+02
5.810000000000000000e+02
5.590000000000000000e+02
5.330000000000000000e+02
5.220000000000000000e+02
5.070000000000000000e+02
5.250000000000000000e+02
4.640000000000000000e+02
4.810000000000000000e+02
4.580000000000000000e+02
4.560000000000000000e+02
3.810000000000000000e+02
3.680000000000000000e+02
3.470000000000000000e+02
3.490000000000000000e+02
3.410000000000000000e+02
3.430000000000000000e+02
2.800000000000000000e+02
3.250000000000000000e+02
3.060000000000000000e+02
2.810000000000000000e+02
2.490000000000000000e+02
2.500000000000000000e+02
2.290000000000000000e+02
2.390000000000000000e+02
1.880000000000000000e+02
2.010000000000000000e+02
2.050000000000000000e+02
1.750000000000000000e+02
1.800000000000000000e+02
1.570000000000000000e+02
1.540000000000000000e+02
1.430000000000000000e+02
1.230000000000000000e+02
1.200000000000000000e+02
1.340000000000000000e+02
1.190000000000000000e+02
1.180000000000000000e+02
9.600000000000000000e+01
1.090000000000000000e+02
9.600000000000000000e+01
9.100000000000000000e+01
6.800000000000000000e+01
8.100000000000000000e+01
5.200000000000000000e+01
6.500000000000000000e+01
7.200000000000000000e+01
4.900000000000000000e+01
4.000000000000000000e+01
4.700000000000000000e+01
3.600000000000000000e+01
4.600000000000000000e+01
4.400000000000000000e+01
4.600000000000000000e+01
4.300000000000000000e+01
4.000000000000000000e+01
2.900000000000000000e+01
3.700000000000000000e+01
2.400000000000000000e+01
2.900000000000000000e+01
2.800000000000000000e+01
2.700000000000000000e+01
3.000000000000000000e+01
2.700000000000000000e+01
1.400000000000000000e+01
1.200000000000000000e+01
2.100000000000000000e+01
1.700000000000000000e+01
7.000000000000000000e+00
2.200000000000000000e+01
1.500000000000000000e+01
9.000000000000000000e+00
1.500000000000000000e+01
1.140000000000000000e+02
