0.000000000000000000e+00
0.000000000000000000e+00
0.000000000000000000e+00
0.000000000000000000e+00
0.000000000000000000e+00
0.000000000000000000e+00
0.000000000000000000e+00
1.000000000000000000e+00
0.000000000000000000e+00
2.000000000000000000e+00
3.000000000000000000e+00
0.000000000000000000e+00
0.000000000000000000e+00
2.000000000000000000e+00
7.000000000000000000e+00
2.000000000000000000e+00
5.000000000000000000e+00
4.000000000000000000e+00
1.100000000000000000e+01
8.000000000000000000e+00
9.000000000000000000e+00
1.500000000000000000e+01
2.200000000000000000e+01
1.900000000000000000e+01
2.400000000000000000e+01
2.900000000000000000e+01
5.200000000000000000e+01
5.800000000000000000e+01
5.900000000000000000e+01
7.200000000000000000e+01
8.500000000000000000e+01
1.090000000000000000e+02
1.290000000000000000e+02
1.260000000000000000e+02
1.340000000000000000e+02
1.850000000000000000e+02
1.780000000000000000e+02
1.870000000000000000e+02
2.280000000000000000e+02
2.120000000000000000e+02
2.450000000000000000e+02
2.390000000000000000e+02
2.460000000000000000e+02
2.750000000000000000e+02
2.870000000000000000e+02
3.030000000000000000e+02
3.250000000000000000e+02
3.630000000000000000e+02
3.130000000000000000e+02
3.750000000000000000e+02
4.130000000000000000e+02
3.780000000000000000e+02
4.420000000000000000e+02
4.160000000000000000e+02
4.460000000000000000e+02
4.770000000000000000e+02
4.740000000000000000e+02
5.220000000000000000e+02
6.050000000000000000e+02
5.900000000000000000e+02
6.790000000000000000e+02
7.220000000000000000e+02
7.340000000000000000e+02
8.610000000000000000e+02
8.520000000000000000e+02
8.860000000000000000e+02
9.340000000000000000e+02
9.100000000000000000e+02
9.720000000000000000e+02
9.890000000000000000e+02
1.010000000000000000e+03
9.870000000000000000e+02
1.043000000000000000e+03
1.073000000000000000e+03
1.091000000000000000e+03
1.095000000000000000e+03
1.194000000000000000e+03
1.255000000000000000e+03
1.281000000000000000e+03
1.278000000000000000e+03
1.291000000000000000e+03
1.289000000000000000e+03
1.339000000000000000e+03
1.368000000000000000e+03
1.408000000000000000e+03
1.370000000000000000e+03
1.444000000000000000e+03
1.493000000000000000e+03
1.462000000000000000e+03
1.490000000000000000e+03
1.597000000000000000e+03
1.556000000000000000e+03
1.691000000000000000e+03
1.677000000000000000e+03
1.593000000000000000e+03
1.735000000000000000e+03
1.771000000000000000e+03
1.880000000000000000e+03
1.874000000000000000e+03
1.922000000000000000e+03
1.983000000000000000e+03
1.884000000000000000e+03
1.961000000000000000e+03
2.023000000000000000e+03
2.009000000000000000e+03
2.006000000000000000e+03
2.080000000000000000e+03
2.092000000000000000e+03
2.136000000000000000e+03
2.121000000000000000e+03
2.105000000000000000e+03
2.093000000000000000e+03
1.991000000000000000e+03
2.015000000000000000e+03
1.968000000000000000e+03
1.912000000000000000e+03
1.809000000000000000e+03
1.778000000000000000e+03
1.748000000000000000e+03
1.662000000000000000e+03
1.628000000000000000e+03
1.553000000000000000e+03
1.461000000000000000e+03
1.504000000000000000e+03
1.359000000000000000e+03
1.293000000000000000e+03
1.282000000000000000e+03
1.308000000000000000e+03
1.186000000000000000e+03
1.178000000000000000e+03
1.092000000000000000e+03
1.016000000000000000e+03
1.065000000000000000e+03
1.029000000000000000e+03
9.960000000000000000e+02
1.058000000000000000e+03
9.870000000000000000e+02
9.880000000000000000e+02
9.570000000000000000e+02
9.170000000000000000e+02
9.290000000000000000e+02
1.002000000000000000e+03
9.380000000000000000e+02
9.390000000000000000e+02
9.220000000000000000e+02
9.100000000000000000e+02
9.590000000000000000e+02
9.070000000000000000e+02
9.430000000000000000e+02
1.079000000000000000e+03
9.500000000000000000e+02
9.840000000000000000e+02
1.063000000000000000e+03
1.005000000000000000e+03
1.009000000000000000e+03
9.660000000000000000e+02
9.520000000000000000e+02
9.730000000000000000e+02
9.360000000000000000e+02
9.210000000000000000e+02
9.120000000000000000e+02
9.260000000000000000e+02
9.040000000000000000e+02
8.420000000000000000e+02
8.430000000000000000e+02
8.320000000000000000e+02
8.140000000000000000e+02
7.630000000000000000e+02
7.570000000000000000e+02
7.360000000000000000e+02
7.620000000000000000e+02
6.890000000000000000e+02
7.160000000000000000e+02
6.650000000000000000e+02
6.460000000000000000e+02
6.280000000000000000e+02
6.140000000000000000e+02
6.320000000000000000e+02
6.310000000000000000e+02
6.020000000000000000e+02
6.080000000000000000e+02
6.170000000000000000e+02
5.960000000000000000e+02
5.790000000000000000e+02
5.930000000000000000e+02
6.330000000000000000e+02
5.770000000000000000e+02
5.870000000000000000e+02
6.030000000000000000e+02
5.790000000000000000e+02
5.790000000000000000e+02
6.060000000000000000e+02
5.610000000000000000e+02
5.470000000000000000e+02
6.120000000000000000e+02
5.680000000000000000e+02
5.500000000000000000e+02
5.290000000000000000e+02
5.720000000000000000e+02
5.730000000000000000e+02
5.190000000000000000e+02
5.420000000000000000e+02
5.460000000000000000e+02
5.590000000000000000e+02
5.290000000000000000e+02
5.280000000000000000e+02
5.460000000000000000e+02
5.110000000000000000e+02
5.140000000000000000e+02
4.870000000000000000e+02
5.000000000000000000e+02
4.990000000000000000e+02
4.470000000000000000e+02
4.120000000000000000e+02
3.880000000000000000e+02
4.010000000000000000e+02
3.700000000000000000e+02
3.250000000000000000e+02
2.990000000000000000e+02
2.900000000000000000e+02
2.890000000000000000e+02
2.330000000000000000e+02
2.460000000000000000e+02
2.350000000000000000e+02
2.260000000000000000e+02
2.170000000000000000e+02
2.200000000000000000e+02
1.770000000000000000e+02
1.870000000000000000e+02
1.900000000000000000e+02
1.860000000000000000e+02
1.630000000000000000e+02
1.770000000000000000e+02
1.740000000000000000e+02
1.720000000000000000e+02
1.770000000000000000e+02
1.940000000000000000e+02
1.920000000000000000e+02
1.820000000000000000e+02
1.910000000000000000e+02
1.640000000000000000e+02
1.920000000000000000e+02
1.530000000000000000e+02
1.580000000000000000e+02
1.670000000000000000e+02
1.430000000000000000e+02
1.670000000000000000e+02
1.400000000000000000e+02
1.940000000000000000e+02
1.880000000000000000e+02
2.220000000000000000e+02
2.830000000000000000e+02
2.330000000000000000e+02
1.128000000000000000e+03
1.850000000000000000e+02
6.330000000000000000e+02
0.000000000000000000e+00
0.000000000000000000e+00
0.000000000000000000e+00
0.000000000000000000e+00
0.000000000000000000e+00
0.000000000000000000e+00
0.000000000000000000e+00
0.000000000000000000e+00
0.000000000000000000e+00
0.000000000000000000e+00
0.000000000000000000e+00
0.000000000000000000e+00
0.000000000000000000e+00
0.000000000000000000e+00
0.000000000000000000e+00
0.000000000000000000e+00
0.000000000000000000e+00
0.000000000000000000e+00
0.000000000000000000e+00
0.000000000000000000e+00
1.000000000000000000e+00
2.000000000000000000e+00
0.000000000000000000e+00
2.000000000000000000e+00
1.000000000000000000e+00
1.000000000000000000e+00
1.000000000000000000e+00
0.000000000000000000e+00
1.000000000000000000e+00
1.000000000000000000e+00
4.000000000000000000e+00
1.000000000000000000e+00
4.000000000000000000e+00
1.000000000000000000e+00
2.000000000000000000e+00
4.000000000000000000e+00
3.000000000000000000e+00
8.000000000000000000e+00
8.000000000000000000e+00
1.100000000000000000e+01
1.200000000000000000e+01
1.100000000000000000e+01
1.600000000000000000e+01
1.200000000000000000e+01
3.100000000000000000e+01
3.000000000000000000e+01
4.000000000000000000e+01
6.200000000000000000e+01
5.200000000000000000e+01
9.600000000000000000e+01
1.060000000000000000e+02
1.430000000000000000e+02
1.490000000000000000e+02
1.810000000000000000e+02
1.940000000000000000e+02
2.260000000000000000e+02
2.340000000000000000e+02
2.990000000000000000e+02
3.380000000000000000e+02
3.590000000000000000e+02
3.480000000000000000e+02
4.010000000000000000e+02
3.970000000000000000e+02
4.670000000000000000e+02
5.000000000000000000e+02
5.390000000000000000e+02
6.170000000000000000e+02
6.550000000000000000e+02
6.790000000000000000e+02
7.280000000000000000e+02
8.020000000000000000e+02
8.310000000000000000e+02
9.000000000000000000e+02
9.970000000000000000e+02
1.118000000000000000e+03
1.188000000000000000e+03
1.312000000000000000e+03
1.405000000000000000e+03
1.542000000000000000e+03
1.597000000000000000e+03
1.637000000000000000e+03
1.815000000000000000e+03
1.887000000000000000e+03
2.026000000000000000e+03
1.987000000000000000e+03
2.034000000000000000e+03
2.126000000000000000e+03
2.101000000000000000e+03
2.202000000000000000e+03
2.125000000000000000e+03
2.298000000000000000e+03
2.378000000000000000e+03
2.489000000000000000e+03
2.567000000000000000e+03
2.519000000000000000e+03
2.519000000000000000e+03
2.484000000000000000e+03
2.381000000000000000e+03
2.313000000000000000e+03
2.356000000000000000e+03
2.234000000000000000e+03
2.221000000000000000e+03
2.150000000000000000e+03
2.070000000000000000e+03
2.125000000000000000e+03
1.941000000000000000e+03
2.023000000000000000e+03
1.834000000000000000e+03
1.836000000000000000e+03
1.799000000000000000e+03
1.734000000000000000e+03
1.685000000000000000e+03
1.647000000000000000e+03
1.629000000000000000e+03
1.537000000000000000e+03
1.506000000000000000e+03
1.426000000000000000e+03
1.341000000000000000e+03
1.266000000000000000e+03
1.209000000000000000e+03
1.202000000000000000e+03
1.039000000000000000e+03
1.044000000000000000e+03
9.570000000000000000e+02
9.780000000000000000e+02
9.530000000000000000e+02
9.170000000000000000e+02
9.270000000000000000e+02
8.540000000000000000e+02
8.720000000000000000e+02
9.010000000000000000e+02
8.310000000000000000e+02
8.660000000000000000e+02
7.910000000000000000e+02
7.920000000000000000e+02
8.930000000000000000e+02
8.430000000000000000e+02
8.240000000000000000e+02
8.790000000000000000e+02
8.880000000000000000e+02
9.230000000000000000e+02
8.870000000000000000e+02
8.630000000000000000e+02
8.900000000000000000e+02
9.140000000000000000e+02
8.630000000000000000e+02
9.440000000000000000e+02
9.360000000000000000e+02
9.330000000000000000e+02
8.540000000000000000e+02
9.270000000000000000e+02
8.700000000000000000e+02
9.400000000000000000e+02
9.230000000000000000e+02
9.860000000000000000e+02
9.450000000000000000e+02
9.760000000000000000e+02
9.900000000000000000e+02
1.012000000000000000e+03
9.480000000000000000e+02
9.380000000000000000e+02
9.800000000000000000e+02
9.220000000000000000e+02
9.960000000000000000e+02
9.660000000000000000e+02
9.270000000000000000e+02
9.620000000000000000e+02
9.770000000000000000e+02
9.190000000000000000e+02
9.920000000000000000e+02
9.800000000000000000e+02
1.017000000000000000e+03
9.830000000000000000e+02
1.008000000000000000e+03
1.043000000000000000e+03
9.870000000000000000e+02
9.770000000000000000e+02
9.470000000000000000e+02
9.870000000000000000e+02
1.079000000000000000e+03
9.510000000000000000e+02
9.990000000000000000e+02
9.480000000000000000e+02
9.460000000000000000e+02
9.940000000000000000e+02
9.530000000000000000e+02
8.770000000000000000e+02
8.820000000000000000e+02
7.730000000000000000e+02
8.030000000000000000e+02
7.480000000000000000e+02
7.340000000000000000e+02
6.700000000000000000e+02
6.170000000000000000e+02
5.800000000000000000e+02
5.720000000000000000e+02
5.280000000000000000e+02
5.370000000000000000e+02
5.110000000000000000e+02
5.310000000000000000e+02
4.450000000000000000e+02
4.860000000000000000e+02
4.340000000000000000e+02
4.230000000000000000e+02
4.110000000000000000e+02
3.940000000000000000e+02
3.570000000000000000e+02
4.040000000000000000e+02
3.630000000000000000e+02
3.930000000000000000e+02
3.570000000000000000e+02
3.390000000000000000e+02
3.370000000000000000e+02
3.420000000000000000e+02
3.500000000000000000e+02
3.370000000000000000e+02
3.160000000000000000e+02
2.970000000000000000e+02
2.960000000000000000e+02
2.850000000000000000e+02
2.800000000000000000e+02
2.730000000000000000e+02
2.560000000000000000e+02
2.500000000000000000e+02
2.370000000000000000e+02
2.430000000000000000e+02
2.100000000000000000e+02
2.090000000000000000e+02
2.170000000000000000e+02
2.130000000000000000e+02
1.950000000000000000e+02
1.930000000000000000e+02
2.350000000000000000e+02
2.230000000000000000e+02
2.040000000000000000e+02
2.220000000000000000e+02
2.100000000000000000e+02
2.240000000000000000e+02
2.290000000000000000e+02
2.340000000000000000e+02
2.160000000000000000e+02
1.960000000000000000e+02
1.790000000000000000e+02
1.680000000000000000e+02
1.610000000000000000e+02
1.610000000000000000e+02
1.670000000000000000e+02
1.550000000000000000e+02
1.620000000000000000e+02
1.730000000000000000e+02
2.070000000000000000e+02
2.250000000000000000e+02
4.010000000000000000e+02
1.291000000000000000e+03
4.470000000000000000e+02
6.250000000000000000e+02
0.000000000000000000e+00
0.000000000000000000e+00
0.000000000000000000e+00
0.000000000000000000e+00
0.000000000000000000e+00
0.000000000000000000e+00
0.000000000000000000e+00
0.000000000000000000e+00
0.000000000000000000e+00
0.000000000000000000e+00
0.000000000000000000e+00
0.000000000000000000e+00
0.000000000000000000e+00
0.000000000000000000e+00
1.000000000000000000e+00
0.000000000000000000e+00
1.000000000000000000e+00
2.000000000000000000e+00
1.000000000000000000e+00
2.000000000000000000e+00
1.000000000000000000e+00
0.000000000000000000e+00
0.000000000000000000e+00
0.000000000000000000e+00
0.000000000000000000e+00
2.000000000000000000e+00
2.000000000000000000e+00
1.000000000000000000e+00
2.000000000000000000e+00
1.000000000000000000e+00
1.000000000000000000e+00
4.000000000000000000e+00
2.000000000000000000e+00
5.000000000000000000e+00
3.000000000000000000e+00
7.000000000000000000e+00
6.000000000000000000e+00
5.000000000000000000e+00
1.100000000000000000e+01
1.300000000000000000e+01
1.100000000000000000e+01
1.800000000000000000e+01
3.300000000000000000e+01
4.200000000000000000e+01
4.900000000000000000e+01
6.200000000000000000e+01
7.900000000000000000e+01
7.600000000000000000e+01
1.070000000000000000e+02
1.320000000000000000e+02
1.540000000000000000e+02
1.890000000000000000e+02
2.170000000000000000e+02
2.280000000000000000e+02
2.950000000000000000e+02
3.460000000000000000e+02
3.570000000000000000e+02
3.690000000000000000e+02
4.410000000000000000e+02
4.270000000000000000e+02
5.120000000000000000e+02
5.630000000000000000e+02
6.070000000000000000e+02
6.600000000000000000e+02
6.510000000000000000e+02
7.600000000000000000e+02
8.340000000000000000e+02
9.080000000000000000e+02
1.006000000000000000e+03
1.086000000000000000e+03
1.239000000000000000e+03
1.399000000000000000e+03
1.457000000000000000e+03
1.662000000000000000e+03
1.692000000000000000e+03
1.783000000000000000e+03
1.855000000000000000e+03
1.922000000000000000e+03
1.783000000000000000e+03
1.934000000000000000e+03
1.971000000000000000e+03
2.023000000000000000e+03
2.064000000000000000e+03
2.222000000000000000e+03
2.159000000000000000e+03
2.311000000000000000e+03
2.338000000000000000e+03
2.318000000000000000e+03
2.438000000000000000e+03
2.414000000000000000e+03
2.372000000000000000e+03
2.268000000000000000e+03
2.210000000000000000e+03
2.280000000000000000e+03
2.149000000000000000e+03
2.165000000000000000e+03
2.180000000000000000e+03
2.000000000000000000e+03
2.033000000000000000e+03
2.036000000000000000e+03
2.010000000000000000e+03
1.958000000000000000e+03
1.806000000000000000e+03
1.879000000000000000e+03
1.846000000000000000e+03
1.834000000000000000e+03
1.790000000000000000e+03
1.692000000000000000e+03
1.644000000000000000e+03
1.544000000000000000e+03
1.449000000000000000e+03
1.309000000000000000e+03
1.294000000000000000e+03
1.174000000000000000e+03
1.148000000000000000e+03
1.091000000000000000e+03
1.044000000000000000e+03
1.063000000000000000e+03
9.850000000000000000e+02
9.850000000000000000e+02
9.700000000000000000e+02
8.840000000000000000e+02
9.380000000000000000e+02
8.820000000000000000e+02
8.310000000000000000e+02
8.440000000000000000e+02
8.520000000000000000e+02
8.300000000000000000e+02
8.290000000000000000e+02
8.690000000000000000e+02
8.590000000000000000e+02
8.640000000000000000e+02
9.710000000000000000e+02
8.860000000000000000e+02
9.150000000000000000e+02
9.250000000000000000e+02
9.440000000000000000e+02
9.730000000000000000e+02
9.660000000000000000e+02
1.024000000000000000e+03
1.053000000000000000e+03
1.077000000000000000e+03
1.035000000000000000e+03
1.089000000000000000e+03
1.047000000000000000e+03
1.031000000000000000e+03
1.048000000000000000e+03
1.079000000000000000e+03
1.055000000000000000e+03
1.045000000000000000e+03
1.090000000000000000e+03
9.930000000000000000e+02
1.009000000000000000e+03
1.048000000000000000e+03
1.026000000000000000e+03
1.025000000000000000e+03
1.019000000000000000e+03
9.990000000000000000e+02
9.980000000000000000e+02
9.610000000000000000e+02
9.840000000000000000e+02
9.330000000000000000e+02
9.340000000000000000e+02
9.640000000000000000e+02
9.890000000000000000e+02
9.500000000000000000e+02
9.420000000000000000e+02
9.920000000000000000e+02
9.330000000000000000e+02
9.470000000000000000e+02
9.030000000000000000e+02
8.780000000000000000e+02
8.350000000000000000e+02
8.220000000000000000e+02
8.200000000000000000e+02
7.800000000000000000e+02
7.470000000000000000e+02
7.610000000000000000e+02
7.510000000000000000e+02
7.360000000000000000e+02
7.170000000000000000e+02
6.910000000000000000e+02
6.550000000000000000e+02
6.420000000000000000e+02
6.090000000000000000e+02
6.000000000000000000e+02
5.800000000000000000e+02
5.560000000000000000e+02
6.170000000000000000e+02
5.170000000000000000e+02
4.700000000000000000e+02
5.230000000000000000e+02
5.150000000000000000e+02
5.210000000000000000e+02
4.730000000000000000e+02
4.670000000000000000e+02
4.690000000000000000e+02
4.470000000000000000e+02
4.620000000000000000e+02
4.410000000000000000e+02
4.250000000000000000e+02
4.560000000000000000e+02
4.320000000000000000e+02
4.360000000000000000e+02
4.250000000000000000e+02
4.480000000000000000e+02
4.350000000000000000e+02
3.980000000000000000e+02
4.060000000000000000e+02
4.280000000000000000e+02
3.980000000000000000e+02
4.380000000000000000e+02
3.790000000000000000e+02
3.820000000000000000e+02
4.230000000000000000e+02
3.690000000000000000e+02
3.660000000000000000e+02
3.690000000000000000e+02
3.540000000000000000e+02
3.270000000000000000e+02
3.440000000000000000e+02
2.990000000000000000e+02
3.220000000000000000e+02
3.290000000000000000e+02
2.560000000000000000e+02
2.790000000000000000e+02
2.560000000000000000e+02
2.360000000000000000e+02
2.370000000000000000e+02
2.540000000000000000e+02
2.360000000000000000e+02
2.240000000000000000e+02
2.270000000000000000e+02
2.020000000000000000e+02
1.930000000000000000e+02
2.050000000000000000e+02
1.740000000000000000e+02
1.790000000000000000e+02
1.830000000000000000e+02
1.790000000000000000e+02
2.030000000000000000e+02
2.010000000000000000e+02
1.860000000000000000e+02
1.840000000000000000e+02
2.140000000000000000e+02
2.210000000000000000e+02
2.610000000000000000e+02
2.310000000000000000e+02
2.590000000000000000e+02
2.530000000000000000e+02
2.620000000000000000e+02
3.040000000000000000e+02
4.280000000000000000e+02
1.279000000000000000e+03
4.190000000000000000e+02
8.170000000000000000e+02
