7.187000000000000000e+03
1.996000000000000000e+03
2.565000000000000000e+03
2.798000000000000000e+03
3.139000000000000000e+03
3.374000000000000000e+03
3.520000000000000000e+03
3.626000000000000000e+03
3.625000000000000000e+03
3.674000000000000000e+03
3.626000000000000000e+03
3.694000000000000000e+03
3.703000000000000000e+03
3.773000000000000000e+03
3.641000000000000000e+03
3.529000000000000000e+03
3.341000000000000000e+03
3.338000000000000000e+03
3.104000000000000000e+03
3.003000000000000000e+03
3.143000000000000000e+03
2.935000000000000000e+03
2.823000000000000000e+03
2.814000000000000000e+03
2.912000000000000000e+03
2.813000000000000000e+03
2.776000000000000000e+03
2.760000000000000000e+03
2.657000000000000000e+03
2.686000000000000000e+03
2.616000000000000000e+03
2.534000000000000000e+03
2.512000000000000000e+03
2.444000000000000000e+03
2.376000000000000000e+03
2.297000000000000000e+03
2.222000000000000000e+03
2.082000000000000000e+03
2.076000000000000000e+03
1.927000000000000000e+03
1.953000000000000000e+03
1.895000000000000000e+03
1.785000000000000000e+03
1.751000000000000000e+03
1.683000000000000000e+03
1.649000000000000000e+03
1.513000000000000000e+03
1.455000000000000000e+03
1.408000000000000000e+03
1.344000000000000000e+03
1.289000000000000000e+03
1.168000000000000000e+03
1.110000000000000000e+03
1.022000000000000000e+03
9.500000000000000000e+02
9.440000000000000000e+02
8.550000000000000000e+02
8.730000000000000000e+02
8.520000000000000000e+02
7.690000000000000000e+02
7.530000000000000000e+02
7.500000000000000000e+02
6.710000000000000000e+02
6.590000000000000000e+02
6.340000000000000000e+02
6.070000000000000000e+02
6.230000000000000000e+02
5.380000000000000000e+02
5.360000000000000000e+02
5.000000000000000000e+02
4.600000000000000000e+02
4.640000000000000000e+02
4.140000000000000000e+02
4.420000000000000000e+02
3.890000000000000000e+02
3.850000000000000000e+02
4.230000000000000000e+02
3.960000000000000000e+02
3.650000000000000000e+02
3.260000000000000000e+02
3.080000000000000000e+02
3.010000000000000000e+02
2.780000000000000000e+02
2.960000000000000000e+02
2.620000000000000000e+02
2.550000000000000000e+02
2.300000000000000000e+02
2.120000000000000000e+02
2.380000000000000000e+02
2.160000000000000000e+02
1.960000000000000000e+02
1.830000000000000000e+02
2.180000000000000000e+02
2.190000000000000000e+02
1.930000000000000000e+02
1.750000000000000000e+02
1.580000000000000000e+02
1.720000000000000000e+02
1.740000000000000000e+02
1.620000000000000000e+02
1.370000000000000000e+02
1.520000000000000000e+02
1.550000000000000000e+02
1.490000000000000000e+02
1.330000000000000000e+02
1.350000000000000000e+02
1.460000000000000000e+02
1.150000000000000000e+02
1.270000000000000000e+02
1.320000000000000000e+02
1.190000000000000000e+02
1.120000000000000000e+02
1.050000000000000000e+02
1.110000000000000000e+02
1.100000000000000000e+02
7.900000000000000000e+01
8.400000000000000000e+01
6.700000000000000000e+01
7.100000000000000000e+01
7.200000000000000000e+01
6.900000000000000000e+01
6.200000000000000000e+01
5.900000000000000000e+01
4.700000000000000000e+01
6.000000000000000000e+01
4.100000000000000000e+01
6.500000000000000000e+01
4.900000000000000000e+01
5.800000000000000000e+01
6.200000000000000000e+01
4.400000000000000000e+01
3.100000000000000000e+01
4.300000000000000000e+01
4.900000000000000000e+01
4.500000000000000000e+01
3.500000000000000000e+01
3.800000000000000000e+01
3.600000000000000000e+01
3.100000000000000000e+01
2.900000000000000000e+01
2.900000000000000000e+01
2.500000000000000000e+01
2.100000000000000000e+01
1.300000000000000000e+01
6.000000000000000000e+00
1.000000000000000000e+01
1.600000000000000000e+01
6.000000000000000000e+00
3.000000000000000000e+00
5.000000000000000000e+00
4.000000000000000000e+00
3.000000000000000000e+00
5.000000000000000000e+00
3.000000000000000000e+00
8.000000000000000000e+00
3.000000000000000000e+00
2.000000000000000000e+00
3.000000000000000000e+00
3.000000000000000000e+00
0.000000000000000000e+00
1.000000000000000000e+00
1.000000000000000000e+00
1.000000000000000000e+00
3.000000000000000000e+00
0.000000000000000000e+00
2.000000000000000000e+00
0.000000000000000000e+00
0.000000000000000000e+00
0.000000000000000000e+00
1.000000000000000000e+00
2.000000000000000000e+00
0.000000000000000000e+00
1.000000000000000000e+00
1.000000000000000000e+00
1.000000000000000000e+00
0.000000000000000000e+00
0.000000000000000000e+00
0.000000000000000000e+00
0.000000000000000000e+00
3.000000000000000000e+00
0.000000000000000000e+00
1.000000000000000000e+00
0.000000000000000000e+00
3.000000000000000000e+00
1.000000000000000000e+00
1.000000000000000000e+00
0.000000000000000000e+00
1.000000000000000000e+00
0.000000000000000000e+00
0.000000000000000000e+00
1.000000000000000000e+00
0.000000000000000000e+00
0.000000000000000000e+00
0.000000000000000000e+00
0.000000000000000000e+00
0.000000000000000000e+00
0.000000000000000000e+00
0.000000000000000000e+00
0.000000000000000000e+00
0.000000000000000000e+00
0.000000000000000000e+00
0.000000000000000000e+00
0.000000000000000000e+00
0.000000000000000000e+00
0.000000000000000000e+00
0.000000000000000000e+00
0.000000000000000000e+00
0.000000000000000000e+00
0.000000000000000000e+00
0.000000000000000000e+00
0.000000000000000000e+00
0.000000000000000000e+00
0.000000000000000000e+00
0.000000000000000000e+00
0.000000000000000000e+00
0.000000000000000000e+00
0.000000000000000000e+00
0.000000000000000000e+00
0.000000000000000000e+00
0.000000000000000000e+00
0.000000000000000000e+00
0.000000000000000000e+00
0.000000000000000000e+00
0.000000000000000000e+00
0.000000000000000000e+00
0.000000000000000000e+00
0.000000000000000000e+00
0.000000000000000000e+00
0.000000000000000000e+00
0.000000000000000000e+00
0.000000000000000000e+00
0.000000000000000000e+00
0.000000000000000000e+00
0.000000000000000000e+00
0.000000000000000000e+00
0.000000000000000000e+00
0.000000000000000000e+00
0.000000000000000000e+00
0.000000000000000000e+00
0.000000000000000000e+00
0.000000000000000000e+00
0.000000000000000000e+00
0.000000000000000000e+00
0.000000000000000000e+00
0.000000000000000000e+00
0.000000000000000000e+00
0.000000000000000000e+00
0.000000000000000000e+00
0.000000000000000000e+00
0.000000000000000000e+00
0.000000000000000000e+00
0.000000000000000000e+00
0.000000000000000000e+00
0.000000000000000000e+00
0.000000000000000000e+00
0.000000000000000000e+00
5.000000000000000000e+00
1.000000000000000000e+00
0.000000000000000000e+00
4.000000000000000000e+00
8.000000000000000000e+00
1.100000000000000000e+01
1.100000000000000000e+01
3.000000000000000000e+01
3.200000000000000000e+01
7.400000000000000000e+01
1.080000000000000000e+02
1.320000000000000000e+02
1.820000000000000000e+02
2.590000000000000000e+02
3.580000000000000000e+02
4.460000000000000000e+02
5.070000000000000000e+02
5.720000000000000000e+02
6.010000000000000000e+02
6.720000000000000000e+02
7.410000000000000000e+02
8.160000000000000000e+02
9.150000000000000000e+02
1.074000000000000000e+03
1.077000000000000000e+03
1.043000000000000000e+03
1.091000000000000000e+03
1.156000000000000000e+03
1.190000000000000000e+03
1.216000000000000000e+03
1.210000000000000000e+03
1.173000000000000000e+03
1.194000000000000000e+03
1.364000000000000000e+03
1.360000000000000000e+03
1.467000000000000000e+03
1.513000000000000000e+03
1.571000000000000000e+03
1.615000000000000000e+03
1.764000000000000000e+03
1.873000000000000000e+03
1.951000000000000000e+03
2.007000000000000000e+03
2.036000000000000000e+03
1.984000000000000000e+03
1.984000000000000000e+03
2.011000000000000000e+03
1.988000000000000000e+03
2.021000000000000000e+03
2.054000000000000000e+03
2.137000000000000000e+03
2.101000000000000000e+03
2.144000000000000000e+03
2.115000000000000000e+03
2.034000000000000000e+03
2.037000000000000000e+03
2.113000000000000000e+03
2.050000000000000000e+03
2.068000000000000000e+03
2.239000000000000000e+03
2.256000000000000000e+03
2.169000000000000000e+03
2.312000000000000000e+03
2.319000000000000000e+03
2.250000000000000000e+03
2.211000000000000000e+03
2.182000000000000000e+03
2.135000000000000000e+03
2.133000000000000000e+03
2.102000000000000000e+03
2.074000000000000000e+03
2.034000000000000000e+03
1.970000000000000000e+03
1.996000000000000000e+03
1.927000000000000000e+03
1.827000000000000000e+03
1.859000000000000000e+03
1.837000000000000000e+03
1.905000000000000000e+03
1.845000000000000000e+03
1.749000000000000000e+03
1.712000000000000000e+03
1.717000000000000000e+03
1.659000000000000000e+03
1.606000000000000000e+03
1.612000000000000000e+03
1.523000000000000000e+03
1.476000000000000000e+03
1.438000000000000000e+03
1.382000000000000000e+03
1.374000000000000000e+03
1.446000000000000000e+03
1.383000000000000000e+03
1.316000000000000000e+03
1.255000000000000000e+03
1.296000000000000000e+03
1.220000000000000000e+03
1.223000000000000000e+03
1.132000000000000000e+03
1.133000000000000000e+03
1.089000000000000000e+03
1.009000000000000000e+03
1.045000000000000000e+03
9.120000000000000000e+02
9.490000000000000000e+02
9.370000000000000000e+02
8.860000000000000000e+02
8.870000000000000000e+02
8.010000000000000000e+02
7.610000000000000000e+02
7.240000000000000000e+02
7.060000000000000000e+02
7.130000000000000000e+02
6.500000000000000000e+02
6.240000000000000000e+02
6.610000000000000000e+02
5.650000000000000000e+02
5.790000000000000000e+02
5.610000000000000000e+02
5.270000000000000000e+02
5.190000000000000000e+02
4.640000000000000000e+02
4.400000000000000000e+02
4.130000000000000000e+02
4.110000000000000000e+02
3.730000000000000000e+02
3.970000000000000000e+02
3.290000000000000000e+02
3.240000000000000000e+02
3.310000000000000000e+02
3.400000000000000000e+02
3.420000000000000000e+02
2.640000000000000000e+02
2.720000000000000000e+02
2.620000000000000000e+02
2.770000000000000000e+02
2.410000000000000000e+02
2.610000000000000000e+02
2.460000000000000000e+02
2.290000000000000000e+02
2.070000000000000000e+02
1.820000000000000000e+02
1.830000000000000000e+02
1.700000000000000000e+02
1.810000000000000000e+02
1.490000000000000000e+02
1.270000000000000000e+02
1.280000000000000000e+02
1.450000000000000000e+02
1.290000000000000000e+02
1.460000000000000000e+02
9.500000000000000000e+01
9.800000000000000000e+01
1.030000000000000000e+02
1.040000000000000000e+02
1.010000000000000000e+02
9.600000000000000000e+01
8.500000000000000000e+01
8.500000000000000000e+01
7.900000000000000000e+01
8.400000000000000000e+01
6.900000000000000000e+01
6.200000000000000000e+01
6.800000000000000000e+01
6.300000000000000000e+01
6.700000000000000000e+01
5.600000000000000000e+01
5.600000000000000000e+01
5.400000000000000000e+01
5.000000000000000000e+01
5.600000000000000000e+01
3.600000000000000000e+01
6.100000000000000000e+01
5.300000000000000000e+01
4.100000000000000000e+01
5.500000000000000000e+01
4.600000000000000000e+01
4.600000000000000000e+01
5.300000000000000000e+01
4.700000000000000000e+01
5.200000000000000000e+01
3.000000000000000000e+01
5.100000000000000000e+01
4.900000000000000000e+01
4.800000000000000000e+01
3.500000000000000000e+01
4.400000000000000000e+01
4.700000000000000000e+01
3.100000000000000000e+01
4.000000000000000000e+01
3.200000000000000000e+01
2.300000000000000000e+01
1.800000000000000000e+01
1.800000000000000000e+01
1.600000000000000000e+01
1.800000000000000000e+01
1.100000000000000000e+01
1.700000000000000000e+01
8.000000000000000000e+00
4.000000000000000000e+00
7.000000000000000000e+00
2.000000000000000000e+00
3.000000000000000000e+00
1.000000000000000000e+00
3.000000000000000000e+00
0.000000000000000000e+00
1.000000000000000000e+00
0.000000000000000000e+00
1.000000000000000000e+00
1.000000000000000000e+00
1.000000000000000000e+00
1.000000000000000000e+00
1.000000000000000000e+00
0.000000000000000000e+00
2.000000000000000000e+00
1.000000000000000000e+00
0.000000000000000000e+00
4.000000000000000000e+00
1.000000000000000000e+00
1.000000000000000000e+00
0.000000000000000000e+00
1.000000000000000000e+00
0.000000000000000000e+00
1.000000000000000000e+00
0.000000000000000000e+00
0.000000000000000000e+00
0.000000000000000000e+00
0.000000000000000000e+00
0.000000000000000000e+00
0.000000000000000000e+00
0.000000000000000000e+00
0.000000000000000000e+00
0.000000000000000000e+00
0.000000000000000000e+00
0.000000000000000000e+00
0.000000000000000000e+00
0.000000000000000000e+00
0.000000000000000000e+00
0.000000000000000000e+00
0.000000000000000000e+00
0.000000000000000000e+00
0.000000000000000000e+00
0.000000000000000000e+00
0.000000000000000000e+00
0.000000000000000000e+00
0.000000000000000000e+00
0.000000000000000000e+00
0.000000000000000000e+00
0.000000000000000000e+00
0.000000000000000000e+00
0.000000000000000000e+00
0.000000000000000000e+00
0.000000000000000000e+00
0.000000000000000000e+00
0.000000000000000000e+00
0.000000000000000000e+00
1.710000000000000000e+02
9.200000000000000000e+01
1.530000000000000000e+02
1.990000000000000000e+02
3.060000000000000000e+02
3.580000000000000000e+02
4.920000000000000000e+02
6.610000000000000000e+02
7.500000000000000000e+02
9.420000000000000000e+02
1.093000000000000000e+03
1.285000000000000000e+03
1.367000000000000000e+03
1.466000000000000000e+03
1.643000000000000000e+03
1.755000000000000000e+03
1.693000000000000000e+03
1.689000000000000000e+03
1.670000000000000000e+03
1.737000000000000000e+03
1.844000000000000000e+03
1.808000000000000000e+03
1.856000000000000000e+03
1.899000000000000000e+03
1.917000000000000000e+03
2.018000000000000000e+03
2.070000000000000000e+03
2.141000000000000000e+03
2.119000000000000000e+03
2.060000000000000000e+03
2.313000000000000000e+03
2.234000000000000000e+03
2.283000000000000000e+03
2.233000000000000000e+03
2.245000000000000000e+03
2.247000000000000000e+03
2.168000000000000000e+03
2.193000000000000000e+03
2.088000000000000000e+03
2.173000000000000000e+03
2.070000000000000000e+03
2.095000000000000000e+03
1.942000000000000000e+03
1.940000000000000000e+03
1.832000000000000000e+03
1.861000000000000000e+03
1.862000000000000000e+03
1.924000000000000000e+03
1.818000000000000000e+03
1.800000000000000000e+03
1.805000000000000000e+03
1.982000000000000000e+03
1.859000000000000000e+03
1.818000000000000000e+03
1.783000000000000000e+03
1.820000000000000000e+03
1.761000000000000000e+03
1.783000000000000000e+03
1.720000000000000000e+03
1.709000000000000000e+03
1.640000000000000000e+03
1.557000000000000000e+03
1.611000000000000000e+03
1.575000000000000000e+03
1.471000000000000000e+03
1.461000000000000000e+03
1.484000000000000000e+03
1.412000000000000000e+03
1.479000000000000000e+03
1.423000000000000000e+03
1.350000000000000000e+03
1.332000000000000000e+03
1.284000000000000000e+03
1.283000000000000000e+03
1.279000000000000000e+03
1.266000000000000000e+03
1.172000000000000000e+03
1.163000000000000000e+03
1.137000000000000000e+03
1.073000000000000000e+03
1.069000000000000000e+03
1.023000000000000000e+03
9.560000000000000000e+02
1.045000000000000000e+03
9.370000000000000000e+02
9.140000000000000000e+02
9.130000000000000000e+02
8.530000000000000000e+02
9.170000000000000000e+02
8.300000000000000000e+02
7.700000000000000000e+02
7.960000000000000000e+02
7.520000000000000000e+02
7.760000000000000000e+02
8.190000000000000000e+02
7.430000000000000000e+02
7.560000000000000000e+02
7.590000000000000000e+02
7.120000000000000000e+02
7.500000000000000000e+02
7.300000000000000000e+02
7.270000000000000000e+02
7.070000000000000000e+02
6.850000000000000000e+02
6.300000000000000000e+02
5.830000000000000000e+02
5.580000000000000000e+02
5.210000000000000000e+02
5.120000000000000000e+02
5.330000000000000000e+02
5.440000000000000000e+02
4.800000000000000000e+02
4.370000000000000000e+02
4.510000000000000000e+02
4.410000000000000000e+02
4.100000000000000000e+02
4.430000000000000000e+02
4.350000000000000000e+02
3.930000000000000000e+02
4.090000000000000000e+02
3.660000000000000000e+02
3.380000000000000000e+02
3.600000000000000000e+02
3.480000000000000000e+02
3.380000000000000000e+02
3.240000000000000000e+02
3.250000000000000000e+02
3.080000000000000000e+02
2.980000000000000000e+02
3.040000000000000000e+02
3.260000000000000000e+02
2.740000000000000000e+02
2.730000000000000000e+02
2.660000000000000000e+02
2.310000000000000000e+02
2.270000000000000000e+02
2.360000000000000000e+02
2.330000000000000000e+02
1.940000000000000000e+02
2.010000000000000000e+02
2.040000000000000000e+02
1.760000000000000000e+02
1.920000000000000000e+02
1.970000000000000000e+02
2.070000000000000000e+02
2.170000000000000000e+02
2.020000000000000000e+02
2.280000000000000000e+02
1.950000000000000000e+02
2.030000000000000000e+02
1.910000000000000000e+02
1.670000000000000000e+02
1.720000000000000000e+02
1.620000000000000000e+02
1.200000000000000000e+02
1.320000000000000000e+02
1.120000000000000000e+02
1.160000000000000000e+02
1.170000000000000000e+02
1.000000000000000000e+02
1.140000000000000000e+02
9.900000000000000000e+01
1.040000000000000000e+02
8.200000000000000000e+01
1.120000000000000000e+02
9.500000000000000000e+01
8.800000000000000000e+01
8.400000000000000000e+01
8.600000000000000000e+01
8.900000000000000000e+01
8.100000000000000000e+01
8.200000000000000000e+01
7.500000000000000000e+01
7.300000000000000000e+01
7.400000000000000000e+01
7.700000000000000000e+01
8.800000000000000000e+01
8.700000000000000000e+01
6.900000000000000000e+01
7.200000000000000000e+01
7.500000000000000000e+01
7.900000000000000000e+01
7.500000000000000000e+01
6.800000000000000000e+01
6.100000000000000000e+01
5.200000000000000000e+01
5.900000000000000000e+01
5.100000000000000000e+01
6.100000000000000000e+01
5.700000000000000000e+01
4.500000000000000000e+01
3.900000000000000000e+01
5.500000000000000000e+01
5.500000000000000000e+01
5.200000000000000000e+01
6.200000000000000000e+01
4.500000000000000000e+01
3.200000000000000000e+01
3.500000000000000000e+01
3.300000000000000000e+01
2.700000000000000000e+01
3.000000000000000000e+01
2.100000000000000000e+01
2.400000000000000000e+01
2.700000000000000000e+01
2.300000000000000000e+01
2.600000000000000000e+01
2.300000000000000000e+01
1.000000000000000000e+01
1.400000000000000000e+01
1.500000000000000000e+01
1.300000000000000000e+01
4.000000000000000000e+00
5.000000000000000000e+00
6.000000000000000000e+00
8.000000000000000000e+00
5.000000000000000000e+00
3.000000000000000000e+00
5.000000000000000000e+00
7.000000000000000000e+00
8.000000000000000000e+00
4.000000000000000000e+00
1.000000000000000000e+00
2.000000000000000000e+00
3.000000000000000000e+00
3.000000000000000000e+00
5.000000000000000000e+00
4.000000000000000000e+00
7.000000000000000000e+00
4.000000000000000000e+00
2.000000000000000000e+00
2.000000000000000000e+00
2.000000000000000000e+00
3.000000000000000000e+00
3.000000000000000000e+00
9.000000000000000000e+00
2.000000000000000000e+00
3.000000000000000000e+00
0.000000000000000000e+00
2.000000000000000000e+00
3.000000000000000000e+00
2.000000000000000000e+00
2.000000000000000000e+00
1.000000000000000000e+00
2.000000000000000000e+00
1.000000000000000000e+00
0.000000000000000000e+00
1.000000000000000000e+00
1.000000000000000000e+00
1.000000000000000000e+00
0.000000000000000000e+00
0.000000000000000000e+00
0.000000000000000000e+00
0.000000000000000000e+00
0.000000000000000000e+00
0.000000000000000000e+00
