2.910000000000000000e+02
3.400000000000000000e+01
4.700000000000000000e+01
6.500000000000000000e+01
6.600000000000000000e+01
7.700000000000000000e+01
8.700000000000000000e+01
1.020000000000000000e+02
9.700000000000000000e+01
1.380000000000000000e+02
1.230000000000000000e+02
1.790000000000000000e+02
2.010000000000000000e+02
2.010000000000000000e+02
2.680000000000000000e+02
3.050000000000000000e+02
3.420000000000000000e+02
3.800000000000000000e+02
4.750000000000000000e+02
5.210000000000000000e+02
5.480000000000000000e+02
5.790000000000000000e+02
6.090000000000000000e+02
7.340000000000000000e+02
7.550000000000000000e+02
8.430000000000000000e+02
8.450000000000000000e+02
9.410000000000000000e+02
1.061000000000000000e+03
1.047000000000000000e+03
1.044000000000000000e+03
1.153000000000000000e+03
1.204000000000000000e+03
1.217000000000000000e+03
1.278000000000000000e+03
1.332000000000000000e+03
1.358000000000000000e+03
1.313000000000000000e+03
1.336000000000000000e+03
1.375000000000000000e+03
1.407000000000000000e+03
1.425000000000000000e+03
1.404000000000000000e+03
1.410000000000000000e+03
1.484000000000000000e+03
1.421000000000000000e+03
1.484000000000000000e+03
1.466000000000000000e+03
1.506000000000000000e+03
1.462000000000000000e+03
1.439000000000000000e+03
1.456000000000000000e+03
1.475000000000000000e+03
1.456000000000000000e+03
1.489000000000000000e+03
1.463000000000000000e+03
1.510000000000000000e+03
1.422000000000000000e+03
1.418000000000000000e+03
1.424000000000000000e+03
1.394000000000000000e+03
1.409000000000000000e+03
1.410000000000000000e+03
1.333000000000000000e+03
1.374000000000000000e+03
1.300000000000000000e+03
1.270000000000000000e+03
1.335000000000000000e+03
1.340000000000000000e+03
1.382000000000000000e+03
1.318000000000000000e+03
1.278000000000000000e+03
1.262000000000000000e+03
1.284000000000000000e+03
1.249000000000000000e+03
1.306000000000000000e+03
1.272000000000000000e+03
1.236000000000000000e+03
1.238000000000000000e+03
1.147000000000000000e+03
1.211000000000000000e+03
1.242000000000000000e+03
1.202000000000000000e+03
1.215000000000000000e+03
1.252000000000000000e+03
1.205000000000000000e+03
1.157000000000000000e+03
1.243000000000000000e+03
1.196000000000000000e+03
1.231000000000000000e+03
1.217000000000000000e+03
1.115000000000000000e+03
1.098000000000000000e+03
1.119000000000000000e+03
1.126000000000000000e+03
1.146000000000000000e+03
1.149000000000000000e+03
1.133000000000000000e+03
1.136000000000000000e+03
1.093000000000000000e+03
1.157000000000000000e+03
1.078000000000000000e+03
1.049000000000000000e+03
1.085000000000000000e+03
1.056000000000000000e+03
1.064000000000000000e+03
1.060000000000000000e+03
1.001000000000000000e+03
1.062000000000000000e+03
1.058000000000000000e+03
9.970000000000000000e+02
1.056000000000000000e+03
1.110000000000000000e+03
9.930000000000000000e+02
1.010000000000000000e+03
1.044000000000000000e+03
1.013000000000000000e+03
1.000000000000000000e+03
9.530000000000000000e+02
9.080000000000000000e+02
9.440000000000000000e+02
9.370000000000000000e+02
9.530000000000000000e+02
9.780000000000000000e+02
8.920000000000000000e+02
8.640000000000000000e+02
9.260000000000000000e+02
8.580000000000000000e+02
8.990000000000000000e+02
8.970000000000000000e+02
8.300000000000000000e+02
8.010000000000000000e+02
8.700000000000000000e+02
8.070000000000000000e+02
8.140000000000000000e+02
8.180000000000000000e+02
7.940000000000000000e+02
8.140000000000000000e+02
7.360000000000000000e+02
7.610000000000000000e+02
7.770000000000000000e+02
7.650000000000000000e+02
7.240000000000000000e+02
7.270000000000000000e+02
6.980000000000000000e+02
7.060000000000000000e+02
7.390000000000000000e+02
7.520000000000000000e+02
7.250000000000000000e+02
6.910000000000000000e+02
7.110000000000000000e+02
6.920000000000000000e+02
7.180000000000000000e+02
7.070000000000000000e+02
6.400000000000000000e+02
6.730000000000000000e+02
6.890000000000000000e+02
6.540000000000000000e+02
6.680000000000000000e+02
6.120000000000000000e+02
5.910000000000000000e+02
6.440000000000000000e+02
6.250000000000000000e+02
6.480000000000000000e+02
5.830000000000000000e+02
6.300000000000000000e+02
6.350000000000000000e+02
6.280000000000000000e+02
5.570000000000000000e+02
5.890000000000000000e+02
5.970000000000000000e+02
5.890000000000000000e+02
5.640000000000000000e+02
6.000000000000000000e+02
5.730000000000000000e+02
5.720000000000000000e+02
5.600000000000000000e+02
5.450000000000000000e+02
5.780000000000000000e+02
5.410000000000000000e+02
4.980000000000000000e+02
5.640000000000000000e+02
5.580000000000000000e+02
5.270000000000000000e+02
5.440000000000000000e+02
5.060000000000000000e+02
5.220000000000000000e+02
5.120000000000000000e+02
4.980000000000000000e+02
4.750000000000000000e+02
4.880000000000000000e+02
5.030000000000000000e+02
4.800000000000000000e+02
4.560000000000000000e+02
4.390000000000000000e+02
4.540000000000000000e+02
4.520000000000000000e+02
4.290000000000000000e+02
4.220000000000000000e+02
4.140000000000000000e+02
4.040000000000000000e+02
3.980000000000000000e+02
4.070000000000000000e+02
3.300000000000000000e+02
3.990000000000000000e+02
3.500000000000000000e+02
3.750000000000000000e+02
3.450000000000000000e+02
3.610000000000000000e+02
3.340000000000000000e+02
3.110000000000000000e+02
3.180000000000000000e+02
3.070000000000000000e+02
2.960000000000000000e+02
3.020000000000000000e+02
2.630000000000000000e+02
2.920000000000000000e+02
2.540000000000000000e+02
2.810000000000000000e+02
2.370000000000000000e+02
2.300000000000000000e+02
2.270000000000000000e+02
2.210000000000000000e+02
2.360000000000000000e+02
1.930000000000000000e+02
2.280000000000000000e+02
1.850000000000000000e+02
1.780000000000000000e+02
1.870000000000000000e+02
1.600000000000000000e+02
1.780000000000000000e+02
1.890000000000000000e+02
1.540000000000000000e+02
1.460000000000000000e+02
1.360000000000000000e+02
1.200000000000000000e+02
1.380000000000000000e+02
1.200000000000000000e+02
1.020000000000000000e+02
1.030000000000000000e+02
7.500000000000000000e+01
7.500000000000000000e+01
6.100000000000000000e+01
6.800000000000000000e+01
6.500000000000000000e+01
3.900000000000000000e+01
4.900000000000000000e+01
3.800000000000000000e+01
4.300000000000000000e+01
3.700000000000000000e+01
3.300000000000000000e+01
2.500000000000000000e+01
5.000000000000000000e+00
1.600000000000000000e+01
4.000000000000000000e+00
5.200000000000000000e+01
0.000000000000000000e+00
0.000000000000000000e+00
0.000000000000000000e+00
0.000000000000000000e+00
2.000000000000000000e+00
0.000000000000000000e+00
0.000000000000000000e+00
1.000000000000000000e+00
0.000000000000000000e+00
2.000000000000000000e+00
4.000000000000000000e+00
5.000000000000000000e+00
3.000000000000000000e+00
2.000000000000000000e+00
3.000000000000000000e+00
4.000000000000000000e+00
1.000000000000000000e+01
8.000000000000000000e+00
8.000000000000000000e+00
1.700000000000000000e+01
1.700000000000000000e+01
4.100000000000000000e+01
3.900000000000000000e+01
5.600000000000000000e+01
6.000000000000000000e+01
8.300000000000000000e+01
7.300000000000000000e+01
9.100000000000000000e+01
1.120000000000000000e+02
1.140000000000000000e+02
1.450000000000000000e+02
1.370000000000000000e+02
1.500000000000000000e+02
1.600000000000000000e+02
1.640000000000000000e+02
1.650000000000000000e+02
1.820000000000000000e+02
1.980000000000000000e+02
1.710000000000000000e+02
2.130000000000000000e+02
2.210000000000000000e+02
1.900000000000000000e+02
2.620000000000000000e+02
2.040000000000000000e+02
2.290000000000000000e+02
2.670000000000000000e+02
2.600000000000000000e+02
2.910000000000000000e+02
2.810000000000000000e+02
2.690000000000000000e+02
3.060000000000000000e+02
3.010000000000000000e+02
3.350000000000000000e+02
3.260000000000000000e+02
3.400000000000000000e+02
3.430000000000000000e+02
3.960000000000000000e+02
3.480000000000000000e+02
3.740000000000000000e+02
3.810000000000000000e+02
3.950000000000000000e+02
3.750000000000000000e+02
3.730000000000000000e+02
4.590000000000000000e+02
4.330000000000000000e+02
4.650000000000000000e+02
4.540000000000000000e+02
4.980000000000000000e+02
4.550000000000000000e+02
5.050000000000000000e+02
5.560000000000000000e+02
5.060000000000000000e+02
5.640000000000000000e+02
5.230000000000000000e+02
5.180000000000000000e+02
5.560000000000000000e+02
5.440000000000000000e+02
6.010000000000000000e+02
6.450000000000000000e+02
6.470000000000000000e+02
5.900000000000000000e+02
6.250000000000000000e+02
6.510000000000000000e+02
6.360000000000000000e+02
6.650000000000000000e+02
6.590000000000000000e+02
6.830000000000000000e+02
6.930000000000000000e+02
7.530000000000000000e+02
7.400000000000000000e+02
7.290000000000000000e+02
7.410000000000000000e+02
7.810000000000000000e+02
8.370000000000000000e+02
7.650000000000000000e+02
7.910000000000000000e+02
8.740000000000000000e+02
8.650000000000000000e+02
8.130000000000000000e+02
9.270000000000000000e+02
8.360000000000000000e+02
9.470000000000000000e+02
9.250000000000000000e+02
9.340000000000000000e+02
1.039000000000000000e+03
1.071000000000000000e+03
1.058000000000000000e+03
1.042000000000000000e+03
1.094000000000000000e+03
1.110000000000000000e+03
1.103000000000000000e+03
1.118000000000000000e+03
1.120000000000000000e+03
1.154000000000000000e+03
1.210000000000000000e+03
1.236000000000000000e+03
1.262000000000000000e+03
1.280000000000000000e+03
1.361000000000000000e+03
1.257000000000000000e+03
1.312000000000000000e+03
1.371000000000000000e+03
1.294000000000000000e+03
1.293000000000000000e+03
1.323000000000000000e+03
1.318000000000000000e+03
1.412000000000000000e+03
1.390000000000000000e+03
1.408000000000000000e+03
1.431000000000000000e+03
1.410000000000000000e+03
1.350000000000000000e+03
1.469000000000000000e+03
1.387000000000000000e+03
1.394000000000000000e+03
1.380000000000000000e+03
1.417000000000000000e+03
1.480000000000000000e+03
1.491000000000000000e+03
1.491000000000000000e+03
1.453000000000000000e+03
1.455000000000000000e+03
1.480000000000000000e+03
1.491000000000000000e+03
1.462000000000000000e+03
1.448000000000000000e+03
1.487000000000000000e+03
1.378000000000000000e+03
1.400000000000000000e+03
1.402000000000000000e+03
1.440000000000000000e+03
1.292000000000000000e+03
1.382000000000000000e+03
1.390000000000000000e+03
1.308000000000000000e+03
1.349000000000000000e+03
1.348000000000000000e+03
1.278000000000000000e+03
1.279000000000000000e+03
1.280000000000000000e+03
1.273000000000000000e+03
1.257000000000000000e+03
1.239000000000000000e+03
1.186000000000000000e+03
1.204000000000000000e+03
1.256000000000000000e+03
1.188000000000000000e+03
1.292000000000000000e+03
1.127000000000000000e+03
1.181000000000000000e+03
1.222000000000000000e+03
1.103000000000000000e+03
1.151000000000000000e+03
1.124000000000000000e+03
1.102000000000000000e+03
1.066000000000000000e+03
9.930000000000000000e+02
1.062000000000000000e+03
1.050000000000000000e+03
1.047000000000000000e+03
9.710000000000000000e+02
9.950000000000000000e+02
9.350000000000000000e+02
9.940000000000000000e+02
9.470000000000000000e+02
9.560000000000000000e+02
9.500000000000000000e+02
9.290000000000000000e+02
9.130000000000000000e+02
9.800000000000000000e+02
8.980000000000000000e+02
9.090000000000000000e+02
8.450000000000000000e+02
8.470000000000000000e+02
8.400000000000000000e+02
8.570000000000000000e+02
8.590000000000000000e+02
8.540000000000000000e+02
8.660000000000000000e+02
8.470000000000000000e+02
8.810000000000000000e+02
8.470000000000000000e+02
7.820000000000000000e+02
8.310000000000000000e+02
8.310000000000000000e+02
8.100000000000000000e+02
7.990000000000000000e+02
7.950000000000000000e+02
7.800000000000000000e+02
7.820000000000000000e+02
7.980000000000000000e+02
7.680000000000000000e+02
7.650000000000000000e+02
8.100000000000000000e+02
7.720000000000000000e+02
8.090000000000000000e+02
8.250000000000000000e+02
7.910000000000000000e+02
7.530000000000000000e+02
7.770000000000000000e+02
6.950000000000000000e+02
7.210000000000000000e+02
7.320000000000000000e+02
7.130000000000000000e+02
7.130000000000000000e+02
6.630000000000000000e+02
6.810000000000000000e+02
6.850000000000000000e+02
6.620000000000000000e+02
6.520000000000000000e+02
6.450000000000000000e+02
6.340000000000000000e+02
6.140000000000000000e+02
6.380000000000000000e+02
6.000000000000000000e+02
6.090000000000000000e+02
5.000000000000000000e+02
4.660000000000000000e+02
5.150000000000000000e+02
4.640000000000000000e+02
4.510000000000000000e+02
4.300000000000000000e+02
3.900000000000000000e+02
3.890000000000000000e+02
3.630000000000000000e+02
3.540000000000000000e+02
3.600000000000000000e+02
3.380000000000000000e+02
2.960000000000000000e+02
2.970000000000000000e+02
2.520000000000000000e+02
2.480000000000000000e+02
2.300000000000000000e+02
2.360000000000000000e+02
2.160000000000000000e+02
1.693000000000000000e+03
9.000000000000000000e+00
0.000000000000000000e+00
1.000000000000000000e+00
1.000000000000000000e+00
2.000000000000000000e+00
3.000000000000000000e+00
1.000000000000000000e+00
4.000000000000000000e+00
7.000000000000000000e+00
9.000000000000000000e+00
4.000000000000000000e+00
1.000000000000000000e+01
7.000000000000000000e+00
9.000000000000000000e+00
1.500000000000000000e+01
1.100000000000000000e+01
1.800000000000000000e+01
1.900000000000000000e+01
2.500000000000000000e+01
2.600000000000000000e+01
2.600000000000000000e+01
4.400000000000000000e+01
4.300000000000000000e+01
4.000000000000000000e+01
5.100000000000000000e+01
5.300000000000000000e+01
7.900000000000000000e+01
7.200000000000000000e+01
9.700000000000000000e+01
8.500000000000000000e+01
9.900000000000000000e+01
1.020000000000000000e+02
1.210000000000000000e+02
1.350000000000000000e+02
1.450000000000000000e+02
1.440000000000000000e+02
1.660000000000000000e+02
1.650000000000000000e+02
1.800000000000000000e+02
2.130000000000000000e+02
2.190000000000000000e+02
2.250000000000000000e+02
2.550000000000000000e+02
2.690000000000000000e+02
2.850000000000000000e+02
3.020000000000000000e+02
3.270000000000000000e+02
3.480000000000000000e+02
3.780000000000000000e+02
4.090000000000000000e+02
4.200000000000000000e+02
4.820000000000000000e+02
4.890000000000000000e+02
5.260000000000000000e+02
5.540000000000000000e+02
5.740000000000000000e+02
5.760000000000000000e+02
6.410000000000000000e+02
6.370000000000000000e+02
6.930000000000000000e+02
7.080000000000000000e+02
7.250000000000000000e+02
7.550000000000000000e+02
8.220000000000000000e+02
8.380000000000000000e+02
8.510000000000000000e+02
8.810000000000000000e+02
8.980000000000000000e+02
9.660000000000000000e+02
9.820000000000000000e+02
9.820000000000000000e+02
9.640000000000000000e+02
1.064000000000000000e+03
1.074000000000000000e+03
1.096000000000000000e+03
1.168000000000000000e+03
1.120000000000000000e+03
1.132000000000000000e+03
1.074000000000000000e+03
1.178000000000000000e+03
1.168000000000000000e+03
1.212000000000000000e+03
1.229000000000000000e+03
1.204000000000000000e+03
1.275000000000000000e+03
1.319000000000000000e+03
1.308000000000000000e+03
1.289000000000000000e+03
1.330000000000000000e+03
1.347000000000000000e+03
1.315000000000000000e+03
1.373000000000000000e+03
1.361000000000000000e+03
1.304000000000000000e+03
1.388000000000000000e+03
1.386000000000000000e+03
1.390000000000000000e+03
1.416000000000000000e+03
1.397000000000000000e+03
1.428000000000000000e+03
1.456000000000000000e+03
1.460000000000000000e+03
1.528000000000000000e+03
1.414000000000000000e+03
1.465000000000000000e+03
1.384000000000000000e+03
1.436000000000000000e+03
1.384000000000000000e+03
1.457000000000000000e+03
1.395000000000000000e+03
1.407000000000000000e+03
1.368000000000000000e+03
1.491000000000000000e+03
1.324000000000000000e+03
1.408000000000000000e+03
1.378000000000000000e+03
1.387000000000000000e+03
1.360000000000000000e+03
1.368000000000000000e+03
1.365000000000000000e+03
1.356000000000000000e+03
1.290000000000000000e+03
1.317000000000000000e+03
1.298000000000000000e+03
1.287000000000000000e+03
1.355000000000000000e+03
1.311000000000000000e+03
1.264000000000000000e+03
1.279000000000000000e+03
1.270000000000000000e+03
1.249000000000000000e+03
1.251000000000000000e+03
1.300000000000000000e+03
1.167000000000000000e+03
1.231000000000000000e+03
1.243000000000000000e+03
1.170000000000000000e+03
1.248000000000000000e+03
1.203000000000000000e+03
1.150000000000000000e+03
1.172000000000000000e+03
1.194000000000000000e+03
1.162000000000000000e+03
1.095000000000000000e+03
1.126000000000000000e+03
1.071000000000000000e+03
1.088000000000000000e+03
1.145000000000000000e+03
1.080000000000000000e+03
1.041000000000000000e+03
1.055000000000000000e+03
1.039000000000000000e+03
1.033000000000000000e+03
1.087000000000000000e+03
1.024000000000000000e+03
1.054000000000000000e+03
1.038000000000000000e+03
1.010000000000000000e+03
9.950000000000000000e+02
1.008000000000000000e+03
1.052000000000000000e+03
1.008000000000000000e+03
9.890000000000000000e+02
1.000000000000000000e+03
1.026000000000000000e+03
9.340000000000000000e+02
1.008000000000000000e+03
9.780000000000000000e+02
9.470000000000000000e+02
9.710000000000000000e+02
9.340000000000000000e+02
9.700000000000000000e+02
9.290000000000000000e+02
9.710000000000000000e+02
9.700000000000000000e+02
9.400000000000000000e+02
9.290000000000000000e+02
9.290000000000000000e+02
9.350000000000000000e+02
9.170000000000000000e+02
8.610000000000000000e+02
8.930000000000000000e+02
8.730000000000000000e+02
7.650000000000000000e+02
8.500000000000000000e+02
8.230000000000000000e+02
8.240000000000000000e+02
8.290000000000000000e+02
8.120000000000000000e+02
7.900000000000000000e+02
8.230000000000000000e+02
7.980000000000000000e+02
7.120000000000000000e+02
7.090000000000000000e+02
7.220000000000000000e+02
7.280000000000000000e+02
7.270000000000000000e+02
7.270000000000000000e+02
6.960000000000000000e+02
7.000000000000000000e+02
6.780000000000000000e+02
6.450000000000000000e+02
6.750000000000000000e+02
6.610000000000000000e+02
6.180000000000000000e+02
6.260000000000000000e+02
6.080000000000000000e+02
5.840000000000000000e+02
5.370000000000000000e+02
5.100000000000000000e+02
5.470000000000000000e+02
5.100000000000000000e+02
5.100000000000000000e+02
5.240000000000000000e+02
5.070000000000000000e+02
4.810000000000000000e+02
4.950000000000000000e+02
4.830000000000000000e+02
4.630000000000000000e+02
4.790000000000000000e+02
4.600000000000000000e+02
4.650000000000000000e+02
4.160000000000000000e+02
4.160000000000000000e+02
3.960000000000000000e+02
4.080000000000000000e+02
4.120000000000000000e+02
3.480000000000000000e+02
3.570000000000000000e+02
3.780000000000000000e+02
3.140000000000000000e+02
3.050000000000000000e+02
3.140000000000000000e+02
2.990000000000000000e+02
2.750000000000000000e+02
2.770000000000000000e+02
2.460000000000000000e+02
2.570000000000000000e+02
2.620000000000000000e+02
2.340000000000000000e+02
2.200000000000000000e+02
2.300000000000000000e+02
2.380000000000000000e+02
2.040000000000000000e+02
1.950000000000000000e+02
1.930000000000000000e+02
1.550000000000000000e+02
1.700000000000000000e+02
1.830000000000000000e+02
1.120000000000000000e+02
1.060000000000000000e+02
1.000000000000000000e+02
1.120000000000000000e+02
8.900000000000000000e+01
9.000000000000000000e+01
5.660000000000000000e+02
