7.720000000000000000e+02
2.410000000000000000e+02
2.260000000000000000e+02
1.930000000000000000e+02
1.530000000000000000e+02
1.260000000000000000e+02
1.550000000000000000e+02
1.430000000000000000e+02
1.140000000000000000e+02
1.120000000000000000e+02
1.190000000000000000e+02
1.120000000000000000e+02
1.560000000000000000e+02
1.360000000000000000e+02
1.500000000000000000e+02
1.580000000000000000e+02
1.430000000000000000e+02
1.680000000000000000e+02
1.750000000000000000e+02
1.750000000000000000e+02
1.750000000000000000e+02
1.770000000000000000e+02
1.840000000000000000e+02
2.220000000000000000e+02
2.090000000000000000e+02
2.390000000000000000e+02
2.410000000000000000e+02
2.950000000000000000e+02
2.810000000000000000e+02
2.890000000000000000e+02
3.250000000000000000e+02
3.080000000000000000e+02
3.370000000000000000e+02
3.360000000000000000e+02
3.910000000000000000e+02
3.470000000000000000e+02
4.140000000000000000e+02
4.100000000000000000e+02
4.200000000000000000e+02
4.580000000000000000e+02
4.760000000000000000e+02
5.280000000000000000e+02
5.450000000000000000e+02
5.280000000000000000e+02
5.460000000000000000e+02
5.740000000000000000e+02
6.020000000000000000e+02
6.100000000000000000e+02
6.150000000000000000e+02
6.690000000000000000e+02
6.830000000000000000e+02
6.920000000000000000e+02
7.570000000000000000e+02
7.430000000000000000e+02
7.800000000000000000e+02
7.300000000000000000e+02
8.410000000000000000e+02
8.070000000000000000e+02
8.320000000000000000e+02
9.060000000000000000e+02
8.770000000000000000e+02
9.180000000000000000e+02
9.330000000000000000e+02
1.016000000000000000e+03
9.870000000000000000e+02
1.055000000000000000e+03
1.035000000000000000e+03
1.048000000000000000e+03
1.109000000000000000e+03
1.088000000000000000e+03
1.069000000000000000e+03
1.115000000000000000e+03
1.131000000000000000e+03
1.172000000000000000e+03
1.205000000000000000e+03
1.216000000000000000e+03
1.303000000000000000e+03
1.265000000000000000e+03
1.127000000000000000e+03
1.273000000000000000e+03
1.232000000000000000e+03
1.176000000000000000e+03
1.238000000000000000e+03
1.310000000000000000e+03
1.307000000000000000e+03
1.243000000000000000e+03
1.270000000000000000e+03
1.306000000000000000e+03
1.292000000000000000e+03
1.293000000000000000e+03
1.236000000000000000e+03
1.325000000000000000e+03
1.347000000000000000e+03
1.330000000000000000e+03
1.292000000000000000e+03
1.269000000000000000e+03
1.338000000000000000e+03
1.316000000000000000e+03
1.302000000000000000e+03
1.327000000000000000e+03
1.346000000000000000e+03
1.303000000000000000e+03
1.246000000000000000e+03
1.324000000000000000e+03
1.288000000000000000e+03
1.274000000000000000e+03
1.242000000000000000e+03
1.241000000000000000e+03
1.301000000000000000e+03
1.249000000000000000e+03
1.258000000000000000e+03
1.202000000000000000e+03
1.226000000000000000e+03
1.231000000000000000e+03
1.239000000000000000e+03
1.251000000000000000e+03
1.231000000000000000e+03
1.190000000000000000e+03
1.206000000000000000e+03
1.237000000000000000e+03
1.244000000000000000e+03
1.198000000000000000e+03
1.179000000000000000e+03
1.223000000000000000e+03
1.220000000000000000e+03
1.241000000000000000e+03
1.226000000000000000e+03
1.172000000000000000e+03
1.229000000000000000e+03
1.202000000000000000e+03
1.174000000000000000e+03
1.151000000000000000e+03
1.140000000000000000e+03
1.187000000000000000e+03
1.104000000000000000e+03
1.203000000000000000e+03
1.146000000000000000e+03
1.098000000000000000e+03
1.110000000000000000e+03
1.116000000000000000e+03
1.125000000000000000e+03
1.151000000000000000e+03
1.142000000000000000e+03
1.047000000000000000e+03
1.103000000000000000e+03
1.031000000000000000e+03
1.047000000000000000e+03
1.043000000000000000e+03
9.520000000000000000e+02
1.079000000000000000e+03
1.064000000000000000e+03
1.067000000000000000e+03
9.900000000000000000e+02
1.047000000000000000e+03
9.960000000000000000e+02
9.910000000000000000e+02
9.870000000000000000e+02
9.870000000000000000e+02
9.230000000000000000e+02
9.760000000000000000e+02
9.530000000000000000e+02
9.900000000000000000e+02
9.720000000000000000e+02
8.970000000000000000e+02
9.060000000000000000e+02
9.070000000000000000e+02
9.340000000000000000e+02
8.630000000000000000e+02
9.220000000000000000e+02
8.390000000000000000e+02
8.700000000000000000e+02
9.120000000000000000e+02
8.640000000000000000e+02
8.230000000000000000e+02
8.520000000000000000e+02
8.230000000000000000e+02
8.030000000000000000e+02
7.660000000000000000e+02
7.310000000000000000e+02
7.830000000000000000e+02
7.430000000000000000e+02
7.410000000000000000e+02
7.250000000000000000e+02
7.460000000000000000e+02
7.320000000000000000e+02
7.180000000000000000e+02
7.160000000000000000e+02
6.750000000000000000e+02
6.680000000000000000e+02
6.730000000000000000e+02
6.180000000000000000e+02
6.350000000000000000e+02
5.850000000000000000e+02
6.060000000000000000e+02
5.900000000000000000e+02
5.700000000000000000e+02
5.580000000000000000e+02
5.850000000000000000e+02
5.530000000000000000e+02
4.980000000000000000e+02
5.270000000000000000e+02
5.050000000000000000e+02
5.070000000000000000e+02
5.010000000000000000e+02
4.900000000000000000e+02
4.730000000000000000e+02
4.600000000000000000e+02
4.330000000000000000e+02
4.440000000000000000e+02
4.740000000000000000e+02
4.000000000000000000e+02
4.000000000000000000e+02
3.910000000000000000e+02
3.390000000000000000e+02
4.170000000000000000e+02
3.610000000000000000e+02
3.590000000000000000e+02
3.770000000000000000e+02
3.550000000000000000e+02
3.360000000000000000e+02
3.380000000000000000e+02
3.210000000000000000e+02
2.660000000000000000e+02
2.840000000000000000e+02
2.650000000000000000e+02
2.290000000000000000e+02
2.500000000000000000e+02
2.400000000000000000e+02
2.650000000000000000e+02
2.420000000000000000e+02
2.300000000000000000e+02
2.380000000000000000e+02
2.220000000000000000e+02
2.010000000000000000e+02
2.000000000000000000e+02
1.780000000000000000e+02
1.860000000000000000e+02
1.650000000000000000e+02
1.670000000000000000e+02
1.500000000000000000e+02
1.390000000000000000e+02
1.350000000000000000e+02
1.270000000000000000e+02
1.350000000000000000e+02
1.120000000000000000e+02
1.000000000000000000e+02
1.100000000000000000e+02
8.900000000000000000e+01
1.320000000000000000e+02
8.000000000000000000e+01
8.900000000000000000e+01
9.100000000000000000e+01
5.200000000000000000e+01
7.400000000000000000e+01
3.500000000000000000e+01
1.330000000000000000e+02
3.920000000000000000e+02
2.110000000000000000e+02
2.080000000000000000e+02
1.630000000000000000e+02
1.290000000000000000e+02
1.040000000000000000e+02
1.050000000000000000e+02
9.500000000000000000e+01
8.500000000000000000e+01
8.700000000000000000e+01
7.600000000000000000e+01
8.400000000000000000e+01
7.400000000000000000e+01
9.600000000000000000e+01
8.500000000000000000e+01
9.300000000000000000e+01
9.000000000000000000e+01
9.800000000000000000e+01
1.190000000000000000e+02
1.090000000000000000e+02
1.100000000000000000e+02
1.220000000000000000e+02
1.270000000000000000e+02
1.500000000000000000e+02
1.320000000000000000e+02
1.510000000000000000e+02
1.630000000000000000e+02
1.610000000000000000e+02
1.840000000000000000e+02
1.750000000000000000e+02
1.820000000000000000e+02
1.960000000000000000e+02
2.000000000000000000e+02
2.100000000000000000e+02
2.010000000000000000e+02
2.350000000000000000e+02
2.570000000000000000e+02
2.630000000000000000e+02
2.810000000000000000e+02
2.910000000000000000e+02
3.200000000000000000e+02
3.220000000000000000e+02
3.350000000000000000e+02
3.140000000000000000e+02
3.560000000000000000e+02
3.200000000000000000e+02
3.700000000000000000e+02
3.390000000000000000e+02
3.760000000000000000e+02
3.960000000000000000e+02
3.980000000000000000e+02
3.950000000000000000e+02
3.890000000000000000e+02
4.430000000000000000e+02
4.720000000000000000e+02
4.790000000000000000e+02
4.790000000000000000e+02
4.610000000000000000e+02
5.140000000000000000e+02
5.270000000000000000e+02
5.560000000000000000e+02
5.840000000000000000e+02
5.890000000000000000e+02
5.900000000000000000e+02
6.300000000000000000e+02
6.040000000000000000e+02
5.990000000000000000e+02
6.210000000000000000e+02
6.970000000000000000e+02
7.030000000000000000e+02
7.120000000000000000e+02
6.960000000000000000e+02
7.150000000000000000e+02
7.890000000000000000e+02
8.430000000000000000e+02
7.580000000000000000e+02
8.180000000000000000e+02
8.540000000000000000e+02
8.440000000000000000e+02
8.310000000000000000e+02
8.210000000000000000e+02
8.390000000000000000e+02
8.860000000000000000e+02
9.000000000000000000e+02
9.250000000000000000e+02
9.260000000000000000e+02
8.950000000000000000e+02
9.010000000000000000e+02
9.430000000000000000e+02
9.430000000000000000e+02
9.470000000000000000e+02
8.890000000000000000e+02
1.000000000000000000e+03
9.940000000000000000e+02
1.006000000000000000e+03
9.900000000000000000e+02
1.024000000000000000e+03
1.012000000000000000e+03
1.098000000000000000e+03
1.015000000000000000e+03
1.086000000000000000e+03
1.044000000000000000e+03
1.057000000000000000e+03
1.084000000000000000e+03
1.043000000000000000e+03
1.152000000000000000e+03
1.100000000000000000e+03
1.084000000000000000e+03
1.109000000000000000e+03
1.091000000000000000e+03
1.173000000000000000e+03
1.164000000000000000e+03
1.108000000000000000e+03
1.136000000000000000e+03
1.140000000000000000e+03
1.172000000000000000e+03
1.167000000000000000e+03
1.119000000000000000e+03
1.167000000000000000e+03
1.184000000000000000e+03
1.152000000000000000e+03
1.165000000000000000e+03
1.176000000000000000e+03
1.188000000000000000e+03
1.190000000000000000e+03
1.161000000000000000e+03
1.161000000000000000e+03
1.126000000000000000e+03
1.149000000000000000e+03
1.157000000000000000e+03
1.186000000000000000e+03
1.225000000000000000e+03
1.187000000000000000e+03
1.152000000000000000e+03
1.216000000000000000e+03
1.222000000000000000e+03
1.202000000000000000e+03
1.161000000000000000e+03
1.221000000000000000e+03
1.163000000000000000e+03
1.188000000000000000e+03
1.111000000000000000e+03
1.155000000000000000e+03
1.275000000000000000e+03
1.180000000000000000e+03
1.128000000000000000e+03
1.198000000000000000e+03
1.185000000000000000e+03
1.239000000000000000e+03
1.103000000000000000e+03
1.141000000000000000e+03
1.239000000000000000e+03
1.161000000000000000e+03
1.190000000000000000e+03
1.180000000000000000e+03
1.102000000000000000e+03
1.099000000000000000e+03
1.149000000000000000e+03
1.195000000000000000e+03
1.148000000000000000e+03
1.089000000000000000e+03
1.127000000000000000e+03
1.104000000000000000e+03
1.102000000000000000e+03
1.086000000000000000e+03
1.056000000000000000e+03
1.082000000000000000e+03
1.072000000000000000e+03
1.130000000000000000e+03
1.008000000000000000e+03
1.013000000000000000e+03
9.810000000000000000e+02
1.021000000000000000e+03
9.850000000000000000e+02
9.810000000000000000e+02
9.510000000000000000e+02
9.390000000000000000e+02
9.580000000000000000e+02
9.420000000000000000e+02
9.310000000000000000e+02
9.360000000000000000e+02
9.420000000000000000e+02
9.380000000000000000e+02
9.230000000000000000e+02
8.920000000000000000e+02
9.140000000000000000e+02
9.100000000000000000e+02
9.060000000000000000e+02
8.860000000000000000e+02
8.860000000000000000e+02
8.360000000000000000e+02
8.010000000000000000e+02
8.580000000000000000e+02
8.690000000000000000e+02
8.450000000000000000e+02
8.190000000000000000e+02
8.180000000000000000e+02
7.950000000000000000e+02
7.980000000000000000e+02
8.120000000000000000e+02
8.080000000000000000e+02
7.890000000000000000e+02
8.400000000000000000e+02
7.560000000000000000e+02
7.890000000000000000e+02
7.240000000000000000e+02
7.300000000000000000e+02
7.300000000000000000e+02
7.120000000000000000e+02
7.030000000000000000e+02
6.780000000000000000e+02
6.650000000000000000e+02
6.730000000000000000e+02
6.610000000000000000e+02
6.420000000000000000e+02
6.230000000000000000e+02
6.240000000000000000e+02
6.050000000000000000e+02
6.190000000000000000e+02
5.650000000000000000e+02
5.620000000000000000e+02
5.120000000000000000e+02
5.530000000000000000e+02
4.920000000000000000e+02
4.700000000000000000e+02
4.850000000000000000e+02
4.590000000000000000e+02
4.420000000000000000e+02
4.670000000000000000e+02
4.370000000000000000e+02
4.000000000000000000e+02
3.640000000000000000e+02
3.980000000000000000e+02
3.680000000000000000e+02
4.130000000000000000e+02
3.800000000000000000e+02
3.340000000000000000e+02
3.530000000000000000e+02
3.600000000000000000e+02
2.990000000000000000e+02
2.950000000000000000e+02
3.150000000000000000e+02
3.020000000000000000e+02
3.160000000000000000e+02
2.980000000000000000e+02
3.190000000000000000e+02
3.100000000000000000e+02
3.300000000000000000e+02
3.400000000000000000e+02
4.070000000000000000e+02
3.910000000000000000e+02
4.380000000000000000e+02
4.850000000000000000e+02
5.480000000000000000e+02
5.440000000000000000e+02
2.844000000000000000e+03
2.300000000000000000e+01
2.400000000000000000e+01
3.300000000000000000e+01
4.300000000000000000e+01
5.100000000000000000e+01
6.600000000000000000e+01
7.100000000000000000e+01
8.700000000000000000e+01
6.900000000000000000e+01
7.700000000000000000e+01
7.300000000000000000e+01
9.400000000000000000e+01
8.700000000000000000e+01
8.200000000000000000e+01
8.100000000000000000e+01
8.300000000000000000e+01
7.300000000000000000e+01
6.900000000000000000e+01
9.200000000000000000e+01
7.500000000000000000e+01
9.000000000000000000e+01
7.900000000000000000e+01
9.200000000000000000e+01
9.100000000000000000e+01
7.300000000000000000e+01
9.700000000000000000e+01
1.060000000000000000e+02
1.090000000000000000e+02
1.120000000000000000e+02
1.100000000000000000e+02
1.240000000000000000e+02
1.430000000000000000e+02
1.500000000000000000e+02
1.250000000000000000e+02
1.510000000000000000e+02
1.680000000000000000e+02
1.860000000000000000e+02
1.750000000000000000e+02
1.880000000000000000e+02
1.850000000000000000e+02
2.130000000000000000e+02
2.110000000000000000e+02
2.040000000000000000e+02
2.310000000000000000e+02
2.440000000000000000e+02
2.600000000000000000e+02
2.880000000000000000e+02
2.860000000000000000e+02
2.800000000000000000e+02
3.160000000000000000e+02
3.180000000000000000e+02
3.190000000000000000e+02
3.420000000000000000e+02
4.110000000000000000e+02
4.070000000000000000e+02
4.110000000000000000e+02
3.940000000000000000e+02
4.750000000000000000e+02
4.670000000000000000e+02
4.640000000000000000e+02
5.060000000000000000e+02
5.080000000000000000e+02
5.190000000000000000e+02
5.350000000000000000e+02
5.610000000000000000e+02
5.940000000000000000e+02
6.310000000000000000e+02
6.840000000000000000e+02
6.760000000000000000e+02
7.110000000000000000e+02
7.010000000000000000e+02
7.450000000000000000e+02
8.140000000000000000e+02
8.250000000000000000e+02
8.320000000000000000e+02
8.320000000000000000e+02
8.580000000000000000e+02
9.500000000000000000e+02
9.410000000000000000e+02
9.370000000000000000e+02
1.037000000000000000e+03
1.016000000000000000e+03
1.068000000000000000e+03
1.050000000000000000e+03
1.120000000000000000e+03
1.110000000000000000e+03
1.131000000000000000e+03
1.145000000000000000e+03
1.173000000000000000e+03
1.224000000000000000e+03
1.250000000000000000e+03
1.202000000000000000e+03
1.288000000000000000e+03
1.417000000000000000e+03
1.405000000000000000e+03
1.438000000000000000e+03
1.389000000000000000e+03
1.410000000000000000e+03
1.473000000000000000e+03
1.478000000000000000e+03
1.473000000000000000e+03
1.523000000000000000e+03
1.443000000000000000e+03
1.433000000000000000e+03
1.518000000000000000e+03
1.540000000000000000e+03
1.493000000000000000e+03
1.496000000000000000e+03
1.465000000000000000e+03
1.520000000000000000e+03
1.495000000000000000e+03
1.524000000000000000e+03
1.426000000000000000e+03
1.526000000000000000e+03
1.534000000000000000e+03
1.531000000000000000e+03
1.527000000000000000e+03
1.579000000000000000e+03
1.557000000000000000e+03
1.562000000000000000e+03
1.582000000000000000e+03
1.571000000000000000e+03
1.466000000000000000e+03
1.571000000000000000e+03
1.539000000000000000e+03
1.525000000000000000e+03
1.517000000000000000e+03
1.534000000000000000e+03
1.467000000000000000e+03
1.421000000000000000e+03
1.513000000000000000e+03
1.465000000000000000e+03
1.442000000000000000e+03
1.435000000000000000e+03
1.418000000000000000e+03
1.433000000000000000e+03
1.466000000000000000e+03
1.417000000000000000e+03
1.383000000000000000e+03
1.327000000000000000e+03
1.482000000000000000e+03
1.399000000000000000e+03
1.454000000000000000e+03
1.411000000000000000e+03
1.357000000000000000e+03
1.287000000000000000e+03
1.367000000000000000e+03
1.270000000000000000e+03
1.306000000000000000e+03
1.220000000000000000e+03
1.212000000000000000e+03
1.265000000000000000e+03
1.297000000000000000e+03
1.298000000000000000e+03
1.266000000000000000e+03
1.207000000000000000e+03
1.263000000000000000e+03
1.208000000000000000e+03
1.177000000000000000e+03
1.181000000000000000e+03
1.208000000000000000e+03
1.191000000000000000e+03
1.208000000000000000e+03
1.124000000000000000e+03
1.131000000000000000e+03
1.077000000000000000e+03
1.083000000000000000e+03
1.083000000000000000e+03
1.036000000000000000e+03
1.033000000000000000e+03
1.036000000000000000e+03
9.890000000000000000e+02
1.058000000000000000e+03
1.023000000000000000e+03
1.011000000000000000e+03
9.790000000000000000e+02
9.060000000000000000e+02
9.350000000000000000e+02
8.870000000000000000e+02
8.210000000000000000e+02
8.480000000000000000e+02
8.360000000000000000e+02
8.480000000000000000e+02
8.100000000000000000e+02
6.920000000000000000e+02
7.460000000000000000e+02
7.230000000000000000e+02
7.320000000000000000e+02
7.330000000000000000e+02
7.020000000000000000e+02
6.920000000000000000e+02
6.350000000000000000e+02
6.470000000000000000e+02
6.640000000000000000e+02
6.390000000000000000e+02
6.000000000000000000e+02
5.860000000000000000e+02
5.750000000000000000e+02
5.720000000000000000e+02
5.380000000000000000e+02
5.280000000000000000e+02
5.200000000000000000e+02
5.240000000000000000e+02
5.240000000000000000e+02
4.840000000000000000e+02
5.040000000000000000e+02
5.070000000000000000e+02
4.360000000000000000e+02
4.040000000000000000e+02
4.560000000000000000e+02
3.930000000000000000e+02
4.420000000000000000e+02
3.980000000000000000e+02
3.910000000000000000e+02
3.650000000000000000e+02
3.370000000000000000e+02
3.420000000000000000e+02
3.250000000000000000e+02
3.140000000000000000e+02
3.030000000000000000e+02
3.030000000000000000e+02
2.820000000000000000e+02
2.800000000000000000e+02
2.900000000000000000e+02
2.240000000000000000e+02
2.590000000000000000e+02
2.410000000000000000e+02
2.060000000000000000e+02
2.320000000000000000e+02
2.310000000000000000e+02
2.040000000000000000e+02
1.750000000000000000e+02
1.960000000000000000e+02
1.760000000000000000e+02
1.860000000000000000e+02
1.570000000000000000e+02
1.740000000000000000e+02
1.720000000000000000e+02
1.720000000000000000e+02
1.460000000000000000e+02
1.470000000000000000e+02
1.570000000000000000e+02
1.480000000000000000e+02
1.480000000000000000e+02
1.260000000000000000e+02
1.550000000000000000e+02
1.310000000000000000e+02
1.800000000000000000e+02
1.530000000000000000e+02
1.510000000000000000e+02
1.450000000000000000e+02
1.720000000000000000e+02
1.540000000000000000e+02
1.260000000000000000e+02
1.490000000000000000e+02
6.020000000000000000e+02
