8.471050367401019798e+01
2.043273123787246845e+02
1.010015133689970384e+02
1.278358588835232297e+02
8.471050367400974324e+01
2.043273123787286920e+02
1.010015133689945372e+02
1.278358588835226612e+02
5.021974615898007421e+00
7.702340509895508447e+00
5.470219251337679722e+00
6.329359253264977170e+00
5.021974615898014527e+00
7.702340509895534204e+00
5.470219251337532285e+00
6.329359253264971841e+00
2.961533014505406958e-01
2.259234283025824130e-01
2.846799616153862234e-01
2.423434880661090585e-01
2.961533014505410288e-01
2.259234283025857160e-01
2.846799616153817269e-01
2.423434880661089197e-01
2.496048454717839440e-02
2.141890655883542383e-02
2.444595657397337363e-02
2.198240475244869763e-02
2.496048454717836318e-02
2.141890655883601710e-02
2.444595657397298505e-02
2.198240475244858660e-02
9.795115793806632443e-01
9.506351805308128622e-01
9.755945836822622619e-01
9.691128103879086408e-01
9.795115793806591364e-01
9.506351805308114189e-01
9.755945836822528250e-01
9.691128103879098621e-01
6.230257888299314210e-04
4.587695581761230910e-04
5.976047928165919513e-04
4.832261187004790906e-04
6.230257888299299031e-04
4.587695581761485697e-04
5.976047928165730862e-04
4.832261187004742117e-04
