1.402642195287168079e+02
2.108405768087453964e+02
1.477204196913436078e+02
2.504044273771818894e+02
1.402642195287168363e+02
2.108405768087455670e+02
1.477204196913437215e+02
2.504044273771817188e+02
2.949756858760387956e+00
3.768457515864071183e+00
3.081026100539608681e+00
3.904409177495478112e+00
2.949756858760398615e+00
3.768457515864073404e+00
3.081026100539615786e+00
3.904409177495482108e+00
6.806670476783019952e-01
6.074363266548544749e-01
6.766706204919664680e-01
6.425883173249296032e-01
6.806670476783001078e-01
6.074363266548538087e-01
6.766706204919702428e-01
6.425883173249293812e-01
2.360673032260134085e-01
2.069479414928668548e-01
2.345285205511871418e-01
2.193884324858593193e-01
2.360673032260131865e-01
2.069479414928667993e-01
2.345285205511880577e-01
2.193884324858592638e-01
9.581423762673541011e-01
9.371869917722500665e-01
9.559299800880951548e-01
9.253951808884540720e-01
9.581423762673572098e-01
9.371869917722618348e-01
9.559299800880891596e-01
9.253951808884642860e-01
5.572777165240255792e-02
4.282745048813504235e-02
5.500362695192861223e-02
4.813128430860245249e-02
5.572777165240245384e-02
4.282745048813502153e-02
5.500362695192903550e-02
4.813128430860243168e-02
