4.904973680694627092e+01
9.188342996152492503e+01
4.258435294117588654e+01
7.166344453612876464e+01
4.904973680694608618e+01
9.188342996152493924e+01
4.258435294117584391e+01
7.166344453612903465e+01
2.667500334001458917e+00
3.582046445832705928e+00
2.304812834224597040e+00
3.341828041108851899e+00
2.667500334001458917e+00
3.582046445832718362e+00
2.304812834224604590e+00
3.341828041108876324e+00
6.224660228611808011e-01
5.772467331450317207e-01
6.309535386372318033e-01
5.623427285569597700e-01
6.224660228611821333e-01
5.772467331450317207e-01
6.309535386372308041e-01
5.623427285569609912e-01
6.297055223736545970e-02
5.709599628296303103e-02
6.264530205848777011e-02
5.594227720291555794e-02
6.297055223736544582e-02
5.709599628296304491e-02
6.264530205848757582e-02
5.594227720291569672e-02
9.883350651703493028e-01
9.781341928385844930e-01
9.898830689974832397e-01
9.829478849632299342e-01
9.883350651703501910e-01
9.781341928385849371e-01
9.898830689974812413e-01
9.829478849632341531e-01
3.965290449078772220e-03
3.259952791544128408e-03
3.924433869999171404e-03
3.129538378647846002e-03
3.965290449078770485e-03
3.259952791544129709e-03
3.924433869999147118e-03
3.129538378647861181e-03
