1.583638882041932732e+02
3.370286632246309750e+02
2.253418927613813025e+02
2.597026546390774229e+02
1.583638882041929037e+02
3.370286632246352951e+02
2.253418927613823257e+02
2.597026546390814019e+02
5.943357302840145628e+00
9.515717762604408492e+00
7.524101876674869516e+00
8.136831303358446732e+00
5.943357302840162504e+00
9.515717762604380070e+00
7.524101876674857969e+00
8.136831303358507128e+00
3.949633288065508285e-01
3.018632005135498120e-01
3.421056767530658571e-01
3.133435888329779706e-01
3.949633288065507175e-01
3.018632005135512553e-01
3.421056767530660236e-01
3.133435888329805796e-01
3.765245042378764784e-02
3.095007718369303593e-02
3.431766334632153914e-02
3.123937114654138161e-02
3.765245042378760620e-02
3.095007718369321287e-02
3.431766334632164323e-02
3.123937114654158631e-02
9.680628314809195389e-01
9.321048764776164175e-01
9.546046743439696725e-01
9.476923342839543851e-01
9.680628314809145429e-01
9.321048764776093121e-01
9.546046743439632332e-01
9.476923342839462805e-01
1.417707022915786711e-03
9.579072776765562569e-04
1.177702017551461025e-03
9.758983096313621078e-04
1.417707022915783675e-03
9.579072776765670989e-04
1.177702017551467964e-03
9.758983096313750098e-04
