2.781168202247556565e+02
2.849039370876170096e+02
1.682333518577925702e+02
3.277323861205036906e+02
2.781168202247562817e+02
2.849039370876140538e+02
1.682333518577929397e+02
3.277323861205053390e+02
7.563314606742532753e+00
7.736669969150708148e+00
5.354159298990532889e+00
8.196257683905891156e+00
7.563314606742559398e+00
7.736669969150673509e+00
5.354159298990527560e+00
8.196257683905933789e+00
2.696768590933794063e-01
2.444307110817598994e-01
3.538098684775057290e-01
2.441758615055618364e-01
2.696768590933811272e-01
2.444307110817585116e-01
3.538098684775056735e-01
2.441758615055620862e-01
2.723485762798256299e-02
2.586802078609226271e-02
3.201674189079694449e-02
2.580572685873960478e-02
2.723485762798261503e-02
2.586802078609231129e-02
3.201674189079678490e-02
2.580572685873970193e-02
9.138191650262501575e-01
9.116497538577176263e-01
9.478567525829511009e-01
8.983427516201356600e-01
9.138191650262428301e-01
9.116497538577296167e-01
9.478567525829519891e-01
8.983427516201319962e-01
7.417374700164799635e-04
6.691544993897013960e-04
1.025071761301911931e-03
6.659355387078746275e-04
7.417374700164827825e-04
6.691544993897038896e-04
1.025071761301901523e-03
6.659355387078796148e-04
