6.888532288457736286e+01
9.115070260281450487e+01
4.826697005988005884e+01
8.126596306385589230e+01
6.888532288457705022e+01
9.115070260281422065e+01
4.826697005987997358e+01
8.126596306385586388e+01
2.377728591511446776e+00
2.931281725127019122e+00
2.180311377245481630e+00
2.776457105828534111e+00
2.377728591511453882e+00
2.931281725127014237e+00
2.180311377245482074e+00
2.776457105828531002e+00
6.161998439139654282e-01
5.232604958260591577e-01
5.929402780510470983e-01
5.322145624118547191e-01
6.161998439139654282e-01
5.232604958260589356e-01
5.929402780510487636e-01
5.322145624118539420e-01
5.796865542026827939e-02
4.959709990452384337e-02
5.578653423401398054e-02
5.012627036897675248e-02
5.796865542026826551e-02
4.959709990452367684e-02
5.578653423401418177e-02
5.012627036897662758e-02
9.536943596253367739e-01
9.387344941516881924e-01
9.675450453795828576e-01
9.453524469900949079e-01
9.536943596253437683e-01
9.387344941516914121e-01
9.675450453795844119e-01
9.453524469900951299e-01
3.360365011233798754e-03
2.459872318939319066e-03
3.112137401842813862e-03
2.512642981103756657e-03
3.360365011233797453e-03
2.459872318939302586e-03
3.112137401842835979e-03
2.512642981103744514e-03
