7.766912613107845686e+01
1.247208647229301448e+02
7.794720173535124275e+01
1.135340094505641417e+02
7.766912613107830055e+01
1.247208647229297327e+02
7.794720173535107222e+01
1.135340094505639001e+02
3.222666111444954851e+00
4.375027712691967885e+00
3.406542299348910063e+00
4.052556305669707370e+00
3.222666111444956627e+00
4.375027712691969661e+00
3.406542299348911840e+00
4.052556305669698489e+00
5.988087046109031863e-01
4.844354933678327590e-01
5.306646263776859662e-01
4.995792532063437763e-01
5.988087046109044076e-01
4.844354933678337582e-01
5.306646263776846340e-01
4.995792532063431102e-01
7.369499448089174287e-02
6.443807288524494581e-02
6.962287784079586317e-02
6.517806150248328656e-02
7.369499448089179838e-02
6.443807288524486254e-02
6.962287784079577990e-02
6.517806150248306452e-02
9.943826827931347978e-01
9.909853645924722176e-01
9.943699523466273948e-01
9.917903268361630831e-01
9.943826827931321333e-01
9.909853645924745491e-01
9.943699523466280610e-01
9.917903268361614177e-01
5.430952211538664365e-03
4.152265237164139491e-03
4.847345118834384473e-03
4.248179701221494430e-03
5.430952211538673038e-03
4.152265237164129083e-03
4.847345118834372329e-03
4.248179701221464072e-03
