5.806609879519515971e+02
9.095752589518419882e+02
5.847656273507579954e+02
9.083386351017383049e+02
5.806609879519470496e+02
9.095752589518458535e+02
5.847656273507539026e+02
9.083386351017358038e+02
9.494036144580567438e+00
1.221716927831899824e+01
9.261309405597259570e+00
1.243349952918225299e+01
9.494036144580551451e+00
1.221716927831904265e+01
9.261309405597252464e+00
1.243349952918228496e+01
3.802114738114195092e-01
3.086939490273559739e-01
3.835996803898358287e-01
3.047430560579557635e-01
3.802114738114157344e-01
3.086939490273550302e-01
3.835996803898331642e-01
3.047430560579559855e-01
3.812321875696479678e-02
3.073921633567752720e-02
4.367406588069616680e-02
3.064797723659496223e-02
3.812321875696460249e-02
3.073921633567774578e-02
4.367406588069606965e-02
3.064797723659501427e-02
9.160471110296831698e-01
8.683286631226934116e-01
9.155201014954579275e-01
8.685076613432639592e-01
9.160471110296902753e-01
8.683286631226898589e-01
9.155201014954595928e-01
8.685076613432607395e-01
1.453379808391392324e-03
9.448994209315842059e-04
1.907424030551388905e-03
9.392985086948430623e-04
1.453379808391377795e-03
9.448994209315976500e-04
1.907424030551380665e-03
9.392985086948462065e-04
