4.059518503673927370e+01
6.415257788303398456e+01
3.980499465240904300e+01
7.290767631519234726e+01
4.059518503673940160e+01
6.415257788303402720e+01
3.980499465240900037e+01
7.290767631519231884e+01
3.644579826319380711e+00
5.081098024926538947e+00
3.930663101604567000e+00
5.035836378639309885e+00
3.644579826319379379e+00
5.081098024926536283e+00
3.930663101604564780e+00
5.035836378639316102e+00
3.026265291204525143e-01
2.304000559811032744e-01
2.768769671560457057e-01
2.301901402508123029e-01
3.026265291204523478e-01
2.304000559811028304e-01
2.768769671560470380e-01
2.301901402508126360e-01
3.066483145236928096e-02
2.595357050796617132e-02
2.908346770978701215e-02
2.585243243147575254e-02
3.066483145236928790e-02
2.595357050796615744e-02
2.908346770978702603e-02
2.585243243147577683e-02
9.683800339049332129e-01
9.499796509205421513e-01
9.690855302925820425e-01
9.431467981318297777e-01
9.683800339049424277e-01
9.499796509205434836e-01
9.690855302925807102e-01
9.431467981318315541e-01
9.403318880022163350e-04
6.735878221119713950e-04
8.458480940262238287e-04
6.683482626240193521e-04
9.403318880022166603e-04
6.735878221119706360e-04
8.458480940262246960e-04
6.683482626240205447e-04
