1.322967054108133311e+02
2.292787928798454686e+02
1.300176737968072018e+02
2.009426821557281642e+02
1.322967054108134448e+02
2.292787928798444455e+02
1.300176737968081966e+02
2.009426821557271410e+02
5.496684034735567437e+00
7.184883135253450348e+00
5.099620320856235622e+00
6.844078531393356535e+00
5.496684034735552338e+00
7.184883135253446795e+00
5.099620320856348421e+00
6.844078531393338771e+00
2.648308632530917972e-01
2.104496456575020435e-01
2.899412417344416903e-01
2.117209410703855821e-01
2.648308632530909645e-01
2.104496456575017937e-01
2.899412417344433002e-01
2.117209410703846106e-01
2.576015370381957992e-02
2.243677342962202559e-02
2.738732137663223848e-02
2.267201663487057248e-02
2.576015370381956951e-02
2.243677342962199436e-02
2.738732137663234256e-02
2.267201663487047880e-02
9.455850106919605480e-01
9.054442482910255441e-01
9.463616817338561527e-01
9.171232372053287341e-01
9.455850106919626574e-01
9.054442482910279866e-01
9.463616817338627030e-01
9.171232372053297333e-01
6.635855188444095580e-04
5.034088019321929621e-04
7.500653721869371491e-04
5.140203382918480000e-04
6.635855188444091243e-04
5.034088019321914442e-04
7.500653721869428954e-04
5.140203382918436632e-04
