1.109974492565032449e+02
1.892856244253798081e+02
1.327111391457746379e+02
1.756485097014287078e+02
1.109974492565033302e+02
1.892856244253816556e+02
1.327111391457740979e+02
1.756485097014288499e+02
5.399333068008570713e+00
7.063724778631425671e+00
5.726446869643446291e+00
6.933626070546093700e+00
5.399333068008595582e+00
7.063724778631416790e+00
5.726446869643459614e+00
6.933626070546070608e+00
3.226964104981477899e-01
2.672066718555519138e-01
3.382233949428773978e-01
2.605535766136884979e-01
3.226964104981465686e-01
2.672066718555529130e-01
3.382233949428777309e-01
2.605535766136879428e-01
2.181365239395757077e-02
1.918204897425206112e-02
2.267799434060636943e-02
1.921087008260502840e-02
2.181365239395753608e-02
1.918204897425208888e-02
2.267799434060637637e-02
1.921087008260502840e-02
9.790806908134500608e-01
9.642452409705695171e-01
9.749831428951396539e-01
9.668664111528030292e-01
9.790806908134511710e-01
9.642452409705684069e-01
9.749831428951438728e-01
9.668664111528012528e-01
4.758354307644108226e-04
3.679510028506046142e-04
5.142914273125744843e-04
3.690575293307289347e-04
4.758354307644094131e-04
3.679510028506055900e-04
5.142914273125748096e-04
3.690575293307289889e-04
