3.096465182617436653e+02
4.005120844097951363e+02
2.902060963855767568e+02
3.599241434676695803e+02
3.096465182617437222e+02
4.005120844097939994e+02
2.902060963855775526e+02
3.599241434676702056e+02
1.305948232801917719e+01
1.489784388053292474e+01
1.261944578313396015e+01
1.408798923147560700e+01
1.305948232801916653e+01
1.489784388053278796e+01
1.261944578313400100e+01
1.408798923147564253e+01
8.825122345939584445e-02
7.639731850826750326e-02
8.947422224327609974e-02
7.881640063736711221e-02
8.825122345939560853e-02
7.639731850826669834e-02
8.947422224327578055e-02
7.881640063736695956e-02
1.502659076132974170e-02
1.437148519804789214e-02
1.521882290997108624e-02
1.469587311412895100e-02
1.502659076132977639e-02
1.437148519804784703e-02
1.521882290997104981e-02
1.469587311412899264e-02
9.031141992994695666e-01
8.749079718350442070e-01
9.092470089185763493e-01
8.875864148162725398e-01
9.031141992994725642e-01
8.749079718350412094e-01
9.092470089185743509e-01
8.875864148162775358e-01
2.257984299084803245e-04
2.065395867977096482e-04
2.316125707650607750e-04
2.159686865865781489e-04
2.257984299084814087e-04
2.065395867977083471e-04
2.316125707650596908e-04
2.159686865865793686e-04
