2.710472732130822351e+03
3.617668883220281714e+03
2.808995090909746068e+03
3.926321069946620810e+03
2.710472732130833265e+03
3.617668883220241696e+03
2.808995090909724240e+03
3.926321069946580792e+03
3.763684168335668545e+01
4.393972436851353081e+01
3.767212834225146878e+01
4.567779409084474196e+01
3.763684168335651492e+01
4.393972436851280605e+01
3.767212834225113482e+01
4.567779409084493381e+01
5.152188478446248499e-02
4.379223634379795366e-02
5.311471858538472507e-02
4.415277131239448566e-02
5.152188478446251274e-02
4.379223634379801611e-02
5.311471858538449609e-02
4.415277131239405545e-02
9.621588074952069219e-03
9.342665220456241801e-03
1.000177856013128967e-02
9.308632544022208202e-03
9.621588074952060546e-03
9.342665220456210576e-03
1.000177856013129661e-02
9.308632544022142283e-03
6.864730183083047610e-01
5.818934864465667989e-01
6.752074586488830965e-01
5.462213436080938234e-01
6.864730183082911052e-01
5.818934864465642454e-01
6.752074586488711061e-01
5.462213436080848306e-01
9.257495708405985753e-05
8.728539342152267025e-05
1.000355743659019265e-04
8.665063983962937796e-05
9.257495708405969490e-05
8.728539342152210104e-05
1.000355743659020892e-04
8.665063983962813113e-05
