1.520789151636548979e+02
3.162815684845389796e+02
2.640532245989634816e+02
4.456012934960246525e+02
1.520789151636557506e+02
3.162815684845356259e+02
2.640532245989717239e+02
4.456012934960146481e+02
7.315714094855880312e+00
1.062770460707423759e+01
7.687727272728372085e+00
1.224266179417469580e+01
7.315714094855870542e+00
1.062770460707417364e+01
7.687727272728507089e+00
1.224266179417459988e+01
2.806934420106562134e-01
2.202856021712996104e-01
3.548444559382151753e-01
2.084949995913161214e-01
2.806934420106560468e-01
2.202856021712987222e-01
3.548444559382213370e-01
2.084949995913132348e-01
2.283032668608362195e-02
1.953386223656275456e-02
2.831080588934131032e-02
1.891297545596147198e-02
2.283032668608366011e-02
1.953386223656245965e-02
2.831080588934184461e-02
1.891297545596112156e-02
9.290167695072695242e-01
8.522091045446369417e-01
8.766630197994985663e-01
7.917819122666180931e-01
9.290167695072738541e-01
8.522091045446460456e-01
8.766630197995016749e-01
7.917819122666143183e-01
5.212238165933020043e-04
3.815717738770124765e-04
8.015017301039626752e-04
3.577006405978010086e-04
5.212238165933037390e-04
3.815717738770008755e-04
8.015017301039929244e-04
3.577006405977878356e-04
