5.530078776170978472e+01
9.603637395273349853e+01
4.845131927711268105e+01
7.916720187363404193e+01
5.530078776170959998e+01
9.603637395273348432e+01
4.845131927711277342e+01
7.916720187363377192e+01
3.401060379016213719e+00
4.791015766473219806e+00
3.392993975903872972e+00
4.450370620760058848e+00
3.401060379016207058e+00
4.791015766473240234e+00
3.392993975903908055e+00
4.450370620760052631e+00
4.584793616781842607e-01
3.479087124350128124e-01
4.167756276011839733e-01
3.659212430855685594e-01
4.584793616781843717e-01
3.479087124350127014e-01
4.167756276011848060e-01
3.659212430855683373e-01
4.987723695068401603e-02
4.104962832651185001e-02
4.616567119918864315e-02
4.158812140864307644e-02
4.987723695068407848e-02
4.104962832651194715e-02
4.616567119918877499e-02
4.158812140864311113e-02
9.870350132444407620e-01
9.774574889465257321e-01
9.886298037495135915e-01
9.814264499622589177e-01
9.870350132444386526e-01
9.774574889465208472e-01
9.886298037495224733e-01
9.814264499622572524e-01
2.487738765834679282e-03
1.685071985744764035e-03
2.131269197271596066e-03
1.729571842300036419e-03
2.487738765834685353e-03
1.685071985744772058e-03
2.131269197271608209e-03
1.729571842300039238e-03
