2.791176407759281233e+02
4.025798380687705844e+02
2.165669946523636042e+02
4.476883791850877969e+02
2.791176407759289191e+02
4.025798380687709823e+02
2.165669946523640021e+02
4.476883791850877401e+02
6.898722549775004431e+00
8.365676610182164907e+00
6.252556149731473667e+00
9.110882030794583031e+00
6.898722549774999102e+00
8.365676610182116946e+00
6.252556149731486101e+00
9.110882030794543951e+00
3.678388820531490189e-01
3.276209125462849481e-01
3.747194323845994268e-01
3.186975890643333753e-01
3.678388820531491299e-01
3.276209125462865579e-01
3.747194323845988162e-01
3.186975890643329312e-01
1.067528086328838888e-01
9.958627200169517524e-02
1.055198938437304917e-01
9.919249493836200526e-02
1.067528086328837361e-01
9.958627200169527238e-02
1.055198938437304779e-01
9.919249493836185261e-02
9.800877000187906418e-01
9.712603793693468379e-01
9.845875805429638028e-01
9.680536734593770953e-01
9.800877000187963040e-01
9.712603793693481702e-01
9.845875805429660232e-01
9.680536734593796488e-01
1.139616215100913016e-02
9.917425571195615658e-03
1.113444799679215273e-02
9.839151052096971675e-03
1.139616215100909720e-02
9.917425571195636474e-03
1.113444799679214926e-02
9.839151052096940450e-03
