1.358251756846924252e+02
2.015282650862858134e+02
1.351570160427904455e+02
2.181019793597502598e+02
1.358251756846934484e+02
2.015282650862863250e+02
1.351570160427907012e+02
2.181019793597486398e+02
7.501937207747979564e+00
9.238551970249197609e+00
7.290363636364328492e+00
9.591632462784994928e+00
7.501937207747991110e+00
9.238551970249206491e+00
7.290363636364340039e+00
9.591632462784989599e+00
1.671543957756747023e-01
1.376088908789647736e-01
1.810408263342333790e-01
1.332322087104789443e-01
1.671543957756743970e-01
1.376088908789648846e-01
1.810408263342344615e-01
1.332322087104769737e-01
1.525253823019316612e-02
1.385910542092708489e-02
1.586697431512801293e-02
1.348388925920425419e-02
1.525253823019317306e-02
1.385910542092708142e-02
1.586697431512807538e-02
1.348388925920412582e-02
9.786401701505398343e-01
9.682371942193821468e-01
9.787028737756567898e-01
9.656261266370819163e-01
9.786401701505483830e-01
9.682371942193807035e-01
9.787028737756635621e-01
9.656261266370796958e-01
2.326399224635040540e-04
1.920748030683704880e-04
2.517608739169321084e-04
1.818152695544838430e-04
2.326399224635042708e-04
1.920748030683704338e-04
2.517608739169340058e-04
1.818152695544804007e-04
