1.282272545090119138e+02
2.304518609411277907e+02
1.505883262031989318e+02
2.032852067771852660e+02
1.282272545090119991e+02
2.304518609411269381e+02
1.505883262032000687e+02
2.032852067771839586e+02
4.363933199732902501e+00
6.001462818685414646e+00
4.811983957219059249e+00
5.896236322913112282e+00
4.363933199732897172e+00
6.001462818685336487e+00
4.811983957219062802e+00
5.896236322913076755e+00
4.753152321015788329e-01
3.784272596756623197e-01
4.211431925690380940e-01
3.767812574645627022e-01
4.753152321015782777e-01
3.784272596756592666e-01
4.211431925690379829e-01
3.767812574645604262e-01
9.563819740679001258e-02
7.728482336585920653e-02
8.315837020848249050e-02
7.726260136259567590e-02
9.563819740679013748e-02
7.728482336585856816e-02
8.315837020848260153e-02
7.726260136259503752e-02
9.858715919183452803e-01
9.745262184240226500e-01
9.833811583755878161e-01
9.775333432864888872e-01
9.858715919183518306e-01
9.745262184240250924e-01
9.833811583755945884e-01
9.775333432864981020e-01
9.146664803220136766e-03
5.972943922692056963e-03
6.915314535731027779e-03
5.969509569315372202e-03
9.146664803220161052e-03
5.972943922691958951e-03
6.915314535731046861e-03
5.969509569315272456e-03
