8.062483175306401506e+01
1.414698610704641339e+02
1.104178501872556808e+02
1.535095284201460402e+02
8.062483175306428507e+01
1.414698610704635655e+02
1.104178501872553255e+02
1.535095284201455001e+02
4.195106631173113776e+00
6.520906982504842020e+00
5.877865168538780161e+00
6.692103307739578177e+00
4.195106631173138645e+00
6.520906982504828697e+00
5.877865168538764173e+00
6.692103307739579066e+00
3.949983860982099748e-01
2.426713716603828841e-01
2.600319080971302266e-01
2.387033191438931723e-01
3.949983860982135275e-01
2.426713716603822457e-01
2.600319080971298935e-01
2.387033191438932278e-01
3.553076729906761572e-02
2.539120560798678941e-02
2.642839091847759905e-02
2.516812326891520318e-02
3.553076729906774062e-02
2.539120560798672002e-02
2.642839091847757130e-02
2.516812326891500889e-02
9.662201928460683042e-01
9.408155582278785456e-01
9.537779747303388733e-01
9.357649965856014163e-01
9.662201928460651956e-01
9.408155582278762141e-01
9.537779747303362088e-01
9.357649965855987517e-01
1.262435424860492393e-03
6.447133222270596967e-04
6.984598465398691438e-04
6.334344288793108567e-04
1.262435424860501500e-03
6.447133222270562273e-04
6.984598465398678428e-04
6.334344288793010988e-04
