7.179487195249468812e+01
1.275463604131319073e+02
6.842275076922956600e+01
1.079433574841974064e+02
7.179487195249463127e+01
1.275463604131313673e+02
6.842275076922921073e+01
1.079433574841969374e+02
4.882003270344521084e+00
6.471250192692727055e+00
4.505864615384381544e+00
5.903117003236905802e+00
4.882003270344525525e+00
6.471250192692708403e+00
4.505864615384394867e+00
5.903117003236878269e+00
3.113464228710836612e-01
2.395655409465012042e-01
3.186548051281720695e-01
2.588023078591756287e-01
3.113464228710831616e-01
2.395655409464994001e-01
3.186548051281710703e-01
2.588023078591737969e-01
2.225531110865534498e-02
1.882685771619475174e-02
2.241121950638470459e-02
1.941551022617382313e-02
2.225531110865531376e-02
1.882685771619476561e-02
2.241121950638465601e-02
1.941551022617382313e-02
9.875318281672618159e-01
9.778641045571914159e-01
9.881373172799636784e-01
9.812602193899480074e-01
9.875318281672621490e-01
9.778641045571982993e-01
9.881373172799675642e-01
9.812602193899490066e-01
4.952988725430379578e-04
3.544505714658418476e-04
5.022627597633583024e-04
3.769620373426602685e-04
4.952988725430365483e-04
3.544505714658423897e-04
5.022627597633561340e-04
3.769620373426603227e-04
