3.403947628590432117e+01
6.947115621616957526e+01
4.287512834224850167e+01
6.037413865163046722e+01
3.403947628590432828e+01
6.947115621616967474e+01
4.287512834224900615e+01
6.037413865163008353e+01
2.921047428189806450e+00
3.976980699366273075e+00
3.308572192513539179e+00
4.221587560146756957e+00
2.921047428189807338e+00
3.976980699366267746e+00
3.308572192513575150e+00
4.221587560146738305e+00
3.893466535673233420e-01
3.240085478606061220e-01
3.572300201119285035e-01
2.904384707072616423e-01
3.893466535673242301e-01
3.240085478606058444e-01
3.572300201119314456e-01
2.904384707072591443e-01
2.744852576739134978e-02
2.416449147564550190e-02
2.597257664585487374e-02
2.262279583142683820e-02
2.744852576739134284e-02
2.416449147564545680e-02
2.597257664585511314e-02
2.262279583142663697e-02
9.900709403122435193e-01
9.797368387484594043e-01
9.874890392268350636e-01
9.823980238368784645e-01
9.900709403122467389e-01
9.797368387484649555e-01
9.874890392268305117e-01
9.823980238368761331e-01
7.534215668031469474e-04
5.839226482765441650e-04
6.745747376248060123e-04
5.117908912304235851e-04
7.534215668031465137e-04
5.839226482765418882e-04
6.745747376248184806e-04
5.117908912304143694e-04
