1.883925076820214315e+02
3.564847341741466948e+02
2.336139090909614424e+02
3.098985993376404053e+02
1.883925076820221420e+02
3.564847341741468085e+02
2.336139090909633182e+02
3.098985993376414285e+02
7.707040748161730903e+00
1.017965342449367405e+01
8.065213903745188873e+00
9.706868282016566596e+00
7.707040748161693600e+00
1.017965342449358523e+01
8.065213903745187096e+00
9.706868282016634097e+00
2.263690666906470750e-01
1.854657446081422745e-01
2.210318827059959135e-01
1.891696558983057275e-01
2.263690666906460758e-01
1.854657446081417194e-01
2.210318827059964408e-01
1.891696558983067267e-01
3.305251472934623430e-02
3.008943815492735874e-02
3.160323839871515689e-02
3.035051055188834127e-02
3.305251472934626206e-02
3.008943815492722343e-02
3.160323839871529567e-02
3.035051055188854596e-02
9.791813800959203729e-01
9.605788632338729816e-01
9.741681030490533244e-01
9.657152169503345762e-01
9.791813800959211500e-01
9.605788632338733146e-01
9.741681030490546567e-01
9.657152169503375738e-01
1.092468729933649633e-03
9.053742884791982342e-04
9.987646772860239979e-04
9.211534907602855673e-04
1.092468729933651584e-03
9.053742884791901027e-04
9.987646772860328884e-04
9.211534907602979272e-04
