2.015510406155540295e+02
4.263919877668764116e+02
2.229887251184736385e+02
3.126371510793201196e+02
2.015510406155537453e+02
4.263919877668781737e+02
2.229887251184747754e+02
3.126371510793219954e+02
6.880451209749722352e+00
1.016165031484446502e+01
7.047227488151254882e+00
8.631575948102314655e+00
6.880451209749768537e+00
1.016165031484451653e+01
7.047227488151309061e+00
8.631575948102383933e+00
2.733457986872296352e-01
2.102021550990893217e-01
2.694018917106021371e-01
2.260520839923132463e-01
2.733457986872304124e-01
2.102021550990892385e-01
2.694018917106035804e-01
2.260520839923131908e-01
2.717135592480176415e-02
2.323749888348483617e-02
2.685617108066441425e-02
2.436600476981500701e-02
2.717135592480184741e-02
2.323749888348486045e-02
2.685617108066471262e-02
2.436600476981508681e-02
9.688909403511724028e-01
9.341598449998569365e-01
9.656329361772163500e-01
9.517373843409723255e-01
9.688909403511725138e-01
9.341598449998499420e-01
9.656329361772066910e-01
9.517373843409667744e-01
7.382825827922600247e-04
5.399813543599589439e-04
7.212539251139155278e-04
5.937021884426476508e-04
7.382825827922644699e-04
5.399813543599601365e-04
7.212539251139315740e-04
5.937021884426515539e-04
