3.811041774270359497e+02
5.694884963726746037e+02
3.296383824288440110e+02
5.205807532378107680e+02
3.811041774270375981e+02
5.694884963726700562e+02
3.296383824288421920e+02
5.205807532378107680e+02
1.208162717187006763e+01
1.545051860827790513e+01
1.093641860464810556e+01
1.446178662234206769e+01
1.208162717186999302e+01
1.545051860827783941e+01
1.093641860464814819e+01
1.446178662234203216e+01
1.267265219838495660e-01
9.554002608787583173e-02
1.414088744383523999e-01
1.010646564614249010e-01
1.267265219838487333e-01
9.554002608787547091e-02
1.414088744383519003e-01
1.010646564614248732e-01
1.180513774072853260e-02
1.029289262988357725e-02
1.263899492536287202e-02
1.068387846504566252e-02
1.180513774072843546e-02
1.029289262988362756e-02
1.263899492536286161e-02
1.068387846504565558e-02
9.257355643464022510e-01
8.890690211415284150e-01
9.358175239261742329e-01
8.985948365316904773e-01
9.257355643464052486e-01
8.890690211415405164e-01
9.358175239261815603e-01
8.985948365316979158e-01
1.393612770775731616e-04
1.059436386903116694e-04
1.597441927233484230e-04
1.141452590558664654e-04
1.393612770775708848e-04
1.059436386903126994e-04
1.597441927233481790e-04
1.141452590558663299e-04
