3.541793665045123021e+02
5.456804470893681582e+02
2.891862616799660373e+02
3.779639376783096054e+02
3.541793665045122452e+02
5.456804470893671350e+02
2.891862616799663215e+02
3.779639376783105149e+02
1.157434063175912975e+01
1.449561136110201076e+01
1.064085278991628059e+01
1.204831373687134466e+01
1.157434063175922212e+01
1.449561136110163773e+01
1.064085278991626637e+01
1.204831373687149565e+01
2.340345336008330390e-01
1.979980513689299226e-01
2.348021604660462114e-01
2.049940172748140055e-01
2.340345336008332056e-01
1.979980513689299504e-01
2.348021604660440187e-01
2.049940172748150047e-01
4.558848424721100717e-02
4.404811521376359590e-02
4.532661470665606124e-02
4.415777168925428403e-02
4.558848424721114595e-02
4.404811521376314487e-02
4.532661470665590858e-02
4.415777168925481139e-02
9.483942586052863666e-01
9.203845403747775711e-01
9.578725410687913833e-01
9.448522202770829326e-01
9.483942586052914736e-01
9.203845403747868970e-01
9.578725410687936037e-01
9.448522202770700540e-01
2.078309895958206036e-03
1.940236453884992222e-03
2.054502000765649847e-03
1.949908800560307262e-03
2.078309895958219047e-03
1.940236453884952323e-03
2.054502000765635536e-03
1.949908800560353449e-03
