3.770813900292104108e+02
5.629250465739862648e+02
3.747218354837572747e+02
5.186293172855063176e+02
3.770813900292122298e+02
5.629250465739830815e+02
3.747218354837572178e+02
5.186293172855058629e+02
8.687935483868614028e+00
1.097544649415911699e+01
8.685177372286380759e+00
1.050553893710954867e+01
8.687935483868511000e+00
1.097544649415916496e+01
8.685177372286345232e+00
1.050553893710952558e+01
4.034692461488716408e-01
3.203312236105355093e-01
3.898457351325582132e-01
3.352377403666141342e-01
4.034692461488685877e-01
3.203312236105351762e-01
3.898457351325593789e-01
3.352377403666134681e-01
4.239266407657502067e-02
3.496624090133119978e-02
4.098858171351265484e-02
3.631216235641669676e-02
4.239266407657487495e-02
3.496624090133117896e-02
4.098858171351268953e-02
3.631216235641676615e-02
9.041012056718520373e-01
8.570275325185057191e-01
9.047767439934185640e-01
8.682791950286505855e-01
9.041012056718498169e-01
8.570275325185013893e-01
9.047767439934064626e-01
8.682791950286478100e-01
1.797137967509334017e-03
1.222638002769926716e-03
1.680063830885304005e-03
1.318573134998765823e-03
1.797137967509321874e-03
1.222638002769925632e-03
1.680063830885306607e-03
1.318573134998771027e-03
