1.084315890848695062e+03
1.598922848293391780e+03
1.118639355844322381e+03
1.603653145250940952e+03
1.084315890848685513e+03
1.598922848293392462e+03
1.118639355844319425e+03
1.603653145250949592e+03
2.201806203079004476e+01
2.675070140279582986e+01
2.218165194805582274e+01
2.679168206542010111e+01
2.201806203078987423e+01
2.675070140279564868e+01
2.218165194805602525e+01
2.679168206541979558e+01
6.658182746061400148e-02
5.575460795272735304e-02
6.868786022763882781e-02
5.596522078714587234e-02
6.658182746061386270e-02
5.575460795272731834e-02
6.868786022763867516e-02
5.596522078714535192e-02
8.981348836191267379e-03
8.317261904295368893e-03
9.102149637030262225e-03
8.324292080487485229e-03
8.981348836191182378e-03
8.317261904295304709e-03
9.102149637030243143e-03
8.324292080487438392e-03
8.078693547666764285e-01
7.168245022467221172e-01
8.018657151185848431e-01
7.159860890206463102e-01
8.078693547666867536e-01
7.168245022467437666e-01
8.018657151185897280e-01
7.159860890206536377e-01
8.066462691735423708e-05
6.917684558464302588e-05
8.284912801489013033e-05
6.929383864126666332e-05
8.066462691735269209e-05
6.917684558464195523e-05
8.284912801488979151e-05
6.929383864126587727e-05
