6.379199681609711803e+01
1.460428521314026966e+02
1.029004273607514364e+02
1.322926585861393676e+02
6.379199681609627248e+01
1.460428521314024692e+02
1.029004273607509532e+02
1.322926585861384012e+02
3.459965990086706356e+00
5.695051289494578839e+00
4.611632904363213825e+00
5.408447041176038361e+00
3.459965990086701915e+00
5.695051289494574398e+00
4.611632904363226260e+00
5.408447041176055237e+00
4.437381422059801794e-01
3.394481272632480784e-01
3.947648226696507945e-01
3.409722193274670188e-01
4.437381422059784586e-01
3.394481272632505764e-01
3.947648226696502949e-01
3.409722193274659086e-01
3.606666405465577124e-02
2.942941819470495241e-02
3.253121887315615218e-02
2.930716157947103190e-02
3.606666405465570879e-02
2.942941819470495587e-02
3.253121887315613137e-02
2.930716157947088271e-02
9.820804208687630155e-01
9.589993706616707358e-01
9.711057913102124628e-01
9.628514180508559450e-01
9.820804208687640147e-01
9.589993706616758429e-01
9.711057913102090211e-01
9.628514180508525033e-01
1.300804256031398579e-03
8.660906552788308951e-04
1.058280201373190893e-03
8.589097198452229657e-04
1.300804256031394025e-03
8.660906552788310035e-04
1.058280201373189592e-03
8.589097198452141837e-04
