4.248767535068641337e+02
5.419235086412072633e+02
3.191628362188847632e+02
6.542745025042487441e+02
4.248767535068643042e+02
5.419235086411932798e+02
3.191628362188881169e+02
6.542745025042452198e+02
9.997601945461024542e+00
1.150745115292418497e+01
8.724691483020752258e+00
1.262720545101467806e+01
9.997601945460946382e+00
1.150745115292383680e+01
8.724691483020748706e+00
1.262720545101465852e+01
2.574789994364389267e-01
2.205879730955939699e-01
2.783045516212478421e-01
2.162620634532235186e-01
2.574789994364366508e-01
2.205879730955875584e-01
2.783045516212490078e-01
2.162620634532222974e-01
2.880601455246250067e-02
2.586945209877625912e-02
3.016894332540506762e-02
2.538741308498351779e-02
2.880601455246246598e-02
2.586945209877559992e-02
3.016894332540499130e-02
2.538741308498346921e-02
9.473258302613182247e-01
9.328112744994554451e-01
9.603973228146733820e-01
9.188771969608315882e-01
9.473258302613145609e-01
9.328112744994433436e-01
9.603973228146738261e-01
9.188771969608262591e-01
8.297864743966813349e-04
6.692285518908793612e-04
9.101651413715030432e-04
6.445207431475923890e-04
8.297864743966792750e-04
6.692285518908453173e-04
9.101651413714982727e-04
6.445207431475898953e-04
