3.294630724154325776e+02
4.528082793358183267e+02
2.250257573971368856e+02
4.853908533292632796e+02
3.294630724154331460e+02
4.528082793358178719e+02
2.250257573971366014e+02
4.853908533292658376e+02
7.220567805814076756e+00
8.618604670783470922e+00
6.015072161128687256e+00
9.183983834496819654e+00
7.220567805814072315e+00
8.618604670783467370e+00
6.015072161128685480e+00
9.183983834496974197e+00
3.934181952836868779e-01
3.137791638713423592e-01
3.809747367470710522e-01
3.098398413792866624e-01
3.934181952836876550e-01
3.137791638713416931e-01
3.809747367470721069e-01
3.098398413792887163e-01
5.279435558199183781e-02
4.536348304261614284e-02
5.095134697843766575e-02
4.508488170620628122e-02
5.279435558199207373e-02
4.536348304261592773e-02
5.095134697843753391e-02
4.508488170620635060e-02
9.416067735597227761e-01
9.186657507825598534e-01
9.600955910831092677e-01
9.128132826291460722e-01
9.416067735597135613e-01
9.186657507825588542e-01
9.600955910831036055e-01
9.128132826291593949e-01
2.787243981317792663e-03
2.057845593757722229e-03
2.596039758917149248e-03
2.032646558462613759e-03
2.787243981317817382e-03
2.057845593757702714e-03
2.596039758917135370e-03
2.032646558462620264e-03
