1.449717675350619004e+02
2.302591653895608772e+02
1.450688021390583344e+02
2.555427753903000507e+02
1.449717675350616162e+02
2.302591653895611330e+02
1.450688021390596418e+02
2.555427753903037456e+02
4.969490981963740062e+00
7.019080942632819564e+00
5.241294117647883333e+00
7.053454502586884445e+00
4.969490981963708087e+00
7.019080942632785813e+00
5.241294117647878004e+00
7.053454502586887997e+00
3.906672108439560587e-01
3.150989486422183239e-01
3.878254738608045704e-01
3.221640987868548134e-01
3.906672108439553925e-01
3.150989486422178243e-01
3.878254738608054586e-01
3.221640987868550354e-01
8.222029200241141866e-02
7.736639602446231112e-02
8.137101142062805326e-02
7.800777905946171265e-02
8.222029200241141866e-02
7.736639602446224173e-02
8.137101142062812265e-02
7.800777905946205959e-02
9.823714244895340730e-01
9.719907462109920182e-01
9.823498466843819665e-01
9.689090471949652894e-01
9.823714244895281889e-01
9.719907462109933505e-01
9.823498466843774146e-01
9.689090471949619587e-01
6.760176416961799842e-03
5.985559233813938368e-03
6.621241499615980464e-03
6.085213593789792416e-03
6.760176416961798107e-03
5.985559233813926225e-03
6.621241499615992607e-03
6.085213593789847927e-03
