1.383933511825219398e+02
1.708881671263183364e+02
1.161615278750343521e+02
2.051258709536716083e+02
1.383933511825219114e+02
1.708881671263189048e+02
1.161615278750345226e+02
2.051258709536713809e+02
3.713816225864712717e+00
4.219044854114701870e+00
3.368797836637452026e+00
4.551646344413191159e+00
3.713816225864716714e+00
4.219044854114767595e+00
3.368797836637437815e+00
4.551646344413206258e+00
6.616629599796726158e-01
5.889379216252598193e-01
6.382288678075105359e-01
5.883794991612326664e-01
6.616629599796707284e-01
5.889379216252579319e-01
6.382288678075079824e-01
5.883794991612303349e-01
1.092093449973520619e-01
9.355110668233126980e-02
1.027805785807458933e-01
9.340686291229546856e-02
1.092093449973521313e-01
9.355110668233138083e-02
1.027805785807458655e-01
9.340686291229569060e-02
8.072888596561552665e-01
7.620918648669484652e-01
8.383621481955869648e-01
7.144217818216485050e-01
8.072888596561564878e-01
7.620918648669467999e-01
8.383621481955811916e-01
7.144217818216390681e-01
1.192668103475066563e-02
8.751809561488927552e-03
1.056384733339288222e-02
8.724842039116359471e-03
1.192668103475068124e-02
8.751809561488948369e-03
1.056384733339287528e-02
8.724842039116401105e-03
