3.825308323313022356e+02
5.002985328945845822e+02
3.830634171123402893e+02
7.102764941646787520e+02
3.825308323313022356e+02
5.002985328945876518e+02
3.830634171123486453e+02
7.102764941646669286e+02
1.237753373413252689e+01
1.482601566769655044e+01
1.273659358288951893e+01
1.713195910537347189e+01
1.237753373413251978e+01
1.482601566769664458e+01
1.273659358288952781e+01
1.713195910537328714e+01
1.259671229911199786e-01
1.014062240033910267e-01
1.190435831201295952e-01
9.526557415055476874e-02
1.259671229911205892e-01
1.014062240033908185e-01
1.190435831201305528e-01
9.526557415055474098e-02
1.197741837945956109e-02
1.078129296722647908e-02
1.171060238105745867e-02
1.036176111705690121e-02
1.197741837945943619e-02
1.078129296722650510e-02
1.171060238105750377e-02
1.036176111705683703e-02
9.046709743992270569e-01
8.753833877851214806e-01
9.045467629676053889e-01
8.230800385230769844e-01
9.046709743992249475e-01
8.753833877851194822e-01
9.045467629676037236e-01
8.230800385230658822e-01
1.434585510366157045e-04
1.162362780451671208e-04
1.371382081272286139e-04
1.073660934469522992e-04
1.434585510366127230e-04
1.162362780451676900e-04
1.371382081272296710e-04
1.073660934469509575e-04
