3.877911290857824724e+02
6.064656768082692224e+02
4.784758424243480590e+02
6.689554017126359895e+02
3.877911290857804829e+02
6.064656768082619465e+02
4.784758424243455579e+02
6.689554017126303052e+02
9.867136084853916245e+00
1.267108155705564343e+01
1.129570909091162711e+01
1.334632902168225144e+01
9.867136084853921574e+00
1.267108155705570383e+01
1.129570909091153119e+01
1.334632902168220880e+01
2.128851794353079641e-01
1.693305314441479192e-01
1.885073247426314602e-01
1.594952955878432832e-01
2.128851794353079363e-01
1.693305314441473086e-01
1.885073247426296839e-01
1.594952955878423673e-01
1.618986695660475789e-02
1.434656164640091096e-02
1.522297572418239778e-02
1.404704492623172832e-02
1.618986695660474401e-02
1.434656164640090228e-02
1.522297572418235788e-02
1.404704492623173352e-02
9.489186576898144265e-01
9.201075709506260081e-01
9.369426421370591340e-01
9.118630316641354039e-01
9.489186576898032133e-01
9.201075709506226774e-01
9.369426421370615765e-01
9.118630316641335165e-01
2.621117920725626340e-04
2.058238310739816306e-04
2.317389898990465723e-04
1.973194711595725650e-04
2.621117920725622003e-04
2.058238310739813595e-04
2.317389898990454067e-04
1.973194711595726734e-04
