5.259624315297089225e+01
1.331070000964243150e+02
9.856138502675138113e+01
1.189813798720222309e+02
5.259624315297088515e+01
1.331070000964246560e+02
9.856138502675258906e+01
1.189813798720224440e+02
3.740162992652110940e+00
6.006960444953146627e+00
5.083385026738694634e+00
5.856177595832558147e+00
3.740162992652108720e+00
6.006960444953139522e+00
5.083385026738748813e+00
5.856177595832539495e+00
3.810153814606135891e-01
2.760921138223251803e-01
3.199080632536030477e-01
2.800986128526090080e-01
3.810153814606143663e-01
2.760921138223249582e-01
3.199080632536077107e-01
2.800986128526078978e-01
4.273332350079579733e-02
3.568444877205746713e-02
3.937293234910924089e-02
3.605357724750086340e-02
4.273332350079581815e-02
3.568444877205739080e-02
3.937293234910993478e-02
3.605357724750077320e-02
9.941537285150563452e-01
9.852104716752094760e-01
9.890458911898281080e-01
9.867726702576375963e-01
9.941537285150533476e-01
9.852104716752152491e-01
9.890458911898336591e-01
9.867726702576351538e-01
1.826136937423666375e-03
1.273379884165593652e-03
1.550227801767533166e-03
1.299860432341512105e-03
1.826136937423667892e-03
1.273379884165588231e-03
1.550227801767587376e-03
1.299860432341505383e-03
