3.716928256512869666e+01
9.129056508738563025e+01
5.827890909091390625e+01
7.513266104400587153e+01
3.716928256512848350e+01
9.129056508738507603e+01
5.827890909091433969e+01
7.513266104400609890e+01
2.330207080828420985e+00
4.325854918392471937e+00
3.526588235294420226e+00
4.028666959587170027e+00
2.330207080828420541e+00
4.325854918392459503e+00
3.526588235294453089e+00
4.028666959587167362e+00
5.554234546007684736e-01
3.514098662243736459e-01
3.892069722882920413e-01
3.629956586825587861e-01
5.554234546007702500e-01
3.514098662243709814e-01
3.892069722882965932e-01
3.629956586825583975e-01
3.512320433743550824e-02
2.465221272973628849e-02
2.654199626712574686e-02
2.505801033891291024e-02
3.512320433743545967e-02
2.465221272973601788e-02
2.654199626712614932e-02
2.505801033891272636e-02
9.938241298561519832e-01
9.848220342832294527e-01
9.903193769985041417e-01
9.875185372070355294e-01
9.938241298561523163e-01
9.848220342832256780e-01
9.903193769985064732e-01
9.875185372070397483e-01
1.233639482929248373e-03
6.077315924721718270e-04
7.044775658441171243e-04
6.279038821450662724e-04
1.233639482929244904e-03
6.077315924721584913e-04
7.044775658441383747e-04
6.279038821450571651e-04
