7.545245691382704933e+01
1.393452037765173372e+02
1.255742941176676055e+02
1.501839615058787842e+02
7.545245691382676512e+01
1.393452037765161720e+02
1.255742941176675203e+02
1.501839615058783011e+02
2.960764195056880599e+00
3.998671139069094327e+00
3.671962566845524911e+00
4.134214953971597772e+00
2.960764195056881931e+00
3.998671139069088110e+00
3.671962566845523579e+00
4.134214953971600437e+00
5.496601608262110528e-01
4.743108647758520480e-01
5.181252556405085974e-01
4.700697532665109590e-01
5.496601608262102756e-01
4.743108647758505492e-01
5.181252556405109289e-01
4.700697532665137346e-01
6.397333346276538879e-02
5.578473112380002291e-02
6.060121161268337137e-02
5.538174925772806900e-02
6.397333346276548594e-02
5.578473112379965515e-02
6.060121161268340606e-02
5.538174925772793022e-02
9.088358449355689039e-01
8.312882626610519354e-01
8.478112549508383111e-01
8.181694168960861324e-01
9.088358449355709023e-01
8.312882626610542669e-01
8.478112549508297624e-01
8.181694168960910174e-01
4.092587394338178391e-03
3.111936226554663093e-03
3.672506848925229887e-03
3.067138150845863213e-03
4.092587394338189667e-03
3.111936226554621893e-03
3.672506848925233790e-03
3.067138150845848035e-03
