1.936224983299824487e+01
4.045227888932581095e+01
2.580609090909336345e+01
3.795241284708126273e+01
1.936224983299828750e+01
4.045227888932580385e+01
2.580609090909318937e+01
3.795241284708122009e+01
1.992352705410862734e+00
2.969902371587792356e+00
2.390443850267629955e+00
2.922985007447760797e+00
1.992352705410862290e+00
2.969902371587789247e+00
2.390443850267621517e+00
2.922985007447770567e+00
5.196345378673078441e-01
4.178139613572007249e-01
4.718379238341915971e-01
4.153910945428434531e-01
5.196345378673090654e-01
4.178139613572007249e-01
4.718379238341895432e-01
4.153910945428442303e-01
4.964966215738163269e-02
4.169615142907423522e-02
4.591618425389029645e-02
4.162153187662547688e-02
4.964966215738161881e-02
4.169615142907421440e-02
4.591618425388997726e-02
4.162153187662551157e-02
9.938570201913418112e-01
9.871739890015619467e-01
9.918148688916100797e-01
9.879751807803508479e-01
9.938570201913402569e-01
9.871739890015605035e-01
9.918148688916073041e-01
9.879751807803484054e-01
2.465088952342133800e-03
1.738569043996289606e-03
2.108295976437203276e-03
1.732351915756950552e-03
2.465088952342132066e-03
1.738569043996287438e-03
2.108295976437173785e-03
1.732351915756953804e-03
