8.098691249164775741e+01
1.084455970765018122e+02
8.605358288770329978e+01
1.257744151404351243e+02
8.098691249164778583e+01
1.084455970765017696e+02
8.605358288770352715e+01
1.257744151404351385e+02
6.149066132264272788e+00
7.238059005711675375e+00
6.374951871658034008e+00
7.540299851038659185e+00
6.149066132264280782e+00
7.238059005711690475e+00
6.374951871658046443e+00
7.540299851038673395e+00
1.907820727072572775e-01
1.578716617349529561e-01
1.791658431671592222e-01
1.542299514791139747e-01
1.907820727072570555e-01
1.578716617349534557e-01
1.791658431671590834e-01
1.542299514791139470e-01
2.932711144982614454e-02
2.728250243153178614e-02
2.891882098190355285e-02
2.707078770023119488e-02
2.932711144982616536e-02
2.728250243153183124e-02
2.891882098190350428e-02
2.707078770023119141e-02
9.322675377015094966e-01
9.092562509530282000e-01
9.284023839825702451e-01
8.947300238099684666e-01
9.322675377015092746e-01
9.092562509530278669e-01
9.284023839825701341e-01
8.947300238099654690e-01
8.600794659905236506e-04
7.443349389265377890e-04
8.362982069833851517e-04
7.328275467109885690e-04
8.600794659905249516e-04
7.443349389265402826e-04
8.362982069833823327e-04
7.328275467109883522e-04
