7.287840696318380651e+02
1.247305161220800301e+03
1.068440353293347698e+03
1.323608912435816819e+03
7.287840696318448863e+02
1.247305161220803029e+03
1.068440353293345652e+03
1.323608912435818638e+03
1.884530254539080474e+01
2.464481057924488994e+01
2.293871257484903836e+01
2.542786771147428482e+01
1.884530254539070526e+01
2.464481057924588470e+01
2.293871257484914139e+01
2.542786771147448022e+01
7.683249522335744430e-02
6.060443210944506387e-02
6.503054235647512393e-02
5.948688570650442070e-02
7.683249522335779125e-02
6.060443210944525122e-02
6.503054235647524883e-02
5.948688570650489255e-02
9.863681602407047000e-03
8.966854701320869231e-03
9.202577872110477564e-03
8.868859523755901267e-03
9.863681602407003632e-03
8.966854701320938620e-03
9.202577872110472360e-03
8.868859523756043514e-03
8.997259076572516889e-01
8.281147883762509654e-01
8.528391795591885316e-01
8.176120615366511135e-01
8.997259076572631242e-01
8.281147883762335349e-01
8.528391795591918623e-01
8.176120615366602173e-01
9.729221475366326029e-05
8.040448323460017350e-05
8.468743949225739011e-05
7.865666925211576242e-05
9.729221475366240648e-05
8.040448323460143388e-05
8.468743949225732235e-05
7.865666925211828320e-05
