6.821205468260333760e+01
1.217198038249088512e+02
9.040155271566099771e+01
1.347354709418938228e+02
6.821205468260333760e+01
1.217198038249085670e+02
9.040155271566108297e+01
1.347354709418943628e+02
3.475537061383381143e+00
5.221311632850706985e+00
4.549718849840574286e+00
5.352218814626484189e+00
3.475537061383386472e+00
5.221311632850734519e+00
4.549718849840584944e+00
5.352218814626502841e+00
4.929645365894270159e-01
3.814047655678400872e-01
4.070371944868644842e-01
3.778636336979950827e-01
4.929645365894268494e-01
3.814047655678394766e-01
4.070371944868653724e-01
3.778636336979951937e-01
4.552572483934347325e-02
3.677357629904826758e-02
3.927040209370270124e-02
3.640241819499787784e-02
4.552572483934348019e-02
3.677357629904828840e-02
3.927040209370267348e-02
3.640241819499796805e-02
9.814944309736292061e-01
9.669473798355829874e-01
9.754595237240191175e-01
9.634099825963557961e-01
9.814944309736322037e-01
9.669473798355825434e-01
9.754595237240201167e-01
9.634099825963540198e-01
2.072591622147615473e-03
1.352295913821924701e-03
1.542164480601089472e-03
1.325136050443512627e-03
2.072591622147615907e-03
1.352295913821926219e-03
1.542164480601087521e-03
1.325136050443519349e-03
