1.662226081503294495e+01
4.122834712342896069e+01
3.101106429727118652e+01
3.725178424541110900e+01
1.662226081503292008e+01
4.122834712342933727e+01
3.101106429727105152e+01
3.725178424541106637e+01
1.310804780684378334e+00
1.951226593119251618e+00
1.663006736364412541e+00
1.992953742681347951e+00
1.310804780684378557e+00
1.951226593119268271e+00
1.663006736364410987e+00
1.992953742681353724e+00
7.184452670918565209e-01
6.550782442490279411e-01
6.895670723797856505e-01
6.540816747503707118e-01
7.184452670918546335e-01
6.550782442490310498e-01
6.895670723797825419e-01
6.540816747503709339e-01
1.143546037228448942e-01
1.030350744472347951e-01
1.089104663131681833e-01
1.032309840768901726e-01
1.143546037228448387e-01
1.030350744472348506e-01
1.089104663131680445e-01
1.032309840768899922e-01
9.812640739303909454e-01
9.535957953531138953e-01
9.650477980748336515e-01
9.580670778727184977e-01
9.812640739303899462e-01
9.535957953531150055e-01
9.650477980748382034e-01
9.580670778727179426e-01
1.307697539260889268e-02
1.061622656634721683e-02
1.186148967255174283e-02
1.065663607348315244e-02
1.307697539260887706e-02
1.061622656634722897e-02
1.186148967255171160e-02
1.065663607348311427e-02
