1.966934409359089386e+01
5.142083082153758511e+01
3.537404878048472057e+01
3.976107771097986898e+01
1.966934409359133085e+01
5.142083082153730800e+01
3.537404878048474188e+01
3.976107771097971977e+01
2.268444998104099941e+00
3.572385964340796694e+00
3.084065040650178169e+00
3.535998826922311267e+00
2.268444998104253596e+00
3.572385964340786035e+00
3.084065040650177281e+00
3.535998826922315263e+00
4.365136930702517293e-01
3.125609236892424314e-01
3.475563843239525830e-01
3.046278825636555276e-01
4.365136930702573359e-01
3.125609236892407106e-01
3.475563843239531936e-01
3.046278825636551946e-01
3.836078000150182354e-02
3.158471775037390711e-02
3.426620678798266567e-02
3.150227597628083714e-02
3.836078000150184436e-02
3.158471775037376833e-02
3.426620678798279057e-02
3.150227597628083021e-02
9.977000211648201500e-01
9.939984688854214268e-01
9.958803816919993279e-01
9.953684044051167579e-01
9.977000211648227035e-01
9.939984688854203165e-01
9.958803816919993279e-01
9.953684044051184232e-01
1.471549442323622338e-03
9.975943953707845906e-04
1.174172927636789234e-03
9.923933916857606997e-04
1.471549442323623639e-03
9.975943953707759170e-04
1.174172927636797691e-03
9.923933916857604828e-04
