1.375785748087495676e+03
1.796638214700933531e+03
1.290016032921668057e+03
2.064242880823311680e+03
1.375785748087506818e+03
1.796638214700938079e+03
1.290016032921663509e+03
2.064242880823294854e+03
1.807685185566225172e+01
2.181006457359155704e+01
1.872589300411300783e+01
2.322169441764183873e+01
1.807685185566222685e+01
2.181006457359161033e+01
1.872589300411313928e+01
2.322169441764173925e+01
1.265856462384346015e-01
9.663727076186856557e-02
1.072222913020979274e-01
9.675209689145120029e-02
1.265856462384341574e-01
9.663727076186748310e-02
1.072222913020970531e-01
9.675209689145089498e-02
1.669554672316808652e-02
1.469271126262927663e-02
1.532919877370328768e-02
1.476762302398738728e-02
1.669554672316808999e-02
1.469271126262920550e-02
1.532919877370310727e-02
1.476762302398740637e-02
8.421119973687418714e-01
7.941031793186321686e-01
8.519528133349330012e-01
7.634362652543912331e-01
8.421119973687426485e-01
7.941031793186255072e-01
8.519528133349295596e-01
7.634362652543931205e-01
2.787412803854886372e-04
2.158757642469931936e-04
2.349843350437063867e-04
2.180826897786023767e-04
2.787412803854886914e-04
2.158757642469911065e-04
2.349843350437008573e-04
2.180826897786029730e-04
