2.905372344689270037e+01
1.004134150654165296e+02
8.050107486631894460e+01
8.076595972693313286e+01
2.905372344689267194e+01
1.004134150654167001e+02
8.050107486631875986e+01
8.076595972693323233e+01
1.494070808283276541e+00
2.655160588556549683e+00
2.314518716577783852e+00
2.399279843108443888e+00
1.494070808283275653e+00
2.655160588556557677e+00
2.314518716577793622e+00
2.399279843108443888e+00
7.066998206427618223e-01
6.029113424086212092e-01
6.433897168740480010e-01
6.137431108226029108e-01
7.066998206427602680e-01
6.029113424086220974e-01
6.433897168740483341e-01
6.137431108226051313e-01
7.586804986807922646e-02
6.272559315579387396e-02
6.753177892690734319e-02
6.347273693813000606e-02
7.586804986807925422e-02
6.272559315579380457e-02
6.753177892690724604e-02
6.347273693813008932e-02
9.678695433858488517e-01
8.887066836198710407e-01
9.107645589131477815e-01
9.104662625239841045e-01
9.678695433858504060e-01
8.887066836198741493e-01
9.107645589131371233e-01
9.104662625239842155e-01
5.755960990785356605e-03
3.934500036746176044e-03
4.560541165032687590e-03
4.028788334417054105e-03
5.755960990785360942e-03
3.934500036746167370e-03
4.560541165032673712e-03
4.028788334417063646e-03
