3.213874306001378045e+01
1.175220946679888385e+02
9.178110938857953727e+01
9.427712106287421534e+01
3.213874306001359571e+01
1.175220946679889238e+02
9.178110938857976464e+01
9.427712106287451377e+01
2.894606639724989439e+00
5.579632997398722871e+00
4.891544094477744409e+00
5.098519865626288450e+00
2.894606639724993880e+00
5.579632997398712213e+00
4.891544094477717763e+00
5.098519865626331082e+00
4.040552979793058941e-01
2.562926752117279938e-01
2.838878278719015880e-01
2.680798206704269049e-01
4.040552979793055610e-01
2.562926752117279938e-01
2.838878278719006443e-01
2.680798206704299580e-01
3.416264795813753197e-02
2.484591808723893638e-02
2.652893582583411292e-02
2.567547131160983695e-02
3.416264795813749727e-02
2.484591808723909251e-02
2.652893582583403659e-02
2.567547131161017696e-02
9.830960219659993227e-01
9.378425371725293003e-01
9.515092310169014356e-01
9.501711003487619545e-01
9.830960219659999888e-01
9.378425371725299664e-01
9.515092310169014356e-01
9.501711003487554041e-01
1.167086515511638490e-03
6.173196455977868896e-04
7.037844360512246922e-04
6.592298270732998211e-04
1.167086515511635888e-03
6.173196455977946959e-04
7.037844360512205723e-04
6.592298270733172767e-04
