4.792566027577891674e+01
1.269757239029095075e+02
7.486393413173260569e+01
6.852939411758308097e+01
4.792566027577884569e+01
1.269757239029092517e+02
7.486393413173263411e+01
6.852939411758308097e+01
2.740998414740131839e+00
4.372565490262398491e+00
3.370724550897942873e+00
3.456637826551608672e+00
2.740998414740130951e+00
4.372565490262407373e+00
3.370724550897924665e+00
3.456637826551617554e+00
4.979815415036064064e-01
4.271031991881157341e-01
4.838402785023123154e-01
4.159048078539141491e-01
4.979815415036066839e-01
4.271031991881164003e-01
4.838402785023127040e-01
4.159048078539135385e-01
4.514732511890000299e-02
4.013319849405996842e-02
4.430666668601222075e-02
3.857518601816851272e-02
4.514732511890000299e-02
4.013319849406002393e-02
4.430666668601192237e-02
3.857518601816846415e-02
9.869194887585749365e-01
9.653235779397076888e-01
9.795535229255327714e-01
9.813004701298984056e-01
9.869194887585740483e-01
9.653235779397079108e-01
9.795535229255286636e-01
9.813004701298903010e-01
2.038280965391659361e-03
1.610673621363617426e-03
1.963080712825384950e-03
1.488044976336303470e-03
2.038280965391659361e-03
1.610673621363621546e-03
1.963080712825358929e-03
1.488044976336299783e-03
