8.800037408149490759e+00
1.972804968225075584e+01
1.311572192513455626e+01
1.568066614512335555e+01
8.800037408149524509e+00
1.972804968225064925e+01
1.311572192513457047e+01
1.568066614512329870e+01
9.047374749499258462e-01
1.583846838061035101e+00
1.303668449197932677e+00
1.418033928820112255e+00
9.047374749499254021e-01
1.583846838061029105e+00
1.303668449197933787e+00
1.418033928820109368e+00
7.773757788189626927e-01
6.596826550529339972e-01
6.878111884809082754e-01
6.607736289104908511e-01
7.773757788189618045e-01
6.596826550529296673e-01
6.878111884809109400e-01
6.607736289104876315e-01
6.468371353775573263e-02
5.337705284349623241e-02
5.666312481957826164e-02
5.362906305287393899e-02
6.468371353775578814e-02
5.337705284349607976e-02
5.666312481957849756e-02
5.362906305287367531e-02
9.969105364529733393e-01
9.930782427646323018e-01
9.954103510211342876e-01
9.945130469287384312e-01
9.969105364529723401e-01
9.930782427646337451e-01
9.954103510211335104e-01
9.945130469287380981e-01
4.183982797034444673e-03
2.849109770257389398e-03
3.210709714319105994e-03
2.876076403929128406e-03
4.183982797034450744e-03
2.849109770257372918e-03
3.210709714319132449e-03
2.876076403929100217e-03
