2.341130794923051894e+01
5.491785174626558330e+01
3.554073796792031459e+01
4.764005015377687613e+01
2.341130794923068947e+01
5.491785174626564014e+01
3.554073796792037854e+01
4.764005015377674113e+01
2.065287909151683809e+00
3.338404080888649261e+00
2.697090909091344191e+00
3.115300118954134501e+00
2.065287909151684698e+00
3.338404080888649261e+00
2.697090909091346411e+00
3.115300118954136721e+00
4.922966092863959586e-01
3.763133815600672172e-01
4.319470583775799621e-01
3.893229180154299529e-01
4.922966092863959586e-01
3.763133815600669396e-01
4.319470583775801842e-01
3.893229180154299529e-01
4.205534553908261280e-02
3.390571541697018354e-02
3.742902421822051628e-02
3.473304122850152248e-02
4.205534553908263362e-02
3.390571541697019048e-02
3.742902421822048853e-02
3.473304122850144615e-02
9.910897641818662285e-01
9.790638773376382220e-01
9.865043578844753247e-01
9.818595607862627972e-01
9.910897641818687820e-01
9.790638773376362236e-01
9.865043578844756578e-01
9.818595607862572461e-01
1.768652088411635983e-03
1.149597537936569670e-03
1.400931853928137844e-03
1.206384152980786474e-03
1.768652088411637501e-03
1.149597537936569887e-03
1.400931853928136109e-03
1.206384152980781487e-03
