2.415852967195602901e+02
3.809082019461195046e+02
2.121666927711233370e+02
3.514839256827437453e+02
2.415852967195597785e+02
3.809082019461255868e+02
2.121666927711240476e+02
3.514839256827466443e+02
7.341216968470964943e+00
9.165535891060262230e+00
6.364078313254145414e+00
8.762144771471696458e+00
7.341216968470938298e+00
9.165535891060315521e+00
6.364078313254186270e+00
8.762144771471625404e+00
2.765627266249805483e-01
2.309758202816545591e-01
3.032828078178945175e-01
2.384169786829066495e-01
2.765627266249802152e-01
2.309758202816558914e-01
3.032828078178994025e-01
2.384169786829071491e-01
3.022463069908839367e-02
2.669176609855224147e-02
3.170751758662033321e-02
2.718153061750186797e-02
3.022463069908833469e-02
2.669176609855235596e-02
3.170751758662061770e-02
2.718153061750194777e-02
9.713414680797146650e-01
9.548363273024669251e-01
9.748251534132439389e-01
9.583230371045758922e-01
9.713414680797191059e-01
9.548363273024663700e-01
9.748251534132421625e-01
9.583230371045750040e-01
9.135283008962764677e-04
7.124503774598228353e-04
1.005366671505837856e-03
7.388356067101914957e-04
9.135283008962729982e-04
7.124503774598287984e-04
1.005366671505855637e-03
7.388356067101957241e-04
