1.372852491770320285e+02
3.132552635391523950e+02
2.801940120482381644e+02
3.531676968395008203e+02
1.372852491770317727e+02
3.132552635391543276e+02
2.801940120482390171e+02
3.531676968395014455e+02
6.256633386893640569e+00
9.847472052539515630e+00
9.123843373495555298e+00
1.032387666900153000e+01
6.256633386893630799e+00
9.847472052539609777e+00
9.123843373495610365e+00
1.032387666900158507e+01
3.274140822880439727e-01
2.089039924945451654e-01
2.256380450694463191e-01
2.049491477657171268e-01
3.274140822880457491e-01
2.089039924945454152e-01
2.256380450694485951e-01
2.049491477657172100e-01
4.023046823596004157e-02
2.848747046806973313e-02
2.964604665804000672e-02
2.817988067373462455e-02
4.023046823596027749e-02
2.848747046806981292e-02
2.964604665804034325e-02
2.817988067373463842e-02
9.613306170564601683e-01
9.118102219279379250e-01
9.210585752378647184e-01
9.005715391453441576e-01
9.613306170564592801e-01
9.118102219279403675e-01
9.210585752378703805e-01
9.005715391453579244e-01
1.618490574484589663e-03
8.115359736691452573e-04
8.788880824506851465e-04
7.941056747859222623e-04
1.618490574484608745e-03
8.115359736691498110e-04
8.788880824507050958e-04
7.941056747859229128e-04
