9.910313426853194585e+01
2.428764695165284593e+02
2.259824224599041713e+02
2.713302165828503121e+02
9.910313426853176111e+01
2.428764695165300509e+02
2.259824224599032334e+02
2.713302165828509374e+02
6.524547762190747946e+00
9.769281879264980262e+00
9.190037433155504587e+00
1.016833131503488552e+01
6.524547762190747946e+00
9.769281879265053092e+00
9.190037433155506363e+00
1.016833131503491572e+01
1.762181429511871789e-01
1.290591320096017569e-01
1.382677282804410102e-01
1.264890134035466518e-01
1.762181429511873454e-01
1.290591320096021177e-01
1.382677282804393171e-01
1.264890134035462910e-01
2.028882542139689646e-02
1.747966368059063885e-02
1.801435620189851053e-02
1.727721962483773008e-02
2.028882542139690687e-02
1.747966368059084008e-02
1.801435620189846890e-02
1.727721962483774742e-02
9.847234357677598915e-01
9.625677265697701879e-01
9.651592230691593555e-01
9.581690224186920624e-01
9.847234357677542294e-01
9.625677265697727414e-01
9.651592230691751206e-01
9.581690224186946159e-01
4.116364369799208902e-04
3.055386423865595288e-04
3.245170293688793683e-04
2.985023179648779745e-04
4.116364369799213239e-04
3.055386423865665219e-04
3.245170293688777962e-04
2.985023179648786250e-04
