2.485743173093278813e+01
4.161583079304832467e+01
2.608091223754026799e+01
4.489492911404261122e+01
2.485743173093274194e+01
4.161583079304856625e+01
2.608091223754034615e+01
4.489492911404226305e+01
2.258510997899524142e+00
3.239711859485844947e+00
2.525163717934907126e+00
3.342236415541373074e+00
2.258510997899526362e+00
3.239711859485853385e+00
2.525163717934912011e+00
3.342236415541353534e+00
4.967662272248060118e-01
3.865830605707123446e-01
4.465698312823509486e-01
3.739878262446073576e-01
4.967662272248057342e-01
3.865830605707119560e-01
4.465698312823521143e-01
3.739878262446045265e-01
4.220479243192570840e-02
3.553370879055302994e-02
3.993676080034665871e-02
3.462422577341747743e-02
4.220479243192566676e-02
3.553370879055295362e-02
3.993676080034665871e-02
3.462422577341725538e-02
9.936145605158084315e-01
9.893181575110953085e-01
9.933001221750114018e-01
9.884744371882406844e-01
9.936145605158072103e-01
9.893181575110933101e-01
9.933001221750127341e-01
9.884744371882403513e-01
1.781244504221933273e-03
1.262644460411825901e-03
1.594944863224105527e-03
1.198837010408587310e-03
1.781244504221930021e-03
1.262644460411820480e-03
1.594944863224105527e-03
1.198837010408571697e-03
