1.017239830191809347e+02
1.438576051192485465e+02
8.320609894488093516e+01
1.404118522281631556e+02
1.017239830191806362e+02
1.438576051192485750e+02
8.320609894488121938e+01
1.404118522281632409e+02
5.607842782542384441e+00
6.747731891420024830e+00
5.157990680155820407e+00
6.791817873904161473e+00
5.607842782542366677e+00
6.747731891420024830e+00
5.157990680155815966e+00
6.791817873904147262e+00
2.536595421025174546e-01
2.213722196629671346e-01
2.855955094128954652e-01
2.186151691493165572e-01
2.536595421025171215e-01
2.213722196629669958e-01
2.855955094128957983e-01
2.186151691493154192e-01
2.038408967469328842e-02
1.877031092176193947e-02
2.160567483637963054e-02
1.853603499243125854e-02
2.038408967469326066e-02
1.877031092176189436e-02
2.160567483637960279e-02
1.853603499243122732e-02
9.820194262158040699e-01
9.745971060983714684e-01
9.853145520438110205e-01
9.752026140521972142e-01
9.820194262157962983e-01
9.745971060983666945e-01
9.853145520438162386e-01
9.752026140521981024e-01
4.155111118659376014e-04
3.523245720996155618e-04
4.668051851353679062e-04
3.435845932406360543e-04
4.155111118659363546e-04
3.523245720996138813e-04
4.668051851353667136e-04
3.435845932406349701e-04
