2.450956263671967577e+02
3.370498496993974413e+02
2.209098367347522185e+02
3.455986104862788011e+02
2.450956263671970987e+02
3.370498496993943718e+02
2.209098367347562544e+02
3.455986104862715251e+02
8.007026776197879059e+00
9.927543863236358845e+00
7.713030612246959627e+00
9.800636988261880234e+00
8.007026776197941231e+00
9.927543863236330424e+00
7.713030612247112394e+00
9.800636988261688387e+00
1.925608278960300734e-01
1.488477745908526328e-01
1.964038463776272281e-01
1.564557352517714772e-01
1.925608278960305175e-01
1.488477745908529104e-01
1.964038463776321131e-01
1.564557352517693123e-01
1.674087483564046241e-02
1.463536302041050161e-02
1.697687196132601634e-02
1.487565385939800325e-02
1.674087483564049017e-02
1.463536302041055538e-02
1.697687196132667553e-02
1.487565385939793733e-02
9.606290475159340314e-01
9.458250036967544849e-01
9.644816518939802741e-01
9.444499287986206637e-01
9.606290475159346975e-01
9.458250036967535967e-01
9.644816518939814953e-01
9.444499287986198865e-01
2.802568902625800673e-04
2.141938507391991943e-04
2.882141815912574547e-04
2.212850777446227172e-04
2.802568902625810431e-04
2.141938507392007935e-04
2.882141815912798435e-04
2.212850777446207656e-04
