9.811192145016417498e+01
1.604789276437402634e+02
1.333541661636705840e+02
1.841046080074756333e+02
9.811192145016377708e+01
1.604789276437379613e+02
1.333541661636704418e+02
1.841046080074748659e+02
4.188827794562632434e+00
5.304530511171246410e+00
4.591568679528394981e+00
5.633127281751403537e+00
4.188827794562545392e+00
5.304530511171197560e+00
4.591568679528417185e+00
5.633127281751367121e+00
4.102921192967862174e-01
3.483080280374373783e-01
4.148089259390965178e-01
3.495718597774524761e-01
4.102921192967861619e-01
3.483080280374360460e-01
4.148089259390972394e-01
3.495718597774494230e-01
7.943005692839461007e-02
7.025010306706291896e-02
8.070856262216211108e-02
7.049057803267387567e-02
7.943005692839456844e-02
7.025010306706236385e-02
8.070856262216236088e-02
7.049057803267301525e-02
9.384804917771835120e-01
8.988206583167189789e-01
9.163177314074011370e-01
8.839849521987632741e-01
9.384804917771819577e-01
8.988206583167077657e-01
9.163177314074021362e-01
8.839849521987617198e-01
6.309133943648007579e-03
4.935076980932962508e-03
6.513872080535464126e-03
4.968921591380485656e-03
6.309133943648001508e-03
4.935076980932885313e-03
6.513872080535504025e-03
4.968921591380362490e-03
