6.489685649506433265e+02
1.356131913194395793e+03
8.429264492842423806e+02
1.034879034208742041e+03
6.489685649506471918e+02
1.356131913194382378e+03
8.429264492842445406e+02
1.034879034208716575e+03
1.580220582028222687e+01
2.299341946096721401e+01
1.810641161841931535e+01
2.043475105239481593e+01
1.580220582028232634e+01
2.299341946096730638e+01
1.810641161841931890e+01
2.043475105239465961e+01
1.325631342136266433e-01
1.045032545288948206e-01
1.232804357932351519e-01
1.105300939839299196e-01
1.325631342136272262e-01
1.045032545288916981e-01
1.232804357932358874e-01
1.105300939839276020e-01
2.039482748632349268e-02
1.893245443494248267e-02
2.012067005468319569e-02
1.915497404528133940e-02
2.039482748632357248e-02
1.893245443494214961e-02
2.012067005468328590e-02
1.915497404528093695e-02
9.192217328531218090e-01
8.311872819537489132e-01
8.950974858931174394e-01
8.711788762540533249e-01
9.192217328531249176e-01
8.311872819537663437e-01
8.950974858931191047e-01
8.711788762540676467e-01
4.159489881968962428e-04
3.584378309311732846e-04
4.048413634494250381e-04
3.669130306754017959e-04
4.159489881968994954e-04
3.584378309311606536e-04
4.048413634494287244e-04
3.669130306753863461e-04
