1.843608246801087205e+02
3.148860986112802607e+02
2.482720259796860489e+02
3.458503653166551999e+02
1.843608246801112784e+02
3.148860986112769638e+02
2.482720259796853668e+02
3.458503653166508798e+02
7.325669042537001907e+00
9.446508927274026135e+00
8.226621918536389799e+00
1.011716746503937081e+01
7.325669042537032993e+00
9.446508927273953304e+00
8.226621918536356048e+00
1.011716746503933173e+01
2.804354542328351685e-01
2.163124974580913906e-01
2.538199424823124328e-01
2.133153768299824726e-01
2.804354542328363897e-01
2.163124974580910576e-01
2.538199424823141537e-01
2.133153768299809738e-01
2.454584162451366527e-02
2.024386273216148904e-02
2.234765913034896315e-02
2.015484112889416243e-02
2.454584162451379711e-02
2.024386273216150639e-02
2.234765913034898743e-02
2.015484112889408957e-02
9.788210003165548345e-01
9.638769815503207550e-01
9.715100870484285611e-01
9.603298713898457128e-01
9.788210003165477291e-01
9.638769815503225313e-01
9.715100870484313367e-01
9.603298713898476002e-01
6.024983410557075781e-04
4.098139783185968435e-04
4.994178686062694227e-04
4.062176209309636596e-04
6.024983410557141917e-04
4.098139783185975483e-04
4.994178686062703985e-04
4.062176209309607323e-04
