6.909929352037053150e+02
1.016856225820396730e+03
7.835292513370573033e+02
1.100815422288176705e+03
6.909929352037080434e+02
1.016856225820398436e+03
7.835292513370595771e+02
1.100815422288178524e+03
1.793450901803170439e+01
2.118789450558380238e+01
1.845429946524434328e+01
2.272050518148068932e+01
1.793450901803162978e+01
2.118789450558363185e+01
1.845429946524479448e+01
2.272050518148080300e+01
8.853333105270516645e-02
7.949457992018629793e-02
9.481189175614435083e-02
7.152066561421742408e-02
8.853333105270551340e-02
7.949457992018621466e-02
9.481189175614487818e-02
7.152066561421820123e-02
1.004022158211183291e-02
9.685210540388554737e-03
1.062495119615881542e-02
9.189462943826423938e-03
1.004022158211182771e-02
9.685210540388549533e-03
1.062495119615883971e-02
9.189462943826432612e-03
8.709604089241099745e-01
8.102044470503260154e-01
8.536982412634694928e-01
7.945444553790899089e-01
8.709604089240874369e-01
8.102044470503406703e-01
8.536982412634704920e-01
7.945444553790904640e-01
1.008060494179042544e-04
9.380330321165354873e-05
1.128895879207566572e-04
8.444622919595901642e-05
1.008060494179041189e-04
9.380330321165346742e-05
1.128895879207571587e-04
8.444622919595916549e-05
