2.302400231557000154e+02
3.804050418541137901e+02
2.711142707101036535e+02
3.005857405525309218e+02
2.302400231557002712e+02
3.804050418541153817e+02
2.711142707101048472e+02
3.005857405525298987e+02
9.826826826827659289e+00
1.283582522862342756e+01
1.071724774850948592e+01
1.158278898727270700e+01
9.826826826827630867e+00
1.283582522862340092e+01
1.071724774850951256e+01
1.158278898727271233e+01
1.746620233464915573e-01
1.309560117739023144e-01
1.549486455547570141e-01
1.311374514141289971e-01
1.746620233464923899e-01
1.309560117739022034e-01
1.549486455547571528e-01
1.311374514141280256e-01
1.597295260395439204e-02
1.381024111099901815e-02
1.515288037713695066e-02
1.421439407615004459e-02
1.597295260395440591e-02
1.381024111099901294e-02
1.515288037713701658e-02
1.421439407615000469e-02
9.260469817988594698e-01
8.778431219900982851e-01
9.129617991374433528e-01
9.034708627139040882e-01
9.260469817988526975e-01
8.778431219901039473e-01
9.129617991374421315e-01
9.034708627139014236e-01
2.551352148881734202e-04
1.907227595439273950e-04
2.296097837238220629e-04
2.020489989520894789e-04
2.551352148881738538e-04
1.907227595439272595e-04
2.296097837238240686e-04
2.020489989520883676e-04
